3.599714461627151474e-02 1.557771287565586360e-01
2.508520768152472380e-02 1.315829614378083434e-01
8.041658116739014428e-03 1.166092502721188806e-01
8.000327332988921292e-02 1.798128253740726157e-01
2.417704647348473124e-03 1.950035791010947817e-01
1.034810861350599076e-03 1.419063897045010902e-01
7.947005725991862501e-02 1.515104804369343805e-01
5.984723284923187947e-02 1.365239569538879150e-01
4.228347982875996225e-02 1.910191029857263856e-01
7.385015708846232041e-02 1.397560668757801272e-01
6.865517270601029232e-02 1.358287466123256904e-01
2.396578139206595459e-02 1.504365196177702702e-01
4.072022673787994984e-02 1.433484784053712380e-01
1.856933303882368769e-02 1.664052479961410369e-01
4.056521371314864011e-02 1.792738377240630232e-01
9.204126400744594427e-02 1.859045980523806874e-01
3.585300341196218099e-02 1.683215272265313200e-01
3.960280565514567863e-02 1.255675819695026840e-01
3.803781632681585423e-02 1.713006024160189100e-01
2.673558743084125666e-02 1.088008687492548199e-01
8.293676458057946954e-02 1.992262104048028171e-01
3.583127865603996653e-02 1.510007856700625317e-01
4.268774917937723234e-02 1.462171850403992113e-01
9.391258411551861585e-03 1.242010711186098959e-01
1.415257644052020369e-02 1.557346613154047543e-01
1.757544383148706979e-02 1.892376527212984438e-01
6.521023558104582785e-02 1.473426289849155135e-01
4.991531677851057669e-02 1.559269158722443871e-01
7.707626569591485843e-02 1.697550550076828424e-01
5.697464379710492910e-02 1.511070293029757594e-01
2.195307657084671904e-02 1.559323042070490661e-01
1.072127611349643628e-02 1.149218008341285069e-01
2.229428942514027900e-02 1.074419503431477407e-01
6.357371645221721046e-02 1.261253405524091487e-01
3.281928233184100430e-02 1.185125804991639109e-01
7.860468242062190747e-02 1.253869961690180501e-01
4.739075882237697712e-02 1.967786016337800259e-01
4.030083895894559509e-02 1.650230536012038396e-01
5.863046481341621652e-02 1.771938441645412032e-01
8.333583333877142563e-02 1.918630925851367852e-01
9.717402504793565265e-02 1.435716503766184537e-01
5.657297686989332108e-02 1.957858792479707510e-01
8.089567978832262751e-02 1.173803542414292300e-01
4.639358055864184482e-03 1.452441374803656315e-01
3.883285046165452226e-02 1.298387935680625493e-01
8.308946544158835046e-02 1.866621473912734031e-01
4.329622451383979831e-02 1.054463744598567176e-01
6.552689175293646695e-02 1.904401142070542563e-01
5.251740311369812453e-02 1.600601082980387391e-01
