  1 0.952336 2.185730 0.668095 4.265181 -0.991576 -4.292030 0.768463 -0.521147 -0.882173 
  2 3.199131 -1.544127 -0.455097 -0.263818 -1.771233 -0.798390 -0.100651 0.105262 0.029398 
  3 3.075083 -0.441309 -1.913580 4.089628 -1.227209 -3.839006 -1.299485 -0.847008 0.468063 
  4 1.466720 1.236179 -1.947506 -0.513191 0.348919 0.609989 -1.143197 0.412620 1.128697 
  5 3.306883 -0.339156 -1.961474 -1.062648 -1.973639 -0.381877 0.703741 -1.456098 -1.314205 
  6 2.281597 1.505240 -2.468138 -0.148480 0.241840 0.023264 -0.727113 -0.691266 0.188638 
  7 3.092292 -0.935762 -1.566149 2.495902 -0.101370 -3.143630 -1.375414 -1.293362 0.236301 
  8 2.854986 0.141475 -2.135483 -0.676683 -0.620106 -0.136826 0.287253 -1.085941 -1.029877 
  9 2.799083 0.176811 -2.171632 1.098571 -0.629443 -0.396157 -0.641768 -0.738597 0.528793 
 10 1.892133 0.387859 -1.685030 -0.354908 -0.789266 -0.370935 -0.591268 -0.219969 0.720116 
 11 3.234356 0.579867 -2.444264 4.097972 -0.851520 -4.323837 -0.798664 -0.489950 0.769560 
 12 3.007097 -1.386674 -0.791396 -0.897613 -2.323464 -0.665701 0.253513 -0.115111 0.315174 
 13 1.496226 1.729699 -1.776551 1.067920 1.357172 -0.604596 -1.035833 -0.846971 0.324659 
 14 0.712147 2.218733 0.507632 0.350734 1.310046 0.365850 -0.244336 0.923828 0.942066 
 15 1.284558 1.780371 -1.914616 0.140084 -0.234773 -0.228680 1.116706 0.385494 -1.478982 
 16 1.125903 1.722368 -1.581504 4.331398 -2.428377 -2.949471 -0.146301 0.459840 -1.054340 
 17 1.447606 1.724091 -1.712162 1.789768 3.127846 -3.650985 -1.826207 -1.088346 0.628175 
 18 1.553227 -0.106873 -1.641864 -0.704907 -1.517924 -0.419274 -0.688497 0.309797 0.691750 
 19 -0.090007 1.137631 1.166013 -0.716176 -0.194223 0.184540 -1.596030 -0.278939 0.851041 
 20 1.759510 1.692370 -2.457191 -0.422332 -0.344920 -0.178281 0.182725 0.119732 -1.334694 
 21 2.678070 -0.067590 -1.978483 1.240521 0.062863 -0.611125 -0.899508 -0.113150 0.567355 
 22 2.857522 0.420812 -2.317814 2.692016 0.653363 -3.444187 -1.037426 -0.708937 0.406968 
 23 -0.060115 1.755701 1.194952 -0.153059 0.661377 0.768949 -0.166367 0.730488 0.753057 
 24 2.450357 1.010337 -2.556221 2.691721 2.189650 -5.046159 -1.962386 -1.704246 0.152845 
 25 2.015430 -0.430252 -1.252265 -0.878105 -2.023968 -0.781793 -0.718639 0.134183 0.547321 
 26 -0.315915 1.493861 1.335641 4.035570 -1.610605 -3.662310 -0.916455 -2.069685 0.152390 
 27 0.023310 2.133677 1.452500 1.876343 0.594215 -0.446758 -1.037075 -1.129053 -0.872073 
 28 3.460784 0.865044 -2.692198 3.068781 -0.141843 -3.950429 -0.216087 -2.199300 -0.188232 
 29 2.064456 1.964646 -2.642109 4.268814 -2.820497 -2.781812 -1.312345 -2.338260 0.075151 
 30 2.967751 -0.003718 -2.144217 0.539787 -0.729563 -0.439581 -0.345437 -1.619408 0.258924 
 31 1.192412 1.241267 0.231871 -1.124048 -1.629892 -0.659172 -0.891386 -1.736090 0.126691 
 32 2.366613 0.576962 -2.198114 -0.481860 -0.236461 -0.115360 0.258345 -1.145836 -1.166712 
 33 2.582708 1.615286 -2.747732 -0.213224 -1.343663 -1.058596 -0.533469 -1.474361 -0.268484 
 34 0.174335 1.799481 1.190988 1.638940 1.256496 -0.820694 -0.257642 -1.471789 -1.160220 
 35 -1.497373 -0.456944 0.785350 3.710892 -1.163402 -3.338281 -0.499874 -1.214224 0.039511 
 36 -0.080480 2.115177 1.445510 2.645741 0.408777 -3.001886 -1.062359 -0.637866 0.659950 
 37 -0.983062 0.492066 1.150609 2.250681 0.994598 -3.903750 -0.480973 -0.616791 -1.177876 
 38 -0.396924 1.927146 1.594279 3.446507 0.636318 -4.509223 -0.921262 -1.292159 0.203654 
 39 -0.018399 2.188575 1.430914 1.779285 -1.362702 -0.798171 -0.620262 -1.687075 -0.096509 
 40 1.869331 2.395046 -2.604587 1.901306 -1.530329 -0.929373 -0.200579 -1.552519 -0.896907 
 41 -0.545865 1.772498 1.551291 4.041453 -0.253218 -4.649052 -0.841383 -1.653121 -0.883244 
 42 0.090903 1.221565 0.817964 -0.057067 -0.221276 -0.107929 -1.293393 -0.331655 0.804827 
 43 -0.267529 0.919511 1.014139 1.193742 -0.694841 -2.733318 1.678180 0.359904 -1.905432 
 44 0.901999 2.579481 0.289075 3.096620 -0.767831 -3.447816 -0.093823 -1.084553 -1.322024 
 45 0.002679 2.175554 1.477897 2.429699 -1.164015 -1.847896 0.425660 -1.417500 -1.252776 
 46 2.778458 0.480558 -2.271801 0.790491 -0.684411 -0.322030 -0.451662 0.636047 -1.029224 
 47 2.370421 0.290113 -2.024903 -1.209626 -1.158513 -0.068827 -0.394857 -1.069621 -0.130072 
 48 0.718678 1.334446 0.357768 0.035145 -2.026192 -0.939978 1.788175 0.305153 -1.665094 
 49 1.775454 1.135968 -1.938598 0.556834 -0.093126 -0.907606 -0.724354 0.512575 0.989626 
 50 -1.144127 -0.021867 0.868602 0.490701 1.588798 0.113431 -1.104924 0.374688 0.954281 
 51 1.248614 1.253496 -1.264638 -0.902844 -2.098818 -0.843884 0.028425 1.175028 0.672979 
 52 0.530624 1.792360 0.971509 2.847640 0.492293 -3.897804 0.031809 1.081050 -1.380908 
 53 3.270293 0.300860 -2.346133 2.384462 1.033672 -4.592834 -0.583257 -1.030375 -1.131374 
 54 -0.492958 1.433304 1.430610 0.061013 -1.082877 -2.891840 -0.737814 -1.475508 0.208884 
 55 -0.299565 -0.557606 0.319954 -0.779252 -1.171397 -0.118242 -1.663039 -0.696373 0.777096 
 56 -0.809801 0.896805 1.311631 0.989901 1.879781 -0.595851 1.793341 1.456537 -1.993245 
 57 -0.835233 0.944361 1.359043 1.683076 1.828955 -3.207973 0.106067 1.775311 0.822067 
 58 1.559013 2.135540 -2.158684 2.749867 0.771792 -4.143785 -0.354725 0.237135 0.206442 
 59 0.697594 0.280808 -1.347158 0.378040 1.469831 0.735537 -1.130671 -0.438456 0.426489 
 60 1.275710 1.148578 -2.075106 -1.057739 -0.719593 0.075752 -0.970408 -0.487656 0.046497 
 61 1.305862 0.634234 -1.000936 -0.278446 0.738508 0.343454 -1.180853 -1.216259 0.220721 
 62 -0.064975 1.658035 1.264643 0.857838 1.562378 -0.068444 -0.712050 0.854034 0.897518 
 63 3.194904 -0.063003 -1.939867 0.899785 -0.116996 -3.296006 -0.675851 -0.726348 -1.143922 
 64 2.924763 0.979177 -2.582144 0.447771 -1.492271 -3.149037 -0.191814 -1.147298 -1.006594 
 65 3.413090 -0.380151 -1.948271 3.645811 0.126728 -4.523321 -1.672558 -1.455617 0.374802 
 66 1.933829 1.240996 -2.230951 1.977761 3.395573 -4.650164 -1.718602 -0.963560 0.630277 
 67 3.265893 -1.657879 -0.507930 0.647973 -1.581117 -0.974849 0.203528 -2.082138 -0.308802 
 68 1.867368 1.117248 -2.165391 -0.203716 -1.121222 -0.484437 -0.582709 0.335017 0.833673 
 69 -1.256612 -1.026898 0.203789 0.024641 -0.022934 -0.978633 -0.041601 -0.251592 0.566240 
 70 0.683493 1.369262 0.183820 -0.316804 -0.653581 -0.022029 -0.119749 0.450940 0.733305 
 71 1.851816 -0.941501 -1.131415 0.997635 1.703546 -1.011871 -0.446607 -0.952847 0.377128 
 72 1.754989 2.278880 -2.437177 1.144340 -0.722334 -2.811713 -0.169829 -1.314327 -1.208748 
 73 1.366525 2.366540 -2.071414 4.203803 -1.814008 -3.540482 0.051241 -0.689471 -1.287429 
 74 2.461908 -0.491590 -1.604565 -0.404464 -1.603837 -0.597283 -0.055798 -0.216324 -1.252693 
 75 1.990717 1.464184 -2.385824 1.931473 1.862200 -4.212824 -0.989754 0.181588 0.827688 
 76 2.379854 0.969151 -2.344930 2.294277 2.934949 -4.750845 -1.931010 -1.309849 0.382992 
 77 1.895409 1.708245 -2.343634 4.262720 -1.900898 -3.628862 -0.590985 0.192542 0.475427 
 78 2.502206 1.518701 -2.672147 1.355418 1.467281 -0.542724 -0.815808 0.170209 -0.181369 
 79 1.837762 1.960139 -2.313232 2.098198 -1.239824 -2.777709 1.395515 -1.097450 -1.302169 
 80 0.867999 1.842180 -1.180177 1.175840 0.540550 -3.520302 0.268704 0.267462 -1.361733 
 81 3.026157 -0.414987 -1.894863 -0.066828 -1.549808 -0.818351 -0.959407 -0.882127 0.297652 
 82 2.877375 0.241204 -2.227226 -0.656459 -1.911635 -0.808557 -0.132670 -0.868860 0.131497 
 83 1.033071 1.505751 -2.026627 -0.950682 0.549792 0.812026 -0.665252 0.548822 0.571431 
 84 -0.460922 1.595394 1.486703 3.117054 1.216464 -4.624303 0.099556 1.255295 0.708259 
 85 1.209361 2.301215 -1.369329 2.230556 -0.014652 -3.550248 0.930919 0.289592 -1.151164 
 86 1.997941 0.668609 -2.054979 0.461417 0.350722 -0.053690 -0.914845 0.102450 0.884713 
 87 2.366366 1.380690 -2.522007 1.596088 0.362973 -0.065380 -0.091749 -1.072674 0.228238 
 88 2.714533 1.468010 -2.682384 0.430977 -0.160422 -0.819637 -0.206714 0.706359 0.301741 
 89 1.626074 2.287734 -2.343179 -0.060889 -0.995890 -0.487483 -1.136608 -1.448974 -0.208202 
 90 0.006453 0.660626 0.804534 0.117350 1.207568 0.763350 -1.699642 -1.085681 0.493538 
 91 1.635401 0.590274 -1.851463 -0.356157 -0.613050 -0.026087 -0.171157 -0.844584 0.148609 
 92 0.304596 0.447164 0.470246 -1.034325 -0.882522 -0.019658 -1.096442 0.957245 1.293417 
 93 -0.481907 0.288951 0.847461 -0.834972 -1.521222 -0.552254 0.296704 0.347618 -1.327811 
 94 2.511746 1.956673 -2.819592 1.269356 -0.530225 -0.785514 -0.006001 -0.748589 -1.170923 
 95 -0.149638 2.018212 1.512772 2.292257 1.282609 -4.101510 1.161576 0.413693 -1.427058 
 96 1.292407 1.609076 0.095384 -0.028534 1.902999 0.796205 -0.926523 -0.405853 0.260533 
 97 2.283421 0.609384 -2.219895 -1.090143 -1.415484 -0.214856 0.533410 -0.311153 0.613345 
 98 3.138975 -1.184210 -0.285974 -0.589127 -2.096383 -1.292175 0.138394 -0.480384 0.218933 
 99 1.257542 1.844453 -1.944237 -0.993317 -0.721165 -0.120203 0.785855 3.087137 0.596810 
100 1.326880 0.553765 -1.286088 -0.358983 1.055797 0.379638 -0.690802 -0.982711 -0.234645 
101 0.952336 2.185730 0.668095 4.265181 -0.991576 -4.292030 0.768463 -0.521147 -0.882173 
102 3.199131 -1.544127 -0.455097 -0.263818 -1.771233 -0.798390 -0.100651 0.105262 0.029398 
103 3.075083 -0.441309 -1.913580 4.089628 -1.227209 -3.839006 -1.299485 -0.847008 0.468063 
104 1.466720 1.236179 -1.947506 -0.513191 0.348919 0.609989 -1.143197 0.412620 1.128697 
105 3.306883 -0.339156 -1.961474 -1.062648 -1.973639 -0.381877 0.703741 -1.456098 -1.314205 
106 2.281597 1.505240 -2.468138 -0.148480 0.241840 0.023264 -0.727113 -0.691266 0.188638 
107 3.092292 -0.935762 -1.566149 2.495902 -0.101370 -3.143630 -1.375414 -1.293362 0.236301 
108 2.854986 0.141475 -2.135483 -0.676683 -0.620106 -0.136826 0.287253 -1.085941 -1.029877 
109 2.799083 0.176811 -2.171632 1.098571 -0.629443 -0.396157 -0.641768 -0.738597 0.528793 
110 1.892133 0.387859 -1.685030 -0.354908 -0.789266 -0.370935 -0.591268 -0.219969 0.720116 
111 3.234356 0.579867 -2.444264 4.097972 -0.851520 -4.323837 -0.798664 -0.489950 0.769560 
112 3.007097 -1.386674 -0.791396 -0.897613 -2.323464 -0.665701 0.253513 -0.115111 0.315174 
113 1.496226 1.729699 -1.776551 1.067920 1.357172 -0.604596 -1.035833 -0.846971 0.324659 
114 0.712147 2.218733 0.507632 0.350734 1.310046 0.365850 -0.244336 0.923828 0.942066 
115 1.284558 1.780371 -1.914616 0.140084 -0.234773 -0.228680 1.116706 0.385494 -1.478982 
116 1.125903 1.722368 -1.581504 4.331398 -2.428377 -2.949471 -0.146301 0.459840 -1.054340 
117 1.447606 1.724091 -1.712162 1.789768 3.127846 -3.650985 -1.826207 -1.088346 0.628175 
118 1.553227 -0.106873 -1.641864 -0.704907 -1.517924 -0.419274 -0.688497 0.309797 0.691750 
119 -0.090007 1.137631 1.166013 -0.716176 -0.194223 0.184540 -1.596030 -0.278939 0.851041 
120 1.759510 1.692370 -2.457191 -0.422332 -0.344920 -0.178281 0.182725 0.119732 -1.334694 
121 2.678070 -0.067590 -1.978483 1.240521 0.062863 -0.611125 -0.899508 -0.113150 0.567355 
122 2.857522 0.420812 -2.317814 2.692016 0.653363 -3.444187 -1.037426 -0.708937 0.406968 
123 -0.060115 1.755701 1.194952 -0.153059 0.661377 0.768949 -0.166367 0.730488 0.753057 
124 2.450357 1.010337 -2.556221 2.691721 2.189650 -5.046159 -1.962386 -1.704246 0.152845 
125 2.015430 -0.430252 -1.252265 -0.878105 -2.023968 -0.781793 -0.718639 0.134183 0.547321 
126 -0.315915 1.493861 1.335641 4.035570 -1.610605 -3.662310 -0.916455 -2.069685 0.152390 
127 0.023310 2.133677 1.452500 1.876343 0.594215 -0.446758 -1.037075 -1.129053 -0.872073 
128 3.460784 0.865044 -2.692198 3.068781 -0.141843 -3.950429 -0.216087 -2.199300 -0.188232 
129 2.064456 1.964646 -2.642109 4.268814 -2.820497 -2.781812 -1.312345 -2.338260 0.075151 
130 2.967751 -0.003718 -2.144217 0.539787 -0.729563 -0.439581 -0.345437 -1.619408 0.258924 
131 1.192412 1.241267 0.231871 -1.124048 -1.629892 -0.659172 -0.891386 -1.736090 0.126691 
132 2.366613 0.576962 -2.198114 -0.481860 -0.236461 -0.115360 0.258345 -1.145836 -1.166712 
133 2.582708 1.615286 -2.747732 -0.213224 -1.343663 -1.058596 -0.533469 -1.474361 -0.268484 
134 0.174335 1.799481 1.190988 1.638940 1.256496 -0.820694 -0.257642 -1.471789 -1.160220 
135 -1.497373 -0.456944 0.785350 3.710892 -1.163402 -3.338281 -0.499874 -1.214224 0.039511 
136 -0.080480 2.115177 1.445510 2.645741 0.408777 -3.001886 -1.062359 -0.637866 0.659950 
137 -0.983062 0.492066 1.150609 2.250681 0.994598 -3.903750 -0.480973 -0.616791 -1.177876 
138 -0.396924 1.927146 1.594279 3.446507 0.636318 -4.509223 -0.921262 -1.292159 0.203654 
139 -0.018399 2.188575 1.430914 1.779285 -1.362702 -0.798171 -0.620262 -1.687075 -0.096509 
140 1.869331 2.395046 -2.604587 1.901306 -1.530329 -0.929373 -0.200579 -1.552519 -0.896907 
141 -0.545865 1.772498 1.551291 4.041453 -0.253218 -4.649052 -0.841383 -1.653121 -0.883244 
142 0.090903 1.221565 0.817964 -0.057067 -0.221276 -0.107929 -1.293393 -0.331655 0.804827 
143 -0.267529 0.919511 1.014139 1.193742 -0.694841 -2.733318 1.678180 0.359904 -1.905432 
144 0.901999 2.579481 0.289075 3.096620 -0.767831 -3.447816 -0.093823 -1.084553 -1.322024 
145 0.002679 2.175554 1.477897 2.429699 -1.164015 -1.847896 0.425660 -1.417500 -1.252776 
146 2.778458 0.480558 -2.271801 0.790491 -0.684411 -0.322030 -0.451662 0.636047 -1.029224 
147 2.370421 0.290113 -2.024903 -1.209626 -1.158513 -0.068827 -0.394857 -1.069621 -0.130072 
148 0.718678 1.334446 0.357768 0.035145 -2.026192 -0.939978 1.788175 0.305153 -1.665094 
149 1.775454 1.135968 -1.938598 0.556834 -0.093126 -0.907606 -0.724354 0.512575 0.989626 
150 -1.144127 -0.021867 0.868602 0.490701 1.588798 0.113431 -1.104924 0.374688 0.954281 
151 1.248614 1.253496 -1.264638 -0.902844 -2.098818 -0.843884 0.028425 1.175028 0.672979 
152 0.530624 1.792360 0.971509 2.847640 0.492293 -3.897804 0.031809 1.081050 -1.380908 
153 3.270293 0.300860 -2.346133 2.384462 1.033672 -4.592834 -0.583257 -1.030375 -1.131374 
154 -0.492958 1.433304 1.430610 0.061013 -1.082877 -2.891840 -0.737814 -1.475508 0.208884 
155 -0.299565 -0.557606 0.319954 -0.779252 -1.171397 -0.118242 -1.663039 -0.696373 0.777096 
156 -0.809801 0.896805 1.311631 0.989901 1.879781 -0.595851 1.793341 1.456537 -1.993245 
157 -0.835233 0.944361 1.359043 1.683076 1.828955 -3.207973 0.106067 1.775311 0.822067 
158 1.559013 2.135540 -2.158684 2.749867 0.771792 -4.143785 -0.354725 0.237135 0.206442 
159 0.697594 0.280808 -1.347158 0.378040 1.469831 0.735537 -1.130671 -0.438456 0.426489 
160 1.275710 1.148578 -2.075106 -1.057739 -0.719593 0.075752 -0.970408 -0.487656 0.046497 
161 1.305862 0.634234 -1.000936 -0.278446 0.738508 0.343454 -1.180853 -1.216259 0.220721 
162 -0.064975 1.658035 1.264643 0.857838 1.562378 -0.068444 -0.712050 0.854034 0.897518 
163 3.194904 -0.063003 -1.939867 0.899785 -0.116996 -3.296006 -0.675851 -0.726348 -1.143922 
164 2.924763 0.979177 -2.582144 0.447771 -1.492271 -3.149037 -0.191814 -1.147298 -1.006594 
165 3.413090 -0.380151 -1.948271 3.645811 0.126728 -4.523321 -1.672558 -1.455617 0.374802 
166 1.933829 1.240996 -2.230951 1.977761 3.395573 -4.650164 -1.718602 -0.963560 0.630277 
167 3.265893 -1.657879 -0.507930 0.647973 -1.581117 -0.974849 0.203528 -2.082138 -0.308802 
168 1.867368 1.117248 -2.165391 -0.203716 -1.121222 -0.484437 -0.582709 0.335017 0.833673 
169 -1.256612 -1.026898 0.203789 0.024641 -0.022934 -0.978633 -0.041601 -0.251592 0.566240 
170 0.683493 1.369262 0.183820 -0.316804 -0.653581 -0.022029 -0.119749 0.450940 0.733305 
171 1.851816 -0.941501 -1.131415 0.997635 1.703546 -1.011871 -0.446607 -0.952847 0.377128 
172 1.754989 2.278880 -2.437177 1.144340 -0.722334 -2.811713 -0.169829 -1.314327 -1.208748 
173 1.366525 2.366540 -2.071414 4.203803 -1.814008 -3.540482 0.051241 -0.689471 -1.287429 
174 2.461908 -0.491590 -1.604565 -0.404464 -1.603837 -0.597283 -0.055798 -0.216324 -1.252693 
175 1.990717 1.464184 -2.385824 1.931473 1.862200 -4.212824 -0.989754 0.181588 0.827688 
176 2.379854 0.969151 -2.344930 2.294277 2.934949 -4.750845 -1.931010 -1.309849 0.382992 
177 1.895409 1.708245 -2.343634 4.262720 -1.900898 -3.628862 -0.590985 0.192542 0.475427 
178 2.502206 1.518701 -2.672147 1.355418 1.467281 -0.542724 -0.815808 0.170209 -0.181369 
179 1.837762 1.960139 -2.313232 2.098198 -1.239824 -2.777709 1.395515 -1.097450 -1.302169 
180 0.867999 1.842180 -1.180177 1.175840 0.540550 -3.520302 0.268704 0.267462 -1.361733 
181 3.026157 -0.414987 -1.894863 -0.066828 -1.549808 -0.818351 -0.959407 -0.882127 0.297652 
182 2.877375 0.241204 -2.227226 -0.656459 -1.911635 -0.808557 -0.132670 -0.868860 0.131497 
183 1.033071 1.505751 -2.026627 -0.950682 0.549792 0.812026 -0.665252 0.548822 0.571431 
184 -0.460922 1.595394 1.486703 3.117054 1.216464 -4.624303 0.099556 1.255295 0.708259 
185 1.209361 2.301215 -1.369329 2.230556 -0.014652 -3.550248 0.930919 0.289592 -1.151164 
186 1.997941 0.668609 -2.054979 0.461417 0.350722 -0.053690 -0.914845 0.102450 0.884713 
187 2.366366 1.380690 -2.522007 1.596088 0.362973 -0.065380 -0.091749 -1.072674 0.228238 
188 2.714533 1.468010 -2.682384 0.430977 -0.160422 -0.819637 -0.206714 0.706359 0.301741 
189 1.626074 2.287734 -2.343179 -0.060889 -0.995890 -0.487483 -1.136608 -1.448974 -0.208202 
190 0.006453 0.660626 0.804534 0.117350 1.207568 0.763350 -1.699642 -1.085681 0.493538 
191 1.635401 0.590274 -1.851463 -0.356157 -0.613050 -0.026087 -0.171157 -0.844584 0.148609 
192 0.304596 0.447164 0.470246 -1.034325 -0.882522 -0.019658 -1.096442 0.957245 1.293417 
193 -0.481907 0.288951 0.847461 -0.834972 -1.521222 -0.552254 0.296704 0.347618 -1.327811 
194 2.511746 1.956673 -2.819592 1.269356 -0.530225 -0.785514 -0.006001 -0.748589 -1.170923 
195 -0.149638 2.018212 1.512772 2.292257 1.282609 -4.101510 1.161576 0.413693 -1.427058 
196 1.292407 1.609076 0.095384 -0.028534 1.902999 0.796205 -0.926523 -0.405853 0.260533 
197 2.283421 0.609384 -2.219895 -1.090143 -1.415484 -0.214856 0.533410 -0.311153 0.613345 
198 3.138975 -1.184210 -0.285974 -0.589127 -2.096383 -1.292175 0.138394 -0.480384 0.218933 
199 1.257542 1.844453 -1.944237 -0.993317 -0.721165 -0.120203 0.785855 3.087137 0.596810 
200 1.326880 0.553765 -1.286088 -0.358983 1.055797 0.379638 -0.690802 -0.982711 -0.234645 
201 0.952336 2.185730 0.668095 4.265181 -0.991576 -4.292030 0.768463 -0.521147 -0.882173 
202 3.199131 -1.544127 -0.455097 -0.263818 -1.771233 -0.798390 -0.100651 0.105262 0.029398 
203 3.075083 -0.441309 -1.913580 4.089628 -1.227209 -3.839006 -1.299485 -0.847008 0.468063 
204 1.466720 1.236179 -1.947506 -0.513191 0.348919 0.609989 -1.143197 0.412620 1.128697 
205 3.306883 -0.339156 -1.961474 -1.062648 -1.973639 -0.381877 0.703741 -1.456098 -1.314205 
206 2.281597 1.505240 -2.468138 -0.148480 0.241840 0.023264 -0.727113 -0.691266 0.188638 
207 3.092292 -0.935762 -1.566149 2.495902 -0.101370 -3.143630 -1.375414 -1.293362 0.236301 
208 2.854986 0.141475 -2.135483 -0.676683 -0.620106 -0.136826 0.287253 -1.085941 -1.029877 
209 2.799083 0.176811 -2.171632 1.098571 -0.629443 -0.396157 -0.641768 -0.738597 0.528793 
210 1.892133 0.387859 -1.685030 -0.354908 -0.789266 -0.370935 -0.591268 -0.219969 0.720116 
211 3.234356 0.579867 -2.444264 4.097972 -0.851520 -4.323837 -0.798664 -0.489950 0.769560 
212 3.007097 -1.386674 -0.791396 -0.897613 -2.323464 -0.665701 0.253513 -0.115111 0.315174 
213 1.496226 1.729699 -1.776551 1.067920 1.357172 -0.604596 -1.035833 -0.846971 0.324659 
214 0.712147 2.218733 0.507632 0.350734 1.310046 0.365850 -0.244336 0.923828 0.942066 
215 1.284558 1.780371 -1.914616 0.140084 -0.234773 -0.228680 1.116706 0.385494 -1.478982 
216 1.125903 1.722368 -1.581504 4.331398 -2.428377 -2.949471 -0.146301 0.459840 -1.054340 
217 1.447606 1.724091 -1.712162 1.789768 3.127846 -3.650985 -1.826207 -1.088346 0.628175 
218 1.553227 -0.106873 -1.641864 -0.704907 -1.517924 -0.419274 -0.688497 0.309797 0.691750 
219 -0.090007 1.137631 1.166013 -0.716176 -0.194223 0.184540 -1.596030 -0.278939 0.851041 
220 1.759510 1.692370 -2.457191 -0.422332 -0.344920 -0.178281 0.182725 0.119732 -1.334694 
221 2.678070 -0.067590 -1.978483 1.240521 0.062863 -0.611125 -0.899508 -0.113150 0.567355 
222 2.857522 0.420812 -2.317814 2.692016 0.653363 -3.444187 -1.037426 -0.708937 0.406968 
223 -0.060115 1.755701 1.194952 -0.153059 0.661377 0.768949 -0.166367 0.730488 0.753057 
224 2.450357 1.010337 -2.556221 2.691721 2.189650 -5.046159 -1.962386 -1.704246 0.152845 
225 2.015430 -0.430252 -1.252265 -0.878105 -2.023968 -0.781793 -0.718639 0.134183 0.547321 
226 -0.315915 1.493861 1.335641 4.035570 -1.610605 -3.662310 -0.916455 -2.069685 0.152390 
227 0.023310 2.133677 1.452500 1.876343 0.594215 -0.446758 -1.037075 -1.129053 -0.872073 
228 3.460784 0.865044 -2.692198 3.068781 -0.141843 -3.950429 -0.216087 -2.199300 -0.188232 
229 2.064456 1.964646 -2.642109 4.268814 -2.820497 -2.781812 -1.312345 -2.338260 0.075151 
230 2.967751 -0.003718 -2.144217 0.539787 -0.729563 -0.439581 -0.345437 -1.619408 0.258924 
231 1.192412 1.241267 0.231871 -1.124048 -1.629892 -0.659172 -0.891386 -1.736090 0.126691 
232 2.366613 0.576962 -2.198114 -0.481860 -0.236461 -0.115360 0.258345 -1.145836 -1.166712 
233 2.582708 1.615286 -2.747732 -0.213224 -1.343663 -1.058596 -0.533469 -1.474361 -0.268484 
234 0.174335 1.799481 1.190988 1.638940 1.256496 -0.820694 -0.257642 -1.471789 -1.160220 
235 -1.497373 -0.456944 0.785350 3.710892 -1.163402 -3.338281 -0.499874 -1.214224 0.039511 
236 -0.080480 2.115177 1.445510 2.645741 0.408777 -3.001886 -1.062359 -0.637866 0.659950 
237 -0.983062 0.492066 1.150609 2.250681 0.994598 -3.903750 -0.480973 -0.616791 -1.177876 
238 -0.396924 1.927146 1.594279 3.446507 0.636318 -4.509223 -0.921262 -1.292159 0.203654 
239 -0.018399 2.188575 1.430914 1.779285 -1.362702 -0.798171 -0.620262 -1.687075 -0.096509 
240 1.869331 2.395046 -2.604587 1.901306 -1.530329 -0.929373 -0.200579 -1.552519 -0.896907 
241 -0.545865 1.772498 1.551291 4.041453 -0.253218 -4.649052 -0.841383 -1.653121 -0.883244 
242 0.090903 1.221565 0.817964 -0.057067 -0.221276 -0.107929 -1.293393 -0.331655 0.804827 
243 -0.267529 0.919511 1.014139 1.193742 -0.694841 -2.733318 1.678180 0.359904 -1.905432 
244 0.901999 2.579481 0.289075 3.096620 -0.767831 -3.447816 -0.093823 -1.084553 -1.322024 
245 0.002679 2.175554 1.477897 2.429699 -1.164015 -1.847896 0.425660 -1.417500 -1.252776 
246 2.778458 0.480558 -2.271801 0.790491 -0.684411 -0.322030 -0.451662 0.636047 -1.029224 
247 2.370421 0.290113 -2.024903 -1.209626 -1.158513 -0.068827 -0.394857 -1.069621 -0.130072 
248 0.718678 1.334446 0.357768 0.035145 -2.026192 -0.939978 1.788175 0.305153 -1.665094 
249 1.775454 1.135968 -1.938598 0.556834 -0.093126 -0.907606 -0.724354 0.512575 0.989626 
250 -1.144127 -0.021867 0.868602 0.490701 1.588798 0.113431 -1.104924 0.374688 0.954281 
251 1.248614 1.253496 -1.264638 -0.902844 -2.098818 -0.843884 0.028425 1.175028 0.672979 
252 0.530624 1.792360 0.971509 2.847640 0.492293 -3.897804 0.031809 1.081050 -1.380908 
253 3.270293 0.300860 -2.346133 2.384462 1.033672 -4.592834 -0.583257 -1.030375 -1.131374 
254 -0.492958 1.433304 1.430610 0.061013 -1.082877 -2.891840 -0.737814 -1.475508 0.208884 
255 -0.299565 -0.557606 0.319954 -0.779252 -1.171397 -0.118242 -1.663039 -0.696373 0.777096 
256 -0.809801 0.896805 1.311631 0.989901 1.879781 -0.595851 1.793341 1.456537 -1.993245 
257 -0.835233 0.944361 1.359043 1.683076 1.828955 -3.207973 0.106067 1.775311 0.822067 
258 1.559013 2.135540 -2.158684 2.749867 0.771792 -4.143785 -0.354725 0.237135 0.206442 
259 0.697594 0.280808 -1.347158 0.378040 1.469831 0.735537 -1.130671 -0.438456 0.426489 
260 1.275710 1.148578 -2.075106 -1.057739 -0.719593 0.075752 -0.970408 -0.487656 0.046497 
261 1.305862 0.634234 -1.000936 -0.278446 0.738508 0.343454 -1.180853 -1.216259 0.220721 
262 -0.064975 1.658035 1.264643 0.857838 1.562378 -0.068444 -0.712050 0.854034 0.897518 
263 3.194904 -0.063003 -1.939867 0.899785 -0.116996 -3.296006 -0.675851 -0.726348 -1.143922 
264 2.924763 0.979177 -2.582144 0.447771 -1.492271 -3.149037 -0.191814 -1.147298 -1.006594 
265 3.413090 -0.380151 -1.948271 3.645811 0.126728 -4.523321 -1.672558 -1.455617 0.374802 
266 1.933829 1.240996 -2.230951 1.977761 3.395573 -4.650164 -1.718602 -0.963560 0.630277 
267 3.265893 -1.657879 -0.507930 0.647973 -1.581117 -0.974849 0.203528 -2.082138 -0.308802 
268 1.867368 1.117248 -2.165391 -0.203716 -1.121222 -0.484437 -0.582709 0.335017 0.833673 
269 -1.256612 -1.026898 0.203789 0.024641 -0.022934 -0.978633 -0.041601 -0.251592 0.566240 
270 0.683493 1.369262 0.183820 -0.316804 -0.653581 -0.022029 -0.119749 0.450940 0.733305 
271 1.851816 -0.941501 -1.131415 0.997635 1.703546 -1.011871 -0.446607 -0.952847 0.377128 
272 1.754989 2.278880 -2.437177 1.144340 -0.722334 -2.811713 -0.169829 -1.314327 -1.208748 
273 1.366525 2.366540 -2.071414 4.203803 -1.814008 -3.540482 0.051241 -0.689471 -1.287429 
274 2.461908 -0.491590 -1.604565 -0.404464 -1.603837 -0.597283 -0.055798 -0.216324 -1.252693 
275 1.990717 1.464184 -2.385824 1.931473 1.862200 -4.212824 -0.989754 0.181588 0.827688 
276 2.379854 0.969151 -2.344930 2.294277 2.934949 -4.750845 -1.931010 -1.309849 0.382992 
277 1.895409 1.708245 -2.343634 4.262720 -1.900898 -3.628862 -0.590985 0.192542 0.475427 
278 2.502206 1.518701 -2.672147 1.355418 1.467281 -0.542724 -0.815808 0.170209 -0.181369 
279 1.837762 1.960139 -2.313232 2.098198 -1.239824 -2.777709 1.395515 -1.097450 -1.302169 
280 0.867999 1.842180 -1.180177 1.175840 0.540550 -3.520302 0.268704 0.267462 -1.361733 
281 3.026157 -0.414987 -1.894863 -0.066828 -1.549808 -0.818351 -0.959407 -0.882127 0.297652 
282 2.877375 0.241204 -2.227226 -0.656459 -1.911635 -0.808557 -0.132670 -0.868860 0.131497 
283 1.033071 1.505751 -2.026627 -0.950682 0.549792 0.812026 -0.665252 0.548822 0.571431 
284 -0.460922 1.595394 1.486703 3.117054 1.216464 -4.624303 0.099556 1.255295 0.708259 
285 1.209361 2.301215 -1.369329 2.230556 -0.014652 -3.550248 0.930919 0.289592 -1.151164 
286 1.997941 0.668609 -2.054979 0.461417 0.350722 -0.053690 -0.914845 0.102450 0.884713 
287 2.366366 1.380690 -2.522007 1.596088 0.362973 -0.065380 -0.091749 -1.072674 0.228238 
288 2.714533 1.468010 -2.682384 0.430977 -0.160422 -0.819637 -0.206714 0.706359 0.301741 
289 1.626074 2.287734 -2.343179 -0.060889 -0.995890 -0.487483 -1.136608 -1.448974 -0.208202 
290 0.006453 0.660626 0.804534 0.117350 1.207568 0.763350 -1.699642 -1.085681 0.493538 
291 1.635401 0.590274 -1.851463 -0.356157 -0.613050 -0.026087 -0.171157 -0.844584 0.148609 
292 0.304596 0.447164 0.470246 -1.034325 -0.882522 -0.019658 -1.096442 0.957245 1.293417 
293 -0.481907 0.288951 0.847461 -0.834972 -1.521222 -0.552254 0.296704 0.347618 -1.327811 
294 2.511746 1.956673 -2.819592 1.269356 -0.530225 -0.785514 -0.006001 -0.748589 -1.170923 
295 -0.149638 2.018212 1.512772 2.292257 1.282609 -4.101510 1.161576 0.413693 -1.427058 
296 1.292407 1.609076 0.095384 -0.028534 1.902999 0.796205 -0.926523 -0.405853 0.260533 
297 2.283421 0.609384 -2.219895 -1.090143 -1.415484 -0.214856 0.533410 -0.311153 0.613345 
298 3.138975 -1.184210 -0.285974 -0.589127 -2.096383 -1.292175 0.138394 -0.480384 0.218933 
299 1.257542 1.844453 -1.944237 -0.993317 -0.721165 -0.120203 0.785855 3.087137 0.596810 
300 1.326880 0.553765 -1.286088 -0.358983 1.055797 0.379638 -0.690802 -0.982711 -0.234645 
301 0.952336 2.185730 0.668095 4.265181 -0.991576 -4.292030 0.768463 -0.521147 -0.882173 
302 3.199131 -1.544127 -0.455097 -0.263818 -1.771233 -0.798390 -0.100651 0.105262 0.029398 
303 3.075083 -0.441309 -1.913580 4.089628 -1.227209 -3.839006 -1.299485 -0.847008 0.468063 
304 1.466720 1.236179 -1.947506 -0.513191 0.348919 0.609989 -1.143197 0.412620 1.128697 
305 3.306883 -0.339156 -1.961474 -1.062648 -1.973639 -0.381877 0.703741 -1.456098 -1.314205 
306 2.281597 1.505240 -2.468138 -0.148480 0.241840 0.023264 -0.727113 -0.691266 0.188638 
307 3.092292 -0.935762 -1.566149 2.495902 -0.101370 -3.143630 -1.375414 -1.293362 0.236301 
308 2.854986 0.141475 -2.135483 -0.676683 -0.620106 -0.136826 0.287253 -1.085941 -1.029877 
309 2.799083 0.176811 -2.171632 1.098571 -0.629443 -0.396157 -0.641768 -0.738597 0.528793 
310 1.892133 0.387859 -1.685030 -0.354908 -0.789266 -0.370935 -0.591268 -0.219969 0.720116 
311 3.234356 0.579867 -2.444264 4.097972 -0.851520 -4.323837 -0.798664 -0.489950 0.769560 
312 3.007097 -1.386674 -0.791396 -0.897613 -2.323464 -0.665701 0.253513 -0.115111 0.315174 
313 1.496226 1.729699 -1.776551 1.067920 1.357172 -0.604596 -1.035833 -0.846971 0.324659 
314 0.712147 2.218733 0.507632 0.350734 1.310046 0.365850 -0.244336 0.923828 0.942066 
315 1.284558 1.780371 -1.914616 0.140084 -0.234773 -0.228680 1.116706 0.385494 -1.478982 
316 1.125903 1.722368 -1.581504 4.331398 -2.428377 -2.949471 -0.146301 0.459840 -1.054340 
317 1.447606 1.724091 -1.712162 1.789768 3.127846 -3.650985 -1.826207 -1.088346 0.628175 
318 1.553227 -0.106873 -1.641864 -0.704907 -1.517924 -0.419274 -0.688497 0.309797 0.691750 
319 -0.090007 1.137631 1.166013 -0.716176 -0.194223 0.184540 -1.596030 -0.278939 0.851041 
320 1.759510 1.692370 -2.457191 -0.422332 -0.344920 -0.178281 0.182725 0.119732 -1.334694 
321 2.678070 -0.067590 -1.978483 1.240521 0.062863 -0.611125 -0.899508 -0.113150 0.567355 
322 2.857522 0.420812 -2.317814 2.692016 0.653363 -3.444187 -1.037426 -0.708937 0.406968 
323 -0.060115 1.755701 1.194952 -0.153059 0.661377 0.768949 -0.166367 0.730488 0.753057 
324 2.450357 1.010337 -2.556221 2.691721 2.189650 -5.046159 -1.962386 -1.704246 0.152845 
325 2.015430 -0.430252 -1.252265 -0.878105 -2.023968 -0.781793 -0.718639 0.134183 0.547321 
326 -0.315915 1.493861 1.335641 4.035570 -1.610605 -3.662310 -0.916455 -2.069685 0.152390 
327 0.023310 2.133677 1.452500 1.876343 0.594215 -0.446758 -1.037075 -1.129053 -0.872073 
328 3.460784 0.865044 -2.692198 3.068781 -0.141843 -3.950429 -0.216087 -2.199300 -0.188232 
329 2.064456 1.964646 -2.642109 4.268814 -2.820497 -2.781812 -1.312345 -2.338260 0.075151 
330 2.967751 -0.003718 -2.144217 0.539787 -0.729563 -0.439581 -0.345437 -1.619408 0.258924 
331 1.192412 1.241267 0.231871 -1.124048 -1.629892 -0.659172 -0.891386 -1.736090 0.126691 
332 2.366613 0.576962 -2.198114 -0.481860 -0.236461 -0.115360 0.258345 -1.145836 -1.166712 
333 2.582708 1.615286 -2.747732 -0.213224 -1.343663 -1.058596 -0.533469 -1.474361 -0.268484 
334 0.174335 1.799481 1.190988 1.638940 1.256496 -0.820694 -0.257642 -1.471789 -1.160220 
335 -1.497373 -0.456944 0.785350 3.710892 -1.163402 -3.338281 -0.499874 -1.214224 0.039511 
336 -0.080480 2.115177 1.445510 2.645741 0.408777 -3.001886 -1.062359 -0.637866 0.659950 
337 -0.983062 0.492066 1.150609 2.250681 0.994598 -3.903750 -0.480973 -0.616791 -1.177876 
338 -0.396924 1.927146 1.594279 3.446507 0.636318 -4.509223 -0.921262 -1.292159 0.203654 
339 -0.018399 2.188575 1.430914 1.779285 -1.362702 -0.798171 -0.620262 -1.687075 -0.096509 
340 1.869331 2.395046 -2.604587 1.901306 -1.530329 -0.929373 -0.200579 -1.552519 -0.896907 
341 -0.545865 1.772498 1.551291 4.041453 -0.253218 -4.649052 -0.841383 -1.653121 -0.883244 
342 0.090903 1.221565 0.817964 -0.057067 -0.221276 -0.107929 -1.293393 -0.331655 0.804827 
343 -0.267529 0.919511 1.014139 1.193742 -0.694841 -2.733318 1.678180 0.359904 -1.905432 
344 0.901999 2.579481 0.289075 3.096620 -0.767831 -3.447816 -0.093823 -1.084553 -1.322024 
345 0.002679 2.175554 1.477897 2.429699 -1.164015 -1.847896 0.425660 -1.417500 -1.252776 
346 2.778458 0.480558 -2.271801 0.790491 -0.684411 -0.322030 -0.451662 0.636047 -1.029224 
347 2.370421 0.290113 -2.024903 -1.209626 -1.158513 -0.068827 -0.394857 -1.069621 -0.130072 
348 0.718678 1.334446 0.357768 0.035145 -2.026192 -0.939978 1.788175 0.305153 -1.665094 
349 1.775454 1.135968 -1.938598 0.556834 -0.093126 -0.907606 -0.724354 0.512575 0.989626 
350 -1.144127 -0.021867 0.868602 0.490701 1.588798 0.113431 -1.104924 0.374688 0.954281 
351 1.248614 1.253496 -1.264638 -0.902844 -2.098818 -0.843884 0.028425 1.175028 0.672979 
352 0.530624 1.792360 0.971509 2.847640 0.492293 -3.897804 0.031809 1.081050 -1.380908 
353 3.270293 0.300860 -2.346133 2.384462 1.033672 -4.592834 -0.583257 -1.030375 -1.131374 
354 -0.492958 1.433304 1.430610 0.061013 -1.082877 -2.891840 -0.737814 -1.475508 0.208884 
355 -0.299565 -0.557606 0.319954 -0.779252 -1.171397 -0.118242 -1.663039 -0.696373 0.777096 
356 -0.809801 0.896805 1.311631 0.989901 1.879781 -0.595851 1.793341 1.456537 -1.993245 
357 -0.835233 0.944361 1.359043 1.683076 1.828955 -3.207973 0.106067 1.775311 0.822067 
358 1.559013 2.135540 -2.158684 2.749867 0.771792 -4.143785 -0.354725 0.237135 0.206442 
359 0.697594 0.280808 -1.347158 0.378040 1.469831 0.735537 -1.130671 -0.438456 0.426489 
360 1.275710 1.148578 -2.075106 -1.057739 -0.719593 0.075752 -0.970408 -0.487656 0.046497 
361 1.305862 0.634234 -1.000936 -0.278446 0.738508 0.343454 -1.180853 -1.216259 0.220721 
362 -0.064975 1.658035 1.264643 0.857838 1.562378 -0.068444 -0.712050 0.854034 0.897518 
363 3.194904 -0.063003 -1.939867 0.899785 -0.116996 -3.296006 -0.675851 -0.726348 -1.143922 
364 2.924763 0.979177 -2.582144 0.447771 -1.492271 -3.149037 -0.191814 -1.147298 -1.006594 
365 3.413090 -0.380151 -1.948271 3.645811 0.126728 -4.523321 -1.672558 -1.455617 0.374802 
366 1.933829 1.240996 -2.230951 1.977761 3.395573 -4.650164 -1.718602 -0.963560 0.630277 
367 3.265893 -1.657879 -0.507930 0.647973 -1.581117 -0.974849 0.203528 -2.082138 -0.308802 
368 1.867368 1.117248 -2.165391 -0.203716 -1.121222 -0.484437 -0.582709 0.335017 0.833673 
369 -1.256612 -1.026898 0.203789 0.024641 -0.022934 -0.978633 -0.041601 -0.251592 0.566240 
370 0.683493 1.369262 0.183820 -0.316804 -0.653581 -0.022029 -0.119749 0.450940 0.733305 
371 1.851816 -0.941501 -1.131415 0.997635 1.703546 -1.011871 -0.446607 -0.952847 0.377128 
372 1.754989 2.278880 -2.437177 1.144340 -0.722334 -2.811713 -0.169829 -1.314327 -1.208748 
373 1.366525 2.366540 -2.071414 4.203803 -1.814008 -3.540482 0.051241 -0.689471 -1.287429 
374 2.461908 -0.491590 -1.604565 -0.404464 -1.603837 -0.597283 -0.055798 -0.216324 -1.252693 
375 1.990717 1.464184 -2.385824 1.931473 1.862200 -4.212824 -0.989754 0.181588 0.827688 
376 2.379854 0.969151 -2.344930 2.294277 2.934949 -4.750845 -1.931010 -1.309849 0.382992 
377 1.895409 1.708245 -2.343634 4.262720 -1.900898 -3.628862 -0.590985 0.192542 0.475427 
378 2.502206 1.518701 -2.672147 1.355418 1.467281 -0.542724 -0.815808 0.170209 -0.181369 
379 1.837762 1.960139 -2.313232 2.098198 -1.239824 -2.777709 1.395515 -1.097450 -1.302169 
380 0.867999 1.842180 -1.180177 1.175840 0.540550 -3.520302 0.268704 0.267462 -1.361733 
381 3.026157 -0.414987 -1.894863 -0.066828 -1.549808 -0.818351 -0.959407 -0.882127 0.297652 
382 2.877375 0.241204 -2.227226 -0.656459 -1.911635 -0.808557 -0.132670 -0.868860 0.131497 
383 1.033071 1.505751 -2.026627 -0.950682 0.549792 0.812026 -0.665252 0.548822 0.571431 
384 -0.460922 1.595394 1.486703 3.117054 1.216464 -4.624303 0.099556 1.255295 0.708259 
385 1.209361 2.301215 -1.369329 2.230556 -0.014652 -3.550248 0.930919 0.289592 -1.151164 
386 1.997941 0.668609 -2.054979 0.461417 0.350722 -0.053690 -0.914845 0.102450 0.884713 
387 2.366366 1.380690 -2.522007 1.596088 0.362973 -0.065380 -0.091749 -1.072674 0.228238 
388 2.714533 1.468010 -2.682384 0.430977 -0.160422 -0.819637 -0.206714 0.706359 0.301741 
389 1.626074 2.287734 -2.343179 -0.060889 -0.995890 -0.487483 -1.136608 -1.448974 -0.208202 
390 0.006453 0.660626 0.804534 0.117350 1.207568 0.763350 -1.699642 -1.085681 0.493538 
391 1.635401 0.590274 -1.851463 -0.356157 -0.613050 -0.026087 -0.171157 -0.844584 0.148609 
392 0.304596 0.447164 0.470246 -1.034325 -0.882522 -0.019658 -1.096442 0.957245 1.293417 
393 -0.481907 0.288951 0.847461 -0.834972 -1.521222 -0.552254 0.296704 0.347618 -1.327811 
394 2.511746 1.956673 -2.819592 1.269356 -0.530225 -0.785514 -0.006001 -0.748589 -1.170923 
395 -0.149638 2.018212 1.512772 2.292257 1.282609 -4.101510 1.161576 0.413693 -1.427058 
396 1.292407 1.609076 0.095384 -0.028534 1.902999 0.796205 -0.926523 -0.405853 0.260533 
397 2.283421 0.609384 -2.219895 -1.090143 -1.415484 -0.214856 0.533410 -0.311153 0.613345 
398 3.138975 -1.184210 -0.285974 -0.589127 -2.096383 -1.292175 0.138394 -0.480384 0.218933 
399 1.257542 1.844453 -1.944237 -0.993317 -0.721165 -0.120203 0.785855 3.087137 0.596810 
400 1.326880 0.553765 -1.286088 -0.358983 1.055797 0.379638 -0.690802 -0.982711 -0.234645 
401 0.952336 2.185730 0.668095 4.265181 -0.991576 -4.292030 0.768463 -0.521147 -0.882173 
402 3.199131 -1.544127 -0.455097 -0.263818 -1.771233 -0.798390 -0.100651 0.105262 0.029398 
403 3.075083 -0.441309 -1.913580 4.089628 -1.227209 -3.839006 -1.299485 -0.847008 0.468063 
404 1.466720 1.236179 -1.947506 -0.513191 0.348919 0.609989 -1.143197 0.412620 1.128697 
405 3.306883 -0.339156 -1.961474 -1.062648 -1.973639 -0.381877 0.703741 -1.456098 -1.314205 
406 2.281597 1.505240 -2.468138 -0.148480 0.241840 0.023264 -0.727113 -0.691266 0.188638 
407 3.092292 -0.935762 -1.566149 2.495902 -0.101370 -3.143630 -1.375414 -1.293362 0.236301 
408 2.854986 0.141475 -2.135483 -0.676683 -0.620106 -0.136826 0.287253 -1.085941 -1.029877 
409 2.799083 0.176811 -2.171632 1.098571 -0.629443 -0.396157 -0.641768 -0.738597 0.528793 
410 1.892133 0.387859 -1.685030 -0.354908 -0.789266 -0.370935 -0.591268 -0.219969 0.720116 
411 3.234356 0.579867 -2.444264 4.097972 -0.851520 -4.323837 -0.798664 -0.489950 0.769560 
412 3.007097 -1.386674 -0.791396 -0.897613 -2.323464 -0.665701 0.253513 -0.115111 0.315174 
413 1.496226 1.729699 -1.776551 1.067920 1.357172 -0.604596 -1.035833 -0.846971 0.324659 
414 0.712147 2.218733 0.507632 0.350734 1.310046 0.365850 -0.244336 0.923828 0.942066 
415 1.284558 1.780371 -1.914616 0.140084 -0.234773 -0.228680 1.116706 0.385494 -1.478982 
416 1.125903 1.722368 -1.581504 4.331398 -2.428377 -2.949471 -0.146301 0.459840 -1.054340 
417 1.447606 1.724091 -1.712162 1.789768 3.127846 -3.650985 -1.826207 -1.088346 0.628175 
418 1.553227 -0.106873 -1.641864 -0.704907 -1.517924 -0.419274 -0.688497 0.309797 0.691750 
419 -0.090007 1.137631 1.166013 -0.716176 -0.194223 0.184540 -1.596030 -0.278939 0.851041 
420 1.759510 1.692370 -2.457191 -0.422332 -0.344920 -0.178281 0.182725 0.119732 -1.334694 
421 2.678070 -0.067590 -1.978483 1.240521 0.062863 -0.611125 -0.899508 -0.113150 0.567355 
422 2.857522 0.420812 -2.317814 2.692016 0.653363 -3.444187 -1.037426 -0.708937 0.406968 
423 -0.060115 1.755701 1.194952 -0.153059 0.661377 0.768949 -0.166367 0.730488 0.753057 
424 2.450357 1.010337 -2.556221 2.691721 2.189650 -5.046159 -1.962386 -1.704246 0.152845 
425 2.015430 -0.430252 -1.252265 -0.878105 -2.023968 -0.781793 -0.718639 0.134183 0.547321 
426 -0.315915 1.493861 1.335641 4.035570 -1.610605 -3.662310 -0.916455 -2.069685 0.152390 
427 0.023310 2.133677 1.452500 1.876343 0.594215 -0.446758 -1.037075 -1.129053 -0.872073 
428 3.460784 0.865044 -2.692198 3.068781 -0.141843 -3.950429 -0.216087 -2.199300 -0.188232 
429 2.064456 1.964646 -2.642109 4.268814 -2.820497 -2.781812 -1.312345 -2.338260 0.075151 
430 2.967751 -0.003718 -2.144217 0.539787 -0.729563 -0.439581 -0.345437 -1.619408 0.258924 
431 1.192412 1.241267 0.231871 -1.124048 -1.629892 -0.659172 -0.891386 -1.736090 0.126691 
432 2.366613 0.576962 -2.198114 -0.481860 -0.236461 -0.115360 0.258345 -1.145836 -1.166712 
433 2.582708 1.615286 -2.747732 -0.213224 -1.343663 -1.058596 -0.533469 -1.474361 -0.268484 
434 0.174335 1.799481 1.190988 1.638940 1.256496 -0.820694 -0.257642 -1.471789 -1.160220 
435 -1.497373 -0.456944 0.785350 3.710892 -1.163402 -3.338281 -0.499874 -1.214224 0.039511 
436 -0.080480 2.115177 1.445510 2.645741 0.408777 -3.001886 -1.062359 -0.637866 0.659950 
437 -0.983062 0.492066 1.150609 2.250681 0.994598 -3.903750 -0.480973 -0.616791 -1.177876 
438 -0.396924 1.927146 1.594279 3.446507 0.636318 -4.509223 -0.921262 -1.292159 0.203654 
439 -0.018399 2.188575 1.430914 1.779285 -1.362702 -0.798171 -0.620262 -1.687075 -0.096509 
440 1.869331 2.395046 -2.604587 1.901306 -1.530329 -0.929373 -0.200579 -1.552519 -0.896907 
441 -0.545865 1.772498 1.551291 4.041453 -0.253218 -4.649052 -0.841383 -1.653121 -0.883244 
442 0.090903 1.221565 0.817964 -0.057067 -0.221276 -0.107929 -1.293393 -0.331655 0.804827 
443 -0.267529 0.919511 1.014139 1.193742 -0.694841 -2.733318 1.678180 0.359904 -1.905432 
444 0.901999 2.579481 0.289075 3.096620 -0.767831 -3.447816 -0.093823 -1.084553 -1.322024 
445 0.002679 2.175554 1.477897 2.429699 -1.164015 -1.847896 0.425660 -1.417500 -1.252776 
446 2.778458 0.480558 -2.271801 0.790491 -0.684411 -0.322030 -0.451662 0.636047 -1.029224 
447 2.370421 0.290113 -2.024903 -1.209626 -1.158513 -0.068827 -0.394857 -1.069621 -0.130072 
448 0.718678 1.334446 0.357768 0.035145 -2.026192 -0.939978 1.788175 0.305153 -1.665094 
449 1.775454 1.135968 -1.938598 0.556834 -0.093126 -0.907606 -0.724354 0.512575 0.989626 
450 -1.144127 -0.021867 0.868602 0.490701 1.588798 0.113431 -1.104924 0.374688 0.954281 
451 1.248614 1.253496 -1.264638 -0.902844 -2.098818 -0.843884 0.028425 1.175028 0.672979 
452 0.530624 1.792360 0.971509 2.847640 0.492293 -3.897804 0.031809 1.081050 -1.380908 
453 3.270293 0.300860 -2.346133 2.384462 1.033672 -4.592834 -0.583257 -1.030375 -1.131374 
454 -0.492958 1.433304 1.430610 0.061013 -1.082877 -2.891840 -0.737814 -1.475508 0.208884 
455 -0.299565 -0.557606 0.319954 -0.779252 -1.171397 -0.118242 -1.663039 -0.696373 0.777096 
456 -0.809801 0.896805 1.311631 0.989901 1.879781 -0.595851 1.793341 1.456537 -1.993245 
457 -0.835233 0.944361 1.359043 1.683076 1.828955 -3.207973 0.106067 1.775311 0.822067 
458 1.559013 2.135540 -2.158684 2.749867 0.771792 -4.143785 -0.354725 0.237135 0.206442 
459 0.697594 0.280808 -1.347158 0.378040 1.469831 0.735537 -1.130671 -0.438456 0.426489 
460 1.275710 1.148578 -2.075106 -1.057739 -0.719593 0.075752 -0.970408 -0.487656 0.046497 
461 1.305862 0.634234 -1.000936 -0.278446 0.738508 0.343454 -1.180853 -1.216259 0.220721 
462 -0.064975 1.658035 1.264643 0.857838 1.562378 -0.068444 -0.712050 0.854034 0.897518 
463 3.194904 -0.063003 -1.939867 0.899785 -0.116996 -3.296006 -0.675851 -0.726348 -1.143922 
464 2.924763 0.979177 -2.582144 0.447771 -1.492271 -3.149037 -0.191814 -1.147298 -1.006594 
465 3.413090 -0.380151 -1.948271 3.645811 0.126728 -4.523321 -1.672558 -1.455617 0.374802 
466 1.933829 1.240996 -2.230951 1.977761 3.395573 -4.650164 -1.718602 -0.963560 0.630277 
467 3.265893 -1.657879 -0.507930 0.647973 -1.581117 -0.974849 0.203528 -2.082138 -0.308802 
468 1.867368 1.117248 -2.165391 -0.203716 -1.121222 -0.484437 -0.582709 0.335017 0.833673 
469 -1.256612 -1.026898 0.203789 0.024641 -0.022934 -0.978633 -0.041601 -0.251592 0.566240 
470 0.683493 1.369262 0.183820 -0.316804 -0.653581 -0.022029 -0.119749 0.450940 0.733305 
471 1.851816 -0.941501 -1.131415 0.997635 1.703546 -1.011871 -0.446607 -0.952847 0.377128 
472 1.754989 2.278880 -2.437177 1.144340 -0.722334 -2.811713 -0.169829 -1.314327 -1.208748 
473 1.366525 2.366540 -2.071414 4.203803 -1.814008 -3.540482 0.051241 -0.689471 -1.287429 
474 2.461908 -0.491590 -1.604565 -0.404464 -1.603837 -0.597283 -0.055798 -0.216324 -1.252693 
475 1.990717 1.464184 -2.385824 1.931473 1.862200 -4.212824 -0.989754 0.181588 0.827688 
476 2.379854 0.969151 -2.344930 2.294277 2.934949 -4.750845 -1.931010 -1.309849 0.382992 
477 1.895409 1.708245 -2.343634 4.262720 -1.900898 -3.628862 -0.590985 0.192542 0.475427 
478 2.502206 1.518701 -2.672147 1.355418 1.467281 -0.542724 -0.815808 0.170209 -0.181369 
479 1.837762 1.960139 -2.313232 2.098198 -1.239824 -2.777709 1.395515 -1.097450 -1.302169 
480 0.867999 1.842180 -1.180177 1.175840 0.540550 -3.520302 0.268704 0.267462 -1.361733 
481 3.026157 -0.414987 -1.894863 -0.066828 -1.549808 -0.818351 -0.959407 -0.882127 0.297652 
482 2.877375 0.241204 -2.227226 -0.656459 -1.911635 -0.808557 -0.132670 -0.868860 0.131497 
483 1.033071 1.505751 -2.026627 -0.950682 0.549792 0.812026 -0.665252 0.548822 0.571431 
484 -0.460922 1.595394 1.486703 3.117054 1.216464 -4.624303 0.099556 1.255295 0.708259 
485 1.209361 2.301215 -1.369329 2.230556 -0.014652 -3.550248 0.930919 0.289592 -1.151164 
486 1.997941 0.668609 -2.054979 0.461417 0.350722 -0.053690 -0.914845 0.102450 0.884713 
487 2.366366 1.380690 -2.522007 1.596088 0.362973 -0.065380 -0.091749 -1.072674 0.228238 
488 2.714533 1.468010 -2.682384 0.430977 -0.160422 -0.819637 -0.206714 0.706359 0.301741 
489 1.626074 2.287734 -2.343179 -0.060889 -0.995890 -0.487483 -1.136608 -1.448974 -0.208202 
490 0.006453 0.660626 0.804534 0.117350 1.207568 0.763350 -1.699642 -1.085681 0.493538 
491 1.635401 0.590274 -1.851463 -0.356157 -0.613050 -0.026087 -0.171157 -0.844584 0.148609 
492 0.304596 0.447164 0.470246 -1.034325 -0.882522 -0.019658 -1.096442 0.957245 1.293417 
493 -0.481907 0.288951 0.847461 -0.834972 -1.521222 -0.552254 0.296704 0.347618 -1.327811 
494 2.511746 1.956673 -2.819592 1.269356 -0.530225 -0.785514 -0.006001 -0.748589 -1.170923 
495 -0.149638 2.018212 1.512772 2.292257 1.282609 -4.101510 1.161576 0.413693 -1.427058 
496 1.292407 1.609076 0.095384 -0.028534 1.902999 0.796205 -0.926523 -0.405853 0.260533 
497 2.283421 0.609384 -2.219895 -1.090143 -1.415484 -0.214856 0.533410 -0.311153 0.613345 
498 3.138975 -1.184210 -0.285974 -0.589127 -2.096383 -1.292175 0.138394 -0.480384 0.218933 
499 1.257542 1.844453 -1.944237 -0.993317 -0.721165 -0.120203 0.785855 3.087137 0.596810 
500 1.326880 0.553765 -1.286088 -0.358983 1.055797 0.379638 -0.690802 -0.982711 -0.234645 
501 0.952336 2.185730 0.668095 4.265181 -0.991576 -4.292030 0.768463 -0.521147 -0.882173 
502 3.199131 -1.544127 -0.455097 -0.263818 -1.771233 -0.798390 -0.100651 0.105262 0.029398 
503 3.075083 -0.441309 -1.913580 4.089628 -1.227209 -3.839006 -1.299485 -0.847008 0.468063 
504 1.466720 1.236179 -1.947506 -0.513191 0.348919 0.609989 -1.143197 0.412620 1.128697 
505 3.306883 -0.339156 -1.961474 -1.062648 -1.973639 -0.381877 0.703741 -1.456098 -1.314205 
506 2.281597 1.505240 -2.468138 -0.148480 0.241840 0.023264 -0.727113 -0.691266 0.188638 
507 3.092292 -0.935762 -1.566149 2.495902 -0.101370 -3.143630 -1.375414 -1.293362 0.236301 
508 2.854986 0.141475 -2.135483 -0.676683 -0.620106 -0.136826 0.287253 -1.085941 -1.029877 
509 2.799083 0.176811 -2.171632 1.098571 -0.629443 -0.396157 -0.641768 -0.738597 0.528793 
510 1.892133 0.387859 -1.685030 -0.354908 -0.789266 -0.370935 -0.591268 -0.219969 0.720116 
511 3.234356 0.579867 -2.444264 4.097972 -0.851520 -4.323837 -0.798664 -0.489950 0.769560 
512 3.007097 -1.386674 -0.791396 -0.897613 -2.323464 -0.665701 0.253513 -0.115111 0.315174 
513 1.496226 1.729699 -1.776551 1.067920 1.357172 -0.604596 -1.035833 -0.846971 0.324659 
514 0.712147 2.218733 0.507632 0.350734 1.310046 0.365850 -0.244336 0.923828 0.942066 
515 1.284558 1.780371 -1.914616 0.140084 -0.234773 -0.228680 1.116706 0.385494 -1.478982 
516 1.125903 1.722368 -1.581504 4.331398 -2.428377 -2.949471 -0.146301 0.459840 -1.054340 
517 1.447606 1.724091 -1.712162 1.789768 3.127846 -3.650985 -1.826207 -1.088346 0.628175 
518 1.553227 -0.106873 -1.641864 -0.704907 -1.517924 -0.419274 -0.688497 0.309797 0.691750 
519 -0.090007 1.137631 1.166013 -0.716176 -0.194223 0.184540 -1.596030 -0.278939 0.851041 
520 1.759510 1.692370 -2.457191 -0.422332 -0.344920 -0.178281 0.182725 0.119732 -1.334694 
521 2.678070 -0.067590 -1.978483 1.240521 0.062863 -0.611125 -0.899508 -0.113150 0.567355 
522 2.857522 0.420812 -2.317814 2.692016 0.653363 -3.444187 -1.037426 -0.708937 0.406968 
523 -0.060115 1.755701 1.194952 -0.153059 0.661377 0.768949 -0.166367 0.730488 0.753057 
524 2.450357 1.010337 -2.556221 2.691721 2.189650 -5.046159 -1.962386 -1.704246 0.152845 
525 2.015430 -0.430252 -1.252265 -0.878105 -2.023968 -0.781793 -0.718639 0.134183 0.547321 
526 -0.315915 1.493861 1.335641 4.035570 -1.610605 -3.662310 -0.916455 -2.069685 0.152390 
527 0.023310 2.133677 1.452500 1.876343 0.594215 -0.446758 -1.037075 -1.129053 -0.872073 
528 3.460784 0.865044 -2.692198 3.068781 -0.141843 -3.950429 -0.216087 -2.199300 -0.188232 
529 2.064456 1.964646 -2.642109 4.268814 -2.820497 -2.781812 -1.312345 -2.338260 0.075151 
530 2.967751 -0.003718 -2.144217 0.539787 -0.729563 -0.439581 -0.345437 -1.619408 0.258924 
531 1.192412 1.241267 0.231871 -1.124048 -1.629892 -0.659172 -0.891386 -1.736090 0.126691 
532 2.366613 0.576962 -2.198114 -0.481860 -0.236461 -0.115360 0.258345 -1.145836 -1.166712 
533 2.582708 1.615286 -2.747732 -0.213224 -1.343663 -1.058596 -0.533469 -1.474361 -0.268484 
534 0.174335 1.799481 1.190988 1.638940 1.256496 -0.820694 -0.257642 -1.471789 -1.160220 
535 -1.497373 -0.456944 0.785350 3.710892 -1.163402 -3.338281 -0.499874 -1.214224 0.039511 
536 -0.080480 2.115177 1.445510 2.645741 0.408777 -3.001886 -1.062359 -0.637866 0.659950 
537 -0.983062 0.492066 1.150609 2.250681 0.994598 -3.903750 -0.480973 -0.616791 -1.177876 
538 -0.396924 1.927146 1.594279 3.446507 0.636318 -4.509223 -0.921262 -1.292159 0.203654 
539 -0.018399 2.188575 1.430914 1.779285 -1.362702 -0.798171 -0.620262 -1.687075 -0.096509 
540 1.869331 2.395046 -2.604587 1.901306 -1.530329 -0.929373 -0.200579 -1.552519 -0.896907 
541 -0.545865 1.772498 1.551291 4.041453 -0.253218 -4.649052 -0.841383 -1.653121 -0.883244 
542 0.090903 1.221565 0.817964 -0.057067 -0.221276 -0.107929 -1.293393 -0.331655 0.804827 
543 -0.267529 0.919511 1.014139 1.193742 -0.694841 -2.733318 1.678180 0.359904 -1.905432 
544 0.901999 2.579481 0.289075 3.096620 -0.767831 -3.447816 -0.093823 -1.084553 -1.322024 
545 0.002679 2.175554 1.477897 2.429699 -1.164015 -1.847896 0.425660 -1.417500 -1.252776 
546 2.778458 0.480558 -2.271801 0.790491 -0.684411 -0.322030 -0.451662 0.636047 -1.029224 
547 2.370421 0.290113 -2.024903 -1.209626 -1.158513 -0.068827 -0.394857 -1.069621 -0.130072 
548 0.718678 1.334446 0.357768 0.035145 -2.026192 -0.939978 1.788175 0.305153 -1.665094 
549 1.775454 1.135968 -1.938598 0.556834 -0.093126 -0.907606 -0.724354 0.512575 0.989626 
550 -1.144127 -0.021867 0.868602 0.490701 1.588798 0.113431 -1.104924 0.374688 0.954281 
551 1.248614 1.253496 -1.264638 -0.902844 -2.098818 -0.843884 0.028425 1.175028 0.672979 
552 0.530624 1.792360 0.971509 2.847640 0.492293 -3.897804 0.031809 1.081050 -1.380908 
553 3.270293 0.300860 -2.346133 2.384462 1.033672 -4.592834 -0.583257 -1.030375 -1.131374 
554 -0.492958 1.433304 1.430610 0.061013 -1.082877 -2.891840 -0.737814 -1.475508 0.208884 
555 -0.299565 -0.557606 0.319954 -0.779252 -1.171397 -0.118242 -1.663039 -0.696373 0.777096 
556 -0.809801 0.896805 1.311631 0.989901 1.879781 -0.595851 1.793341 1.456537 -1.993245 
557 -0.835233 0.944361 1.359043 1.683076 1.828955 -3.207973 0.106067 1.775311 0.822067 
558 1.559013 2.135540 -2.158684 2.749867 0.771792 -4.143785 -0.354725 0.237135 0.206442 
559 0.697594 0.280808 -1.347158 0.378040 1.469831 0.735537 -1.130671 -0.438456 0.426489 
560 1.275710 1.148578 -2.075106 -1.057739 -0.719593 0.075752 -0.970408 -0.487656 0.046497 
561 1.305862 0.634234 -1.000936 -0.278446 0.738508 0.343454 -1.180853 -1.216259 0.220721 
562 -0.064975 1.658035 1.264643 0.857838 1.562378 -0.068444 -0.712050 0.854034 0.897518 
563 3.194904 -0.063003 -1.939867 0.899785 -0.116996 -3.296006 -0.675851 -0.726348 -1.143922 
564 2.924763 0.979177 -2.582144 0.447771 -1.492271 -3.149037 -0.191814 -1.147298 -1.006594 
565 3.413090 -0.380151 -1.948271 3.645811 0.126728 -4.523321 -1.672558 -1.455617 0.374802 
566 1.933829 1.240996 -2.230951 1.977761 3.395573 -4.650164 -1.718602 -0.963560 0.630277 
567 3.265893 -1.657879 -0.507930 0.647973 -1.581117 -0.974849 0.203528 -2.082138 -0.308802 
568 1.867368 1.117248 -2.165391 -0.203716 -1.121222 -0.484437 -0.582709 0.335017 0.833673 
569 -1.256612 -1.026898 0.203789 0.024641 -0.022934 -0.978633 -0.041601 -0.251592 0.566240 
570 0.683493 1.369262 0.183820 -0.316804 -0.653581 -0.022029 -0.119749 0.450940 0.733305 
571 1.851816 -0.941501 -1.131415 0.997635 1.703546 -1.011871 -0.446607 -0.952847 0.377128 
572 1.754989 2.278880 -2.437177 1.144340 -0.722334 -2.811713 -0.169829 -1.314327 -1.208748 
573 1.366525 2.366540 -2.071414 4.203803 -1.814008 -3.540482 0.051241 -0.689471 -1.287429 
574 2.461908 -0.491590 -1.604565 -0.404464 -1.603837 -0.597283 -0.055798 -0.216324 -1.252693 
575 1.990717 1.464184 -2.385824 1.931473 1.862200 -4.212824 -0.989754 0.181588 0.827688 
576 2.379854 0.969151 -2.344930 2.294277 2.934949 -4.750845 -1.931010 -1.309849 0.382992 
577 1.895409 1.708245 -2.343634 4.262720 -1.900898 -3.628862 -0.590985 0.192542 0.475427 
578 2.502206 1.518701 -2.672147 1.355418 1.467281 -0.542724 -0.815808 0.170209 -0.181369 
579 1.837762 1.960139 -2.313232 2.098198 -1.239824 -2.777709 1.395515 -1.097450 -1.302169 
580 0.867999 1.842180 -1.180177 1.175840 0.540550 -3.520302 0.268704 0.267462 -1.361733 
581 3.026157 -0.414987 -1.894863 -0.066828 -1.549808 -0.818351 -0.959407 -0.882127 0.297652 
582 2.877375 0.241204 -2.227226 -0.656459 -1.911635 -0.808557 -0.132670 -0.868860 0.131497 
583 1.033071 1.505751 -2.026627 -0.950682 0.549792 0.812026 -0.665252 0.548822 0.571431 
584 -0.460922 1.595394 1.486703 3.117054 1.216464 -4.624303 0.099556 1.255295 0.708259 
585 1.209361 2.301215 -1.369329 2.230556 -0.014652 -3.550248 0.930919 0.289592 -1.151164 
586 1.997941 0.668609 -2.054979 0.461417 0.350722 -0.053690 -0.914845 0.102450 0.884713 
587 2.366366 1.380690 -2.522007 1.596088 0.362973 -0.065380 -0.091749 -1.072674 0.228238 
588 2.714533 1.468010 -2.682384 0.430977 -0.160422 -0.819637 -0.206714 0.706359 0.301741 
589 1.626074 2.287734 -2.343179 -0.060889 -0.995890 -0.487483 -1.136608 -1.448974 -0.208202 
590 0.006453 0.660626 0.804534 0.117350 1.207568 0.763350 -1.699642 -1.085681 0.493538 
591 1.635401 0.590274 -1.851463 -0.356157 -0.613050 -0.026087 -0.171157 -0.844584 0.148609 
592 0.304596 0.447164 0.470246 -1.034325 -0.882522 -0.019658 -1.096442 0.957245 1.293417 
593 -0.481907 0.288951 0.847461 -0.834972 -1.521222 -0.552254 0.296704 0.347618 -1.327811 
594 2.511746 1.956673 -2.819592 1.269356 -0.530225 -0.785514 -0.006001 -0.748589 -1.170923 
595 -0.149638 2.018212 1.512772 2.292257 1.282609 -4.101510 1.161576 0.413693 -1.427058 
596 1.292407 1.609076 0.095384 -0.028534 1.902999 0.796205 -0.926523 -0.405853 0.260533 
597 2.283421 0.609384 -2.219895 -1.090143 -1.415484 -0.214856 0.533410 -0.311153 0.613345 
598 3.138975 -1.184210 -0.285974 -0.589127 -2.096383 -1.292175 0.138394 -0.480384 0.218933 
599 1.257542 1.844453 -1.944237 -0.993317 -0.721165 -0.120203 0.785855 3.087137 0.596810 
600 1.326880 0.553765 -1.286088 -0.358983 1.055797 0.379638 -0.690802 -0.982711 -0.234645 
601 0.952336 2.185730 0.668095 4.265181 -0.991576 -4.292030 0.768463 -0.521147 -0.882173 
602 3.199131 -1.544127 -0.455097 -0.263818 -1.771233 -0.798390 -0.100651 0.105262 0.029398 
603 3.075083 -0.441309 -1.913580 4.089628 -1.227209 -3.839006 -1.299485 -0.847008 0.468063 
604 1.466720 1.236179 -1.947506 -0.513191 0.348919 0.609989 -1.143197 0.412620 1.128697 
605 3.306883 -0.339156 -1.961474 -1.062648 -1.973639 -0.381877 0.703741 -1.456098 -1.314205 
606 2.281597 1.505240 -2.468138 -0.148480 0.241840 0.023264 -0.727113 -0.691266 0.188638 
607 3.092292 -0.935762 -1.566149 2.495902 -0.101370 -3.143630 -1.375414 -1.293362 0.236301 
608 2.854986 0.141475 -2.135483 -0.676683 -0.620106 -0.136826 0.287253 -1.085941 -1.029877 
609 2.799083 0.176811 -2.171632 1.098571 -0.629443 -0.396157 -0.641768 -0.738597 0.528793 
610 1.892133 0.387859 -1.685030 -0.354908 -0.789266 -0.370935 -0.591268 -0.219969 0.720116 
611 3.234356 0.579867 -2.444264 4.097972 -0.851520 -4.323837 -0.798664 -0.489950 0.769560 
612 3.007097 -1.386674 -0.791396 -0.897613 -2.323464 -0.665701 0.253513 -0.115111 0.315174 
613 1.496226 1.729699 -1.776551 1.067920 1.357172 -0.604596 -1.035833 -0.846971 0.324659 
614 0.712147 2.218733 0.507632 0.350734 1.310046 0.365850 -0.244336 0.923828 0.942066 
615 1.284558 1.780371 -1.914616 0.140084 -0.234773 -0.228680 1.116706 0.385494 -1.478982 
616 1.125903 1.722368 -1.581504 4.331398 -2.428377 -2.949471 -0.146301 0.459840 -1.054340 
617 1.447606 1.724091 -1.712162 1.789768 3.127846 -3.650985 -1.826207 -1.088346 0.628175 
618 1.553227 -0.106873 -1.641864 -0.704907 -1.517924 -0.419274 -0.688497 0.309797 0.691750 
619 -0.090007 1.137631 1.166013 -0.716176 -0.194223 0.184540 -1.596030 -0.278939 0.851041 
620 1.759510 1.692370 -2.457191 -0.422332 -0.344920 -0.178281 0.182725 0.119732 -1.334694 
621 2.678070 -0.067590 -1.978483 1.240521 0.062863 -0.611125 -0.899508 -0.113150 0.567355 
622 2.857522 0.420812 -2.317814 2.692016 0.653363 -3.444187 -1.037426 -0.708937 0.406968 
623 -0.060115 1.755701 1.194952 -0.153059 0.661377 0.768949 -0.166367 0.730488 0.753057 
624 2.450357 1.010337 -2.556221 2.691721 2.189650 -5.046159 -1.962386 -1.704246 0.152845 
625 2.015430 -0.430252 -1.252265 -0.878105 -2.023968 -0.781793 -0.718639 0.134183 0.547321 
626 -0.315915 1.493861 1.335641 4.035570 -1.610605 -3.662310 -0.916455 -2.069685 0.152390 
627 0.023310 2.133677 1.452500 1.876343 0.594215 -0.446758 -1.037075 -1.129053 -0.872073 
628 3.460784 0.865044 -2.692198 3.068781 -0.141843 -3.950429 -0.216087 -2.199300 -0.188232 
629 2.064456 1.964646 -2.642109 4.268814 -2.820497 -2.781812 -1.312345 -2.338260 0.075151 
630 2.967751 -0.003718 -2.144217 0.539787 -0.729563 -0.439581 -0.345437 -1.619408 0.258924 
631 1.192412 1.241267 0.231871 -1.124048 -1.629892 -0.659172 -0.891386 -1.736090 0.126691 
632 2.366613 0.576962 -2.198114 -0.481860 -0.236461 -0.115360 0.258345 -1.145836 -1.166712 
633 2.582708 1.615286 -2.747732 -0.213224 -1.343663 -1.058596 -0.533469 -1.474361 -0.268484 
634 0.174335 1.799481 1.190988 1.638940 1.256496 -0.820694 -0.257642 -1.471789 -1.160220 
635 -1.497373 -0.456944 0.785350 3.710892 -1.163402 -3.338281 -0.499874 -1.214224 0.039511 
636 -0.080480 2.115177 1.445510 2.645741 0.408777 -3.001886 -1.062359 -0.637866 0.659950 
637 -0.983062 0.492066 1.150609 2.250681 0.994598 -3.903750 -0.480973 -0.616791 -1.177876 
638 -0.396924 1.927146 1.594279 3.446507 0.636318 -4.509223 -0.921262 -1.292159 0.203654 
639 -0.018399 2.188575 1.430914 1.779285 -1.362702 -0.798171 -0.620262 -1.687075 -0.096509 
640 1.869331 2.395046 -2.604587 1.901306 -1.530329 -0.929373 -0.200579 -1.552519 -0.896907 
641 -0.545865 1.772498 1.551291 4.041453 -0.253218 -4.649052 -0.841383 -1.653121 -0.883244 
642 0.090903 1.221565 0.817964 -0.057067 -0.221276 -0.107929 -1.293393 -0.331655 0.804827 
643 -0.267529 0.919511 1.014139 1.193742 -0.694841 -2.733318 1.678180 0.359904 -1.905432 
644 0.901999 2.579481 0.289075 3.096620 -0.767831 -3.447816 -0.093823 -1.084553 -1.322024 
645 0.002679 2.175554 1.477897 2.429699 -1.164015 -1.847896 0.425660 -1.417500 -1.252776 
646 2.778458 0.480558 -2.271801 0.790491 -0.684411 -0.322030 -0.451662 0.636047 -1.029224 
647 2.370421 0.290113 -2.024903 -1.209626 -1.158513 -0.068827 -0.394857 -1.069621 -0.130072 
648 0.718678 1.334446 0.357768 0.035145 -2.026192 -0.939978 1.788175 0.305153 -1.665094 
649 1.775454 1.135968 -1.938598 0.556834 -0.093126 -0.907606 -0.724354 0.512575 0.989626 
650 -1.144127 -0.021867 0.868602 0.490701 1.588798 0.113431 -1.104924 0.374688 0.954281 
651 1.248614 1.253496 -1.264638 -0.902844 -2.098818 -0.843884 0.028425 1.175028 0.672979 
652 0.530624 1.792360 0.971509 2.847640 0.492293 -3.897804 0.031809 1.081050 -1.380908 
653 3.270293 0.300860 -2.346133 2.384462 1.033672 -4.592834 -0.583257 -1.030375 -1.131374 
654 -0.492958 1.433304 1.430610 0.061013 -1.082877 -2.891840 -0.737814 -1.475508 0.208884 
655 -0.299565 -0.557606 0.319954 -0.779252 -1.171397 -0.118242 -1.663039 -0.696373 0.777096 
656 -0.809801 0.896805 1.311631 0.989901 1.879781 -0.595851 1.793341 1.456537 -1.993245 
657 -0.835233 0.944361 1.359043 1.683076 1.828955 -3.207973 0.106067 1.775311 0.822067 
658 1.559013 2.135540 -2.158684 2.749867 0.771792 -4.143785 -0.354725 0.237135 0.206442 
659 0.697594 0.280808 -1.347158 0.378040 1.469831 0.735537 -1.130671 -0.438456 0.426489 
660 1.275710 1.148578 -2.075106 -1.057739 -0.719593 0.075752 -0.970408 -0.487656 0.046497 
661 1.305862 0.634234 -1.000936 -0.278446 0.738508 0.343454 -1.180853 -1.216259 0.220721 
662 -0.064975 1.658035 1.264643 0.857838 1.562378 -0.068444 -0.712050 0.854034 0.897518 
663 3.194904 -0.063003 -1.939867 0.899785 -0.116996 -3.296006 -0.675851 -0.726348 -1.143922 
664 2.924763 0.979177 -2.582144 0.447771 -1.492271 -3.149037 -0.191814 -1.147298 -1.006594 
665 3.413090 -0.380151 -1.948271 3.645811 0.126728 -4.523321 -1.672558 -1.455617 0.374802 
666 1.933829 1.240996 -2.230951 1.977761 3.395573 -4.650164 -1.718602 -0.963560 0.630277 
667 3.265893 -1.657879 -0.507930 0.647973 -1.581117 -0.974849 0.203528 -2.082138 -0.308802 
668 1.867368 1.117248 -2.165391 -0.203716 -1.121222 -0.484437 -0.582709 0.335017 0.833673 
669 -1.256612 -1.026898 0.203789 0.024641 -0.022934 -0.978633 -0.041601 -0.251592 0.566240 
670 0.683493 1.369262 0.183820 -0.316804 -0.653581 -0.022029 -0.119749 0.450940 0.733305 
671 1.851816 -0.941501 -1.131415 0.997635 1.703546 -1.011871 -0.446607 -0.952847 0.377128 
672 1.754989 2.278880 -2.437177 1.144340 -0.722334 -2.811713 -0.169829 -1.314327 -1.208748 
673 1.366525 2.366540 -2.071414 4.203803 -1.814008 -3.540482 0.051241 -0.689471 -1.287429 
674 2.461908 -0.491590 -1.604565 -0.404464 -1.603837 -0.597283 -0.055798 -0.216324 -1.252693 
675 1.990717 1.464184 -2.385824 1.931473 1.862200 -4.212824 -0.989754 0.181588 0.827688 
676 2.379854 0.969151 -2.344930 2.294277 2.934949 -4.750845 -1.931010 -1.309849 0.382992 
677 1.895409 1.708245 -2.343634 4.262720 -1.900898 -3.628862 -0.590985 0.192542 0.475427 
678 2.502206 1.518701 -2.672147 1.355418 1.467281 -0.542724 -0.815808 0.170209 -0.181369 
679 1.837762 1.960139 -2.313232 2.098198 -1.239824 -2.777709 1.395515 -1.097450 -1.302169 
680 0.867999 1.842180 -1.180177 1.175840 0.540550 -3.520302 0.268704 0.267462 -1.361733 
681 3.026157 -0.414987 -1.894863 -0.066828 -1.549808 -0.818351 -0.959407 -0.882127 0.297652 
682 2.877375 0.241204 -2.227226 -0.656459 -1.911635 -0.808557 -0.132670 -0.868860 0.131497 
683 1.033071 1.505751 -2.026627 -0.950682 0.549792 0.812026 -0.665252 0.548822 0.571431 
684 -0.460922 1.595394 1.486703 3.117054 1.216464 -4.624303 0.099556 1.255295 0.708259 
685 1.209361 2.301215 -1.369329 2.230556 -0.014652 -3.550248 0.930919 0.289592 -1.151164 
686 1.997941 0.668609 -2.054979 0.461417 0.350722 -0.053690 -0.914845 0.102450 0.884713 
687 2.366366 1.380690 -2.522007 1.596088 0.362973 -0.065380 -0.091749 -1.072674 0.228238 
688 2.714533 1.468010 -2.682384 0.430977 -0.160422 -0.819637 -0.206714 0.706359 0.301741 
689 1.626074 2.287734 -2.343179 -0.060889 -0.995890 -0.487483 -1.136608 -1.448974 -0.208202 
690 0.006453 0.660626 0.804534 0.117350 1.207568 0.763350 -1.699642 -1.085681 0.493538 
691 1.635401 0.590274 -1.851463 -0.356157 -0.613050 -0.026087 -0.171157 -0.844584 0.148609 
692 0.304596 0.447164 0.470246 -1.034325 -0.882522 -0.019658 -1.096442 0.957245 1.293417 
693 -0.481907 0.288951 0.847461 -0.834972 -1.521222 -0.552254 0.296704 0.347618 -1.327811 
694 2.511746 1.956673 -2.819592 1.269356 -0.530225 -0.785514 -0.006001 -0.748589 -1.170923 
695 -0.149638 2.018212 1.512772 2.292257 1.282609 -4.101510 1.161576 0.413693 -1.427058 
696 1.292407 1.609076 0.095384 -0.028534 1.902999 0.796205 -0.926523 -0.405853 0.260533 
697 2.283421 0.609384 -2.219895 -1.090143 -1.415484 -0.214856 0.533410 -0.311153 0.613345 
698 3.138975 -1.184210 -0.285974 -0.589127 -2.096383 -1.292175 0.138394 -0.480384 0.218933 
699 1.257542 1.844453 -1.944237 -0.993317 -0.721165 -0.120203 0.785855 3.087137 0.596810 
700 1.326880 0.553765 -1.286088 -0.358983 1.055797 0.379638 -0.690802 -0.982711 -0.234645 
701 0.952336 2.185730 0.668095 4.265181 -0.991576 -4.292030 0.768463 -0.521147 -0.882173 
702 3.199131 -1.544127 -0.455097 -0.263818 -1.771233 -0.798390 -0.100651 0.105262 0.029398 
703 3.075083 -0.441309 -1.913580 4.089628 -1.227209 -3.839006 -1.299485 -0.847008 0.468063 
704 1.466720 1.236179 -1.947506 -0.513191 0.348919 0.609989 -1.143197 0.412620 1.128697 
705 3.306883 -0.339156 -1.961474 -1.062648 -1.973639 -0.381877 0.703741 -1.456098 -1.314205 
706 2.281597 1.505240 -2.468138 -0.148480 0.241840 0.023264 -0.727113 -0.691266 0.188638 
707 3.092292 -0.935762 -1.566149 2.495902 -0.101370 -3.143630 -1.375414 -1.293362 0.236301 
708 2.854986 0.141475 -2.135483 -0.676683 -0.620106 -0.136826 0.287253 -1.085941 -1.029877 
709 2.799083 0.176811 -2.171632 1.098571 -0.629443 -0.396157 -0.641768 -0.738597 0.528793 
710 1.892133 0.387859 -1.685030 -0.354908 -0.789266 -0.370935 -0.591268 -0.219969 0.720116 
711 3.234356 0.579867 -2.444264 4.097972 -0.851520 -4.323837 -0.798664 -0.489950 0.769560 
712 3.007097 -1.386674 -0.791396 -0.897613 -2.323464 -0.665701 0.253513 -0.115111 0.315174 
713 1.496226 1.729699 -1.776551 1.067920 1.357172 -0.604596 -1.035833 -0.846971 0.324659 
714 0.712147 2.218733 0.507632 0.350734 1.310046 0.365850 -0.244336 0.923828 0.942066 
715 1.284558 1.780371 -1.914616 0.140084 -0.234773 -0.228680 1.116706 0.385494 -1.478982 
716 1.125903 1.722368 -1.581504 4.331398 -2.428377 -2.949471 -0.146301 0.459840 -1.054340 
717 1.447606 1.724091 -1.712162 1.789768 3.127846 -3.650985 -1.826207 -1.088346 0.628175 
718 1.553227 -0.106873 -1.641864 -0.704907 -1.517924 -0.419274 -0.688497 0.309797 0.691750 
719 -0.090007 1.137631 1.166013 -0.716176 -0.194223 0.184540 -1.596030 -0.278939 0.851041 
720 1.759510 1.692370 -2.457191 -0.422332 -0.344920 -0.178281 0.182725 0.119732 -1.334694 
721 2.678070 -0.067590 -1.978483 1.240521 0.062863 -0.611125 -0.899508 -0.113150 0.567355 
722 2.857522 0.420812 -2.317814 2.692016 0.653363 -3.444187 -1.037426 -0.708937 0.406968 
723 -0.060115 1.755701 1.194952 -0.153059 0.661377 0.768949 -0.166367 0.730488 0.753057 
724 2.450357 1.010337 -2.556221 2.691721 2.189650 -5.046159 -1.962386 -1.704246 0.152845 
725 2.015430 -0.430252 -1.252265 -0.878105 -2.023968 -0.781793 -0.718639 0.134183 0.547321 
726 -0.315915 1.493861 1.335641 4.035570 -1.610605 -3.662310 -0.916455 -2.069685 0.152390 
727 0.023310 2.133677 1.452500 1.876343 0.594215 -0.446758 -1.037075 -1.129053 -0.872073 
728 3.460784 0.865044 -2.692198 3.068781 -0.141843 -3.950429 -0.216087 -2.199300 -0.188232 
729 2.064456 1.964646 -2.642109 4.268814 -2.820497 -2.781812 -1.312345 -2.338260 0.075151 
730 2.967751 -0.003718 -2.144217 0.539787 -0.729563 -0.439581 -0.345437 -1.619408 0.258924 
731 1.192412 1.241267 0.231871 -1.124048 -1.629892 -0.659172 -0.891386 -1.736090 0.126691 
732 2.366613 0.576962 -2.198114 -0.481860 -0.236461 -0.115360 0.258345 -1.145836 -1.166712 
733 2.582708 1.615286 -2.747732 -0.213224 -1.343663 -1.058596 -0.533469 -1.474361 -0.268484 
734 0.174335 1.799481 1.190988 1.638940 1.256496 -0.820694 -0.257642 -1.471789 -1.160220 
735 -1.497373 -0.456944 0.785350 3.710892 -1.163402 -3.338281 -0.499874 -1.214224 0.039511 
736 -0.080480 2.115177 1.445510 2.645741 0.408777 -3.001886 -1.062359 -0.637866 0.659950 
737 -0.983062 0.492066 1.150609 2.250681 0.994598 -3.903750 -0.480973 -0.616791 -1.177876 
738 -0.396924 1.927146 1.594279 3.446507 0.636318 -4.509223 -0.921262 -1.292159 0.203654 
739 -0.018399 2.188575 1.430914 1.779285 -1.362702 -0.798171 -0.620262 -1.687075 -0.096509 
740 1.869331 2.395046 -2.604587 1.901306 -1.530329 -0.929373 -0.200579 -1.552519 -0.896907 
741 -0.545865 1.772498 1.551291 4.041453 -0.253218 -4.649052 -0.841383 -1.653121 -0.883244 
742 0.090903 1.221565 0.817964 -0.057067 -0.221276 -0.107929 -1.293393 -0.331655 0.804827 
743 -0.267529 0.919511 1.014139 1.193742 -0.694841 -2.733318 1.678180 0.359904 -1.905432 
744 0.901999 2.579481 0.289075 3.096620 -0.767831 -3.447816 -0.093823 -1.084553 -1.322024 
745 0.002679 2.175554 1.477897 2.429699 -1.164015 -1.847896 0.425660 -1.417500 -1.252776 
746 2.778458 0.480558 -2.271801 0.790491 -0.684411 -0.322030 -0.451662 0.636047 -1.029224 
747 2.370421 0.290113 -2.024903 -1.209626 -1.158513 -0.068827 -0.394857 -1.069621 -0.130072 
748 0.718678 1.334446 0.357768 0.035145 -2.026192 -0.939978 1.788175 0.305153 -1.665094 
749 1.775454 1.135968 -1.938598 0.556834 -0.093126 -0.907606 -0.724354 0.512575 0.989626 
750 -1.144127 -0.021867 0.868602 0.490701 1.588798 0.113431 -1.104924 0.374688 0.954281 
751 1.248614 1.253496 -1.264638 -0.902844 -2.098818 -0.843884 0.028425 1.175028 0.672979 
752 0.530624 1.792360 0.971509 2.847640 0.492293 -3.897804 0.031809 1.081050 -1.380908 
753 3.270293 0.300860 -2.346133 2.384462 1.033672 -4.592834 -0.583257 -1.030375 -1.131374 
754 -0.492958 1.433304 1.430610 0.061013 -1.082877 -2.891840 -0.737814 -1.475508 0.208884 
755 -0.299565 -0.557606 0.319954 -0.779252 -1.171397 -0.118242 -1.663039 -0.696373 0.777096 
756 -0.809801 0.896805 1.311631 0.989901 1.879781 -0.595851 1.793341 1.456537 -1.993245 
757 -0.835233 0.944361 1.359043 1.683076 1.828955 -3.207973 0.106067 1.775311 0.822067 
758 1.559013 2.135540 -2.158684 2.749867 0.771792 -4.143785 -0.354725 0.237135 0.206442 
759 0.697594 0.280808 -1.347158 0.378040 1.469831 0.735537 -1.130671 -0.438456 0.426489 
760 1.275710 1.148578 -2.075106 -1.057739 -0.719593 0.075752 -0.970408 -0.487656 0.046497 
761 1.305862 0.634234 -1.000936 -0.278446 0.738508 0.343454 -1.180853 -1.216259 0.220721 
762 -0.064975 1.658035 1.264643 0.857838 1.562378 -0.068444 -0.712050 0.854034 0.897518 
763 3.194904 -0.063003 -1.939867 0.899785 -0.116996 -3.296006 -0.675851 -0.726348 -1.143922 
764 2.924763 0.979177 -2.582144 0.447771 -1.492271 -3.149037 -0.191814 -1.147298 -1.006594 
765 3.413090 -0.380151 -1.948271 3.645811 0.126728 -4.523321 -1.672558 -1.455617 0.374802 
766 1.933829 1.240996 -2.230951 1.977761 3.395573 -4.650164 -1.718602 -0.963560 0.630277 
767 3.265893 -1.657879 -0.507930 0.647973 -1.581117 -0.974849 0.203528 -2.082138 -0.308802 
768 1.867368 1.117248 -2.165391 -0.203716 -1.121222 -0.484437 -0.582709 0.335017 0.833673 
769 -1.256612 -1.026898 0.203789 0.024641 -0.022934 -0.978633 -0.041601 -0.251592 0.566240 
770 0.683493 1.369262 0.183820 -0.316804 -0.653581 -0.022029 -0.119749 0.450940 0.733305 
771 1.851816 -0.941501 -1.131415 0.997635 1.703546 -1.011871 -0.446607 -0.952847 0.377128 
772 1.754989 2.278880 -2.437177 1.144340 -0.722334 -2.811713 -0.169829 -1.314327 -1.208748 
773 1.366525 2.366540 -2.071414 4.203803 -1.814008 -3.540482 0.051241 -0.689471 -1.287429 
774 2.461908 -0.491590 -1.604565 -0.404464 -1.603837 -0.597283 -0.055798 -0.216324 -1.252693 
775 1.990717 1.464184 -2.385824 1.931473 1.862200 -4.212824 -0.989754 0.181588 0.827688 
776 2.379854 0.969151 -2.344930 2.294277 2.934949 -4.750845 -1.931010 -1.309849 0.382992 
777 1.895409 1.708245 -2.343634 4.262720 -1.900898 -3.628862 -0.590985 0.192542 0.475427 
778 2.502206 1.518701 -2.672147 1.355418 1.467281 -0.542724 -0.815808 0.170209 -0.181369 
779 1.837762 1.960139 -2.313232 2.098198 -1.239824 -2.777709 1.395515 -1.097450 -1.302169 
780 0.867999 1.842180 -1.180177 1.175840 0.540550 -3.520302 0.268704 0.267462 -1.361733 
781 3.026157 -0.414987 -1.894863 -0.066828 -1.549808 -0.818351 -0.959407 -0.882127 0.297652 
782 2.877375 0.241204 -2.227226 -0.656459 -1.911635 -0.808557 -0.132670 -0.868860 0.131497 
783 1.033071 1.505751 -2.026627 -0.950682 0.549792 0.812026 -0.665252 0.548822 0.571431 
784 -0.460922 1.595394 1.486703 3.117054 1.216464 -4.624303 0.099556 1.255295 0.708259 
785 1.209361 2.301215 -1.369329 2.230556 -0.014652 -3.550248 0.930919 0.289592 -1.151164 
786 1.997941 0.668609 -2.054979 0.461417 0.350722 -0.053690 -0.914845 0.102450 0.884713 
787 2.366366 1.380690 -2.522007 1.596088 0.362973 -0.065380 -0.091749 -1.072674 0.228238 
788 2.714533 1.468010 -2.682384 0.430977 -0.160422 -0.819637 -0.206714 0.706359 0.301741 
789 1.626074 2.287734 -2.343179 -0.060889 -0.995890 -0.487483 -1.136608 -1.448974 -0.208202 
790 0.006453 0.660626 0.804534 0.117350 1.207568 0.763350 -1.699642 -1.085681 0.493538 
791 1.635401 0.590274 -1.851463 -0.356157 -0.613050 -0.026087 -0.171157 -0.844584 0.148609 
792 0.304596 0.447164 0.470246 -1.034325 -0.882522 -0.019658 -1.096442 0.957245 1.293417 
793 -0.481907 0.288951 0.847461 -0.834972 -1.521222 -0.552254 0.296704 0.347618 -1.327811 
794 2.511746 1.956673 -2.819592 1.269356 -0.530225 -0.785514 -0.006001 -0.748589 -1.170923 
795 -0.149638 2.018212 1.512772 2.292257 1.282609 -4.101510 1.161576 0.413693 -1.427058 
796 1.292407 1.609076 0.095384 -0.028534 1.902999 0.796205 -0.926523 -0.405853 0.260533 
797 2.283421 0.609384 -2.219895 -1.090143 -1.415484 -0.214856 0.533410 -0.311153 0.613345 
798 3.138975 -1.184210 -0.285974 -0.589127 -2.096383 -1.292175 0.138394 -0.480384 0.218933 
799 1.257542 1.844453 -1.944237 -0.993317 -0.721165 -0.120203 0.785855 3.087137 0.596810 
800 1.326880 0.553765 -1.286088 -0.358983 1.055797 0.379638 -0.690802 -0.982711 -0.234645 
801 0.952336 2.185730 0.668095 4.265181 -0.991576 -4.292030 0.768463 -0.521147 -0.882173 
802 3.199131 -1.544127 -0.455097 -0.263818 -1.771233 -0.798390 -0.100651 0.105262 0.029398 
803 3.075083 -0.441309 -1.913580 4.089628 -1.227209 -3.839006 -1.299485 -0.847008 0.468063 
804 1.466720 1.236179 -1.947506 -0.513191 0.348919 0.609989 -1.143197 0.412620 1.128697 
805 3.306883 -0.339156 -1.961474 -1.062648 -1.973639 -0.381877 0.703741 -1.456098 -1.314205 
806 2.281597 1.505240 -2.468138 -0.148480 0.241840 0.023264 -0.727113 -0.691266 0.188638 
807 3.092292 -0.935762 -1.566149 2.495902 -0.101370 -3.143630 -1.375414 -1.293362 0.236301 
808 2.854986 0.141475 -2.135483 -0.676683 -0.620106 -0.136826 0.287253 -1.085941 -1.029877 
809 2.799083 0.176811 -2.171632 1.098571 -0.629443 -0.396157 -0.641768 -0.738597 0.528793 
810 1.892133 0.387859 -1.685030 -0.354908 -0.789266 -0.370935 -0.591268 -0.219969 0.720116 
811 3.234356 0.579867 -2.444264 4.097972 -0.851520 -4.323837 -0.798664 -0.489950 0.769560 
812 3.007097 -1.386674 -0.791396 -0.897613 -2.323464 -0.665701 0.253513 -0.115111 0.315174 
813 1.496226 1.729699 -1.776551 1.067920 1.357172 -0.604596 -1.035833 -0.846971 0.324659 
814 0.712147 2.218733 0.507632 0.350734 1.310046 0.365850 -0.244336 0.923828 0.942066 
815 1.284558 1.780371 -1.914616 0.140084 -0.234773 -0.228680 1.116706 0.385494 -1.478982 
816 1.125903 1.722368 -1.581504 4.331398 -2.428377 -2.949471 -0.146301 0.459840 -1.054340 
817 1.447606 1.724091 -1.712162 1.789768 3.127846 -3.650985 -1.826207 -1.088346 0.628175 
818 1.553227 -0.106873 -1.641864 -0.704907 -1.517924 -0.419274 -0.688497 0.309797 0.691750 
819 -0.090007 1.137631 1.166013 -0.716176 -0.194223 0.184540 -1.596030 -0.278939 0.851041 
820 1.759510 1.692370 -2.457191 -0.422332 -0.344920 -0.178281 0.182725 0.119732 -1.334694 
821 2.678070 -0.067590 -1.978483 1.240521 0.062863 -0.611125 -0.899508 -0.113150 0.567355 
822 2.857522 0.420812 -2.317814 2.692016 0.653363 -3.444187 -1.037426 -0.708937 0.406968 
823 -0.060115 1.755701 1.194952 -0.153059 0.661377 0.768949 -0.166367 0.730488 0.753057 
824 2.450357 1.010337 -2.556221 2.691721 2.189650 -5.046159 -1.962386 -1.704246 0.152845 
825 2.015430 -0.430252 -1.252265 -0.878105 -2.023968 -0.781793 -0.718639 0.134183 0.547321 
826 -0.315915 1.493861 1.335641 4.035570 -1.610605 -3.662310 -0.916455 -2.069685 0.152390 
827 0.023310 2.133677 1.452500 1.876343 0.594215 -0.446758 -1.037075 -1.129053 -0.872073 
828 3.460784 0.865044 -2.692198 3.068781 -0.141843 -3.950429 -0.216087 -2.199300 -0.188232 
829 2.064456 1.964646 -2.642109 4.268814 -2.820497 -2.781812 -1.312345 -2.338260 0.075151 
830 2.967751 -0.003718 -2.144217 0.539787 -0.729563 -0.439581 -0.345437 -1.619408 0.258924 
831 1.192412 1.241267 0.231871 -1.124048 -1.629892 -0.659172 -0.891386 -1.736090 0.126691 
832 2.366613 0.576962 -2.198114 -0.481860 -0.236461 -0.115360 0.258345 -1.145836 -1.166712 
833 2.582708 1.615286 -2.747732 -0.213224 -1.343663 -1.058596 -0.533469 -1.474361 -0.268484 
834 0.174335 1.799481 1.190988 1.638940 1.256496 -0.820694 -0.257642 -1.471789 -1.160220 
835 -1.497373 -0.456944 0.785350 3.710892 -1.163402 -3.338281 -0.499874 -1.214224 0.039511 
836 -0.080480 2.115177 1.445510 2.645741 0.408777 -3.001886 -1.062359 -0.637866 0.659950 
837 -0.983062 0.492066 1.150609 2.250681 0.994598 -3.903750 -0.480973 -0.616791 -1.177876 
838 -0.396924 1.927146 1.594279 3.446507 0.636318 -4.509223 -0.921262 -1.292159 0.203654 
839 -0.018399 2.188575 1.430914 1.779285 -1.362702 -0.798171 -0.620262 -1.687075 -0.096509 
840 1.869331 2.395046 -2.604587 1.901306 -1.530329 -0.929373 -0.200579 -1.552519 -0.896907 
841 -0.545865 1.772498 1.551291 4.041453 -0.253218 -4.649052 -0.841383 -1.653121 -0.883244 
842 0.090903 1.221565 0.817964 -0.057067 -0.221276 -0.107929 -1.293393 -0.331655 0.804827 
843 -0.267529 0.919511 1.014139 1.193742 -0.694841 -2.733318 1.678180 0.359904 -1.905432 
844 0.901999 2.579481 0.289075 3.096620 -0.767831 -3.447816 -0.093823 -1.084553 -1.322024 
845 0.002679 2.175554 1.477897 2.429699 -1.164015 -1.847896 0.425660 -1.417500 -1.252776 
846 2.778458 0.480558 -2.271801 0.790491 -0.684411 -0.322030 -0.451662 0.636047 -1.029224 
847 2.370421 0.290113 -2.024903 -1.209626 -1.158513 -0.068827 -0.394857 -1.069621 -0.130072 
848 0.718678 1.334446 0.357768 0.035145 -2.026192 -0.939978 1.788175 0.305153 -1.665094 
849 1.775454 1.135968 -1.938598 0.556834 -0.093126 -0.907606 -0.724354 0.512575 0.989626 
850 -1.144127 -0.021867 0.868602 0.490701 1.588798 0.113431 -1.104924 0.374688 0.954281 
851 1.248614 1.253496 -1.264638 -0.902844 -2.098818 -0.843884 0.028425 1.175028 0.672979 
852 0.530624 1.792360 0.971509 2.847640 0.492293 -3.897804 0.031809 1.081050 -1.380908 
853 3.270293 0.300860 -2.346133 2.384462 1.033672 -4.592834 -0.583257 -1.030375 -1.131374 
854 -0.492958 1.433304 1.430610 0.061013 -1.082877 -2.891840 -0.737814 -1.475508 0.208884 
855 -0.299565 -0.557606 0.319954 -0.779252 -1.171397 -0.118242 -1.663039 -0.696373 0.777096 
856 -0.809801 0.896805 1.311631 0.989901 1.879781 -0.595851 1.793341 1.456537 -1.993245 
857 -0.835233 0.944361 1.359043 1.683076 1.828955 -3.207973 0.106067 1.775311 0.822067 
858 1.559013 2.135540 -2.158684 2.749867 0.771792 -4.143785 -0.354725 0.237135 0.206442 
859 0.697594 0.280808 -1.347158 0.378040 1.469831 0.735537 -1.130671 -0.438456 0.426489 
860 1.275710 1.148578 -2.075106 -1.057739 -0.719593 0.075752 -0.970408 -0.487656 0.046497 
861 1.305862 0.634234 -1.000936 -0.278446 0.738508 0.343454 -1.180853 -1.216259 0.220721 
862 -0.064975 1.658035 1.264643 0.857838 1.562378 -0.068444 -0.712050 0.854034 0.897518 
863 3.194904 -0.063003 -1.939867 0.899785 -0.116996 -3.296006 -0.675851 -0.726348 -1.143922 
864 2.924763 0.979177 -2.582144 0.447771 -1.492271 -3.149037 -0.191814 -1.147298 -1.006594 
865 3.413090 -0.380151 -1.948271 3.645811 0.126728 -4.523321 -1.672558 -1.455617 0.374802 
866 1.933829 1.240996 -2.230951 1.977761 3.395573 -4.650164 -1.718602 -0.963560 0.630277 
867 3.265893 -1.657879 -0.507930 0.647973 -1.581117 -0.974849 0.203528 -2.082138 -0.308802 
868 1.867368 1.117248 -2.165391 -0.203716 -1.121222 -0.484437 -0.582709 0.335017 0.833673 
869 -1.256612 -1.026898 0.203789 0.024641 -0.022934 -0.978633 -0.041601 -0.251592 0.566240 
870 0.683493 1.369262 0.183820 -0.316804 -0.653581 -0.022029 -0.119749 0.450940 0.733305 
871 1.851816 -0.941501 -1.131415 0.997635 1.703546 -1.011871 -0.446607 -0.952847 0.377128 
872 1.754989 2.278880 -2.437177 1.144340 -0.722334 -2.811713 -0.169829 -1.314327 -1.208748 
873 1.366525 2.366540 -2.071414 4.203803 -1.814008 -3.540482 0.051241 -0.689471 -1.287429 
874 2.461908 -0.491590 -1.604565 -0.404464 -1.603837 -0.597283 -0.055798 -0.216324 -1.252693 
875 1.990717 1.464184 -2.385824 1.931473 1.862200 -4.212824 -0.989754 0.181588 0.827688 
876 2.379854 0.969151 -2.344930 2.294277 2.934949 -4.750845 -1.931010 -1.309849 0.382992 
877 1.895409 1.708245 -2.343634 4.262720 -1.900898 -3.628862 -0.590985 0.192542 0.475427 
878 2.502206 1.518701 -2.672147 1.355418 1.467281 -0.542724 -0.815808 0.170209 -0.181369 
879 1.837762 1.960139 -2.313232 2.098198 -1.239824 -2.777709 1.395515 -1.097450 -1.302169 
880 0.867999 1.842180 -1.180177 1.175840 0.540550 -3.520302 0.268704 0.267462 -1.361733 
881 3.026157 -0.414987 -1.894863 -0.066828 -1.549808 -0.818351 -0.959407 -0.882127 0.297652 
882 2.877375 0.241204 -2.227226 -0.656459 -1.911635 -0.808557 -0.132670 -0.868860 0.131497 
883 1.033071 1.505751 -2.026627 -0.950682 0.549792 0.812026 -0.665252 0.548822 0.571431 
884 -0.460922 1.595394 1.486703 3.117054 1.216464 -4.624303 0.099556 1.255295 0.708259 
885 1.209361 2.301215 -1.369329 2.230556 -0.014652 -3.550248 0.930919 0.289592 -1.151164 
886 1.997941 0.668609 -2.054979 0.461417 0.350722 -0.053690 -0.914845 0.102450 0.884713 
887 2.366366 1.380690 -2.522007 1.596088 0.362973 -0.065380 -0.091749 -1.072674 0.228238 
888 2.714533 1.468010 -2.682384 0.430977 -0.160422 -0.819637 -0.206714 0.706359 0.301741 
889 1.626074 2.287734 -2.343179 -0.060889 -0.995890 -0.487483 -1.136608 -1.448974 -0.208202 
890 0.006453 0.660626 0.804534 0.117350 1.207568 0.763350 -1.699642 -1.085681 0.493538 
891 1.635401 0.590274 -1.851463 -0.356157 -0.613050 -0.026087 -0.171157 -0.844584 0.148609 
892 0.304596 0.447164 0.470246 -1.034325 -0.882522 -0.019658 -1.096442 0.957245 1.293417 
893 -0.481907 0.288951 0.847461 -0.834972 -1.521222 -0.552254 0.296704 0.347618 -1.327811 
894 2.511746 1.956673 -2.819592 1.269356 -0.530225 -0.785514 -0.006001 -0.748589 -1.170923 
895 -0.149638 2.018212 1.512772 2.292257 1.282609 -4.101510 1.161576 0.413693 -1.427058 
896 1.292407 1.609076 0.095384 -0.028534 1.902999 0.796205 -0.926523 -0.405853 0.260533 
897 2.283421 0.609384 -2.219895 -1.090143 -1.415484 -0.214856 0.533410 -0.311153 0.613345 
898 3.138975 -1.184210 -0.285974 -0.589127 -2.096383 -1.292175 0.138394 -0.480384 0.218933 
899 1.257542 1.844453 -1.944237 -0.993317 -0.721165 -0.120203 0.785855 3.087137 0.596810 
900 1.326880 0.553765 -1.286088 -0.358983 1.055797 0.379638 -0.690802 -0.982711 -0.234645 
901 0.952336 2.185730 0.668095 4.265181 -0.991576 -4.292030 0.768463 -0.521147 -0.882173 
902 3.199131 -1.544127 -0.455097 -0.263818 -1.771233 -0.798390 -0.100651 0.105262 0.029398 
903 3.075083 -0.441309 -1.913580 4.089628 -1.227209 -3.839006 -1.299485 -0.847008 0.468063 
904 1.466720 1.236179 -1.947506 -0.513191 0.348919 0.609989 -1.143197 0.412620 1.128697 
905 3.306883 -0.339156 -1.961474 -1.062648 -1.973639 -0.381877 0.703741 -1.456098 -1.314205 
906 2.281597 1.505240 -2.468138 -0.148480 0.241840 0.023264 -0.727113 -0.691266 0.188638 
907 3.092292 -0.935762 -1.566149 2.495902 -0.101370 -3.143630 -1.375414 -1.293362 0.236301 
908 2.854986 0.141475 -2.135483 -0.676683 -0.620106 -0.136826 0.287253 -1.085941 -1.029877 
909 2.799083 0.176811 -2.171632 1.098571 -0.629443 -0.396157 -0.641768 -0.738597 0.528793 
910 1.892133 0.387859 -1.685030 -0.354908 -0.789266 -0.370935 -0.591268 -0.219969 0.720116 
911 3.234356 0.579867 -2.444264 4.097972 -0.851520 -4.323837 -0.798664 -0.489950 0.769560 
912 3.007097 -1.386674 -0.791396 -0.897613 -2.323464 -0.665701 0.253513 -0.115111 0.315174 
913 1.496226 1.729699 -1.776551 1.067920 1.357172 -0.604596 -1.035833 -0.846971 0.324659 
914 0.712147 2.218733 0.507632 0.350734 1.310046 0.365850 -0.244336 0.923828 0.942066 
915 1.284558 1.780371 -1.914616 0.140084 -0.234773 -0.228680 1.116706 0.385494 -1.478982 
916 1.125903 1.722368 -1.581504 4.331398 -2.428377 -2.949471 -0.146301 0.459840 -1.054340 
917 1.447606 1.724091 -1.712162 1.789768 3.127846 -3.650985 -1.826207 -1.088346 0.628175 
918 1.553227 -0.106873 -1.641864 -0.704907 -1.517924 -0.419274 -0.688497 0.309797 0.691750 
919 -0.090007 1.137631 1.166013 -0.716176 -0.194223 0.184540 -1.596030 -0.278939 0.851041 
920 1.759510 1.692370 -2.457191 -0.422332 -0.344920 -0.178281 0.182725 0.119732 -1.334694 
921 2.678070 -0.067590 -1.978483 1.240521 0.062863 -0.611125 -0.899508 -0.113150 0.567355 
922 2.857522 0.420812 -2.317814 2.692016 0.653363 -3.444187 -1.037426 -0.708937 0.406968 
923 -0.060115 1.755701 1.194952 -0.153059 0.661377 0.768949 -0.166367 0.730488 0.753057 
924 2.450357 1.010337 -2.556221 2.691721 2.189650 -5.046159 -1.962386 -1.704246 0.152845 
925 2.015430 -0.430252 -1.252265 -0.878105 -2.023968 -0.781793 -0.718639 0.134183 0.547321 
926 -0.315915 1.493861 1.335641 4.035570 -1.610605 -3.662310 -0.916455 -2.069685 0.152390 
927 0.023310 2.133677 1.452500 1.876343 0.594215 -0.446758 -1.037075 -1.129053 -0.872073 
928 3.460784 0.865044 -2.692198 3.068781 -0.141843 -3.950429 -0.216087 -2.199300 -0.188232 
929 2.064456 1.964646 -2.642109 4.268814 -2.820497 -2.781812 -1.312345 -2.338260 0.075151 
930 2.967751 -0.003718 -2.144217 0.539787 -0.729563 -0.439581 -0.345437 -1.619408 0.258924 
931 1.192412 1.241267 0.231871 -1.124048 -1.629892 -0.659172 -0.891386 -1.736090 0.126691 
932 2.366613 0.576962 -2.198114 -0.481860 -0.236461 -0.115360 0.258345 -1.145836 -1.166712 
933 2.582708 1.615286 -2.747732 -0.213224 -1.343663 -1.058596 -0.533469 -1.474361 -0.268484 
934 0.174335 1.799481 1.190988 1.638940 1.256496 -0.820694 -0.257642 -1.471789 -1.160220 
935 -1.497373 -0.456944 0.785350 3.710892 -1.163402 -3.338281 -0.499874 -1.214224 0.039511 
936 -0.080480 2.115177 1.445510 2.645741 0.408777 -3.001886 -1.062359 -0.637866 0.659950 
937 -0.983062 0.492066 1.150609 2.250681 0.994598 -3.903750 -0.480973 -0.616791 -1.177876 
938 -0.396924 1.927146 1.594279 3.446507 0.636318 -4.509223 -0.921262 -1.292159 0.203654 
939 -0.018399 2.188575 1.430914 1.779285 -1.362702 -0.798171 -0.620262 -1.687075 -0.096509 
940 1.869331 2.395046 -2.604587 1.901306 -1.530329 -0.929373 -0.200579 -1.552519 -0.896907 
941 -0.545865 1.772498 1.551291 4.041453 -0.253218 -4.649052 -0.841383 -1.653121 -0.883244 
942 0.090903 1.221565 0.817964 -0.057067 -0.221276 -0.107929 -1.293393 -0.331655 0.804827 
943 -0.267529 0.919511 1.014139 1.193742 -0.694841 -2.733318 1.678180 0.359904 -1.905432 
944 0.901999 2.579481 0.289075 3.096620 -0.767831 -3.447816 -0.093823 -1.084553 -1.322024 
945 0.002679 2.175554 1.477897 2.429699 -1.164015 -1.847896 0.425660 -1.417500 -1.252776 
946 2.778458 0.480558 -2.271801 0.790491 -0.684411 -0.322030 -0.451662 0.636047 -1.029224 
947 2.370421 0.290113 -2.024903 -1.209626 -1.158513 -0.068827 -0.394857 -1.069621 -0.130072 
948 0.718678 1.334446 0.357768 0.035145 -2.026192 -0.939978 1.788175 0.305153 -1.665094 
949 1.775454 1.135968 -1.938598 0.556834 -0.093126 -0.907606 -0.724354 0.512575 0.989626 
950 -1.144127 -0.021867 0.868602 0.490701 1.588798 0.113431 -1.104924 0.374688 0.954281 
951 1.248614 1.253496 -1.264638 -0.902844 -2.098818 -0.843884 0.028425 1.175028 0.672979 
952 0.530624 1.792360 0.971509 2.847640 0.492293 -3.897804 0.031809 1.081050 -1.380908 
953 3.270293 0.300860 -2.346133 2.384462 1.033672 -4.592834 -0.583257 -1.030375 -1.131374 
954 -0.492958 1.433304 1.430610 0.061013 -1.082877 -2.891840 -0.737814 -1.475508 0.208884 
955 -0.299565 -0.557606 0.319954 -0.779252 -1.171397 -0.118242 -1.663039 -0.696373 0.777096 
956 -0.809801 0.896805 1.311631 0.989901 1.879781 -0.595851 1.793341 1.456537 -1.993245 
957 -0.835233 0.944361 1.359043 1.683076 1.828955 -3.207973 0.106067 1.775311 0.822067 
958 1.559013 2.135540 -2.158684 2.749867 0.771792 -4.143785 -0.354725 0.237135 0.206442 
959 0.697594 0.280808 -1.347158 0.378040 1.469831 0.735537 -1.130671 -0.438456 0.426489 
960 1.275710 1.148578 -2.075106 -1.057739 -0.719593 0.075752 -0.970408 -0.487656 0.046497 
961 1.305862 0.634234 -1.000936 -0.278446 0.738508 0.343454 -1.180853 -1.216259 0.220721 
962 -0.064975 1.658035 1.264643 0.857838 1.562378 -0.068444 -0.712050 0.854034 0.897518 
963 3.194904 -0.063003 -1.939867 0.899785 -0.116996 -3.296006 -0.675851 -0.726348 -1.143922 
964 2.924763 0.979177 -2.582144 0.447771 -1.492271 -3.149037 -0.191814 -1.147298 -1.006594 
965 3.413090 -0.380151 -1.948271 3.645811 0.126728 -4.523321 -1.672558 -1.455617 0.374802 
966 1.933829 1.240996 -2.230951 1.977761 3.395573 -4.650164 -1.718602 -0.963560 0.630277 
967 3.265893 -1.657879 -0.507930 0.647973 -1.581117 -0.974849 0.203528 -2.082138 -0.308802 
968 1.867368 1.117248 -2.165391 -0.203716 -1.121222 -0.484437 -0.582709 0.335017 0.833673 
969 -1.256612 -1.026898 0.203789 0.024641 -0.022934 -0.978633 -0.041601 -0.251592 0.566240 
970 0.683493 1.369262 0.183820 -0.316804 -0.653581 -0.022029 -0.119749 0.450940 0.733305 
971 1.851816 -0.941501 -1.131415 0.997635 1.703546 -1.011871 -0.446607 -0.952847 0.377128 
972 1.754989 2.278880 -2.437177 1.144340 -0.722334 -2.811713 -0.169829 -1.314327 -1.208748 
973 1.366525 2.366540 -2.071414 4.203803 -1.814008 -3.540482 0.051241 -0.689471 -1.287429 
974 2.461908 -0.491590 -1.604565 -0.404464 -1.603837 -0.597283 -0.055798 -0.216324 -1.252693 
975 1.990717 1.464184 -2.385824 1.931473 1.862200 -4.212824 -0.989754 0.181588 0.827688 
976 2.379854 0.969151 -2.344930 2.294277 2.934949 -4.750845 -1.931010 -1.309849 0.382992 
977 1.895409 1.708245 -2.343634 4.262720 -1.900898 -3.628862 -0.590985 0.192542 0.475427 
978 2.502206 1.518701 -2.672147 1.355418 1.467281 -0.542724 -0.815808 0.170209 -0.181369 
979 1.837762 1.960139 -2.313232 2.098198 -1.239824 -2.777709 1.395515 -1.097450 -1.302169 
980 0.867999 1.842180 -1.180177 1.175840 0.540550 -3.520302 0.268704 0.267462 -1.361733 
981 3.026157 -0.414987 -1.894863 -0.066828 -1.549808 -0.818351 -0.959407 -0.882127 0.297652 
982 2.877375 0.241204 -2.227226 -0.656459 -1.911635 -0.808557 -0.132670 -0.868860 0.131497 
983 1.033071 1.505751 -2.026627 -0.950682 0.549792 0.812026 -0.665252 0.548822 0.571431 
984 -0.460922 1.595394 1.486703 3.117054 1.216464 -4.624303 0.099556 1.255295 0.708259 
985 1.209361 2.301215 -1.369329 2.230556 -0.014652 -3.550248 0.930919 0.289592 -1.151164 
986 1.997941 0.668609 -2.054979 0.461417 0.350722 -0.053690 -0.914845 0.102450 0.884713 
987 2.366366 1.380690 -2.522007 1.596088 0.362973 -0.065380 -0.091749 -1.072674 0.228238 
988 2.714533 1.468010 -2.682384 0.430977 -0.160422 -0.819637 -0.206714 0.706359 0.301741 
989 1.626074 2.287734 -2.343179 -0.060889 -0.995890 -0.487483 -1.136608 -1.448974 -0.208202 
990 0.006453 0.660626 0.804534 0.117350 1.207568 0.763350 -1.699642 -1.085681 0.493538 
991 1.635401 0.590274 -1.851463 -0.356157 -0.613050 -0.026087 -0.171157 -0.844584 0.148609 
992 0.304596 0.447164 0.470246 -1.034325 -0.882522 -0.019658 -1.096442 0.957245 1.293417 
993 -0.481907 0.288951 0.847461 -0.834972 -1.521222 -0.552254 0.296704 0.347618 -1.327811 
994 2.511746 1.956673 -2.819592 1.269356 -0.530225 -0.785514 -0.006001 -0.748589 -1.170923 
995 -0.149638 2.018212 1.512772 2.292257 1.282609 -4.101510 1.161576 0.413693 -1.427058 
996 1.292407 1.609076 0.095384 -0.028534 1.902999 0.796205 -0.926523 -0.405853 0.260533 
997 2.283421 0.609384 -2.219895 -1.090143 -1.415484 -0.214856 0.533410 -0.311153 0.613345 
998 3.138975 -1.184210 -0.285974 -0.589127 -2.096383 -1.292175 0.138394 -0.480384 0.218933 
999 1.257542 1.844453 -1.944237 -0.993317 -0.721165 -0.120203 0.785855 3.087137 0.596810 
