1 -0.0306965649933 0.744370968831 0.247417926796 1.26726500374 -0.149572829088 1.05618913183 -0.867511282174 -0.416717548053 0.922477703001 1.25055233389 
2 0.537489993812 0.605474580882 0.661939305325 1.13061745053 -0.23824260344 1.35981932815 -1.30260373662 0.403615717391 1.25999068624 0.0535111114375 
3 0.289233224038 0.652839506714 0.744230421877 0.517609282613 0.820144919839 0.200257782113 -0.980836280009 0.765837205242 0.582436594361 0.293129514492 
4 -0.155963333296 0.314435331453 -0.234389608027 0.517779778968 0.999268398045 0.908854997217 -1.05005000749 0.348082924658 0.396872609146 0.87126964493 
5 0.418306106913 0.501107590208 -0.00486339398728 0.54066218511 0.905590986271 0.641826642626 -1.35075422302 0.189583512965 0.9502746466 0.943854680443 
6 -1.03088769702 -0.0835587454291 -0.549593582884 0.0989712289561 0.115293287557 -0.756462107607 -0.552171884819 -0.27500692427 0.607731239419 0.449091400835 
7 -0.76573500414 0.0803762403447 -0.569896212873 0.0311373002348 0.107594582959 -0.833149004028 -0.562472205723 -0.655476464559 0.582159467766 0.461299515135 
8 -0.554004450867 -0.0618700619735 -0.596334357823 0.135922133564 0.180436040525 -1.14530386476 -0.537731515134 -0.510580252159 0.793245619125 0.553459468902 
9 -0.620181944457 -0.214124101276 -0.358599574657 0.123435538112 0.0504270807288 -1.21104325411 -0.593677824283 -0.452156991819 0.702733000317 0.580796621152 
10 -0.724398176266 0.0517350231419 -0.429783587451 0.0519240569934 0.233995854649 -1.14777475888 -0.75799156027 -0.287545442612 0.77506695624 0.419417374708 
