[ 0.24567479  0.43985974] 0
[ 0.27273303  0.45245786] 0
[ 0.27295579  0.43723423] 0
[ 0.26344154  0.45811225] 0
[ 0.2664445   0.46565919] 0
[ 0.28187985  0.48207681] 0
[ 0.22860047  0.43369688] 0
[ 0.22580478  0.41756994] 0
[ 0.27734195  0.45856678] 0
[ 0.22243873  0.40519698] 0
[ 0.25173531  0.45339045] 0
[ 0.29492543  0.44973838] 0
[ 0.28872519  0.46793209] 0
[ 0.26533838  0.46592739] 0
[ 0.21268721  0.44580512] 0
[ 0.21753409  0.45707272] 0
[ 0.24835452  0.45444675] 0
[ 0.29160579  0.46477505] 0
[ 0.22330423  0.41163347] 0
[ 0.25193764  0.45741984] 0
[ 0.28907927  0.45961554] 0
[ 0.24777326  0.47127191] 0
[ 0.29271464  0.49909071] 0
[ 0.29552756  0.49015161] 0
[ 0.28716101  0.48502641] 0
[ 0.27832784  0.44624843] 0
[ 0.25084811  0.45406432] 0
[ 0.25733206  0.44846474] 0
[ 0.21823582  0.42130177] 0
[ 0.28606031  0.46164189] 0
[ 0.21233468  0.4176649 ] 0
[ 0.20598216  0.44124829] 0
[ 0.27541585  0.44855433] 0
[ 0.22203754  0.43857062] 0
[ 0.24274463  0.48110809] 0
[ 0.24603306  0.42555456] 0
[ 0.21301847  0.41260182] 0
[ 0.25612313  0.44757742] 0
[ 0.26162587  0.41870879] 0
[ 0.21271143  0.43926075] 0
[ 0.25133913  0.42997859] 0
[ 0.27085019  0.46804365] 0
[ 0.29788414  0.44461891] 0
[ 0.20403187  0.40260644] 0
[ 0.2768198   0.47413578] 0
[ 0.28589524  0.44778647] 0
[ 0.23286046  0.46920357] 0
[ 0.20128637  0.4296918 ] 0
[ 0.21487745  0.44403382] 0
[ 0.2375    0.407565] 0
[ 0.20092483  0.41371961] 0
[ 0.28885393  0.45735803] 0
[ 0.20513133  0.43486391] 0
[ 0.20769286  0.43188574] 0
[ 0.28979991  0.47178025] 0
[ 0.25235195  0.44465234] 0
[ 0.29942264  0.48793626] 0
[ 0.25338509  0.442661  ] 0
[ 0.27848897  0.47563026] 0
[ 0.22306339  0.41705312] 0
[ 0.28789417  0.45751187] 0
[ 0.22628791  0.44884407] 0
[ 0.23246596  0.42339988] 0
[ 0.27069749  0.46335159] 0
[ 0.24957627  0.42349579] 0
[ 0.25892428  0.45436816] 0
[ 0.27476745  0.47271189] 0
[ 0.23829538  0.46857502] 0
[ 0.22244155  0.42399767] 0
[ 0.24337641  0.45455061] 0
[ 0.27548146  0.47209008] 0
[ 0.22736565  0.43352921] 0
[ 0.28242136  0.47988338] 0
[ 0.27560778  0.46558172] 0
[ 0.2891835   0.45739015] 0
[ 0.20814892  0.40758943] 0
[ 0.23453997  0.42250833] 0
[ 0.23292148  0.43616359] 0
[ 0.24342455  0.44409513] 0
[ 0.2852713   0.46301055] 0
[ 0.24274362  0.43111733] 0
[ 0.23420667  0.42599951] 0
[ 0.27394188  0.48335968] 0
[ 0.254569    0.45271368] 0
[ 0.21470185  0.42415276] 0
[ 0.2244648   0.42936138] 0
[ 0.28685433  0.46576688] 0
[ 0.21553149  0.42027044] 0
[ 0.29817398  0.48396125] 0
[ 0.26365821  0.48071232] 0
[ 0.26125632  0.45182124] 0
[ 0.25685378  0.47450796] 0
[ 0.20988328  0.41386953] 0
[ 0.2871156   0.47421234] 0
[ 0.23322391  0.45041923] 0
[ 0.2902883   0.47425704] 0
[ 0.29652139  0.4929494 ] 0
[ 0.21666981  0.41697626] 0
[ 0.25706847  0.46118888] 0
[ 0.29500414  0.44554728] 0
[ 0.20119479  0.40752169] 0
[ 0.23224516  0.43325828] 0
[ 0.29305899  0.47152207] 0
[ 0.29898652  0.49336951] 0
[ 0.23040512  0.42583495] 0
[ 0.24664946  0.46378286] 0
[ 0.29556354  0.45405795] 0
[ 0.26917742  0.44588364] 0
[ 0.27583642  0.46995402] 0
[ 0.22052609  0.43222707] 0
[ 0.2225821   0.41089567] 0
[ 0.20846656  0.41700248] 0
[ 0.27153791  0.47248359] 0
[ 0.28847315  0.4888969 ] 0
[ 0.28041114  0.44739166] 0
[ 0.24226473  0.42694782] 0
[ 0.27079263  0.47601804] 0
[ 0.29066102  0.45902995] 0
[ 0.28808227  0.48347324] 0
[ 0.24129464  0.40906548] 0
[ 0.21802165  0.41510009] 0
[ 0.26557008  0.46356676] 0
[ 0.29266607  0.4524753 ] 0
[ 0.29470508  0.47974183] 0
[ 0.23727818  0.42033556] 0
[ 0.24936493  0.45000049] 0
[ 0.28034046  0.46247753] 0
[ 0.25837627  0.45391512] 0
[ 0.25722051  0.42370973] 0
[ 0.29954933  0.45611014] 0
[ 0.2857556   0.45986229] 0
[ 0.25226388  0.44278232] 0
[ 0.28441031  0.46243949] 0
[ 0.27051592  0.46363546] 0
[ 0.20063973  0.40947879] 0
[ 0.29764636  0.48420715] 0
[ 0.22123499  0.42577328] 0
[ 0.2896906   0.46474913] 0
[ 0.23223652  0.43512214] 0
[ 0.2581081   0.44731518] 0
[ 0.24068045  0.42858661] 0
[ 0.2182382   0.40742733] 0
[ 0.23632372  0.42767199] 0
[ 0.26793748  0.48551879] 0
[ 0.25946815  0.47112618] 0
[ 0.27859998  0.47786446] 0
[ 0.23932775  0.44937737] 0
[ 0.27551347  0.45573241] 0
[ 0.21527879  0.42963613] 0
[ 0.23681268  0.43040616] 0
[ 0.29245288  0.49326102] 0
[ 0.27236058  0.43573863] 0
[ 0.29515189  0.48617098] 0
[ 0.29750662  0.47669422] 0
[ 0.22073657  0.43939568] 0
[ 0.24884403  0.40473204] 0
[ 0.21529321  0.43854695] 0
[ 0.25890177  0.43802148] 0
[ 0.25907993  0.46020533] 0
[ 0.203221    0.42987621] 0
[ 0.25449537  0.43437206] 0
[ 0.23210119  0.43628272] 0
[ 0.28604429  0.44729821] 0
[ 0.2420687   0.43777726] 0
[ 0.22465766  0.40331264] 0
[ 0.25562003  0.44703899] 0
[ 0.25814485  0.48540574] 0
[ 0.20617348  0.40296096] 0
[ 0.28004877  0.45991431] 0
[ 0.29313043  0.49255372] 0
[ 0.295996   0.4751971] 0
[ 0.25782943  0.45404271] 0
[ 0.28923528  0.47458392] 0
[ 0.27152529  0.42745379] 0
[ 0.20276086  0.41902393] 0
[ 0.20425477  0.41765415] 0
[ 0.26517704  0.441335  ] 0
[ 0.2943581   0.47357413] 0
[ 0.24745651  0.44278433] 0
[ 0.23788553  0.43686804] 0
[ 0.26961234  0.42284723] 0
[ 0.26020656  0.44306234] 0
[ 0.26213385  0.44560033] 0
[ 0.28459956  0.46399427] 0
[ 0.22094764  0.45007909] 0
[ 0.25558345  0.4417375 ] 0
[ 0.28518497  0.48602341] 0
[ 0.29825002  0.48355726] 0
[ 0.21929705  0.42657717] 0
[ 0.23815727  0.43173578] 0
[ 0.28451561  0.43686396] 0
[ 0.24246015  0.41161069] 0
[ 0.2463151   0.44184622] 0
[ 0.29065107  0.46773474] 0
[ 0.29154411  0.48343442] 0
[ 0.2599252  0.4672303] 0
[ 0.28784452  0.47101546] 0
[ 0.26892622  0.48419213] 0
[ 0.25631687  0.42524986] 0
[ 0.27746664  0.49348081] 0
[ 0.20317548  0.40605291] 0
[ 0.25718962  0.44709721] 0
[ 0.25637387  0.47038633] 0
[ 0.28687343  0.45781355] 0
