[ 0.85558784  0.82552467] 0
[ 0.87999795  0.86521919] 0
[ 0.83376598  0.82070563] 0
[ 0.83754361  0.8434453 ] 0
[ 0.84403534  0.85355989] 0
[ 0.82708524  0.84709396] 0
[ 0.87044484  0.85600736] 0
[ 0.8065451   0.82613658] 0
[ 0.82076387  0.84558041] 0
[ 0.85405263  0.83322224] 0
[ 0.83905427  0.81547634] 0
[ 0.83819411  0.85167392] 0
[ 0.85555113  0.87241036] 0
[ 0.88489292  0.87889187] 0
[ 0.80295981  0.8007675 ] 0
[ 0.86829684  0.88184615] 0
[ 0.84531997  0.84147632] 0
[ 0.83622233  0.85763224] 0
[ 0.87029002  0.86411658] 0
[ 0.83348775  0.85718773] 0
[ 0.86069775  0.85923038] 0
[ 0.82042919  0.83635142] 0
[ 0.81741753  0.82327824] 0
[ 0.84343723  0.84384212] 0
[ 0.85904763  0.86445576] 0
[ 0.84913978  0.84624626] 0
[ 0.88613053  0.87728826] 0
[ 0.82233767  0.80379927] 0
[ 0.8645026   0.86213215] 0
[ 0.89927575  0.8946296 ] 0
[ 0.86509754  0.87773572] 0
[ 0.89677544  0.84268758] 0
[ 0.85819922  0.84268753] 0
[ 0.84457077  0.85235699] 0
[ 0.84055059  0.84687772] 0
[ 0.8524506   0.83811241] 0
[ 0.80378761  0.82861328] 0
[ 0.80718976  0.8174674 ] 0
[ 0.85383748  0.85696597] 0
[ 0.89869596  0.87878082] 0
[ 0.83071196  0.8222616 ] 0
[ 0.89854989  0.87123971] 0
[ 0.86226354  0.86004946] 0
[ 0.89804746  0.87786406] 0
[ 0.823963    0.82168073] 0
[ 0.88751661  0.86488449] 0
[ 0.86928069  0.84988793] 0
[ 0.87623109  0.86229058] 0
[ 0.87324837  0.84540409] 0
[ 0.80943933  0.83919189] 0
[ 0.87467783  0.8541347 ] 0
[ 0.89258312  0.86407663] 0
[ 0.8979033   0.88036355] 0
[ 0.88044181  0.89480573] 0
[ 0.89996252  0.88331273] 0
[ 0.86425171  0.85917545] 0
[ 0.88335184  0.88744425] 0
[ 0.89271798  0.88798412] 0
[ 0.82823629  0.8500652 ] 0
[ 0.85216127  0.85308239] 0
[ 0.87794611  0.85124466] 0
[ 0.80894672  0.83272178] 0
[ 0.89122183  0.87181992] 0
[ 0.87027887  0.8666655 ] 0
[ 0.88547188  0.87230908] 0
[ 0.81862381  0.8051548 ] 0
[ 0.87224667  0.86736379] 0
[ 0.85153629  0.84723445] 0
[ 0.81216312  0.8208183 ] 0
[ 0.86118817  0.85796596] 0
[ 0.86717492  0.85803192] 0
[ 0.88368577  0.87256407] 0
[ 0.81137747  0.82564483] 0
[ 0.83511162  0.81700752] 0
[ 0.85180689  0.84638295] 0
[ 0.88651473  0.84982248] 0
[ 0.8699365   0.87725887] 0
[ 0.89995975  0.85843848] 0
[ 0.83260525  0.81280451] 0
[ 0.85948143  0.85655529] 0
[ 0.80521435  0.81729763] 0
[ 0.87617333  0.83124856] 0
[ 0.83929257  0.84236898] 0
[ 0.86192717  0.82108285] 0
[ 0.89665876  0.89169431] 0
[ 0.80499744  0.83982683] 0
[ 0.81232256  0.83115993] 0
[ 0.87106454  0.89053371] 0
[ 0.83340238  0.81774383] 0
[ 0.82961209  0.84068593] 0
[ 0.84306454  0.83504557] 0
[ 0.87088304  0.84705983] 0
[ 0.83435794  0.84479291] 0
[ 0.86808257  0.85708585] 0
[ 0.86484151  0.85626471] 0
[ 0.83659802  0.80719576] 0
[ 0.86114244  0.85146428] 0
[ 0.87367313  0.84390374] 0
[ 0.88093323  0.87324863] 0
[ 0.81621709  0.8254621 ] 0
[ 0.87715939  0.86264369] 0
[ 0.84226869  0.84205908] 0
[ 0.87134085  0.86456272] 0
[ 0.82080618  0.82758193] 0
[ 0.88721244  0.8374444 ] 0
[ 0.89144224  0.82896579] 0
[ 0.87252213  0.86204926] 0
[ 0.80692812  0.81901763] 0
[ 0.80573629  0.8118032 ] 0
[ 0.87072186  0.84587292] 0
[ 0.84974093  0.84823052] 0
[ 0.85400687  0.85200797] 0
[ 0.89212418  0.86553751] 0
[ 0.87252358  0.84735448] 0
[ 0.85617524  0.839383  ] 0
[ 0.8811672   0.87981638] 0
[ 0.87978448  0.88130799] 0
[ 0.86882015  0.87335415] 0
[ 0.84437074  0.86688992] 0
[ 0.82469498  0.84637068] 0
[ 0.82809565  0.81377356] 0
[ 0.86400862  0.87960977] 0
[ 0.84086536  0.83874121] 0
[ 0.86244714  0.85772078] 0
[ 0.84236764  0.86405339] 0
[ 0.82925459  0.80979875] 0
[ 0.8756602  0.8421949] 0
[ 0.84486577  0.84714816] 0
[ 0.89275772  0.87637169] 0
[ 0.85421803  0.84384982] 0
[ 0.8717656   0.84987577] 0
[ 0.82933588  0.81444169] 0
[ 0.81038034  0.8229414 ] 0
[ 0.85964665  0.86480305] 0
[ 0.82787192  0.84355975] 0
[ 0.85661104  0.89012655] 0
[ 0.88705002  0.875796  ] 0
[ 0.88213932  0.882965  ] 0
[ 0.81570379  0.84557028] 0
[ 0.85525639  0.83922796] 0
[ 0.84816415  0.84652283] 0
[ 0.85899675  0.84945036] 0
[ 0.82528171  0.84336551] 0
[ 0.80119208  0.8185741 ] 0
[ 0.87339659  0.87670916] 0
[ 0.8999      0.85258234] 0
[ 0.87362633  0.8599482 ] 0
[ 0.89028581  0.87823173] 0
[ 0.84583893  0.83957577] 0
[ 0.89156246  0.85698777] 0
[ 0.8263449   0.83846151] 0
[ 0.86105743  0.87627335] 0
[ 0.85996448  0.86111426] 0
[ 0.8075174   0.81806134] 0
[ 0.87949203  0.8723759 ] 0
[ 0.84598468  0.85525632] 0
[ 0.85668323  0.84014442] 0
[ 0.89639451  0.87655502] 0
[ 0.86756007  0.87134811] 0
[ 0.86720457  0.8653115 ] 0
[ 0.80891267  0.80313415] 0
[ 0.80815149  0.81690328] 0
[ 0.82560438  0.82679378] 0
[ 0.84620701  0.83927169] 0
[ 0.85027626  0.83853794] 0
[ 0.88140177  0.83944353] 0
[ 0.89042602  0.876462  ] 0
[ 0.83442539  0.84688374] 0
[ 0.83347277  0.8436723 ] 0
[ 0.84561818  0.87139813] 0
[ 0.82017511  0.8064948 ] 0
[ 0.80733742  0.81132218] 0
[ 0.86468081  0.84043692] 0
[ 0.83452756  0.87542584] 0
[ 0.84009259  0.82183224] 0
[ 0.84072843  0.84205591] 0
[ 0.80247643  0.8081147 ] 0
[ 0.83501096  0.84160376] 0
[ 0.87377765  0.88493341] 0
[ 0.83119302  0.84019365] 0
[ 0.80098603  0.82959839] 0
[ 0.8855585  0.8556489] 0
[ 0.82262134  0.84606803] 0
[ 0.8295616   0.84599324] 0
[ 0.82603263  0.81586756] 0
[ 0.81977227  0.81184676] 0
[ 0.82772248  0.81042905] 0
[ 0.86493344  0.8190712 ] 0
[ 0.87279272  0.89761587] 0
[ 0.85938248  0.84994824] 0
[ 0.86836188  0.88746973] 0
[ 0.81842806  0.81645306] 0
[ 0.82123549  0.81701355] 0
[ 0.87132676  0.8634508 ] 0
[ 0.81753301  0.84656381] 0
[ 0.88424429  0.879637  ] 0
[ 0.83537841  0.83891726] 0
[ 0.83908374  0.85254947] 0
[ 0.88388951  0.88022615] 0
[ 0.81657267  0.82778692] 0
[ 0.81686434  0.81032067] 0
[ 0.89836126  0.84541696] 0
[ 0.82174332  0.82244163] 0
[ 0.83534813  0.82563875] 0
[ 0.86507316  0.86317944] 0
[ 0.87331265  0.8551649 ] 0
[ 0.86180901  0.84435164] 0
[ 0.87761071  0.88861627] 0
[ 0.83311387  0.83180649] 0
[ 0.85905215  0.85330787] 0
[ 0.83476471  0.80539603] 0
[ 0.83667475  0.81638341] 0
[ 0.80740612  0.81475148] 0
[ 0.81885692  0.82924866] 0
[ 0.80947238  0.82175406] 0
[ 0.85610063  0.85076391] 0
[ 0.86045636  0.89197315] 0
[ 0.86316911  0.87127265] 0
[ 0.8241821   0.83514069] 0
[ 0.85023938  0.86291989] 0
[ 0.86941868  0.86717305] 0
[ 0.82131093  0.80752703] 0
[ 0.85242341  0.83604999] 0
[ 0.83201773  0.85032624] 0
[ 0.84428451  0.8446249 ] 0
[ 0.83599917  0.83490566] 0
[ 0.87908162  0.82134127] 0
[ 0.87913401  0.85724981] 0
[ 0.84669332  0.8577539 ] 0
[ 0.80457268  0.83101445] 0
[ 0.86506876  0.86835141] 0
[ 0.87992287  0.85735589] 0
[ 0.84037258  0.84914655] 0
[ 0.85207872  0.84749517] 0
[ 0.89713153  0.89762644] 0
[ 0.84912509  0.83852323] 0
[ 0.86879441  0.86488792] 0
[ 0.86823841  0.84178109] 0
[ 0.8201542  0.8068303] 0
[ 0.87179403  0.86678078] 0
[ 0.86694899  0.83821322] 0
[ 0.80411216  0.82191193] 0
[ 0.83786931  0.84579351] 0
[ 0.81045878  0.80879265] 0
[ 0.83681096  0.83291548] 0
[ 0.86421402  0.8081959 ] 0
[ 0.86328465  0.86676304] 0
[ 0.87256506  0.83164147] 0
[ 0.82089098  0.8034169 ] 0
[ 0.84808943  0.85699702] 0
[ 0.80109129  0.82053742] 0
[ 0.84810775  0.86536928] 0
[ 0.81631535  0.82652093] 0
[ 0.80962626  0.83820746] 0
[ 0.83969878  0.86348128] 0
[ 0.89239619  0.8478007 ] 0
[ 0.82996128  0.83320484] 0
[ 0.81546291  0.85380175] 0
[ 0.83883354  0.86519896] 0
[ 0.87492109  0.88272888] 0
[ 0.85433266  0.85234938] 0
[ 0.86023932  0.83612978] 0
[ 0.85403408  0.85054989] 0
[ 0.82899411  0.8224483 ] 0
[ 0.81295559  0.83974477] 0
[ 0.89159541  0.89936233] 0
[ 0.83284482  0.85038929] 0
[ 0.82002734  0.80257736] 0
[ 0.82084215  0.80199752] 0
[ 0.89738814  0.86320756] 0
[ 0.82548798  0.82722167] 0
[ 0.83505896  0.86844618] 0
[ 0.85181797  0.85538203] 0
[ 0.86084676  0.83238261] 0
[ 0.85322153  0.81291351] 0
[ 0.84306662  0.86968642] 0
[ 0.87759808  0.88814768] 0
[ 0.80232426  0.80081793] 0
[ 0.80933436  0.8330618 ] 0
[ 0.88988621  0.86320276] 0
[ 0.81157574  0.81323765] 0
[ 0.84650607  0.8639466 ] 0
[ 0.8919055   0.86751588] 0
[ 0.87125879  0.84392979] 0
[ 0.809623    0.82808666] 0
[ 0.85456692  0.84208238] 0
[ 0.81707923  0.81343296] 0
[ 0.8270712   0.83497647] 0
[ 0.81555751  0.83408424] 0
[ 0.81775859  0.85733951] 0
[ 0.87139595  0.84647208] 0
[ 0.89174588  0.88847232] 0
[ 0.89705118  0.88674838] 0
[ 0.87158992  0.85941306] 0
[ 0.82678812  0.83953308] 0
[ 0.8752683   0.86566878] 0
[ 0.87586832  0.86835906] 0
[ 0.8269193   0.85604317] 0
[ 0.85863979  0.87729534] 0
[ 0.84019136  0.8768635 ] 0
[ 0.84201123  0.84105925] 0
[ 0.86959077  0.83875279] 0
[ 0.82920133  0.82910022] 0
[ 0.87725071  0.88452374] 0
[ 0.85584676  0.84268866] 0
[ 0.8281159   0.81845627] 0
[ 0.87079039  0.84483542] 0
[ 0.82509632  0.82617356] 0
[ 0.85490298  0.83362233] 0
[ 0.8655032   0.84286772] 0
[ 0.87317366  0.88232496] 0
[ 0.87606266  0.84752467] 0
[ 0.80984806  0.81592994] 0
[ 0.86500039  0.87720806] 0
[ 0.8732304   0.85568132] 0
[ 0.8529756   0.81241651] 0
[ 0.8756953   0.88866248] 0
[ 0.85124702  0.83781797] 0
[ 0.83912598  0.87424492] 0
[ 0.86200092  0.85500599] 0
[ 0.8769746   0.87011769] 0
[ 0.82501592  0.81520167] 0
[ 0.80057601  0.82100958] 0
[ 0.89119117  0.85087987] 0
[ 0.84123331  0.81521101] 0
[ 0.89557157  0.88076951] 0
[ 0.85717557  0.83950976] 0
[ 0.82916932  0.86073928] 0
[ 0.83588434  0.87400334] 0
[ 0.86177303  0.83723454] 0
[ 0.87346507  0.84331182] 0
[ 0.84423342  0.83992997] 0
[ 0.86051905  0.82706159] 0
[ 0.88584546  0.86007595] 0
[ 0.80039485  0.8339108 ] 0
[ 0.8819011   0.87447721] 0
[ 0.807814    0.80807974] 0
[ 0.88064103  0.87461343] 0
[ 0.84031615  0.86101708] 0
[ 0.86788652  0.84282595] 0
[ 0.88495573  0.86254988] 0
[ 0.89636504  0.87222711] 0
[ 0.82211322  0.84000944] 0
[ 0.83587992  0.84129469] 0
[ 0.82441342  0.84112556] 0
[ 0.84159845  0.83928871] 0
[ 0.88350261  0.88941844] 0
[ 0.87987837  0.87309755] 0
[ 0.82091854  0.81270813] 0
[ 0.88171025  0.89239515] 0
[ 0.80984435  0.81963487] 0
[ 0.86744416  0.85489758] 0
[ 0.88742926  0.88887027] 0
[ 0.87494016  0.8693177 ] 0
[ 0.80329938  0.80901344] 0
[ 0.82336578  0.80838737] 0
[ 0.86691976  0.83556631] 0
[ 0.8361625   0.85810872] 0
[ 0.8954828   0.88098682] 0
[ 0.85645559  0.85848504] 0
[ 0.84253345  0.84465938] 0
[ 0.87967999  0.86069399] 0
[ 0.81626475  0.80546094] 0
[ 0.83518858  0.82815311] 0
[ 0.89559416  0.86359424] 0
[ 0.85797734  0.86350552] 0
[ 0.89358216  0.87724511] 0
[ 0.82595739  0.8275758 ] 0
[ 0.86616827  0.83523667] 0
[ 0.86597421  0.84576782] 0
[ 0.87022944  0.84374793] 0
[ 0.84682186  0.84668771] 0
[ 0.80263663  0.80508899] 0
[ 0.88478085  0.8446053 ] 0
[ 0.87043516  0.88179778] 0
[ 0.84973016  0.8561092 ] 0
[ 0.87233369  0.85317264] 0
[ 0.80846717  0.82710433] 0
[ 0.89649143  0.85956544] 0
[ 0.83605856  0.86065265] 0
[ 0.82978829  0.8403041 ] 0
[ 0.88060924  0.87750421] 0
[ 0.85394054  0.83466703] 0
[ 0.83039103  0.82870765] 0
[ 0.86145141  0.84281853] 0
[ 0.85436179  0.84512317] 0
[ 0.83212563  0.83584425] 0
[ 0.85183253  0.84270556] 0
[ 0.82144371  0.81934554] 0
[ 0.81252468  0.80775974] 0
[ 0.89748535  0.86680542] 0
[ 0.82443678  0.8548944 ] 0
[ 0.8385828   0.84533115] 0
[ 0.86234012  0.83181202] 0
[ 0.88718991  0.87537553] 0
[ 0.86945512  0.85886588] 0
[ 0.83662889  0.84205158] 0
[ 0.84379051  0.84718955] 0
[ 0.83357554  0.81331409] 0
[ 0.88215833  0.88529275] 0
[ 0.83443155  0.82342767] 0
[ 0.834311    0.81242509] 0
[ 0.88942007  0.86148546] 0
[ 0.89897766  0.86138377] 0
[ 0.86034936  0.84959229] 0
[ 0.89981489  0.8530854 ] 0
[ 0.87138364  0.85327534] 0
[ 0.82280807  0.83368492] 0
[ 0.84197553  0.85403456] 0
[ 0.85198504  0.82182304] 0
[ 0.81917252  0.82893314] 0
[ 0.86568478  0.84448466] 0
[ 0.85179069  0.8602309 ] 0
[ 0.88211265  0.85039112] 0
[ 0.87313401  0.85952467] 0
[ 0.85246786  0.85956794] 0
[ 0.87752789  0.87337936] 0
[ 0.80955427  0.83123735] 0
[ 0.82219633  0.83721264] 0
[ 0.87259127  0.85480514] 0
[ 0.88197766  0.86201822] 0
[ 0.85986046  0.86506107] 0
[ 0.8222255   0.81841289] 0
[ 0.83913317  0.85045526] 0
[ 0.85660608  0.85862873] 0
[ 0.83348386  0.85189648] 0
[ 0.8826256   0.87944218] 0
[ 0.81052816  0.80903915] 0
[ 0.85805911  0.85166818] 0
[ 0.80295523  0.81615684] 0
[ 0.89247817  0.8909389 ] 0
[ 0.88318164  0.88297237] 0
[ 0.82528876  0.81253467] 0
[ 0.85872302  0.85055432] 0
[ 0.81610465  0.80781172] 0
[ 0.87821358  0.88008368] 0
[ 0.86215456  0.87161579] 0
[ 0.86276313  0.85467174] 0
[ 0.87970033  0.87606961] 0
[ 0.8919335   0.87190094] 0
[ 0.88307152  0.8958903 ] 0
[ 0.80973114  0.82250598] 0
[ 0.80765873  0.81533605] 0
[ 0.84713914  0.84535102] 0
[ 0.80697942  0.81296194] 0
[ 0.80139644  0.8119565 ] 0
[ 0.87858086  0.83458521] 0
[ 0.88495471  0.86996858] 0
[ 0.87252485  0.88494316] 0
[ 0.83358789  0.82953497] 0
[ 0.80026524  0.80305072] 0
[ 0.8246571   0.82492136] 0
[ 0.88985795  0.89422635] 0
[ 0.84099953  0.84729564] 0
[ 0.82983441  0.8440805 ] 0
[ 0.81689053  0.83623636] 0
[ 0.80219646  0.82633643] 0
[ 0.87451585  0.88209197] 0
[ 0.80546192  0.8364206 ] 0
[ 0.87624686  0.8651893 ] 0
[ 0.84958211  0.84166054] 0
[ 0.83659404  0.83431641] 0
[ 0.85711887  0.82020164] 0
[ 0.86856197  0.865334  ] 0
[ 0.82194681  0.84626635] 0
[ 0.83290721  0.8369853 ] 0
[ 0.89457837  0.89783544] 0
[ 0.81411088  0.81227235] 0
[ 0.8125672  0.815035 ] 0
[ 0.87576358  0.852286  ] 0
[ 0.89364943  0.89014565] 0
[ 0.85508138  0.84331708] 0
[ 0.87866981  0.84967421] 0
[ 0.82159003  0.8615584 ] 0
[ 0.8865347   0.85342694] 0
[ 0.81258919  0.80532323] 0
[ 0.84882484  0.83412248] 0
[ 0.85993867  0.85656876] 0
[ 0.88339584  0.8710658 ] 0
[ 0.86291777  0.86898962] 0
[ 0.89513093  0.84948847] 0
[ 0.81877988  0.81346893] 0
[ 0.86864791  0.85083539] 0
[ 0.82791724  0.81901402] 0
[ 0.81781193  0.80570455] 0
[ 0.80890197  0.82536829] 0
[ 0.84299252  0.83812614] 0
[ 0.82294246  0.87192126] 0
[ 0.89620297  0.86617466] 0
[ 0.89144807  0.85384354] 0
[ 0.89307849  0.88192973] 0
[ 0.83015838  0.80016257] 0
[ 0.87450782  0.84970634] 0
[ 0.88734803  0.88636699] 0
[ 0.82350417  0.83510717] 0
[ 0.81212415  0.84780298] 0
[ 0.8030109  0.8007952] 0
[ 0.86423546  0.85841274] 0
[ 0.8918697   0.85869679] 0
[ 0.8148184   0.81055921] 0
[ 0.84618128  0.8435716 ] 0
[ 0.802721    0.82437596] 0
[ 0.84396294  0.85425484] 0
[ 0.85434569  0.87105486] 0
[ 0.85407622  0.88152196] 0
[ 0.81052713  0.80167497] 0
[ 0.87352311  0.84712418] 0
[ 0.8784291   0.86486591] 0
[ 0.84018132  0.83728211] 0
[ 0.88381813  0.84831971] 0
[ 0.83193481  0.85925849] 0
[ 0.87715266  0.87305694] 0
[ 0.86442288  0.87870364] 0
[ 0.89565423  0.87983215] 0
[ 0.86786613  0.85694463] 0
[ 0.85924317  0.85120092] 0
[ 0.80866626  0.81027239] 0
[ 0.89644366  0.840635  ] 0
[ 0.83694731  0.81903838] 0
[ 0.83096407  0.8360888 ] 0
[ 0.80874573  0.84021764] 0
[ 0.88984672  0.83106207] 0
[ 0.88402484  0.84904012] 0
[ 0.84933497  0.80992941] 0
[ 0.88605143  0.85450271] 0
[ 0.81345439  0.84168211] 0
[ 0.87165664  0.86513622] 0
[ 0.83636393  0.83859322] 0
[ 0.89285811  0.86910567] 0
[ 0.81199863  0.80636943] 0
[ 0.83717983  0.84558799] 0
[ 0.89564416  0.86968503] 0
[ 0.84857703  0.82069591] 0
[ 0.87111017  0.87551941] 0
[ 0.80155125  0.80042392] 0
[ 0.86138521  0.84791517] 0
[ 0.85384267  0.85033474] 0
[ 0.84064824  0.81255223] 0
[ 0.86612019  0.8392075 ] 0
[ 0.86774813  0.86609802] 0
[ 0.87250657  0.86166669] 0
[ 0.88478793  0.88380762] 0
[ 0.87764914  0.89480929] 0
[ 0.82267594  0.8265367 ] 0
[ 0.89930139  0.86704298] 0
[ 0.84201783  0.85194251] 0
[ 0.8510693   0.85468384] 0
[ 0.88069832  0.89093333] 0
[ 0.89448958  0.8855418 ] 0
[ 0.84757293  0.82760759] 0
[ 0.8767056   0.88649504] 0
[ 0.81872758  0.81507313] 0
[ 0.803586   0.8203768] 0
[ 0.84179367  0.83246053] 0
[ 0.89832327  0.87310052] 0
[ 0.87387648  0.86854164] 0
[ 0.8940091   0.88961868] 0
[ 0.87767788  0.85915097] 0
[ 0.87436062  0.87568801] 0
[ 0.83356706  0.84709507] 0
[ 0.89356784  0.89457257] 0
[ 0.84051433  0.80179375] 0
[ 0.84913592  0.86695982] 0
[ 0.85778258  0.86694095] 0
[ 0.89604816  0.86903435] 0
[ 0.89184184  0.88821396] 0
[ 0.88272262  0.89596916] 0
[ 0.87437734  0.85858152] 0
[ 0.85801875  0.8205134 ] 0
[ 0.83662101  0.85747722] 0
[ 0.85314673  0.85316869] 0
[ 0.81474264  0.85845118] 0
[ 0.86192084  0.84048858] 0
[ 0.86721075  0.8970476 ] 0
[ 0.80724596  0.80166602] 0
[ 0.83295963  0.8373052 ] 0
[ 0.8230539   0.82228524] 0
[ 0.88971835  0.88431863] 0
[ 0.87651198  0.84220756] 0
[ 0.88062613  0.86346809] 0
[ 0.89806182  0.88307186] 0
[ 0.83895629  0.85026091] 0
[ 0.85576838  0.86525375] 0
[ 0.81144999  0.80671628] 0
[ 0.82804323  0.82970969] 0
[ 0.87927378  0.88146462] 0
[ 0.89451615  0.88282145] 0
[ 0.88647101  0.88256862] 0
[ 0.85324329  0.82718187] 0
[ 0.82997635  0.81198929] 0
[ 0.85630873  0.86281865] 0
[ 0.80857934  0.8075674 ] 0
[ 0.85437738  0.83630097] 0
[ 0.86755979  0.86056361] 0
[ 0.83213844  0.84921216] 0
[ 0.81970653  0.80949274] 0
[ 0.81597448  0.82683897] 0
[ 0.89039003  0.87511833] 0
[ 0.80300407  0.80768468] 0
[ 0.83245626  0.81419776] 0
[ 0.85624875  0.81735769] 0
[ 0.81207154  0.81916429] 0
[ 0.84055921  0.82388773] 0
[ 0.88330331  0.88979965] 0
[ 0.81980332  0.80832581] 0
[ 0.8163515   0.84679883] 0
[ 0.85554424  0.85610404] 0
[ 0.8902408   0.87155088] 0
[ 0.87008351  0.86705529] 0
[ 0.83430866  0.81987776] 0
[ 0.87762305  0.87008257] 0
[ 0.89831735  0.89037326] 0
[ 0.89715268  0.86528249] 0
[ 0.84422182  0.83384489] 0
[ 0.81747743  0.80845794] 0
[ 0.85029558  0.84250656] 0
[ 0.80625336  0.81769146] 0
[ 0.8403557   0.84793337] 0
[ 0.83774468  0.81704171] 0
[ 0.80491498  0.82213103] 0
[ 0.86464438  0.83015555] 0
[ 0.86307323  0.8664231 ] 0
[ 0.84427374  0.84399706] 0
[ 0.80643612  0.81318593] 0
[ 0.8265141   0.83169099] 0
[ 0.85557442  0.8802971 ] 0
[ 0.87678526  0.86613575] 0
[ 0.84175158  0.84118327] 0
[ 0.88352357  0.88933618] 0
[ 0.8674149   0.86662065] 0
[ 0.89580754  0.85193755] 0
[ 0.81569628  0.84539087] 0
[ 0.80010518  0.81100271] 0
[ 0.80920766  0.8127363 ] 0
[ 0.84900569  0.84411006] 0
[ 0.81243206  0.82740233] 0
[ 0.84719689  0.86978056] 0
[ 0.86336971  0.85965139] 0
[ 0.86917314  0.86177034] 0
[ 0.84216082  0.83591795] 0
[ 0.85626758  0.84024033] 0
[ 0.85271462  0.85514618] 0
[ 0.86039781  0.84386741] 0
[ 0.83677814  0.830012  ] 0
[ 0.8509932   0.85655542] 0
[ 0.80445859  0.80172625] 0
[ 0.85167772  0.85032253] 0
[ 0.88846308  0.88598771] 0
[ 0.84921389  0.88198636] 0
[ 0.88646564  0.84771382] 0
[ 0.86124582  0.84450828] 0
[ 0.82223449  0.82745403] 0
[ 0.87276141  0.85546317] 0
[ 0.83172435  0.83792124] 0
[ 0.87384269  0.85735777] 0
[ 0.87156382  0.8631157 ] 0
[ 0.87556129  0.89235073] 0
[ 0.88548903  0.86828731] 0
[ 0.84640555  0.85038826] 0
[ 0.87216569  0.86238834] 0
[ 0.81548686  0.81471622] 0
[ 0.89665977  0.86343002] 0
[ 0.81916563  0.82890315] 0
[ 0.80950093  0.84274258] 0
[ 0.89415069  0.88599342] 0
[ 0.89939007  0.84409792] 0
[ 0.89242637  0.8787107 ] 0
[ 0.86900451  0.88155786] 0
[ 0.8677731   0.85303341] 0
[ 0.800576    0.85085958] 0
[ 0.83667543  0.83398952] 0
[ 0.84734615  0.82645595] 0
[ 0.81921638  0.85030602] 0
[ 0.82318406  0.83027126] 0
[ 0.88422029  0.89208855] 0
[ 0.82482184  0.84525736] 0
[ 0.88584547  0.88448016] 0
[ 0.86033016  0.83967412] 0
[ 0.84217987  0.84803432] 0
[ 0.83195666  0.81686849] 0
[ 0.87668972  0.86010051] 0
[ 0.87499575  0.8478198 ] 0
[ 0.89137232  0.8779366 ] 0
[ 0.89810348  0.87627605] 0
[ 0.89386322  0.85828299] 0
[ 0.80995182  0.82521426] 0
[ 0.87378552  0.86032044] 0
[ 0.80150611  0.84107144] 0
[ 0.82476942  0.84855802] 0
[ 0.83112138  0.85476335] 0
[ 0.82933476  0.83816487] 0
[ 0.88790152  0.88361109] 0
[ 0.80107379  0.8352456 ] 0
[ 0.8912802   0.84139986] 0
[ 0.89750383  0.87690907] 0
[ 0.81909235  0.85982975] 0
[ 0.88754873  0.87168858] 0
[ 0.83653645  0.82420734] 0
[ 0.84898172  0.86855014] 0
[ 0.89050627  0.86623122] 0
[ 0.80808915  0.82391271] 0
[ 0.87565408  0.87511315] 0
[ 0.85790692  0.85109683] 0
[ 0.88266606  0.87232347] 0
[ 0.8823587   0.83849872] 0
[ 0.87998552  0.8672513 ] 0
[ 0.84896482  0.86668736] 0
[ 0.88869595  0.88032898] 0
[ 0.86211085  0.89001529] 0
[ 0.86597977  0.86677905] 0
[ 0.84496806  0.84182314] 0
[ 0.87872611  0.86437641] 0
[ 0.89896403  0.87336734] 0
[ 0.85497816  0.84223835] 0
[ 0.81336872  0.83914317] 0
[ 0.89499041  0.85553655] 0
[ 0.87718684  0.85153169] 0
[ 0.83435087  0.83329231] 0
[ 0.82074084  0.8303041 ] 0
[ 0.84539874  0.82018915] 0
[ 0.81986718  0.83787063] 0
[ 0.82339924  0.82621709] 0
[ 0.83512582  0.83751888] 0
[ 0.86818426  0.8668941 ] 0
[ 0.8832257   0.86277301] 0
[ 0.87084176  0.87151898] 0
[ 0.80487195  0.81995759] 0
[ 0.86608723  0.85645906] 0
[ 0.89705129  0.8850995 ] 0
[ 0.84133138  0.8456844 ] 0
[ 0.87693852  0.85930771] 0
[ 0.89935613  0.89015667] 0
[ 0.86594844  0.8493234 ] 0
[ 0.88722038  0.87247368] 0
[ 0.87158579  0.88952754] 0
[ 0.88209739  0.88606948] 0
[ 0.8638833  0.8312097] 0
[ 0.87157859  0.85634793] 0
[ 0.83799621  0.83071745] 0
[ 0.88664858  0.87702295] 0
[ 0.80440845  0.85365744] 0
[ 0.84719603  0.862319  ] 0
[ 0.83943706  0.83225885] 0
[ 0.86064276  0.86507423] 0
[ 0.82898546  0.83272578] 0
[ 0.87836486  0.86239209] 0
[ 0.86604922  0.86869731] 0
[ 0.80651748  0.85966069] 0
[ 0.83014328  0.85148594] 0
[ 0.84299709  0.84512219] 0
[ 0.81018575  0.81847741] 0
[ 0.87326892  0.83258145] 0
[ 0.86039306  0.86930265] 0
[ 0.8214017   0.81753717] 0
[ 0.86285325  0.84090265] 0
[ 0.84098668  0.82406499] 0
[ 0.818836   0.8111087] 0
[ 0.86664086  0.84694644] 0
[ 0.85272046  0.8558206 ] 0
[ 0.84760755  0.82630694] 0
[ 0.85778579  0.85686027] 0
[ 0.87762901  0.85794033] 0
[ 0.83731919  0.81047755] 0
[ 0.88504508  0.88354763] 0
[ 0.88864587  0.88797235] 0
[ 0.81704184  0.84635992] 0
[ 0.89225485  0.8745472 ] 0
[ 0.8071127   0.80451001] 0
[ 0.80023535  0.82651048] 0
[ 0.83712384  0.83024575] 0
[ 0.87185993  0.84308184] 0
[ 0.80744789  0.81751959] 0
[ 0.88586394  0.88906097] 0
[ 0.89741345  0.86864197] 0
[ 0.8667992   0.85533041] 0
[ 0.86886011  0.87758495] 0
[ 0.80249187  0.81682563] 0
[ 0.81544371  0.83228278] 0
[ 0.88545725  0.85938112] 0
[ 0.8041969   0.84028318] 0
[ 0.81918533  0.82530026] 0
[ 0.85658075  0.85093524] 0
[ 0.82644075  0.86569337] 0
[ 0.8381249   0.85220576] 0
[ 0.83901927  0.84980551] 0
[ 0.86662964  0.8585337 ] 0
[ 0.82987485  0.85333046] 0
[ 0.84799841  0.85721418] 0
[ 0.84135115  0.86675941] 0
[ 0.87709479  0.85169643] 0
[ 0.8222682   0.84705981] 0
[ 0.83802584  0.82608193] 0
[ 0.86744162  0.86204454] 0
[ 0.84046774  0.84701705] 0
[ 0.84630679  0.82137185] 0
[ 0.88406148  0.87018406] 0
[ 0.82580603  0.82016534] 0
[ 0.88787936  0.83803011] 0
[ 0.85090001  0.83696288] 0
[ 0.81702974  0.80502238] 0
[ 0.87955917  0.86630012] 0
[ 0.84665809  0.86702638] 0
[ 0.89150117  0.89447893] 0
[ 0.84454262  0.8361189 ] 0
[ 0.86188448  0.87652366] 0
[ 0.89319771  0.87723942] 0
[ 0.82659194  0.86542864] 0
[ 0.82358905  0.8150622 ] 0
[ 0.84160976  0.8365478 ] 0
[ 0.86677761  0.86884203] 0
[ 0.81561256  0.82304955] 0
[ 0.84726867  0.84554576] 0
[ 0.87824941  0.87493269] 0
[ 0.81652553  0.82841061] 0
[ 0.8646153   0.87003742] 0
[ 0.89417133  0.88013165] 0
[ 0.82134754  0.81638303] 0
[ 0.89767701  0.87549229] 0
[ 0.82459883  0.8318884 ] 0
[ 0.81401291  0.8361215 ] 0
[ 0.8686634   0.85364026] 0
[ 0.8792189   0.88290262] 0
[ 0.83343468  0.84095606] 0
[ 0.85857898  0.85184402] 0
[ 0.82751835  0.83529333] 0
[ 0.86397763  0.86961073] 0
[ 0.80518883  0.81368448] 0
[ 0.88066128  0.87475486] 0
[ 0.81929781  0.80249437] 0
[ 0.88676914  0.87442029] 0
[ 0.86060054  0.84087414] 0
[ 0.84282359  0.85181536] 0
[ 0.84619014  0.83897219] 0
[ 0.89160482  0.84887489] 0
[ 0.87240472  0.8748442 ] 0
[ 0.88720915  0.86965221] 0
[ 0.88813195  0.86905612] 0
[ 0.84248756  0.84718071] 0
[ 0.85092895  0.84382658] 0
[ 0.85704792  0.86492578] 0
[ 0.8958946   0.86735665] 0
[ 0.82559002  0.82502642] 0
[ 0.86752438  0.85707321] 0
[ 0.89413824  0.87072936] 0
[ 0.87351554  0.8623846 ] 0
[ 0.84870336  0.84037232] 0
[ 0.80075802  0.81233829] 0
[ 0.8306124   0.85249694] 0
[ 0.81581967  0.83107554] 0
[ 0.83962772  0.82448706] 0
[ 0.86248689  0.84524851] 0
[ 0.8538851   0.82554471] 0
[ 0.89088289  0.86334055] 0
[ 0.88572629  0.87923848] 0
[ 0.8404572   0.83927638] 0
[ 0.80378852  0.83928393] 0
[ 0.83933638  0.81443826] 0
[ 0.82727778  0.83818758] 0
[ 0.81513462  0.81841321] 0
[ 0.83261335  0.83230403] 0
[ 0.81731939  0.8373227 ] 0
[ 0.85000409  0.85363665] 0
[ 0.85723396  0.8629462 ] 0
[ 0.89689769  0.87464968] 0
[ 0.8039633   0.82352086] 0
[ 0.8929946   0.86563296] 0
[ 0.82317348  0.8368368 ] 0
[ 0.82135703  0.82157456] 0
[ 0.8060325   0.80685111] 0
[ 0.83480398  0.80918826] 0
[ 0.82925799  0.82533528] 0
[ 0.87022408  0.88877928] 0
[ 0.80878295  0.82625499] 0
[ 0.84952317  0.84127161] 0
[ 0.80725243  0.83650734] 0
[ 0.82715637  0.81430127] 0
[ 0.86562056  0.84331531] 0
[ 0.88286043  0.86894495] 0
[ 0.8801797   0.85987045] 0
[ 0.85244278  0.85727742] 0
[ 0.80294579  0.82864071] 0
[ 0.86168261  0.87062574] 0
[ 0.8940921  0.8630921] 0
[ 0.85404879  0.85804531] 0
[ 0.82899113  0.83490029] 0
[ 0.87569206  0.84388084] 0
[ 0.80936686  0.8256361 ] 0
[ 0.85983062  0.85013036] 0
[ 0.85814598  0.84625591] 0
[ 0.80580794  0.82638534] 0
[ 0.87041579  0.83738026] 0
[ 0.84566209  0.84035553] 0
[ 0.87690574  0.85896262] 0
[ 0.87095495  0.8435445 ] 0
[ 0.84729004  0.83269527] 0
[ 0.87578665  0.85254449] 0
[ 0.87380356  0.86668681] 0
[ 0.88838421  0.88615365] 0
[ 0.8518451   0.82337772] 0
[ 0.84680536  0.85197062] 0
[ 0.87427805  0.8207591 ] 0
[ 0.85122057  0.86607714] 0
[ 0.87919665  0.86245902] 0
[ 0.81763114  0.82700457] 0
[ 0.84005602  0.80769022] 0
[ 0.87852984  0.88814882] 0
[ 0.8200836   0.82359571] 0
[ 0.86103741  0.85716486] 0
[ 0.85723709  0.8656086 ] 0
[ 0.86275443  0.83895605] 0
[ 0.86769874  0.87635058] 0
[ 0.88351172  0.88406096] 0
[ 0.81868269  0.86194256] 0
[ 0.88874996  0.8849373 ] 0
[ 0.80255947  0.80104905] 0
[ 0.89688601  0.89738347] 0
[ 0.88299593  0.87266249] 0
[ 0.82190123  0.83655175] 0
[ 0.83297775  0.84510706] 0
[ 0.83653764  0.84871496] 0
[ 0.8717371   0.85655072] 0
[ 0.87827347  0.89155013] 0
[ 0.82152747  0.81580143] 0
[ 0.82068181  0.82386605] 0
[ 0.85521893  0.84798596] 0
[ 0.86662958  0.81929744] 0
[ 0.8604049   0.85814142] 0
[ 0.81200817  0.80307092] 0
[ 0.8546916   0.87994002] 0
[ 0.80335677  0.82736543] 0
[ 0.83514086  0.83401406] 0
[ 0.88007904  0.86099577] 0
[ 0.83775692  0.84201346] 0
[ 0.85127913  0.85958853] 0
[ 0.81559412  0.83095671] 0
[ 0.84292507  0.85508799] 0
[ 0.88737073  0.86207705] 0
[ 0.82246258  0.8296516 ] 0
[ 0.81558343  0.84104942] 0
[ 0.86596856  0.86731854] 0
[ 0.83880776  0.82156082] 0
[ 0.83943955  0.81783426] 0
[ 0.89067131  0.84593035] 0
[ 0.82900934  0.83305833] 0
[ 0.87703282  0.86817308] 0
[ 0.88903463  0.85729403] 0
[ 0.87147173  0.86262294] 0
[ 0.87302412  0.83253333] 0
[ 0.86663295  0.84992073] 0
[ 0.87382699  0.86971784] 0
[ 0.86110738  0.8964497 ] 0
[ 0.85033031  0.82417699] 0
[ 0.85290412  0.84175758] 0
[ 0.82211866  0.83191477] 0
[ 0.81867533  0.83123877] 0
[ 0.84826712  0.83766186] 0
[ 0.84443328  0.83456207] 0
[ 0.84201162  0.82295094] 0
[ 0.80112889  0.81830005] 0
[ 0.89470357  0.87813386] 0
[ 0.86622541  0.83604138] 0
[ 0.86309083  0.83550801] 0
[ 0.86492264  0.84186699] 0
[ 0.80753048  0.83079643] 0
[ 0.81977805  0.80720886] 0
[ 0.87630737  0.89680113] 0
[ 0.86330597  0.8288045 ] 0
[ 0.84361078  0.83772067] 0
[ 0.86049089  0.87208185] 0
[ 0.81297424  0.8020859 ] 0
[ 0.81856951  0.82138889] 0
[ 0.84528128  0.86727115] 0
[ 0.89497952  0.84448782] 0
[ 0.87950541  0.88112776] 0
[ 0.8038574   0.83369044] 0
[ 0.82387996  0.82027896] 0
[ 0.83154208  0.83207036] 0
[ 0.84149767  0.83960346] 0
[ 0.83082047  0.8046562 ] 0
[ 0.86420219  0.83976087] 0
[ 0.84792793  0.85066329] 0
[ 0.83314507  0.82911193] 0
[ 0.87372825  0.84465242] 0
[ 0.84019385  0.81939514] 0
[ 0.87021565  0.85948086] 0
[ 0.87040064  0.82386765] 0
[ 0.89943512  0.88993913] 0
[ 0.8164571   0.84024821] 0
[ 0.8756836   0.85663843] 0
[ 0.89298613  0.88417486] 0
[ 0.87684097  0.8466606 ] 0
[ 0.81164705  0.80936673] 0
[ 0.83468762  0.85197681] 0
[ 0.88638954  0.86981087] 0
[ 0.86920647  0.84301634] 0
[ 0.87785233  0.85773811] 0
[ 0.81712819  0.8204618 ] 0
[ 0.81827797  0.84311596] 0
[ 0.87437317  0.85055488] 0
[ 0.89481714  0.87220937] 0
[ 0.87964085  0.86836507] 0
[ 0.8085135   0.81482064] 0
[ 0.85933886  0.84885019] 0
[ 0.87557399  0.8804978 ] 0
[ 0.83472462  0.84271589] 0
[ 0.83096087  0.8250051 ] 0
[ 0.86708538  0.87217641] 0
[ 0.87697362  0.88714743] 0
[ 0.82780383  0.84224041] 0
[ 0.88431015  0.88912438] 0
[ 0.84842433  0.82829157] 0
[ 0.88987454  0.85716867] 0
[ 0.82862915  0.83551406] 0
[ 0.87838422  0.8723743 ] 0
[ 0.88313373  0.87940325] 0
[ 0.89283427  0.8623758 ] 0
[ 0.83418798  0.83237101] 0
[ 0.83513593  0.83535783] 0
[ 0.87304712  0.84692249] 0
[ 0.89326899  0.87988638] 0
[ 0.86246493  0.88087031] 0
[ 0.85696139  0.8504889 ] 0
[ 0.85952913  0.86803416] 0
[ 0.81773332  0.81325377] 0
[ 0.87818881  0.87591377] 0
[ 0.85283084  0.86879711] 0
[ 0.84627104  0.80953845] 0
[ 0.80805453  0.80956182] 0
[ 0.86523204  0.85574892] 0
[ 0.80055775  0.80529807] 0
[ 0.85263284  0.851855  ] 0
[ 0.88540941  0.85410456] 0
[ 0.88894066  0.87715263] 0
[ 0.84541816  0.85865097] 0
[ 0.89577305  0.87148224] 0
[ 0.87015476  0.82183634] 0
[ 0.89189591  0.87298954] 0
[ 0.8135449   0.84408692] 0
[ 0.89676681  0.88063553] 0
[ 0.80150403  0.82802832] 0
[ 0.88356684  0.87866962] 0
[ 0.89898654  0.88626344] 0
[ 0.89951399  0.84960755] 0
[ 0.88020397  0.87391576] 0
[ 0.88912384  0.86879402] 0
[ 0.84745302  0.87828245] 0
[ 0.8583193   0.84531322] 0
[ 0.82462312  0.81648224] 0
[ 0.86718763  0.86218741] 0
[ 0.81405607  0.81506982] 0
[ 0.82710955  0.84620334] 0
[ 0.82822879  0.83927389] 0
[ 0.83111282  0.82414545] 0
[ 0.87222342  0.86865834] 0
[ 0.81152022  0.82063999] 0
[ 0.84331616  0.83563254] 0
[ 0.8354351   0.82749319] 0
[ 0.89540239  0.8972554 ] 0
[ 0.85437978  0.86690421] 0
[ 0.88910627  0.87779107] 0
[ 0.86039496  0.84840413] 0
[ 0.83104824  0.85637502] 0
[ 0.81428113  0.81149002] 0
[ 0.89191713  0.88343595] 0
[ 0.86113682  0.84853873] 0
[ 0.87899186  0.88466292] 0
[ 0.83154266  0.82824836] 0
[ 0.80816471  0.81187183] 0
[ 0.84403521  0.83465674] 0
[ 0.83356016  0.85018511] 0
[ 0.83695144  0.84966713] 0
[ 0.81741947  0.83591218] 0
[ 0.81433421  0.82619506] 0
[ 0.8184387   0.83124609] 0
[ 0.80093963  0.80466719] 0
[ 0.88221191  0.87725863] 0
[ 0.83040531  0.83511932] 0
[ 0.88422034  0.85175037] 0
[ 0.84300511  0.84473414] 0
[ 0.80414147  0.84146253] 0
[ 0.8339156   0.82927488] 0
[ 0.85373632  0.85029266] 0
[ 0.88668884  0.86942984] 0
[ 0.83073066  0.83610772] 0
[ 0.87590051  0.89757842] 0
[ 0.84750672  0.8229387 ] 0
[ 0.82629236  0.82079393] 0
[ 0.86054185  0.86181565] 0
[ 0.81245809  0.82756932] 0
[ 0.86169196  0.85296441] 0
[ 0.82058783  0.83644212] 0
[ 0.83781003  0.83525105] 0
[ 0.85093112  0.83966438] 0
[ 0.83205694  0.84050472] 0
[ 0.83475575  0.84857513] 0
[ 0.81273806  0.84952913] 0
[ 0.89489875  0.8808283 ] 0
[ 0.83348579  0.83476919] 0
[ 0.85303715  0.83375196] 0
[ 0.89676605  0.8548376 ] 0
[ 0.87098772  0.86760836] 0
[ 0.84271505  0.8289387 ] 0
[ 0.81517073  0.84976039] 0
[ 0.84473989  0.85147943] 0
[ 0.83090552  0.8476901 ] 0
[ 0.88702058  0.86775677] 0
[ 0.83561031  0.82162479] 0
[ 0.86178937  0.86352728] 0
[ 0.85367555  0.84253495] 0
[ 0.80148657  0.80182468] 0
[ 0.85946883  0.86150239] 0
[ 0.82154543  0.81834209] 0
[ 0.88050955  0.86551977] 0
[ 0.82382908  0.83412443] 0
[ 0.81022595  0.84622154] 0
[ 0.83534592  0.85212938] 0
[ 0.85968663  0.84625331] 0
[ 0.8184139   0.82057921] 0
[ 0.86990356  0.89353127] 0
[ 0.80369017  0.82845714] 0
[ 0.80544672  0.80063249] 0
[ 0.89032807  0.86757338] 0
[ 0.84988846  0.85394368] 0
[ 0.8963219   0.88101334] 0
[ 0.82542605  0.87063345] 0
[ 0.80386874  0.84767455] 0
[ 0.81298372  0.8255933 ] 0
[ 0.80396264  0.81459097] 0
[ 0.8856394   0.88592316] 0
[ 0.82541462  0.8403659 ] 0
[ 0.81233788  0.82226016] 0
[ 0.88767472  0.86418082] 0
[ 0.88653059  0.86378305] 0
[ 0.84485816  0.83562638] 0
[ 0.87204469  0.85040566] 0
[ 0.85408707  0.82300914] 0
[ 0.84500559  0.84356099] 0
[ 0.87336278  0.85454488] 0
[ 0.83242057  0.8480149 ] 0
[ 0.86760081  0.84528896] 0
[ 0.87007841  0.8551645 ] 0
[ 0.85941818  0.81741828] 0
[ 0.88468459  0.86338387] 0
[ 0.87691121  0.85102401] 0
[ 0.82241657  0.83898636] 0
[ 0.824179   0.8258126] 0
[ 0.8436222   0.84980974] 0
[ 0.88754794  0.86438911] 0
[ 0.85300355  0.8671909 ] 0
[ 0.89527781  0.87533616] 0
[ 0.82246223  0.83910214] 0
[ 0.84593017  0.81694876] 0
[ 0.84446813  0.82567592] 0
[ 0.87653288  0.86015236] 0
[ 0.81258523  0.8075697 ] 0
[ 0.83176514  0.85838799] 0
[ 0.85201824  0.84248968] 0
[ 0.89582147  0.85281451] 0
[ 0.83480341  0.84617196] 0
[ 0.86955893  0.85536248] 0
[ 0.85380223  0.82216584] 0
[ 0.89176614  0.84813626] 0
[ 0.89696002  0.85212274] 0
[ 0.82352439  0.84700018] 0
[ 0.88684064  0.86729159] 0
[ 0.81451925  0.80304519] 0
[ 0.88355266  0.84075052] 0
[ 0.84752224  0.86758641] 0
[ 0.8953315   0.86501751] 0
[ 0.88130684  0.82497626] 0
[ 0.88794432  0.85887763] 0
[ 0.84476708  0.81358397] 0
[ 0.82873506  0.83767937] 0
[ 0.8361647   0.82683194] 0
[ 0.83687962  0.81594215] 0
[ 0.86204852  0.85765301] 0
[ 0.82392791  0.82569891] 0
[ 0.88277468  0.86895283] 0
[ 0.88240487  0.86071497] 0
[ 0.8820151   0.87413166] 0
[ 0.86419576  0.8657012 ] 0
[ 0.80242936  0.80914331] 0
[ 0.87269436  0.89760121] 0
[ 0.8581491   0.83495723] 0
[ 0.88515131  0.86902173] 0
[ 0.80991321  0.8537579 ] 0
[ 0.87605583  0.87126954] 0
[ 0.81280405  0.81066319] 0
[ 0.8510224   0.84847721] 0
[ 0.87318713  0.84446602] 0
[ 0.83319057  0.85017709] 0
[ 0.81349451  0.81915448] 0
[ 0.88424809  0.86599284] 0
[ 0.85568046  0.84913045] 0
[ 0.87833428  0.85714651] 0
[ 0.88316795  0.89381861] 0
[ 0.8177912   0.80589796] 0
