5.750885554149337553e-02 9.259784607236398735e-02
1.246087102160231552e-04 2.840728476210907516e-02
4.818997834964622307e-02 4.008860493677279813e-02
1.546913752857692614e-02 9.820784891762368574e-02
1.113576273692240548e-03 7.234635409060574673e-02
3.151342266515760882e-02 8.625532625898235661e-02
6.834095406346130108e-02 9.264491465407209692e-02
2.389548261585505706e-02 6.226669533005513291e-02
9.387136351069358398e-03 8.539351952597229456e-02
5.843739070787001832e-02 8.501776732082744203e-02
6.334181765768387429e-03 9.469680694174198443e-02
7.424930630924464481e-02 6.971132842169025512e-02
6.829700741283883936e-02 1.765539752193306944e-02
3.767852696031970261e-03 3.977044122369632895e-02
8.613455831049887657e-03 1.079798215953647889e-02
3.696316394650633885e-02 1.601150989547728276e-02
7.085427428209023493e-02 6.786998398694668588e-02
1.875226063510448959e-02 3.402853166762181969e-02
1.911800987991285616e-02 4.349747019787864044e-02
9.367570942079816998e-02 6.008402297724721453e-02
2.830929748846688909e-03 7.252544634420329817e-02
5.091003095315704829e-02 2.511767222716404513e-02
6.124490070366717109e-02 8.792564158477012004e-03
5.985030388961254388e-03 8.108485264763931610e-02
6.075426535145500573e-02 5.616775670428325595e-02
8.383849770455853445e-02 1.274155930619874644e-02
4.591304610387403340e-02 7.241971762793197875e-02
3.715764123751919001e-02 8.575216524449369437e-03
2.888312356360445143e-02 7.646500525706920182e-02
7.637726896870633553e-02 2.779400459304792737e-02
1.458281308742059856e-02 3.009622767035213808e-02
6.227981583275288280e-02 6.994085006650330172e-03
9.089126674337966172e-02 2.146530088888848331e-02
5.152114936431040348e-02 5.364994780113666040e-02
3.255919944777008190e-02 3.130052079405537535e-02
7.498312546509722232e-02 9.381369281820980954e-02
2.276359864389465582e-02 8.377059596732239211e-02
1.929274782121348508e-02 5.463810974826646683e-02
2.704575000174813670e-02 1.659630291907876476e-02
5.948699110278532487e-02 6.997335509796676067e-02
3.324015946642810970e-02 2.874948189500481366e-02
7.109623103922368959e-02 6.435521610138938975e-03
1.808632560687606361e-02 2.142157929303617481e-02
4.987840735289506000e-02 8.788802692243885550e-02
6.410950239303891962e-02 6.568237955103217729e-02
7.658373839199650313e-02 9.657854679442245960e-03
5.913572292399604802e-02 2.874965058334144619e-02
9.784006162163561005e-02 7.817711494821522056e-02
6.462568754022179895e-02 1.897412004411386244e-02
8.522642527256019118e-02 3.215303571327321475e-02
2.715475734418748566e-02 7.663011694142479735e-02
8.357742641483312251e-02 7.176879791691501143e-02
6.973081342234199731e-02 5.806453816321374695e-02
8.585953090458386949e-02 2.448495109255921509e-02
6.784655956160656753e-02 3.321209929476626188e-02
9.662169302038081664e-02 3.224829857694383461e-02
7.428785279692839971e-02 5.034438082586434327e-02
9.665926530303925457e-02 6.244477935354525444e-02
8.555932684381817310e-02 5.169204127696611084e-02
5.420780404196057223e-02 5.713638709591273290e-02
8.783811658548179579e-02 5.662232284497009660e-02
4.031841506925748497e-02 6.258912844082303861e-02
4.618424009286070664e-02 2.558584625166393511e-02
7.089555310506134855e-02 2.396267696352755161e-02
2.292810021407987175e-02 7.736649009532298171e-02
1.695999198508846284e-02 5.253479200346372613e-02
8.976954523379943041e-02 2.221728530992023165e-02
9.655359019516851493e-02 1.973117700634424709e-02
7.964936341685247001e-02 1.700689072652133982e-02
5.066420367061197361e-02 5.775453218117923559e-02
4.480537408465357085e-02 1.741589181523456320e-02
8.066698947124084640e-02 4.822325535122920503e-02
8.856884172401957578e-02 9.956157303225576793e-03
7.347296425546323562e-02 7.077525127919778725e-02
8.781196387234935230e-02 7.331933504494433929e-02
5.468334239273131558e-02 7.948555208659838223e-02
5.809874244214019434e-02 5.756102958193051733e-02
4.253484199996560022e-02 3.681972294040175564e-02
4.312828237461296954e-02 6.938070167510743125e-02
9.652257595919333522e-02 3.873952470712016538e-02
1.206575100245943499e-02 3.603965589823171500e-02
3.243998741460329960e-02 3.694647724536803679e-02
6.260799614266954194e-03 1.757988785052444491e-02
2.113350156419990800e-02 7.538490486352633635e-03
1.245912997969078617e-02 3.982376789817670959e-02
2.848884574788046464e-03 9.980959372069284075e-02
1.605773255437847880e-02 5.234585124880042351e-02
7.422873715108702086e-02 1.957336018103250641e-02
6.109586550905576896e-02 3.748319646163544849e-02
5.955266317270990761e-02 9.271475348808067007e-03
3.000917362276478428e-02 1.770923397568430202e-02
7.535557929009883971e-02 4.495518216560395741e-02
6.039357662837541163e-02 7.510367442856408227e-02
2.667495002336661702e-02 8.437014272368598133e-02
9.857515313754350306e-02 2.696070279221440824e-02
7.743533316345041495e-02 7.176184292359247263e-02
5.566163014227998307e-02 9.343699836881091958e-02
8.727226816816380239e-02 9.384310548561219933e-02
5.099348138339632186e-02 3.701464566799078648e-02
6.101926441070704143e-02 8.089723527369171996e-02
9.195427966160651945e-02 2.078795504188990506e-02
1.509845937336073973e-02 4.227928187229096357e-02
7.711582456183807555e-02 3.022379075846665097e-02
7.233031404837853007e-02 8.482221880232021505e-02
4.918603359142847964e-03 4.449439674441144077e-02
5.709010258106650415e-02 7.136128906385927340e-02
3.248546794426909745e-02 6.823446138519079218e-02
3.130635003396042837e-02 8.046237943324510700e-02
9.370605165418410820e-02 4.751909710319346392e-02
4.277061732317144482e-02 4.568471672708276921e-02
2.085303599346743919e-02 3.593167999640101140e-02
4.606291918101967919e-02 4.952333208051981628e-02
6.403346252381481030e-02 2.013385595775013526e-02
9.625188823036112673e-02 3.773684673735061557e-02
9.687903288938048973e-02 8.409756933223561104e-02
9.318085913098406170e-02 3.348176170725175593e-02
4.829259602544522245e-02 2.039845522113475917e-02
6.594298889536476249e-02 9.131480516044035434e-02
7.841560007181203051e-02 3.045191277556935638e-02
3.459031917990607052e-02 9.097634975424354065e-02
2.857285219165139889e-02 8.069322900987879743e-02
9.888511579340530933e-02 1.600704834437188806e-02
8.851725330568460670e-02 5.242549167022300671e-02
9.913528520008041411e-04 7.204910568453751218e-02
3.700771341195008279e-02 9.847907608045020078e-02
1.751544658919212960e-02 9.594226245437745271e-02
5.911670201807395220e-02 8.781211298529259524e-02
1.677928562702679649e-02 9.593468350896017238e-02
2.520099453038071591e-02 9.813144769817508384e-02
6.525896727076141435e-02 4.196407511002586688e-03
5.859487563706378133e-02 4.708571461487512377e-02
7.126649142948315863e-02 2.340046861928440913e-02
8.687339409925998179e-02 1.998286287426687124e-02
2.974172033181310404e-02 9.527674267708871603e-02
8.623943502916209258e-02 2.201654250811524438e-02
1.853958756492668503e-02 2.743636304649865743e-02
3.692819622494269982e-02 9.530137936670049492e-02
8.885666156795313242e-02 1.054372871896264163e-02
8.971530867233579176e-02 9.162639547546230778e-02
2.450195895007123426e-02 7.963745024675361606e-02
9.199103327645230532e-02 6.389209159942749183e-02
4.798389510115574907e-04 6.656548372497939070e-02
5.612108195985232584e-02 7.760929613573067098e-02
6.201602257361793491e-02 7.652354809766062638e-02
1.018150288655694791e-02 6.431053772670625168e-02
4.127034748545188592e-02 5.920576472252528366e-02
5.798144206311717230e-02 9.843199490033543997e-02
4.507362583028973191e-03 4.723342188291998478e-02
4.670224389334953763e-03 7.385303411280566555e-02
2.080078709866395315e-02 6.048660294671492910e-02
6.050689988080892867e-03 4.718579388232704841e-02
6.962522923466152314e-02 9.059449414361861463e-02
8.754555319175694184e-02 4.091945930524698571e-02
9.494083037766287703e-02 6.418249610504261904e-02
4.358917430462017073e-03 2.410563087380435121e-02
5.379679324294572851e-02 4.160753428706587265e-02
8.319170305046852398e-02 3.859425394046417379e-02
6.175290623632934128e-02 1.646495970857814184e-02
6.319661375758267585e-02 3.550689825684727463e-02
2.971368259104778531e-02 5.874015716265668097e-03
2.849839786347097004e-02 7.652073470392684040e-02
5.288267692958270594e-02 2.106335962191951960e-03
2.916058783431951795e-02 9.468758275584129858e-02
9.646032417166194861e-02 5.339972020829797383e-02
1.351259704752350022e-02 3.387204127185144964e-02
8.515497072775590759e-02 4.008725009368174774e-02
3.738882430319712125e-02 1.352147444093904083e-02
9.512883996985843638e-02 6.617758866757833536e-02
8.555461670106123684e-03 1.702084115372676232e-02
6.429619616680870564e-02 9.607962674543107928e-02
7.708948305847451721e-03 6.457390977495963691e-02
1.158703211758371765e-03 5.316180534909339950e-02
8.714805344019804778e-02 7.169642467173473199e-02
9.208414263441766501e-02 3.878923552288843224e-02
9.545403437764654608e-02 5.943464688859975698e-02
4.428394315695771688e-02 7.104447865960428210e-04
9.317787249523379334e-02 5.956224778318816582e-02
5.308235990222964773e-02 5.175018505592246520e-02
4.469301480806764371e-02 3.378812167918954223e-02
4.171705772791733935e-02 4.011367949321148485e-02
8.969115368351354700e-02 9.705587751205313474e-02
1.896387441717639621e-02 4.867568171836109125e-02
3.846696223273615711e-02 5.355650879113438290e-03
8.868656940561048252e-02 2.338001667389538740e-02
7.691548700539219130e-02 6.508870039623979031e-02
5.953422998762725182e-02 1.820625808642067911e-02
7.661912745773669098e-02 7.397266757794254688e-02
2.621076473452765843e-02 7.276895206309483277e-02
8.788849068354642746e-02 6.303258377596698825e-02
5.674696506200005430e-02 6.603120691024291777e-02
8.529488655851102941e-02 7.261011502932110395e-02
1.071443372219404999e-02 5.324392296449537154e-02
2.146830345722428035e-02 5.432223880172754038e-02
5.477357839361518543e-02 2.288444939444189696e-02
7.241823097448374380e-02 2.386381308729385031e-02
5.772703238547061133e-02 6.095301731356320141e-02
7.343408834111386785e-02 9.106692634683888343e-04
6.540505894524761832e-02 5.369866250793189910e-02
3.183616316118886846e-02 6.942283975604196522e-02
5.003064152090386241e-02 2.804529886503376312e-02
9.291669264813584572e-02 9.108415116281012858e-02
5.369896034295151832e-02 1.079011715509708980e-02
3.576596109339635898e-02 7.222795665823467104e-02
4.649275511583117471e-02 6.809428404379691546e-02
6.811291365140259568e-02 5.185975293220604354e-02
9.503350670077748141e-02 3.353168107113252416e-02
7.156582368821151618e-02 9.664217323678284122e-02
4.363849475173320336e-03 6.869532101348990727e-02
4.777430586328945683e-02 6.665055494829202898e-02
6.220198189502668118e-02 3.277180104440696740e-02
4.254994875073647709e-02 6.172138368592555713e-02
6.323738634581055340e-02 5.456739145438432859e-02
8.432190235414993573e-02 6.356124831934331643e-02
8.728288143273665867e-02 4.412226652532436066e-02
8.701236303671666672e-02 4.685380261440161287e-02
2.591485064095788715e-03 8.258220955951794950e-02
5.924429867619451784e-02 2.723464799743058329e-03
3.218915464386196135e-02 7.134545031300260076e-02
4.096351721310176330e-02 3.909277180878945046e-02
8.884343280352724470e-02 7.490342025179114183e-02
9.150251252433072580e-02 5.071315263825765252e-02
2.377323613324988649e-03 3.467798419622941664e-02
1.426457380412671228e-02 8.759432115992513146e-02
9.505206862191539763e-02 2.544581784948185543e-02
9.420091739980041012e-04 9.459042096220837692e-02
2.471301917572499285e-03 5.024237820858265535e-02
2.516273788246004006e-02 7.110475826914744446e-02
8.284172102010189942e-02 3.926753179161257545e-02
9.400636719890220760e-02 7.663562902036777369e-02
4.588586269015870744e-02 6.785197033856871229e-02
8.629163445776033559e-02 2.021711111955681872e-02
5.416673787342118906e-02 2.696356759147189308e-02
4.396651576651700033e-03 3.104674775927662722e-02
4.260892673922744844e-02 6.494454015807479830e-02
5.032664562421018672e-03 7.058040310544613782e-02
3.248618986008300347e-02 7.316927435434544824e-02
8.987823909678005485e-03 1.452231839337297936e-02
4.323116854968356293e-02 3.909336650715738992e-02
1.690840656165670808e-02 9.750113148470943014e-02
8.462687062453355669e-02 3.502945633686249671e-02
1.958080987947563578e-02 7.495659475432223107e-02
6.838227560446197284e-02 7.411784722696770911e-02
5.281645803184098487e-02 7.162698947261456062e-02
3.429739628579742128e-02 5.606968791291128129e-02
3.766908662431878163e-02 3.092919622814305214e-02
9.116860895751099925e-02 5.172470334269135828e-02
4.139298592296170032e-02 9.605027566734733457e-02
6.395172910188540172e-03 7.958628039224011075e-02
6.424929385746025456e-02 8.164135144492404295e-02
6.911351303167112547e-02 5.216802922359747852e-02
8.721486234608555321e-02 1.432272305376469657e-02
1.203109024393178572e-02 4.995939035919871873e-02
5.127313022065504988e-02 2.851295677518250749e-02
5.446825726380255528e-02 9.123304462167969309e-03
1.782026295134908622e-03 4.368326976034619946e-02
9.075468898188843170e-02 1.525773539883312768e-03
3.389027585923265473e-02 2.169544758223151959e-02
5.970421989090679560e-02 5.905430212217471775e-02
5.805819662108002710e-02 1.078145120153795045e-02
1.079880433426627651e-02 6.456156401638030173e-02
5.413695742100199659e-02 9.780463267884903500e-02
2.727906367925181375e-02 3.644685373181444366e-02
6.832063742449312471e-02 4.374344805565749672e-02
5.651219833902765277e-02 8.578019236094622246e-02
1.669038874949024809e-02 7.355064397006555454e-02
8.926333590898727355e-02 9.530613414042118925e-02
4.757318243819153025e-02 6.884528478661142148e-02
1.286614393518648036e-02 8.897805315626122757e-02
9.232974816976735610e-02 3.316470833561430132e-02
6.292361475515650948e-02 3.819861846566852126e-02
5.170385076387729040e-02 2.293872457228329775e-02
2.299607706877371260e-02 5.713308356609045346e-02
5.311527619043621140e-02 5.577812327055647890e-02
5.748838594336480590e-02 6.450811215597415660e-02
4.683256850058103993e-02 5.147850846952292669e-02
9.250644467434321339e-02 1.799455236347707876e-02
8.842875393218407876e-02 1.032974441464951099e-02
9.541137129957999452e-02 2.783009136326597410e-02
4.383916219805483738e-02 1.203896084294336921e-02
3.048120709261581407e-02 3.668880863022178085e-02
6.568560457428418431e-02 6.271857281687803765e-02
8.008014538641139435e-02 2.626127996352906058e-02
2.583947406335562746e-02 2.001436655881499993e-02
9.415454790311916788e-02 9.458762296705278128e-02
8.776641776720273125e-02 9.412438771323930475e-02
1.648269429699944499e-02 8.896551230676250088e-02
4.614558254777689772e-02 4.465082187931174174e-02
3.106346431536965991e-02 4.555188923486450103e-02
4.875827286517397940e-02 3.541766717101452189e-02
3.113994233443662107e-02 5.315222590260065827e-02
8.130175329637334691e-03 3.316457862807364876e-02
8.149572102508106930e-02 2.368690414692886659e-02
2.725363890938403699e-02 6.521743522438677720e-02
4.325706304019416581e-02 9.876213870329306199e-02
5.043214562171949300e-02 6.638559314898870301e-02
1.988762519798659145e-02 5.099742754151997959e-02
5.727307305563056339e-02 2.064417499151854907e-02
5.593135998839959822e-02 9.875164514794865234e-03
5.022166332619593110e-02 2.578393367797582325e-02
5.424095821224894642e-02 5.453116944922559162e-02
6.332490540528434853e-02 7.581005069362276028e-02
4.182967736505027734e-02 3.417009628695771850e-02
7.590111507916519340e-02 1.629155291849332388e-02
5.029234546744731915e-02 2.375638528394685700e-02
7.196313476148696875e-02 9.872005610141756926e-02
5.044877172860673387e-02 8.478098374443723828e-02
7.647021948174970163e-02 9.196547741279537114e-02
9.055494639201122631e-02 1.124072469903530935e-02
9.008936456159866157e-02 6.904225485688270103e-02
9.987960458140887621e-02 6.275097996001990919e-02
2.818890755980840712e-02 5.073204028620031947e-02
2.143533923764817661e-02 7.913993773119884501e-02
8.826234733433302448e-02 2.203449135872836973e-03
9.497620749662305517e-02 4.963865838713232836e-02
1.763854471282577663e-02 5.287707105723479795e-02
5.508462728984686585e-02 8.529850693782387028e-02
5.797615379162601723e-02 6.211702222910231441e-04
4.894786765644343340e-02 6.535068705101804154e-02
2.347709740396919376e-02 7.029248945271285298e-02
9.204857584054282338e-02 4.868918021245882688e-02
3.067128339508995438e-02 2.679747295690537712e-02
1.416863796916523199e-02 2.775224609146415000e-02
5.797065019951830322e-02 2.020779354768603708e-02
5.488646620150350319e-02 9.677367760953514697e-03
6.328746046266819913e-02 8.083777975017619744e-02
7.694305471189311074e-02 2.131735205670570732e-02
2.503615318212004670e-02 4.124520894982641739e-02
7.033577531232149127e-02 4.836640354834617628e-02
5.620965641678365987e-02 6.431855331325464498e-02
4.664292453700302765e-02 2.507866689707072272e-02
2.602053257088010607e-02 2.287134385419647975e-02
3.257505583808295579e-02 6.473615984605635143e-02
9.591409614647572468e-02 6.979052619950473768e-02
3.873174998538186919e-02 1.778754106365587617e-02
8.007203907409288224e-02 6.731355867322813546e-02
6.469059278396083190e-02 7.983303164608951397e-02
2.650927018746407349e-02 3.887741043845649447e-03
1.671415786338226184e-03 2.802201150540772900e-02
2.971247417559907955e-02 7.860381763874910166e-02
8.549835749348955183e-02 9.480819092475195609e-02
7.700437025578432682e-02 6.990678718900023014e-03
9.907146461092686263e-02 2.180777337192413290e-02
9.497698757453754137e-02 1.936217385727989626e-02
5.963940764370068148e-02 9.963239274806925949e-02
3.254645825439661522e-03 6.078401931321703033e-02
9.753880757876909335e-02 4.029121074301872385e-02
3.958208084207581745e-02 9.943474667049423399e-02
4.687737679872105989e-02 7.539568237854482602e-02
3.739500045838672904e-03 8.884304240654014584e-02
7.631910144284881348e-02 4.438073991828681009e-02
9.106857961113223876e-02 7.127584357812169480e-02
7.953080339321216830e-02 5.666491176786839223e-02
4.752558601141443351e-02 4.784754059933638004e-02
6.382652819368117569e-02 7.905755721356069743e-02
4.198879783609532623e-02 2.368734673802314061e-02
5.764641212547028104e-02 4.769115225018799586e-02
1.737863056939670248e-02 2.032907503211084377e-02
7.082495323574522494e-02 9.859958099531129783e-02
7.211034281632122678e-02 9.274311085374631336e-03
2.833812272271452048e-02 7.194421270284803716e-02
5.091446269085064813e-02 8.063342032528070247e-02
9.024704734736610501e-02 8.739964904383867861e-02
8.232754323668234342e-02 5.673176813724326029e-02
9.406225817732338790e-02 5.213146679492322577e-02
9.363072552799234227e-02 3.785239840953469326e-02
7.851780931863183710e-02 8.303275244853103310e-02
3.320212080944606736e-02 1.474648458786775862e-02
7.465195219054376885e-02 6.578958997346290305e-02
7.041348294780314099e-02 6.718492760131020147e-02
8.691187910518050064e-02 1.856021396232143683e-03
5.606115726296057034e-02 4.314864805579476936e-02
7.998683965963526710e-02 4.920605797982460783e-02
5.757621846144245215e-02 9.433992246771052970e-02
3.747606287188554042e-02 1.491463363287220956e-02
2.078647058124372116e-02 2.697991152792289515e-03
8.670534311419852980e-02 6.239343685336978806e-02
8.846705453739833747e-02 8.029659599662286595e-03
4.139674711521346140e-02 2.947851382134680787e-02
9.897826246601648670e-02 4.334854946823962774e-02
6.510668830315169409e-02 7.529058533152357957e-02
9.643706980181465660e-02 9.005187551818480407e-02
3.899588178563273555e-02 4.101854193373838386e-02
9.166883601051145636e-02 9.271913986146773645e-02
4.733704139567063152e-02 2.808592363038736606e-02
7.938519189767612172e-02 5.200053973247820149e-02
3.831978365733346159e-02 5.552405785743891320e-02
6.961503389904122319e-02 9.018895867013740353e-02
7.099694274662515792e-02 3.362318415303733321e-02
2.205659383763347581e-02 2.977076500125658276e-02
4.705717674761500380e-02 2.571192643026204427e-02
6.831892421145968619e-02 8.680186171719919686e-02
8.348017753293968113e-02 5.756280123148613259e-02
8.072480543518256724e-02 6.396084347141678395e-02
1.841610948004734905e-02 3.473433510231299648e-02
6.625811304812956326e-02 9.599528352748654125e-02
9.294476037169041582e-03 8.721861547466791542e-02
1.805477670821442615e-02 3.422427742571509945e-02
5.478724455698957829e-02 8.112584786491069955e-02
3.340439985033560877e-02 1.125074708271173174e-02
5.552922618641298325e-02 4.958979225492804455e-02
8.908413862759512192e-02 6.184609635061627531e-02
7.187219908944886271e-02 7.373666657191357832e-03
3.728806268354833975e-02 1.313830654287084787e-02
5.559446497061892867e-02 4.544241375561616780e-02
9.323938794586139611e-02 8.410103350844100323e-02
5.284518811107874470e-02 9.514930560018544647e-02
4.608398144583047973e-02 1.345299121499882178e-02
3.706870398006911760e-02 4.010818622014300505e-03
1.381565878201718167e-02 4.424121573151307274e-03
7.314079147500307521e-02 1.128057684097627522e-02
9.616189619634296637e-02 4.683223417547302536e-02
8.177285573152559550e-02 4.692891575960422834e-03
4.256663852440700779e-02 7.524171457536671381e-02
7.171106139244110000e-02 4.893333556373194448e-02
1.462600447570694406e-02 3.283553992663335030e-02
7.198133462810596406e-02 3.761407661754539999e-02
7.335021393818763613e-02 4.458233095178129601e-02
4.799485649072776638e-02 7.453611038294599700e-02
4.733563903333570799e-02 6.443508050464180625e-02
6.729246265034971586e-02 4.935588730173340322e-02
1.708218491144175566e-02 2.573344557424639412e-03
8.093050949994329279e-02 2.650269665955662379e-02
9.275871445479533239e-02 2.714632984738885035e-02
7.092335861074017256e-02 4.443798344715088611e-03
4.754905087140759434e-02 5.759939437303210341e-02
5.022908901493672307e-02 7.692534623592950371e-02
5.982769257190645451e-02 2.043697435314545396e-02
9.316083059479984829e-02 6.289157469126688271e-02
1.041132159828128678e-02 1.636068205662555286e-02
1.209349205183518627e-02 5.729307102833325338e-02
6.507022232117132265e-02 1.211420046394923178e-02
2.760949783158794801e-02 4.783552556087730667e-02
1.983414773613401128e-02 5.378421104229641481e-02
2.432170907937636350e-02 2.377701004703641763e-02
7.230332639549197360e-03 9.852168160904500871e-02
5.696549412319451555e-02 4.100545295205276775e-02
6.136835928561312770e-02 3.569000955352519266e-02
9.096102358368884921e-02 2.153032001249233218e-02
5.165452985527618779e-02 2.313229592067861384e-02
5.242618536599674695e-02 1.525040481105383039e-02
8.809022766014751316e-02 2.808715522806942699e-02
1.031719140040476823e-02 5.994762347513171719e-03
4.688070561118218293e-02 9.515697028642425281e-02
8.764669019020998597e-02 6.678023261370988339e-02
3.091612902649365502e-03 2.567670230630175743e-02
6.573693232048472002e-02 6.015814232753699531e-02
9.613811947224959464e-02 5.681689898695035934e-02
3.566700168592296105e-02 8.480747446194311645e-02
3.214868376560631180e-02 3.296099310482336620e-02
4.021347585428258764e-02 9.277121886379099958e-02
1.274436968744219190e-02 5.773251289969769107e-02
1.571257351256816204e-02 3.061003489871710892e-02
8.731136860958843560e-02 6.297750437831350911e-02
3.652722509336681078e-03 9.842375033374978210e-02
4.299471974895607840e-02 8.913881276289251088e-02
6.254059997069627563e-02 8.383770737055290523e-02
9.629230536502619842e-02 6.757601235089130687e-02
8.565037327274083179e-02 8.350577696416996987e-02
5.949709425747318203e-02 1.928092918852225557e-02
5.592997429549373400e-02 5.232385254110183403e-03
3.669229092852055452e-02 4.647898959054966306e-02
4.544075430467797716e-02 1.020174233624970839e-02
6.885377741794285189e-02 2.131572020557681579e-02
6.222587701740334154e-02 7.368348527504003931e-02
9.117204789741495397e-02 1.270299368346661240e-02
4.644179815172022607e-02 4.381970472288082563e-02
8.204029511808241804e-02 8.156627448598591235e-02
8.859548431298913673e-02 9.926140417430359686e-02
9.638665327049655840e-02 3.472257070152684477e-02
9.015665061161493021e-02 5.352168131734436063e-02
2.271677733695731671e-02 4.379284178727849142e-03
5.489251810210349358e-02 8.430779044152103552e-02
4.767878932827596117e-02 7.258868348963934403e-02
2.489322729598786310e-03 3.911724357643475702e-03
8.595637922933807573e-02 1.811294437193133877e-02
4.345447411580960484e-02 4.964905079305681479e-02
1.079098025326163945e-02 6.053407859570411609e-02
9.185965028083087347e-02 7.722615234589946809e-02
8.911644353592040879e-03 1.003005808919793518e-02
3.828680292926589512e-02 3.560418507098156438e-02
5.722418385682237485e-02 4.108985647353180504e-03
3.948125552264125648e-02 5.688553859601186424e-02
7.536403987832607232e-02 9.704957128400412691e-02
1.910399775739668460e-02 2.923522408804896111e-02
8.644482222221649970e-02 1.670129895966288025e-02
8.012734230989926321e-02 3.387644064360967322e-02
1.758361823662779599e-02 2.632192248558357095e-02
4.394192889749626296e-03 7.790926418233495854e-02
9.853637793473646322e-02 1.707845758049397755e-02
2.704842269363760821e-02 8.265102031438251173e-02
1.842602263448234190e-03 1.372739211117979252e-02
1.889587316547491902e-02 8.119390269003434746e-03
4.222483906437091150e-03 9.971710292004704046e-02
9.250379581119050343e-02 7.320408257435709332e-02
2.541707970661588600e-02 4.893483884667229611e-02
2.822609460003533410e-02 9.390250863541793613e-02
1.259212348602967158e-02 5.684770809871242392e-02
5.943432108694834959e-02 5.057542739866208170e-02
7.996089465292111065e-02 3.286217704137878171e-02
5.593022489606724879e-02 7.758451304836913587e-02
3.075557968958086974e-03 4.764121700425533179e-02
8.026479512361184288e-02 3.384497971608058098e-02
7.267466808081080032e-02 8.650854151720249741e-02
5.544273951832023872e-02 9.874571779021457107e-03
9.299869962089102327e-02 1.801030428444555520e-02
7.655354478628817461e-02 2.832074556807040455e-02
1.667638949246574853e-02 8.710889831742282818e-02
6.028601627941498897e-03 2.147923692813386021e-02
1.339781334873513252e-02 4.098914072973725009e-02
6.355294630007302104e-02 3.464301313867884646e-02
2.649571645693515887e-02 4.319494779510324456e-02
4.134498906020023234e-02 7.266869854560731312e-02
6.573411148968311135e-02 7.144905740013729467e-02
7.988305645509841124e-02 3.518376681483265100e-02
6.047995739545886096e-02 1.523461732460712481e-02
7.056200585823313443e-02 3.310965046174552118e-02
2.208958448034403776e-02 4.747200000425677580e-02
5.684367256042566208e-02 6.497202885531833116e-02
5.354548645976353605e-02 2.881437783683332698e-02
8.390599726424785576e-02 4.251626662659269140e-02
3.540254210288917847e-02 2.431035958420174614e-02
8.285846360054904824e-02 7.089802880560824860e-03
3.728609857953057993e-02 5.075395739733654099e-02
3.014735068511464888e-02 3.737620368535488069e-02
9.989047117137905829e-02 2.319648921327327473e-02
7.585502184653847291e-02 2.450129825552954665e-02
7.612862755735172460e-02 3.991642666972128328e-02
1.944615099265356584e-02 9.144525858803245755e-02
7.467348629923797887e-02 8.177831858140455212e-02
4.932699382597993676e-03 9.821083187860124575e-03
5.090790163201730500e-02 2.468011544531534263e-02
6.618165163131639606e-02 4.772618886381832515e-02
4.138118258483858281e-02 2.901492967190372196e-02
8.130091498789770998e-02 4.259274195259565854e-02
6.518299657329684749e-02 7.240696559945544730e-02
2.098109028141226240e-03 2.568252120752739787e-02
7.197729684140341533e-03 2.255672201865771553e-02
1.599901056462860183e-02 2.070102202963575166e-02
1.566688260882365125e-02 3.258459354167081434e-02
4.770313027141348527e-02 7.193360094597367471e-02
3.189606094022379157e-02 6.303843800347133652e-02
4.200632966568307314e-02 5.797717537702609669e-02
5.053640752210830644e-02 5.739345774755105767e-02
8.902132021191522249e-02 6.126497003110448203e-02
3.844758963061500889e-02 8.526669667209674230e-02
7.047713347707484921e-02 1.042504778971670154e-02
9.953401209787693382e-02 2.024335921276632089e-02
2.602107708981793444e-02 2.039454586766420441e-02
9.289153365704350129e-03 6.043545852504186855e-02
5.387387865471948700e-02 2.114310521621959316e-02
1.510008196684808901e-02 2.783416415451950288e-02
7.048499811383801550e-02 8.597683173151077218e-02
3.953497132801819802e-02 6.824633771432550566e-02
6.955553688469096052e-02 5.574225407518446085e-02
2.997369896612689377e-02 5.105932822011621797e-02
9.462601109060009286e-02 9.552681241307101057e-02
4.008700376184093361e-02 4.597134220354856526e-02
6.353927943665327316e-02 6.305460565920739668e-04
6.342787571593611062e-02 3.611749095011129729e-02
6.447458788900961579e-02 2.111336839979183200e-02
1.648092100853060238e-02 4.751250461658917956e-03
4.168224338026305098e-02 1.266860539647479689e-02
8.757758173515184374e-02 1.006978960495708009e-02
6.104578868609045195e-03 1.876253232313829233e-03
9.568818978648307993e-02 7.317205208040200581e-02
5.816130286536369542e-02 8.443190202600309169e-02
3.229602304182077610e-02 2.787994869034599033e-02
3.051913380615656202e-02 2.462775756051538423e-02
6.144970131700622229e-02 7.624755449244943750e-02
8.834248984573389585e-02 2.541395352777753303e-03
6.402944613990502187e-02 4.977198417670281039e-02
2.348014624661343142e-02 2.664401743503236331e-02
6.379193395811411094e-02 9.284245466550369863e-02
5.792875416811005262e-02 1.691094966822515033e-02
5.574478977381869260e-02 4.457355935888387966e-02
6.415888536087765992e-03 4.538984837962076191e-02
3.995303426022323023e-02 4.059957276556697137e-02
1.287755412991520299e-02 7.271402113021488423e-02
6.672290694296456603e-02 7.403056950875597231e-02
2.509974200703413150e-02 8.096364733850194839e-02
5.442098074602375046e-02 7.541361804056964657e-02
8.639401139485769487e-02 9.200449836713761598e-02
2.105312573699702483e-02 8.489106893847331303e-02
3.143647356816825500e-03 1.684707381751093802e-02
9.834592943252018493e-02 3.947878047276409674e-02
3.016569345934272395e-02 9.822399952819541036e-02
3.354794702513452798e-02 7.462873343357750988e-02
9.917675466207709345e-02 4.678913261998840500e-02
1.444627009644650073e-03 6.019625774484238523e-02
7.342091225750646544e-02 4.452137178788365124e-02
8.579968526748105173e-02 9.988726947727219474e-02
7.255187593010004043e-02 3.915706614761316207e-02
9.361944775619468473e-02 1.611961663367000863e-02
3.898927660695772346e-02 8.771409944986563456e-02
3.124439267660528152e-02 5.634929218273584950e-02
4.498981373150734431e-02 2.883655048786631925e-02
2.169131909238919409e-02 2.260071673230801270e-02
5.633864173796931940e-02 7.383993496807320089e-02
8.932714348120662784e-02 6.220184925643279517e-02
2.410426184665637184e-02 6.643018772056369370e-02
8.613721131613694126e-02 5.115880485087195839e-02
8.010965538036285416e-02 3.930398312883109924e-02
9.571812684540603744e-02 3.232674047525063710e-02
4.799437574341691715e-02 2.361471116338847986e-02
2.337575075668119062e-03 7.331261606114936047e-02
2.892050781696631212e-03 6.015663532622506082e-03
7.804884037700610122e-02 3.751851711973158698e-02
3.441367980759213463e-02 7.612378620565371512e-02
4.900576312679394420e-02 1.191634828677534674e-02
8.467065604823498237e-02 4.419398398563703645e-02
9.958527728872057505e-02 6.213104298810540049e-02
8.032319565430601216e-03 1.247089002900619858e-02
1.829369187646190387e-02 5.420879552211907426e-02
9.192736565514125768e-02 4.416786852195245250e-02
7.798312807752116882e-02 3.643478456874965632e-02
9.083771472797275148e-02 6.837620904875466032e-02
2.041986781929505668e-02 5.742078035395756230e-02
8.309599258786382059e-02 4.904393036539167472e-03
6.820672290753904132e-02 7.443605991474122607e-02
5.344310535122509531e-02 7.773650119395653091e-02
5.886127567959886786e-02 1.295854809492347215e-02
1.920915510663245840e-02 9.608738349728646044e-02
2.435630781095043940e-02 5.743839368726980088e-02
7.881409914836579045e-02 2.145001277225777603e-03
5.462296311885606048e-02 8.278029849744247826e-02
9.754745327982461411e-02 5.925897498891952164e-02
7.345325092363297337e-03 5.193980682985238628e-02
4.934178026311741849e-02 8.092643958423115236e-02
6.663542727387861131e-02 5.018712011861986566e-02
1.975484480508604701e-02 9.484930128070637179e-02
1.890520403609508016e-02 1.050910606836430450e-03
3.202829594681433356e-03 4.123933354051906308e-02
3.896730614832188966e-02 2.815694680152192042e-04
7.443669032541921915e-02 1.220983617256321541e-02
2.903654472528005570e-02 5.334814085568462261e-03
6.233471380554922447e-02 5.734523515400033467e-02
3.994918890766929742e-02 7.308119862746875750e-03
8.875343149956782529e-02 6.032492659417035274e-02
8.149412109823539474e-02 3.124704084801444015e-02
4.825595072455057810e-03 7.676551975765408264e-02
7.435964005852391256e-02 8.375574171602903628e-02
5.529370036114888975e-02 8.382572032565693831e-02
7.654984233554562589e-02 4.431030335561261801e-02
9.642690526797514927e-02 2.340876664713337219e-02
5.329373796897574067e-02 9.387124827548135042e-02
8.816264247562721756e-02 3.159570091130159408e-02
8.684532744624839928e-02 7.627305721385105319e-02
1.006572929702598262e-02 2.984640867621374261e-02
2.399838592939351756e-03 7.795900012666612255e-02
7.980771096591521285e-02 1.716571679888101443e-02
9.068249612046463959e-02 2.902079725396133902e-02
2.617505478951043241e-02 8.865745454616172361e-02
5.187508550015929032e-03 6.227430365361522058e-02
3.575327383150894711e-02 2.033512927474179222e-02
3.532304943823816323e-02 6.103891134868089097e-03
1.178039596153068747e-02 2.626933644439877202e-02
7.852691780763976226e-02 1.560650331964014148e-02
5.642175846599761790e-03 2.801249883869189050e-02
3.777666490554498768e-02 5.704710118609274128e-02
8.619910324236690347e-02 3.421042923480466236e-02
9.576471410721187905e-02 5.229067870892020742e-02
3.077154627355338512e-02 2.118105927627339513e-02
8.317227594960119319e-02 8.701148112372589227e-02
9.250120886528101494e-02 7.548972895567393482e-02
9.881039799556090575e-02 8.862179945141637760e-02
8.389366165855838275e-03 2.079413250618666886e-03
4.284146404924815688e-02 1.169457314397992498e-02
2.040403320446271263e-02 6.357806359908371729e-02
8.443659569024442035e-02 7.594161189261580680e-02
6.661712170946854084e-02 1.127831383135408094e-02
1.334198333538572090e-02 3.436451137671014955e-02
1.354439175679766905e-02 3.981092798118773812e-02
8.443975978678674998e-02 9.155522061294346647e-02
5.861114432002834107e-02 8.227456233911353833e-02
3.261521021973468049e-02 9.398783178978362129e-02
7.798952305950035413e-02 4.754710925193880722e-02
6.420873724858577880e-02 1.998358098130897931e-02
9.625405215417226490e-02 9.187137936483394385e-02
4.949683276382577102e-02 1.304127271942218114e-02
4.553435052980225883e-02 3.102226100636878980e-02
1.608921271326146929e-02 1.537867540315418502e-02
1.926338937837424048e-02 3.209083916424571026e-02
2.678691608222727449e-02 8.560550788903673047e-02
6.119967821108884820e-02 4.382138507648247749e-02
6.294071122341404756e-02 5.609562706658582920e-02
7.911755505239037589e-02 4.747245387092438595e-02
8.004570494805152148e-02 2.343676352508539118e-02
6.097408750696631241e-02 5.246981031303163401e-02
3.768806728025564379e-02 9.572333043890904336e-02
6.135212495516118025e-02 2.582162929982406707e-02
3.127000783454547683e-02 9.365336137659596716e-02
2.728311396290261648e-02 5.748951842591845662e-02
5.840290708692463806e-02 6.852323148158004362e-02
4.845036433219751526e-02 3.098852285828146425e-02
9.949587352821176456e-02 2.335829894051755229e-02
7.827059069150821280e-03 9.801814976485637154e-02
9.159629804688840249e-02 9.487550950853890219e-02
6.189016433619576318e-02 2.199423999383098849e-02
4.247379149301722112e-02 1.339883666530966577e-02
7.504698534980047686e-02 6.907660955096484034e-03
7.329256614179158191e-04 7.948537033937622120e-02
9.430127809341171119e-02 2.655715812848236101e-02
7.965857598067704881e-02 6.812169849683366585e-02
4.047643431752523391e-02 8.129537705362124833e-02
7.098595015781139494e-02 1.297862250227865832e-02
3.946923432485849315e-02 1.057795151365426012e-02
7.393096513082164645e-02 5.452769454014494421e-02
9.191643861999454490e-02 2.501307821719345181e-02
5.900321611454539816e-02 5.236669028703511142e-03
5.934559183614473987e-02 5.622903101275231186e-02
2.151236715941207134e-02 9.915799853187629020e-02
2.560995219349626595e-02 8.617198396072964228e-02
6.552200459932489007e-02 3.919531214249533102e-02
6.916933912594935840e-02 2.579418392928378712e-02
4.637324463070502389e-02 5.655124544694609123e-02
6.619484394565433583e-02 9.816138009941982601e-02
9.144740931567385545e-02 7.447699413188443862e-02
5.111865503276791234e-02 9.931316029350914509e-02
5.930119555311241797e-02 1.657982581893979734e-02
3.359210289618363987e-02 5.396430635838311840e-02
5.063973095549634262e-02 9.790199975916399899e-02
5.414350873993434288e-02 3.527351514659093912e-02
4.956053419666883730e-02 8.925465394875348180e-02
5.493955744648360007e-02 5.396629437844760457e-02
5.103016846829033781e-02 9.372002662114131688e-04
1.707814805454432872e-02 4.753734002390166968e-02
1.196037465640642505e-02 8.926066078507882695e-02
2.323585486358836771e-02 2.200710571339803412e-03
6.382824335707160124e-02 3.408663688112106849e-02
3.186222696776508378e-02 5.267548550480061209e-03
4.251339297497580549e-02 7.256641618635761848e-03
2.410559836164427594e-02 1.582905780209015179e-02
3.289257232201525660e-03 5.174480950211809982e-02
7.362850342384141822e-02 3.094145686494670366e-02
2.167535030183254108e-02 5.174613552800749749e-02
1.116880563655830993e-02 6.209678864370773987e-02
4.534493580305853921e-02 3.636201619455886602e-02
3.462856741451192377e-02 1.839084839246291070e-02
7.250632959188541005e-02 3.122205226216545615e-02
7.303730488831083889e-02 5.507633375488779626e-02
6.718636345160655665e-02 8.799418126052477307e-02
6.682198951482598570e-02 4.107291825367870297e-02
5.572369434917678888e-03 3.398258398603237751e-02
4.768097128631076931e-02 6.863381652752242879e-02
9.600398726170455976e-02 3.650503893200707228e-02
5.334198459229877454e-02 7.521635020079131539e-02
8.779930514281042431e-02 6.937481338208995041e-02
1.957934539865158197e-02 7.937155082509292359e-02
8.352229427400792439e-02 7.321503296092915503e-02
6.640255550073759228e-02 4.376024710790271666e-02
8.989062032472205921e-02 8.153378537957647887e-02
9.056405512568033167e-03 3.582069493737366495e-02
8.435325735598198094e-02 9.350595959151172809e-02
6.910164806349061717e-02 1.480389556737388146e-02
3.496716780110697975e-02 5.705419324482186028e-02
4.912168772834857311e-02 9.089946551140773434e-02
3.535228530580192263e-03 6.266201996518158679e-02
2.271558939179274539e-02 8.990223481695372443e-02
1.722173455283060317e-02 4.306239866301475594e-02
4.524598477913766015e-02 2.396611034456636036e-02
5.061503589264004788e-02 1.261127575130277512e-02
3.033136692415960844e-02 1.182558446677983710e-02
9.337986541113618699e-05 5.762467043931271404e-02
7.839472801724234330e-02 4.162356261309507754e-02
9.870542600415532775e-02 1.833915908175293152e-02
5.513723464021047516e-02 5.920554341533562637e-02
4.425525296319010593e-02 1.764496979940716193e-02
5.681432999983015986e-02 5.157196056402388318e-02
7.263054614393238406e-02 7.325720306176866647e-02
5.081170109909138866e-02 9.373744343350454145e-02
7.084706346373403907e-02 3.091749292144935213e-02
4.318561811813581564e-02 9.496156213883832908e-03
5.810881390837630001e-02 5.256407037890153955e-02
3.091374670701163563e-02 9.015559956944796394e-02
9.745070088051499546e-02 6.048926280928279553e-02
3.586909964171225429e-02 4.435821918526705598e-03
8.305683336466385125e-02 4.702413992943596521e-02
7.622798043208967034e-02 8.914279864222970917e-02
4.572144620809581728e-02 7.104945643419052770e-02
8.973525093573075928e-02 7.490857036690501403e-03
4.937650097656109960e-02 5.982785486553254817e-02
7.480679019235281224e-02 9.125610027697364512e-02
2.391967367672320766e-02 6.538929596938872213e-02
5.873838018741150968e-02 9.655669522394189075e-02
8.579877296915905394e-02 3.188555221852507060e-02
5.383674368145741074e-02 3.227571906181336825e-03
5.564697120559258803e-02 9.701982156658597867e-02
5.085118923275189218e-02 4.707838505156880515e-02
9.073861356430068525e-03 8.852760471216652993e-02
6.085128805229877980e-02 1.501264527480516975e-02
8.062552451061133496e-02 2.873428275679945632e-02
8.480333058666023049e-02 9.027406381964853122e-02
2.622219503359901616e-02 1.388687933038429412e-02
6.816995819952298419e-02 6.954219559499735803e-02
7.668063423604487561e-02 1.418810523095226372e-02
2.855478724440674299e-02 7.365782349225352688e-02
2.482480011369025963e-02 6.182409386122481032e-02
5.023425560965466552e-03 9.344426948809642086e-02
5.299335907544489022e-02 8.000569962592130047e-03
3.229370473004566922e-02 1.364579040071473015e-02
2.441012376067641654e-02 1.292638992109129692e-02
2.802798492159652710e-02 1.963077457073453269e-02
5.073059992934614293e-02 2.645692994797688158e-02
8.743885438999821069e-02 4.659530309587639474e-02
2.390774166036391257e-03 6.454123037765982507e-02
3.772454477794273675e-02 4.852480674129566740e-02
1.139364444040524837e-02 2.257143714216403030e-02
7.862136615020387520e-02 6.726466021964894182e-02
7.334604464532823442e-03 2.132265440707625803e-02
1.844303739915675866e-02 2.935297209655851614e-03
2.936386944345281691e-02 2.720537490408109216e-02
8.516845140791995394e-02 9.296576487991414783e-02
8.957141407222246610e-02 1.090255037289739048e-02
8.789412557956388650e-02 8.878239700621501362e-02
5.240322476985403988e-02 5.186871072358995027e-02
6.464923759807983394e-02 4.947713172891518574e-02
2.867386849758601919e-02 8.331376722090019782e-02
8.149819593964668929e-02 2.627015740629273788e-02
6.889253601276834615e-02 8.412675147140516452e-02
7.719755408836559418e-02 2.993394194320653234e-03
3.228084799174846253e-02 1.914495920091219272e-02
1.962003235994203010e-02 4.169227575727779689e-02
7.794773918618569386e-02 9.071296226652814099e-02
1.478936704609523645e-03 9.899521918218801009e-03
4.524754910419093168e-02 3.660168293828935937e-02
1.124639267556859501e-02 7.189942112952199538e-02
2.753052076671047566e-02 7.872608733170949336e-02
5.171283795066639044e-02 3.706654335829062674e-02
4.809427711760472235e-02 7.716703779891329051e-02
3.641190322026988113e-02 6.307468011724054469e-02
9.498800602532875281e-02 7.889494407263694664e-02
1.207664762293370053e-02 9.438174725737810689e-02
4.299994971930676257e-03 4.230185118514911968e-02
1.017578086396242476e-02 8.329634203576949392e-02
4.885651374724764295e-02 7.282425250839938413e-02
2.545638895747581731e-02 5.132769571857986879e-02
5.741173240385366583e-03 6.714359546768552955e-02
3.023460009790257530e-03 6.433203425182176804e-02
4.215979898112065527e-02 2.093607349121590078e-02
8.934308737843321691e-02 2.068659179109211266e-02
9.596009010216421942e-02 9.088985106001917780e-02
8.374326641243468039e-02 5.652693504140160474e-03
2.437175155928805736e-02 6.402525940889386424e-02
3.130874309832598623e-02 8.998142411236748073e-02
3.635792948474059205e-02 1.990355108705371689e-02
2.825179977891723038e-02 2.106662792862296074e-02
4.852944142589044052e-02 9.639408667991916646e-02
5.691292961551575047e-04 4.563154831843821424e-02
6.481605044410332361e-02 2.668041311974445051e-02
2.798392500455482157e-02 7.733359772993805836e-02
7.653860614488483538e-02 4.542217503214709962e-02
5.334573535922149112e-02 7.589032594934197462e-02
2.947798930251954719e-02 4.758843753592811865e-04
9.872454103906180833e-02 7.373210013332745505e-02
9.484991056774572105e-02 3.831623405913264779e-02
5.845544168434235743e-02 1.711393639599390060e-02
4.041881811398662094e-02 3.075210467863426222e-02
4.403452174848254685e-02 7.906675700958587516e-02
7.132740583768404363e-02 8.459913760166024033e-02
9.283533496739182489e-02 3.083628698596518891e-02
2.108280796880823704e-02 4.215224111275006624e-03
1.374856257041789931e-02 4.045028516177440192e-02
2.965377895786858176e-02 1.469077015564845823e-02
5.791976248445784847e-02 9.019912169569913041e-02
4.077783576133420240e-03 1.640140775336546008e-02
8.983412521620059987e-02 1.759211001870503166e-02
6.609672858023984965e-02 9.723369631785272471e-03
9.177111269318305453e-03 4.590052052133325455e-02
1.706234696843100807e-02 6.180781274090302313e-02
2.379082308689239866e-02 9.756725406252225730e-02
6.283590157221141670e-02 3.940669961610593353e-02
2.375618152949965367e-02 6.179027322217928164e-02
8.454773136499793562e-02 9.775563084990859797e-02
7.500629818345949662e-02 5.664481742269342202e-02
4.163017126569257265e-02 2.387091596776591551e-02
8.908116539879251672e-02 3.105476958093150719e-02
6.367334829372872651e-02 1.229555924239106313e-02
2.832414477525624363e-02 7.812776818597039208e-02
3.226055811783812288e-03 4.965777066467369494e-02
6.528494417957253493e-02 7.871964639063680491e-02
7.638426305938994521e-02 2.378590316674822347e-02
1.117343163501338665e-02 8.845869773108058776e-02
7.595180421574598828e-02 9.447152420587509591e-02
7.899771005969769000e-02 2.676733117513224736e-02
9.770324063537183523e-02 2.356755695682144491e-02
5.041528317802701498e-02 6.038877189757788089e-02
4.423842791974563760e-02 9.368344200943956590e-03
8.712828220246771060e-03 3.622757023931333364e-03
9.129426256658212946e-02 6.026860144766960081e-02
3.774861825463360354e-02 6.219136240217820744e-02
3.685273873095151753e-02 7.527225930190500902e-02
8.467930924902278278e-03 6.550139087112641367e-02
5.589462414485435460e-02 6.246148761643194325e-02
3.639043659519480833e-02 5.464215938567623665e-02
8.886343946593400211e-02 6.300810134806836271e-02
9.788896736807040089e-02 9.911062351281499372e-02
2.892960963370827532e-02 9.054229614195399845e-02
4.570626399903521264e-02 9.113243037733015361e-02
8.171399887682972984e-02 5.963146656273460300e-02
7.724271790413717031e-02 6.293881645405943748e-02
6.492486977194233955e-02 1.094113648483102663e-02
9.754943064551768739e-02 8.199426150991503959e-02
9.568096523446401047e-02 2.719306567398721564e-02
2.042029503241549193e-02 7.336190281027507587e-02
6.176672952404782535e-02 4.715406184706727455e-03
1.973547451966373156e-02 5.841806649435288268e-03
1.227764583325607894e-02 1.166509884048488876e-02
3.946922658707197051e-02 2.396448691421815269e-02
6.429767465641889057e-02 7.065840637547493586e-02
8.331313311310561964e-02 3.238450788218966148e-02
7.201352959471629678e-02 5.947397711596252856e-02
4.722590416432359550e-02 1.786804095858768315e-02
1.976510816896404066e-02 5.055028573525388591e-02
2.147545548808194038e-02 8.886918410097033316e-04
2.623508603836088859e-02 6.864637932761596950e-03
1.218327617178771582e-03 1.617964355853707126e-02
9.580254744968708103e-03 9.822016520276474760e-02
5.433907303171603420e-02 3.758025365017753083e-02
4.145832221460943323e-02 4.449955842712988163e-02
6.336604076552654341e-02 3.485509140170806042e-02
3.067835102327132191e-02 9.055276594908165388e-02
7.399607928272844415e-02 6.925286731257859763e-02
5.230004694104550822e-02 1.836060647555176617e-02
6.792424933133633935e-02 9.512912587716657042e-02
5.029344236840704863e-02 3.846393613480697526e-02
4.007683503944925452e-02 8.128710163292454660e-02
1.757807163106794857e-02 9.482354766230352561e-02
1.741811519304548028e-02 5.747647406921541080e-02
