3.716103952250776610e-02 1.766791024328565607e-01
3.738158037179817317e-02 1.806759044155624716e-01
2.431099526960789348e-02 1.802714976566233140e-01
2.325135149561302628e-02 1.957228788152567400e-01
2.545383281316582202e-02 1.761768124147947701e-01
9.978437610437868033e-02 1.927441885984665371e-01
5.723010576956838458e-02 1.949013952738308797e-01
2.352198599263144452e-02 1.974375338720937290e-01
1.125509123933454703e-02 1.933471993853583815e-01
7.149450530667716963e-02 1.948191193123046672e-01
1.159241671302402299e-02 1.902854823737830658e-01
3.210171603810341168e-02 1.941288432692724886e-01
1.426528629765766443e-02 1.486548382090419063e-01
3.072757721116953222e-02 1.628909801018818548e-01
1.119082497343326654e-02 1.519932612310284092e-01
1.227184850883467071e-02 1.726846430837204460e-01
1.043490930733259603e-02 1.815201991341313104e-01
3.163786924794664834e-02 1.939410560587899734e-01
4.617479036629662525e-02 1.957950082480833798e-01
2.202484952931726969e-02 1.965899009169591594e-01
2.786948527754062876e-02 1.989663272949591111e-01
6.245019919161753919e-02 1.820267515102964584e-01
1.901627900811442284e-02 1.618004409960545065e-01
7.090725429491667731e-02 1.955509180876308095e-01
8.015650245943412022e-02 1.732748112874978874e-01
9.646731608737629804e-02 1.798918448587312202e-01
2.519075776013318668e-02 1.447607270112882816e-01
9.904830752591409215e-03 1.399648411366531953e-01
3.324869680966341390e-02 1.435677261444572306e-01
2.394808825064032032e-02 1.907819464255522401e-01
4.271406388343307325e-02 1.942527291106171949e-01
8.946960535660353209e-03 1.955341229811498049e-01
2.080502530856276344e-02 1.835253403621459611e-01
7.413097542816587948e-02 1.886682323620644253e-01
7.808674349652899860e-02 1.925039402801426158e-01
4.682714484725597481e-02 1.834793699747613305e-01
1.237657600984998219e-02 1.674211387132117368e-01
3.710070246255553483e-02 1.220059838707919786e-01
3.225262649136145798e-02 1.876188516771255532e-01
4.408414143719474598e-02 1.858317133043210223e-01
1.740463759300958646e-02 1.857214349007224596e-01
5.871856052496626788e-02 1.994656966559371636e-01
2.176537460768768195e-02 1.435292458338355281e-01
3.783586886661471915e-03 1.801388422226207764e-01
6.286421216771886922e-02 1.835304954229011187e-01
4.692220408395381126e-02 1.757911343319669140e-01
5.347248373615970385e-02 1.631498569148607247e-01
1.308968860438231019e-02 1.921318420027019469e-01
3.046876193622638507e-02 1.598136065840064512e-01
2.543434714448844502e-03 1.926862895719860802e-01
1.342464787171260276e-02 1.828648517606342727e-01
8.981697801630383893e-03 1.846686401362748198e-01
6.328212781013808907e-03 1.604435196481681647e-01
4.952245932346333035e-03 1.899509702920314513e-01
2.940966401276118303e-02 1.739823688011749026e-01
3.268587814610940390e-02 1.748663169402366879e-01
6.417906937609130225e-04 1.866523116903668900e-01
3.079858199120061313e-02 1.581456523019841853e-01
5.431463000815095477e-03 1.889641796303850318e-01
8.460854668617567853e-02 1.416405334992761889e-01
3.435021255725878575e-02 1.647076234085783630e-01
2.209133038395172388e-02 1.914815214421968781e-01
6.991943285282742337e-03 1.499631025890322267e-01
3.794459863800780930e-03 1.594284240427848998e-01
5.966184210589720038e-02 1.938264353710518195e-01
1.364590572950907799e-04 1.402589053462076629e-01
3.128317870927327382e-02 1.888318989353140465e-01
4.223972081760074548e-02 1.558596432400858323e-01
3.067837837897080533e-02 1.875509901667569146e-01
9.477798054222219548e-03 1.636424396720218555e-01
2.141160067883879359e-02 1.835532959297269118e-01
9.422543259104410041e-04 1.364790229142394118e-01
1.342264646240176607e-02 1.990542056043171915e-01
3.856568302717233721e-02 1.833447101008293112e-01
5.697197934816711218e-03 1.731229382465012678e-01
1.427097523957410186e-02 1.974315639226054131e-01
2.406785498685337643e-03 1.616037158303117449e-01
1.035024391506822461e-03 1.934640016887512193e-01
1.383806161454015360e-02 1.327377044287653129e-01
3.983989278000971135e-02 1.356125272488417632e-01
1.509812851727154737e-02 1.611280900531195659e-01
2.339513274169924273e-03 1.833316752179232623e-01
6.119076650586752208e-03 1.918094573734694386e-01
5.307129755461370557e-02 1.942985831009045317e-01
4.972408261817862218e-02 1.975001204753042972e-01
3.622468051571181569e-03 1.338888079467350778e-01
6.617760349444190560e-02 1.748909422708605499e-01
5.396693241168204480e-03 1.596572153725536181e-01
8.572659834823470604e-04 1.691091413878527128e-01
9.997803546660244400e-03 1.425330032342599917e-01
1.799720692111783649e-02 1.973566009221093820e-01
6.677525580951004791e-02 1.862736278422636449e-01
2.114093003129230430e-02 1.635754375070259670e-01
3.106488630338161139e-02 1.852941500288370902e-01
3.251061105145308661e-02 1.901742706594468091e-01
3.018084172828106038e-02 1.968866697153385248e-01
2.001146316653545920e-02 1.743297763678155476e-01
1.418864604294545195e-02 1.790150819384225267e-01
1.236314404116767296e-02 1.657348267556485455e-01
5.341342328299969466e-03 1.876390624350278147e-01
3.237411469081252768e-02 1.791135168095372432e-01
5.921508950741838362e-03 1.960392693064673120e-01
6.126169699307570937e-03 1.895565322495806893e-01
2.397221697416185293e-03 1.843280144742452942e-01
4.186768560426284980e-02 1.950003029828624168e-01
1.159122493136932608e-02 1.669227898666241217e-01
1.917515204306641241e-02 1.825232543108012973e-01
1.518836234966680632e-02 1.089280450003652367e-01
1.852457530273032837e-02 1.914496958766334078e-01
1.835077841717452918e-02 1.880023457639389273e-01
3.078608056320791819e-02 1.881117235555134215e-01
2.038463834887277448e-02 1.613425474714252905e-01
2.660309615379335968e-02 1.906053724505709646e-01
2.716327102704862995e-03 1.851736820595043520e-01
2.838738290623310512e-03 1.668742100043509868e-01
1.914633954331418364e-02 1.500025861351855783e-01
8.591898355927107822e-03 1.778411532860616484e-01
4.239816554513331504e-03 1.657412920236874809e-01
3.866435261619488584e-02 1.277674331300139299e-01
2.552299210684189079e-02 1.835396158375474096e-01
7.412534710699913987e-03 1.842079272994693318e-01
5.933604660787955565e-02 1.768365910311685552e-01
6.563993736910300747e-03 1.494938016328311026e-01
1.316719678245414915e-02 1.896188564448721969e-01
1.928083241255162950e-02 1.437458820966067696e-01
2.484087104059956586e-02 1.758953870201255265e-01
5.496133485403331687e-02 1.825641264105082318e-01
4.398073842245553422e-04 1.995910439196987296e-01
2.047987178225174620e-02 1.864248241388664074e-01
3.963432968004326762e-02 1.723348098122625682e-01
1.671804527268749840e-02 1.911364860739978022e-01
2.469971347714411403e-02 1.462363029975450868e-01
1.859122759125964031e-02 1.785534375092581172e-01
4.710697682876568981e-02 1.729326841525206104e-01
9.206291097893154474e-02 1.974707410495372129e-01
4.946165990310230631e-02 1.867885824574306852e-01
1.795222997933343390e-02 1.990960167993999219e-01
3.278009434490192220e-03 1.584927212428838272e-01
9.517136823963268100e-03 1.895900446295086805e-01
4.796232990320098422e-02 1.362447759952974957e-01
2.450531455930798908e-02 1.868237290976559883e-01
2.443332397526287725e-02 1.469532387376265570e-01
7.218633811826902225e-02 1.913139563788263109e-01
4.017076245222850339e-03 1.980639444785590175e-01
5.092501415954853172e-02 1.937090295062685597e-01
5.841582078485174634e-03 1.709583773657220584e-01
1.639658752717976231e-02 1.702477268857064407e-01
3.440697924572411193e-02 1.528352609799739081e-01
3.371164098178952573e-02 1.456195897720493626e-01
7.659133608605611654e-02 1.497678876424011207e-01
3.366035099074760062e-02 1.546033202559430331e-01
9.958026917565421243e-03 1.159125507974647640e-01
3.182191724492494656e-02 1.920346537529964426e-01
7.312599200785946385e-02 1.889725996139145492e-01
3.116187009223525539e-02 1.664038946046418888e-01
5.993976337394013587e-02 1.748255458932670425e-01
6.542822454036956170e-02 1.680560904001427991e-01
6.228604058892994733e-02 1.483126475058296201e-01
2.411808834234069332e-02 1.548357345046909028e-01
5.184493214325924804e-02 1.704839099548364212e-01
3.418032653435054691e-02 1.883657488140367819e-01
1.688579106429166643e-04 1.791786755119700869e-01
4.463616413731719135e-03 1.422925108113419768e-01
1.182575262586726961e-02 1.833575213783944502e-01
3.484278990380057506e-02 1.294399462301845105e-01
3.753184608309423353e-03 1.709590418684135971e-01
1.478108921210219417e-02 1.332214297450456941e-01
2.800300746562983667e-02 1.960600444696088962e-01
2.803393284695809839e-03 1.946697900398253189e-01
1.189016810817389302e-02 1.965209363309757817e-01
5.490208816878294762e-02 1.966864303459462393e-01
4.680023034948638250e-02 1.659326447096849400e-01
5.979982623546820086e-03 1.963614687738004516e-01
5.559350007504815228e-02 1.687687373753666842e-01
2.260388858885320484e-02 1.937193539430566158e-01
3.620142785873536884e-02 1.510575212460477657e-01
1.281852238717440251e-02 1.837920203174884248e-01
5.917036001601316819e-03 1.391132699071085943e-01
5.334248251734063917e-02 1.896879745896912217e-01
1.635152614272128435e-02 1.890813654187190052e-01
5.809965695405255870e-02 1.640546622237909480e-01
3.751652960903423262e-02 1.993766594696289030e-01
2.999047263240556260e-02 1.890752533277857417e-01
1.950317544034152473e-02 1.973896927104603627e-01
2.102726514763153531e-02 1.465395241639273483e-01
9.779578089160095855e-02 1.854147199442505167e-01
4.545658033354293970e-02 1.745542382730603803e-01
8.843539972265501703e-03 1.705654729554062499e-01
2.345231685866666638e-02 1.698283547620409450e-01
3.335620705186631563e-02 1.614625949008942074e-01
2.976980046819999171e-02 1.874231408387078135e-01
7.194795039421580940e-02 1.917839749588636789e-01
7.124441976691509026e-02 1.637830896933540892e-01
1.151673372848482924e-02 1.989091972743849412e-01
3.127885382075701326e-02 1.802538239094448880e-01
1.625699467769692319e-03 1.526322210135846458e-01
1.680810238469310214e-02 1.762682799728236827e-01
3.423362997216844450e-02 1.340465831588065759e-01
1.405601868470973681e-02 1.567456071038368925e-01
5.296219909696531225e-03 1.947742074166129989e-01
1.856122110999169905e-03 1.757538074538753659e-01
7.169414122954131940e-03 1.591940676429256518e-01
4.554362495593489157e-04 1.654191418399829638e-01
1.983945737692177635e-02 1.432044459712672468e-01
5.672860013071989727e-03 1.384838724219474848e-01
2.934206332065325551e-02 1.961526313620240991e-01
1.777487542351419147e-02 1.495762651665005771e-01
7.397356675504918044e-02 1.554092508895899005e-01
2.225866364758105620e-02 1.990171707247571087e-01
6.746375308971641616e-02 1.950699231663877153e-01
6.593149039325618688e-03 1.843107463545768931e-01
1.288550070611793608e-03 1.607247241783077429e-01
7.527735415640557370e-03 1.408817390077579113e-01
4.058255073173056005e-02 1.909449221382522044e-01
1.307857760039532469e-02 1.808685522949687874e-01
5.950376272566126890e-02 1.912005143863848566e-01
2.604037515988588680e-04 1.953695685790212133e-01
4.618476457780129607e-03 1.367745658506839268e-01
5.926602517893897470e-03 1.750921346583684812e-01
4.557748977401326895e-02 1.913684919322048428e-01
4.106318174404016696e-02 1.803863564363632488e-01
9.115015982758245539e-02 1.961820486450398526e-01
2.594894164880234833e-03 1.820714915363575992e-01
3.844239590760634151e-03 1.894188148732552923e-01
5.266233830068550725e-02 1.897826506774193955e-01
2.076541649024943315e-02 1.813327601693742741e-01
4.871370706728767042e-02 1.619646016931968191e-01
1.589885579409133776e-02 1.923672981297497309e-01
4.102662028090020563e-02 1.666987297268279766e-01
5.872863119324778225e-03 1.983515275389535759e-01
1.272793000823457810e-02 1.971799726457220681e-01
3.291525006951356858e-02 1.843296947889431214e-01
6.670036174468219059e-02 1.865369620267157691e-01
6.022824083947847518e-02 1.611504909975093325e-01
1.608311535876016940e-02 1.980847182203738788e-01
8.749232033471349146e-02 1.256794119112688568e-01
1.661638276165178230e-02 1.756065797468665535e-01
1.456126110192734746e-02 1.733378335199553533e-01
7.276689293633648026e-02 1.854953248988814307e-01
2.772360798808887195e-02 1.871613473698494623e-01
7.818509141921720085e-02 1.894212794988999748e-01
4.825528141343499167e-02 1.926847206595094786e-01
3.641257451681978452e-04 1.767293566893557433e-01
3.342266203555432913e-02 1.872856744164348441e-01
1.182699502707107442e-03 1.019585727445059264e-01
7.364088250041456174e-02 1.759326686120830097e-01
1.288018906001120456e-02 1.966040425987307660e-01
8.769085021518296941e-04 1.672694766650504317e-01
9.260369190522976801e-03 1.967718135793443679e-01
8.878450907935708791e-03 1.699350189541229961e-01
1.393149345448441156e-02 1.541919041560387837e-01
2.629753529908362975e-02 1.868200810304105897e-01
6.747574044772663981e-03 1.798014666807364881e-01
1.008149340859643139e-02 1.157993055502942736e-01
3.400696800447677859e-02 1.964196080611557704e-01
8.589853732015301224e-02 1.965033444643202731e-01
4.114159330513733615e-03 1.487020690243490151e-01
1.195778665982194511e-04 1.891749936646202057e-01
3.590333268300449632e-02 1.711301678240356727e-01
3.097546163344522263e-02 1.904131809996628677e-01
5.557428291883725890e-02 1.733653339887629707e-01
8.510060935163205054e-02 1.979593798343418642e-01
1.660981796501359575e-02 1.488572673475442310e-01
1.020408025446839506e-02 1.964008863689064022e-01
2.647861201000711873e-02 1.869759275139687427e-01
1.454540625194555847e-02 1.834765309968147129e-01
4.054931474189371610e-02 1.526632651793264905e-01
5.463506510936189109e-03 1.800196436207264217e-01
7.995170679194557595e-02 1.138696924141406885e-01
1.448879728358587471e-02 1.517142477742523532e-01
3.201604062546170582e-02 1.339542997882900988e-01
1.199503254973866007e-04 1.952734908299342820e-01
1.673519740629758612e-02 1.375217931322200160e-01
7.010489632650940273e-03 1.936519142436921026e-01
1.133973443025493300e-02 1.783096202994283175e-01
5.622422921847980426e-02 1.791732385695381513e-01
1.888308393611187741e-02 1.553982019928785707e-01
2.076550316409409014e-02 1.842101578999556510e-01
2.432645495162838456e-02 1.523015787679322663e-01
1.470259320835010097e-02 1.822000583528543549e-01
2.186542819628101153e-02 1.705730454540382857e-01
9.868608224117059180e-03 1.873864681251781183e-01
6.255454549678890475e-02 1.723515503896015932e-01
6.804564205759294770e-02 1.937337933551485092e-01
1.407010451605095191e-02 1.427751082326974563e-01
7.432620597309219646e-02 1.919212734096812367e-01
6.288323625840419595e-03 1.337477936818374236e-01
5.590280233164324208e-03 1.309224101789487893e-01
2.718737403717413903e-02 1.878476356808177483e-01
1.557498674204826905e-02 1.496872988009140260e-01
1.221019665358369366e-04 1.525109197198589728e-01
2.036846758628579890e-02 1.951249539796475752e-01
2.088420641080168672e-02 1.902631932064295928e-01
8.735542032561310899e-02 1.810127655900436450e-01
2.218000923466006968e-02 1.768767433133193734e-01
2.452424179179013564e-03 1.542725140385360350e-01
4.631779085779536009e-02 1.446031338838364988e-01
4.298381858148048185e-02 1.541138595881316187e-01
7.702731379940314094e-02 1.986263050515271189e-01
3.170790925991195941e-02 1.926684415565901309e-01
1.975434544111043245e-02 1.906538351959572442e-01
5.612591770016556181e-02 1.696603983398300430e-01
1.148102876888046353e-03 1.950561592593216265e-01
3.296697346485866209e-02 1.783607544217115093e-01
5.463788620018827924e-02 1.808776282267864355e-01
4.003934150371146750e-02 1.972711364984641724e-01
1.370933452569689237e-02 1.862637687930438490e-01
5.788248345078406132e-03 1.919756474126211865e-01
1.314073682929106646e-02 1.298835328755822971e-01
7.811644737901968227e-03 1.822489753524917377e-01
2.659096153502460425e-02 1.764878934538696154e-01
7.452419964179779477e-03 1.548803408026313555e-01
3.818245816441523388e-03 1.938975077686874160e-01
2.933561885665525448e-02 1.831524595135058942e-01
3.071933035999607764e-02 1.303951240646417098e-01
5.145046687183529865e-02 1.609861011988207302e-01
1.419423717675138974e-02 1.432339711977974606e-01
8.394434930893990288e-02 1.896866319990797578e-01
3.753508506181552073e-02 1.902136625422353733e-01
1.480374146998331142e-02 1.882801040245868363e-01
4.960429429836782367e-02 1.839078057088316953e-01
1.475652505971858375e-02 1.816199334057958525e-01
3.820226499228496220e-02 1.231312768087328147e-01
2.265623652191223192e-02 1.093747969895426664e-01
1.448333097589493690e-02 1.547914544170150286e-01
6.142345015879457915e-02 1.298526158195952851e-01
4.451321126150942220e-02 1.943711975677356874e-01
4.008719824110240637e-02 1.793722978058385209e-01
5.845872598256524055e-02 1.863170214530962543e-01
1.466671451791135006e-02 1.709836145286688369e-01
5.599517575925511137e-02 1.367217212604240340e-01
4.780168223963726648e-02 1.929940866073017736e-01
1.889001547215418686e-02 1.811819672505965428e-01
3.116391004450380642e-03 1.925296513708002477e-01
4.202144242671407293e-02 1.926686430396096217e-01
1.274841424960115877e-02 1.988401829443893210e-01
1.041158236017591943e-02 1.534173977900257224e-01
1.548787355847291991e-04 1.455210008515935849e-01
5.301626207381282541e-04 1.610878934498654047e-01
2.375217941226331897e-02 1.966041871154021736e-01
9.709229626742033048e-05 1.453934127181597535e-01
2.040516074981174599e-02 1.564592939334870092e-01
5.366717821500555097e-03 1.829971549241274920e-01
3.560543889305312071e-02 1.869698476697727596e-01
3.313508619287147683e-02 1.759794561647183286e-01
7.117704376106298580e-02 1.846123046749171825e-01
3.998286777849252571e-02 1.676981537256941879e-01
6.902838057714966169e-03 1.985069417419790261e-01
9.880697087077727758e-03 1.842963442284608622e-01
2.368744145695989012e-03 1.890060967508672141e-01
3.772568527331054966e-02 1.245519097881973014e-01
4.260492506028468185e-02 1.468031765056578841e-01
5.641551097044733565e-02 1.251332983863703285e-01
4.065025475601252714e-02 1.809304061483495429e-01
4.331829755984867303e-02 1.932922445756445340e-01
5.613498705095026908e-02 1.873708622015070047e-01
1.707471830305840044e-02 1.827076348833777120e-01
3.322535162254952601e-02 1.661629561833397606e-01
8.270743566228616617e-02 1.806767491611636078e-01
5.025667234104147507e-02 1.775741656644725941e-01
9.058032859752263022e-03 1.634537501223963796e-01
1.802106344062304188e-03 1.711667981055630117e-01
1.283267226648243664e-02 1.542675071949819454e-01
1.487352740180269972e-02 1.812848125733113047e-01
1.539299939460125888e-02 1.551471408241102967e-01
2.864072559262070827e-02 1.843119819055570874e-01
4.208413516047598835e-02 1.575600799163907606e-01
9.807187356586033466e-03 1.787971105129304572e-01
9.518318136014003450e-03 1.803301861945176832e-01
1.485638394441624044e-02 1.604170279816520273e-01
2.803335187368138914e-02 1.864215527650896487e-01
9.575940406010285955e-03 1.306238566880348895e-01
1.566902421017979385e-03 1.244355458061001674e-01
9.551610810464516987e-03 1.844205199069746115e-01
1.671826609808446662e-02 1.599905765803364410e-01
5.865380269357584053e-02 1.945715172009750971e-01
3.259831382264727351e-02 1.832531116290099238e-01
2.358108310469564373e-03 1.136418051277385821e-01
2.233193155960766507e-02 1.760483287664188490e-01
2.428742166766068022e-02 1.576701072110306967e-01
7.562758773167282955e-02 1.929557691129830665e-01
3.346682495318470396e-02 1.756775350410616499e-01
1.455873998070689179e-02 1.978251055484872012e-01
2.570537237918862905e-02 1.757424584023675740e-01
1.063844621512577415e-02 1.928210127570524346e-01
8.228384803405153214e-03 1.622177379026503719e-01
1.132575142969449722e-02 1.848892732168260222e-01
4.016479697110714175e-02 1.648102905540698160e-01
3.786984242061902650e-02 1.952709059694275329e-01
4.786958083888959159e-02 1.630815238489907726e-01
1.815259218080567116e-03 1.273341040581832395e-01
4.350918450490526279e-02 1.791912746801302969e-01
3.510880875609234675e-02 1.845696595382280147e-01
5.296169873762246461e-03 1.773172911939081553e-01
4.475839503648826323e-03 1.607051366436840212e-01
6.123890003192800080e-03 1.887777975521784946e-01
1.822591679825574795e-02 1.900867857412484874e-01
9.341108530766084606e-03 1.861588618482040713e-01
4.647335454543050082e-02 1.941358310613766625e-01
4.585841885199282153e-03 1.346429901927080897e-01
4.204805652574339359e-02 1.407221712504970190e-01
6.235115712515693076e-02 1.572747364426767547e-01
6.356867984369096725e-02 1.859948531254991266e-01
3.224619162428332686e-03 1.384402846034964440e-01
1.230235274337299067e-03 1.828134705513890790e-01
2.846136315823644125e-03 1.554080620479092456e-01
3.816687638478266642e-02 1.134140941033183747e-01
1.187656230722122785e-02 1.997570025119097537e-01
2.337055474718546799e-02 1.542261413356973421e-01
3.607252678895528364e-02 1.770103200133026355e-01
2.052884260296261587e-04 1.896381231999465511e-01
9.936764762144001395e-04 1.487594959269955552e-01
3.173687969562266620e-02 1.806315207832781544e-01
2.104725832365827998e-02 1.871414700100801909e-01
2.262785524422922245e-02 1.735548695832601629e-01
1.792778698348362898e-02 1.806283768410762436e-01
7.107075463405537752e-02 1.770894654281498504e-01
9.208956305850057866e-03 1.583217638180132170e-01
7.921334485332387487e-04 1.858972720836769010e-01
5.622400579557124134e-02 1.902350790551569082e-01
5.351145107235372178e-02 1.814283345266822778e-01
1.972272674277553151e-02 1.753887717868948259e-01
9.033735051413405159e-02 1.969543248446834482e-01
3.374288068150765874e-03 1.788884215775720099e-01
2.100171123653127303e-02 1.946313058554570707e-01
4.972740830371591425e-02 1.919963605522284622e-01
1.930144659810784091e-04 1.777752257994293927e-01
2.446899071728297903e-02 1.796562640259636856e-01
4.754684430277389406e-02 1.610232896702553651e-01
3.619485282417067573e-02 1.940398937711442784e-01
8.916984102663283451e-03 1.785312121901304616e-01
4.693610612943599492e-04 1.549721301887536651e-01
2.430940290435545936e-02 1.571497710028740835e-01
1.198065952331739403e-03 1.898352101241699286e-01
6.198562437846888429e-04 1.569685271008179894e-01
5.869616148161277414e-02 1.989175080733788237e-01
4.481184798710868833e-02 1.689211462165081112e-01
7.006310881783411881e-02 1.524056909795602488e-01
5.120628889408340711e-03 1.925613111715523962e-01
2.528585227884183606e-02 1.856392635465831109e-01
1.937859780167766610e-02 1.891577475899104410e-01
9.722480728970861463e-03 1.781343232880853167e-01
9.262720462337226124e-03 1.194585726495094313e-01
4.859713347207977874e-02 1.907028513263799852e-01
2.843724389397900287e-02 1.362626993209998805e-01
2.554680574970052964e-02 1.837098532753579372e-01
2.143107235881869244e-02 1.635602476730604327e-01
3.078343572632608049e-02 1.656514285454327995e-01
1.846054707050975852e-02 1.315068805021392118e-01
1.765668506659856529e-02 1.624416748685463263e-01
3.923667856156581868e-02 1.327611212902808369e-01
4.970358620725939813e-02 1.667507626643542906e-01
7.250870983846691153e-03 1.886511481877367613e-01
9.373306327575708918e-02 1.693185460269939213e-01
4.676858793494997890e-03 1.957467519589189964e-01
1.956678645419029916e-02 1.756770441403634475e-01
3.942696929442096598e-02 1.752650109074073148e-01
9.155534321650837803e-03 1.782446952314142852e-01
2.496811386439845570e-02 1.924363507176297672e-01
9.396916437128477462e-03 1.939430281623680807e-01
4.801444676110877552e-03 1.674952215316709569e-01
5.044488941115643499e-02 1.800394372086167039e-01
8.227646399916022091e-03 1.903256524499385982e-01
5.134658664705066267e-02 1.886664913261349996e-01
8.269197728744126508e-03 1.712240364227193279e-01
3.386121520821050446e-02 1.300025399390353220e-01
4.121910180805449242e-02 1.231379106817465097e-01
3.519980616668666462e-02 1.867250702294209752e-01
5.584995205415155262e-02 1.860240816498203165e-01
5.233929938905057533e-02 1.441789802625053907e-01
6.859432031651568895e-02 1.316367177846588243e-01
7.904253552528073268e-02 1.573340643300880914e-01
8.518190018782989537e-02 1.351108529759030008e-01
7.431742495956994432e-02 1.464463319427860566e-01
3.710649601848214907e-02 1.061464797200494803e-01
1.584650547411614596e-02 1.907816619228934751e-01
9.060719879055734172e-02 1.383045823323617307e-01
4.100389944151272559e-02 1.294563222640079114e-01
2.210618515601414646e-02 1.023177667061442031e-01
2.317057142602729769e-02 1.418863321166893288e-01
4.076775694726186838e-02 1.978146613215050753e-01
3.300834397766960748e-04 1.001752357300011442e-01
2.289341080106555015e-02 1.554719670887785288e-01
9.796779629779950316e-02 1.566916539285322374e-01
8.931665044577974388e-02 1.379106935953115509e-01
2.934823470063818718e-02 1.754719550696719199e-01
2.923025256932365590e-02 1.100076724072988621e-01
1.232033252709097138e-02 1.236431342211580520e-01
1.344553033959838828e-02 1.646028357533761144e-01
6.754025993302625874e-02 1.629050853539545929e-01
5.149487856034906663e-02 1.171318578814800893e-01
8.322711570206364762e-02 1.917539695204803496e-01
6.313828478190797178e-02 1.167534426224328403e-01
3.321651643648848573e-02 1.378226622787288302e-01
8.837213569262913904e-02 1.612009702797782829e-01
3.892736078753789020e-02 1.347196103137408840e-01
2.069147730016596132e-02 1.117712456440119184e-01
2.762466869894186772e-02 1.407417186048379454e-01
2.792968216280888871e-02 1.471839682060502585e-01
7.720213639545048245e-02 1.982083910069993293e-01
6.001280395450514504e-02 1.265825684619013292e-01
8.916467775551906172e-02 1.215951288062511737e-01
3.271846900998942598e-02 1.828919343638232831e-01
4.924316942954398701e-02 1.256211401064377398e-01
1.634662525981356307e-02 1.290247867058252063e-01
6.377417356745951338e-02 1.113552164268634126e-01
7.076356788911797313e-02 1.006109379434034778e-01
5.407371925697856963e-02 1.180123356595041972e-01
2.683442290657522822e-02 1.725361261294218740e-01
2.668129075879877021e-03 1.317146879424638817e-01
6.857910783907406049e-02 1.311562253306709502e-01
6.676091486277524467e-02 1.422661492074611955e-01
2.128489058904825537e-02 1.403200137284286442e-01
1.139515940383573067e-02 1.128148902649866725e-01
5.015881287906021058e-02 1.051691600293037099e-01
8.578193845497572578e-02 1.818252973914945558e-01
3.669576611959257662e-02 1.540653626824156353e-01
4.996949367444381007e-02 1.099313387112866858e-01
8.873220402116122063e-02 1.970271607363393851e-01
5.864547544833842441e-02 1.046421855363933728e-01
2.213852179493669414e-02 1.681984279190190112e-01
5.060285281512288957e-02 1.713997047099526938e-01
6.807120383638265437e-02 1.257811302345858417e-01
3.303046360346661992e-02 1.484258108871962245e-01
7.206210935447421306e-02 1.541468518938902965e-01
8.994568999180896363e-02 1.075374070133457149e-01
8.590151480343566348e-02 1.662814318087419974e-01
9.167480656940851791e-02 1.023388892485265489e-01
5.345412038539543165e-02 1.559798016427635936e-01
5.106194787458118167e-02 1.380611519998066472e-01
7.494230964733872291e-02 1.121921326443262867e-01
9.357184449889188738e-02 1.073480935940530900e-01
2.094425603956551196e-02 1.792988821085145790e-01
3.424486209118082769e-02 1.764778649263253896e-01
9.854406036323914986e-02 1.660206403777866602e-01
1.649479480315718671e-02 1.271482970217984454e-01
8.716757244380946013e-02 1.152529944052864963e-01
4.522996036848303536e-02 1.376532059332808977e-01
9.431003303227880608e-03 1.488604529237306240e-01
8.137269498591115369e-02 1.486578362887612248e-01
7.068957385684870864e-02 1.398011682187493554e-01
9.561329370714233278e-02 1.219949709598871779e-01
8.125776399044437603e-02 1.689126307108077818e-01
2.031870792780532398e-02 1.632204073867506433e-01
3.472600925652036263e-02 1.775889152449217356e-01
7.887330068215847589e-04 1.760056370792283664e-01
9.916907994548995742e-02 1.459586197274005404e-01
3.706573367275811659e-02 1.815373154773737840e-01
3.469971128350268774e-02 1.906721551993875718e-01
5.049931080201930378e-02 1.573223011049514619e-01
4.828133636301479292e-02 1.427825919001404487e-01
9.421733370793783369e-02 1.885586078456978065e-01
1.932416273119597072e-02 1.776668049710410091e-01
1.439087594214627508e-03 1.455383503736454309e-01
7.355212231727992211e-02 1.595728046721947846e-01
5.499549896254463111e-02 1.779948445932380274e-01
1.301863907767664141e-02 1.058107537396859033e-01
6.651004786836722804e-02 1.048985872523266749e-01
4.181510227869311702e-02 1.898817493537222623e-01
4.795772589549274212e-02 1.511907728576252496e-01
7.165651651240023678e-02 1.054212762452310659e-01
5.222189845309821443e-02 1.031967225839645896e-01
4.949121355125718491e-02 1.857960037200389047e-01
2.452404409988340195e-02 1.551850900688110102e-01
1.348581784550006990e-02 1.061855657653333895e-01
5.842158613950176882e-02 1.933802658131520968e-01
1.827360791510335147e-02 1.051305441215201475e-01
7.774201356257204321e-02 1.040177739480086516e-01
7.644386958604054705e-02 1.691628393095124250e-01
4.936646888737405980e-02 1.183299278640681240e-01
2.313425447878958430e-02 1.188170952452347884e-01
5.792722474178180203e-02 1.117084846138181597e-01
9.965625115862952743e-02 1.047961980210165012e-01
4.326617697483414737e-02 1.611044847393578172e-01
4.340675813317496079e-02 1.288142626278348801e-01
1.664637582268602145e-02 1.158000146211479731e-01
4.509075130016915178e-02 1.267103678687159785e-01
5.965946310319558687e-02 1.384669410194542261e-01
9.670820648510847217e-02 1.011386630773469242e-01
8.743816599899623121e-02 1.983181523999787976e-01
4.453663186623912917e-02 1.869139792953818380e-01
2.134069810378724785e-02 1.158530249102718845e-01
7.841981756949556459e-02 1.281686937983065044e-01
7.224882677662192165e-04 1.365176824501279085e-01
9.108786743472241376e-02 1.302202107209552984e-01
4.239929489379057337e-02 1.146196422816682936e-01
7.133066017603506559e-02 1.260033418484717005e-01
7.954670123500151568e-02 1.796731842580299721e-01
1.545836763078090037e-02 1.281627966707614141e-01
4.761362684483239072e-02 1.784224311318438616e-01
2.831869639952555584e-02 1.045967819860010584e-01
2.697944505884053434e-02 1.467904363728861905e-01
5.454671363401208950e-02 1.392618686031142083e-01
6.457062723501882928e-03 1.950865594018246219e-01
6.648652097644336401e-02 1.785616237523715566e-01
4.264432189791900196e-02 1.479702160116043164e-01
4.836557244497263763e-02 1.925106490873729759e-01
9.837726044421346572e-02 1.217933591334342258e-01
9.341519808460263530e-02 1.951807561469190988e-01
9.963409757662111677e-02 1.807209811838272895e-01
6.805406605137254150e-02 1.118271898697245914e-01
9.059927743559303970e-02 1.351092142203844104e-01
2.653537120308468999e-02 1.338495520725162813e-01
6.054902821610830266e-02 1.716177111105815500e-01
2.190638630797292485e-02 1.145184722862848670e-01
8.161380437472920413e-02 1.011876311895133773e-01
2.593204911597990492e-02 1.413095227132502851e-01
9.296129646292339288e-04 1.924836214538771517e-01
5.666875097796453264e-02 1.943660854252894366e-01
5.623813920050124704e-02 1.056226631339671485e-01
9.571562882920159332e-03 1.498029912275300191e-01
1.413917132913267150e-02 1.734747565766833199e-01
9.663080594589601446e-02 1.633276105567588732e-01
7.478349337542999908e-02 1.838277607013864001e-01
5.991294518677903191e-02 1.598333741386596674e-01
4.817466964206340574e-02 1.957860148478896833e-01
6.844463973206449392e-02 1.523071952405105345e-01
8.045731042528481147e-03 1.165679859252733153e-01
5.581825374574866938e-02 1.650297382766302001e-01
6.364860142063066828e-02 1.159480464670915312e-01
9.580619337770102106e-03 1.151877509988861736e-01
1.154161429563138608e-02 1.498553496027349441e-01
5.647833649731748284e-02 1.141637154830072720e-01
7.715843808874178755e-02 1.516680461120581136e-01
6.755698033126855684e-02 1.097214889962230544e-01
5.079391801351751390e-02 1.268591084084148279e-01
1.264748419734829099e-02 1.962674201453648570e-01
8.071660986390183368e-02 1.042058767793517804e-01
2.068875298057126777e-02 1.304004874956553317e-01
7.891700781405419640e-02 1.139325087912559098e-01
9.332445304674352737e-02 1.945063728970341799e-01
6.759301954292928905e-02 1.078962945290499464e-01
7.760919563154522471e-02 1.049294290610153502e-01
1.108937266774978614e-02 1.485793905742025245e-01
2.623348234969935522e-02 1.788598265237045237e-01
6.819638477414180500e-02 1.010866789879952821e-01
9.951088620612347224e-02 1.327300875871466057e-01
4.168845356834249838e-02 1.551646038144012807e-01
8.077678990711767426e-02 1.404629950873512723e-01
9.763590124502852241e-02 1.529948526494560868e-01
4.594439087493662477e-02 1.177493951203680000e-01
6.232515288842199741e-02 1.239811519682719743e-01
5.819212222138769874e-03 1.550329662848334844e-01
8.643970972902703664e-02 1.129274454777408065e-01
5.865920633408450158e-02 1.105980041635833133e-01
1.148059127185019346e-02 1.862332342758774573e-01
8.153583685392384872e-02 1.226563343773114101e-01
7.019133982324565757e-02 1.724920102024466440e-01
5.922880819529652285e-02 1.263957860692889734e-01
6.185019701791227842e-02 1.477024152067950569e-01
7.786446466084884221e-02 1.958354982356702578e-01
9.985959987167958296e-02 1.960555146491115841e-01
9.960265524731315434e-02 1.042273210652667481e-01
9.463328896744194196e-02 1.075343598355184560e-01
6.136553090517216091e-02 1.151740714423708511e-01
7.423460283255767234e-02 1.949680787107557767e-01
8.903180694675305595e-02 1.977630565500007598e-01
8.457002525135770554e-02 1.871733244696601184e-01
5.892712389232035441e-02 1.134753336468972695e-01
7.487712931123824411e-03 1.686897433540871238e-01
6.010399984887215830e-02 1.558772117477993657e-01
6.283409505768000614e-03 1.961706016961381194e-01
2.541852883436346300e-02 1.817953336451712254e-01
3.067562400662782185e-02 1.385399763547393859e-01
2.573460805669181006e-02 1.084349250037012768e-01
4.099676553281639269e-02 1.226587802879683387e-01
2.755650842169266035e-02 1.300478390677128060e-01
2.497576386840050233e-02 1.099261318949302235e-01
5.739165839298543403e-02 1.511017301023229453e-01
4.275429223994575700e-02 1.852700892603752481e-01
1.564420484247841525e-02 1.375862989368734357e-01
2.806136540131753954e-02 1.966896232957162094e-01
1.290721962378138521e-02 1.952380053724512288e-01
2.552940831799244137e-03 1.845599976449184831e-01
9.422300737539435200e-02 1.587517016253088553e-01
4.605260903881958079e-02 1.454746829288909860e-01
1.831417226700382539e-02 1.981335631088633753e-01
5.766941418518622964e-02 1.669422288222476847e-01
4.292032841984394498e-02 1.203418247900478466e-01
7.103534651255949406e-02 1.305886400604652775e-01
5.559063517911866370e-02 1.353577239242473029e-01
7.716019040699961806e-04 1.062195469352235078e-01
5.959386263954635776e-02 1.420985821137426552e-01
5.779629422233389935e-02 1.042215192272602509e-01
5.841941333640465750e-03 1.063593364043530498e-01
9.909966328509023370e-02 1.648445422105747349e-01
5.647814004294549051e-02 1.246834060319118032e-01
3.753335401325363918e-02 1.927913239954407998e-01
1.168541586638471852e-02 1.676236628672995721e-01
7.701818498115675649e-02 1.677064524564252646e-01
6.106713590504653233e-02 1.413375324588617143e-01
1.772004855249598165e-02 1.044512435973460607e-01
9.969428675305147536e-03 1.151892869847593870e-01
6.393245116336909728e-02 1.531507376571980272e-01
4.606953790282586336e-02 1.789726684007515722e-01
4.639352591309964247e-02 1.700368164313891262e-01
2.648131589215574344e-02 1.682850231504155469e-01
8.147592145118287554e-02 1.826243979632144743e-01
5.260140551374603568e-02 1.284269786281480030e-01
8.374516426478928466e-02 1.662628642346709040e-01
9.523883108814845677e-02 1.441647827565530615e-01
2.877627318280817637e-02 1.552523604592704609e-01
8.723841493230932720e-02 1.864843817601688214e-01
8.706424680894231383e-02 1.593519415111857018e-01
5.408334700953032481e-03 1.896917634225207538e-01
2.692494301242054355e-02 1.143387323575672798e-01
8.816956083104410258e-02 1.957961700546596573e-01
2.328628392807563507e-03 1.259449561469707102e-01
5.662080014831905039e-02 1.565706279403119017e-01
1.813773717901812077e-03 1.861254507575710315e-01
6.087301704604430874e-02 1.713636263087444933e-01
5.784988521121992022e-02 1.790684268544537883e-01
4.347645093921981285e-02 1.688798745487838926e-01
2.101719112093369812e-02 1.727598993572290464e-01
8.209407242923538739e-02 1.450832767749913876e-01
5.496916372478577451e-02 1.088523698829273190e-01
3.572098242068566520e-02 1.890905804906307663e-01
2.837099501980921978e-02 1.310835096910295539e-01
1.863157143353444400e-02 1.024916365885158998e-01
6.465642435237084484e-02 1.816707562842110324e-01
8.388049296148558653e-04 1.881092634520123985e-01
7.502455924002315868e-02 1.905757659649988944e-01
1.688460911055800207e-02 1.685352701516533713e-01
3.682529210099361183e-02 1.390517445367603355e-01
1.577207113329903709e-02 1.039912632533659675e-01
6.633605954062049559e-02 1.248842853540690356e-01
3.810018928718139630e-02 1.423929054035618369e-01
6.811902061258545693e-02 1.217008897937237877e-01
6.755876178748954075e-02 1.133664178421932012e-01
1.083781633018032764e-03 1.297960313376720631e-01
3.652983330585501953e-02 1.333702788695976249e-01
1.224966435181507052e-02 1.363226112386334288e-01
3.369402156097933698e-02 1.016372628289331503e-01
6.773488479474476520e-02 1.627683229058256020e-01
2.282056653926189949e-02 1.844799903382696726e-01
1.337193605917874617e-02 1.849353560593120505e-01
3.663730932561970466e-02 1.939308552149669185e-01
3.226847799293774965e-02 1.876774469322148309e-01
5.216847017080872284e-02 1.887404676241472568e-01
3.362159613950166381e-02 1.569890769250479046e-01
7.842099899703192101e-03 1.587454454000590542e-01
5.042885209992598039e-02 1.108434578835555129e-01
7.842099885192266306e-02 1.479090357838086789e-01
7.827582031347557479e-02 1.536978027073660491e-01
5.543900034176263425e-02 1.724711790281624746e-01
6.359111614926515887e-02 1.355882298906797290e-01
8.942173329119129654e-02 1.054323739731324039e-01
7.856952923094362440e-02 1.227874974322547552e-01
7.886341125751572534e-02 1.086939747370885834e-01
9.413994407983838908e-02 1.221501778066576005e-01
2.456263596644570057e-02 1.551406220800710389e-01
7.767068664036813619e-02 1.576947259891277042e-01
9.503604858182546078e-02 1.171302835256646524e-01
6.518738698199633141e-03 1.794332606342941561e-01
9.557222177149671261e-02 1.859417046974638499e-01
9.295994028304332968e-02 1.001991830364849512e-01
5.645585409255493570e-02 1.353163019982010773e-01
7.345635936787608955e-02 1.757982988143559910e-01
3.398065916848969081e-02 1.082152835203560315e-01
6.682177486581331038e-02 1.145908083481635420e-01
7.016564785785750491e-02 1.436111424136557180e-01
2.283766314873891812e-02 1.727508907448319642e-01
6.581880663556072264e-02 1.983342785773630768e-01
6.900444007692141390e-02 1.289973997823560259e-01
4.556271458492455739e-02 1.160771458369699582e-01
3.901933621961284349e-02 1.392360335565318019e-01
9.962677654763429924e-02 1.340736215404248199e-01
1.574833358816940532e-02 1.869586290697561881e-01
4.549518703462041014e-02 1.824889645519176817e-01
1.799092591180739831e-02 1.079632638790892774e-01
9.226830822462261938e-02 1.981728579348351338e-01
1.533934995594843365e-02 1.810269832107066768e-01
6.872129613950783700e-03 1.300034360771988862e-01
3.040211881830612306e-02 1.497388844454585199e-01
2.659076454235509424e-02 1.395464706794850573e-01
4.458666945449529795e-02 1.364077153159086453e-01
1.301249678904004003e-02 1.969493490480003772e-01
7.976705059781818985e-02 1.429905654726324749e-01
2.569768998054788867e-02 1.838775753331219343e-01
3.028906904493422481e-03 1.537768433677914881e-01
1.276310369438560244e-02 1.474006394094534156e-01
5.765230765475493069e-02 1.533303679697873845e-01
8.420576302986892969e-02 1.781964465292690536e-01
8.322699007814471361e-02 1.435673955895112597e-01
5.408904880945353266e-02 1.574306244781078223e-01
7.819006805579220565e-02 1.412085187205127934e-01
3.912043802618603294e-02 1.809101081195033933e-01
8.507411835469658179e-03 1.881213211391792317e-01
9.456962889990583321e-02 1.723180788655393481e-01
4.468976431704629881e-02 1.041178531780252992e-01
3.356005194199906949e-02 1.559738328318699130e-01
8.256974517261905788e-02 1.627725584489387589e-01
3.817770497858141709e-04 1.064632075691814839e-01
3.274912795509621333e-03 1.325616066534472393e-01
4.617462858080423338e-02 1.101958402078963006e-01
4.486464613941998358e-02 1.340693563150538448e-01
2.230090005645180007e-02 1.285451610199631611e-01
9.316692382828517527e-02 1.961901610515069949e-01
4.125087261458582066e-02 1.964146653878714177e-01
6.621136955171258442e-02 1.136123154283869285e-01
3.348197669541863597e-03 1.139761901609390449e-01
7.054406549863612153e-02 1.265529776864236788e-01
8.905147878240848858e-02 1.381758145159330264e-01
3.733806422793406465e-02 1.634186173830411148e-01
7.344995278993415866e-02 1.897843948272483483e-01
5.341597656006746853e-02 1.811789248734963498e-01
1.788495768406572761e-02 1.404954501996944494e-01
3.670942760223339096e-02 1.543991197766654555e-01
3.945765416349233945e-02 1.736027137837566903e-01
4.958408980412276623e-02 1.411151709306532887e-01
3.341411713010056239e-03 1.736018886501807801e-01
4.258666263803645435e-02 1.632968789846246938e-01
1.050948314255328864e-02 1.441845361304961159e-01
7.552427949125550821e-02 1.049896467009097389e-01
1.986878798973801263e-02 1.981781454683947674e-01
9.136605332077174513e-02 1.102460250973245903e-01
9.286019267110967590e-02 1.108703038993089363e-01
8.674180306564738263e-02 1.042458596655009839e-01
7.929429985777425305e-02 1.511842123121784898e-01
1.879283653659014064e-02 1.684891721205010184e-01
2.302458219279690521e-02 1.720840290338671585e-01
7.440237706586771971e-02 1.125958085289937016e-01
8.190776287119105881e-02 1.289959738610385598e-01
5.004944868201777197e-02 1.715155485168972649e-01
9.590265287225396840e-02 1.210809667197989548e-01
7.329868086695068286e-02 1.828253113941173402e-01
6.317601933257233071e-02 1.976766866289395019e-01
9.146183544140962240e-02 1.153921728311929629e-01
9.375695529040017906e-02 1.425397260187107051e-01
1.192866135840076058e-02 1.561093753654796690e-01
8.121483204679935675e-02 1.582791891105815307e-01
8.857283746177657680e-02 1.728028869604581741e-01
1.002493716712771210e-02 1.621816708499576043e-01
9.420659132521091994e-02 1.494876744709443539e-01
9.784810664231224919e-02 1.364204327945054696e-01
1.530015817811980483e-03 1.478017820957326645e-01
9.855523011168842995e-02 1.672401834577307567e-01
3.511242734395791931e-02 1.235041323697206872e-01
2.821196428421446356e-02 1.000550284454398975e-01
2.345362712854648368e-02 1.641007549467377868e-01
5.818316062453865456e-02 1.143989876235035896e-01
3.926402694271868832e-02 1.161573518822435203e-01
7.073566149020327209e-02 1.467792359579905004e-01
9.872362084806407534e-02 1.802078781377414729e-01
1.598588598085259882e-03 1.856006961931398469e-01
2.353497836909312912e-02 1.096659215687841304e-01
7.877764144513110800e-02 1.355274979047952633e-01
8.334840447632718696e-02 1.585552297609138517e-01
5.508167734804114701e-03 1.314160045257191378e-01
3.432889162549412898e-02 1.937407989319138713e-01
8.590439290056728350e-02 1.651940479706669185e-01
8.258878371484534853e-02 1.168485506348854730e-01
7.881716929586823905e-02 1.456493214784178591e-01
9.089508102635945885e-02 1.154872491094945663e-01
3.862485105955348885e-02 1.406878073158050746e-01
9.622808851315389767e-03 1.165152043435242202e-01
3.337895941496094032e-02 1.309261719766953158e-01
5.978800698166686356e-02 1.688544855024657065e-01
4.535327875022476807e-02 1.248853696473119501e-01
4.461086826772409086e-02 1.591806914679160245e-01
4.471806747938533722e-02 1.186918354121161145e-01
8.781303427650788418e-02 1.874553882246227376e-01
1.500660183223012645e-02 1.180033168687197875e-01
5.966832097160212900e-02 1.149478882745139097e-01
2.683206388653591734e-02 1.960470380289690284e-01
6.600795730640229841e-02 1.947091937897088010e-01
2.681191665126325674e-02 1.085012162033183736e-01
5.923008707393118133e-02 1.885216571611967040e-01
3.445165673464534173e-02 1.885719449331037523e-01
7.328443067784595755e-02 1.902978435350816122e-01
7.062967126057528855e-02 1.943349643334835175e-01
5.077270102521025397e-02 1.362350188664684936e-01
4.091764935106545487e-02 1.097641138067266264e-01
1.351490127366972160e-02 1.414954138683452711e-01
9.649718537789597761e-02 1.325486156160565476e-01
4.594653697519268665e-02 1.801403308315852048e-01
8.549691334172637713e-02 1.351793037739485726e-01
4.880649170614415056e-02 1.155835262916625750e-01
4.461253047803648286e-02 1.445236782319549163e-01
2.056420602744091219e-02 1.751445965368682300e-01
3.249000786580846789e-02 1.509815108257282490e-01
1.807524381833014449e-02 1.084869461196866225e-01
5.734533692802668003e-02 1.555372792398591053e-01
7.797211815328120021e-02 1.636380511382936054e-01
6.348202384689471955e-03 1.231365244635542755e-01
9.936721236050571893e-02 1.325414712344605006e-01
4.995630985861310158e-03 1.871013561130315250e-01
9.580217100527876894e-02 1.679126577440998580e-01
1.912112245048191994e-02 1.668189947622206737e-01
7.216449940771629823e-02 1.997688581400600127e-01
8.987344362795357533e-02 1.861955660502433441e-01
9.921760306085880554e-02 1.751755200572704951e-01
6.169437973638158823e-02 1.307617107247616706e-01
8.481804409123805399e-02 1.284743206892941247e-01
3.628201636035277566e-03 1.997102273491217495e-01
9.536054755994283205e-03 1.035269141229490653e-01
1.765160241532393037e-02 1.073026222015620590e-01
5.112136796186128596e-02 1.178771763747762658e-01
2.189733686858574835e-02 1.601558452384266862e-01
5.250788265151373757e-02 1.961836857685669289e-01
3.403933303188888537e-02 1.365412895189430098e-01
9.674506420842554633e-03 1.503944752920663985e-01
7.154615207696479739e-02 1.578318147400012417e-01
2.445739775108335401e-02 1.227735079255915795e-01
3.799234353992253510e-02 1.458745163636777087e-01
5.717444265547189097e-02 1.773793945197912059e-01
5.516818307350956907e-03 1.243229994791656134e-01
1.610825874350652054e-02 1.692132340199600238e-01
1.031998899239605638e-02 1.562945010815208757e-01
3.832394284333662249e-02 1.089442407987456229e-01
9.726803421532748128e-02 1.806593399195847716e-01
8.538322844879975282e-02 1.529537606567252517e-01
4.609381922489375061e-02 1.286337944945048217e-01
1.359232345881900006e-02 1.692314835558985653e-01
3.715210531372825642e-02 1.509092742105178631e-01
5.826970711073597986e-02 1.445474180173921541e-01
1.110708607778176926e-02 1.925826211215022066e-01
5.117620192358218745e-02 1.476134980691113097e-01
5.987958561673289992e-02 1.749130145082276044e-01
9.109840272633540348e-02 1.133083355509974521e-01
2.372891343421901222e-02 1.457952724674181633e-01
1.207478687190455258e-02 1.038120840273433210e-01
6.258019001464121267e-02 1.488271992216900486e-01
9.327118321416727476e-02 1.631094698915324104e-01
3.981787300241412808e-02 1.308941692065900275e-01
2.601046902126369353e-02 1.623294443891369065e-01
8.843208244033229359e-02 1.792111061726154864e-01
8.732062492389891517e-03 1.124233588922702032e-01
6.923860386901226072e-02 1.553624107559378742e-01
7.866726847077676332e-02 1.750636304899188533e-01
2.888121639160734500e-02 1.553782643439967082e-01
4.279622023670848208e-02 1.228740536940625683e-01
4.139722383241228876e-03 1.470736543738225544e-01
8.896685110355007087e-02 1.968840882211043974e-01
9.556437047695109932e-02 1.293820178856917580e-01
5.500807223283921132e-02 1.586854667112196637e-01
9.951224212795173329e-02 1.008178731235121750e-01
8.516762079776585281e-02 1.602516083607013475e-01
4.412584338113345606e-02 1.754265425626501673e-01
9.426014084494682699e-02 1.080907274417656772e-01
5.068067714027202353e-02 1.835431539578959714e-01
3.928472767617652295e-02 1.231158841444845997e-01
6.716955969679894167e-02 1.030688724930703681e-01
8.216130564754897669e-02 1.737129122498455858e-01
6.032233768936812179e-02 1.166791061631796411e-01
5.100647249916911985e-02 1.629528790248847558e-01
1.957183728954714486e-02 1.754452122201049513e-01
8.377069974489359527e-02 1.807780546855301262e-01
4.383238969212810421e-02 1.297082712979755470e-01
2.098810765009595514e-02 1.377197549794056675e-01
2.194411919407457390e-02 1.974342190197064806e-01
8.792614909971852022e-03 1.444053220351989575e-01
1.320003867295582722e-03 1.423543691463804162e-01
7.843286510863789474e-02 1.157974468346107400e-01
5.920202620355141665e-02 1.871332734980574175e-01
9.999135632898770165e-02 1.798446413632530660e-01
6.149472055749194421e-02 1.143315317650544505e-01
5.676467660898343315e-02 1.391152731471474724e-01
5.392325415048127013e-02 1.066862536956530438e-01
5.499216596659406431e-02 1.190126319225277840e-01
2.653238488501530323e-02 1.254531485900634014e-01
7.507724932746784319e-02 1.791602531569966850e-01
1.426916694664270846e-02 1.243955998759072867e-01
5.240218755516368176e-02 1.031924191511841282e-01
5.675916902004229936e-02 1.098731671477368443e-01
8.460281256768042990e-02 1.299633932002381143e-01
2.475619064588319151e-02 1.261359780320134294e-01
1.715452669643546812e-02 1.878491846908276752e-01
4.616385244793386189e-02 1.113904829041104660e-01
6.670957327931792413e-02 1.810697466656946419e-01
7.897655251227009288e-02 1.225272347703813824e-01
2.051803709444555146e-02 1.754451408268785650e-01
8.574458681533569937e-02 1.548317592180765423e-01
5.808475444239979968e-02 1.750390045413889595e-01
9.555549699008636377e-02 1.146148617960369986e-01
2.126547387875621364e-02 1.036007645520725107e-01
9.345434052009704562e-02 1.810839813200535164e-01
4.162395022041764925e-02 1.374800622066872369e-01
6.983990705463172244e-02 1.684005985526393911e-01
4.843790911710010860e-02 1.326753165816016711e-01
5.644782238030743304e-02 1.420064453442088925e-01
8.293019009612323522e-02 1.323517712979073446e-01
9.332577525296503751e-02 1.608861941631498926e-01
5.557477430803481333e-02 1.019134800051220147e-01
2.818227867510370022e-02 1.611844148905393070e-01
4.407651733847650632e-02 1.005303514717020286e-01
9.724921312677392571e-02 1.408332319203787208e-01
6.862750131557271427e-02 1.967587616698832920e-01
3.782616916088288317e-02 1.208920422487478885e-01
7.994182388507409254e-02 1.336251849048727958e-01
2.869183066107250379e-02 1.319156868811168781e-01
7.809201110188901396e-02 1.155658718952373154e-01
5.649554615995389106e-02 1.910503193291975821e-01
1.524914747787631253e-02 1.068097117840624832e-01
5.457692571487648969e-03 1.173492198621779170e-01
8.055065073957301536e-02 1.045274945190750038e-01
9.387946404120817157e-02 1.822062860225132641e-01
6.745879815378219568e-02 1.165383822369477351e-01
1.857407636164321030e-02 1.947282263974534633e-01
4.284853682845479739e-02 1.981505784769944101e-01
7.336422417610044544e-02 1.855173780674925221e-01
7.384968404285097154e-02 1.687467648744519211e-01
3.492838489700123006e-02 1.741301929300739793e-01
9.898765648672314121e-03 1.280720471379684366e-01
5.610249576377657199e-02 1.827824074038635338e-01
7.576566630218872778e-02 1.739501729643039563e-01
4.859809917000634805e-03 1.830872111862504314e-01
4.304385864676341100e-02 1.431999836345993482e-01
7.491563948645707516e-02 1.783665709336265670e-01
4.382439998827170058e-02 1.541573105642597696e-01
6.342449544761086244e-02 1.359338210515883827e-01
1.921380482680645763e-03 1.004230692343562881e-01
2.702578661105048408e-02 1.008688587433961559e-01
5.256741888095106674e-02 1.008989046936872580e-01
7.381091247311433179e-02 1.331976819659151656e-01
2.988234735627148808e-02 1.141349834668276275e-01
2.304190054558741263e-02 1.592028843747501643e-01
8.944174364906209984e-02 1.687154124638599595e-01
9.155776973539775376e-02 1.797494734201040001e-01
1.989362338909672623e-03 1.542404451637955920e-01
7.527272848101540514e-02 1.989562701243073328e-01
8.207889622777053695e-02 1.254697422914820282e-01
1.481297837324579980e-02 1.347950022817131221e-01
3.206557670651022374e-02 1.494536662320412046e-01
6.850797351786097611e-02 1.443559040796188464e-01
3.819709514300118069e-02 1.910626963325875449e-01
3.310587984947155338e-02 1.492099589161023920e-01
1.533650643200357155e-02 1.115838725640148354e-01
9.772944021372742540e-02 1.053215845807106699e-01
6.705674693935048669e-02 1.671154063735718898e-01
6.056840267133478672e-02 1.913593835683532751e-01
4.688886218110555060e-02 1.478702636105559687e-01
8.995129281189717663e-02 1.088431030654291864e-01
3.659218291738575157e-02 1.300013304588608920e-01
4.898059449654923458e-02 1.818818403996587396e-01
8.664353626647669504e-02 1.621201909390614371e-01
5.784866949708078465e-02 1.223505624542313708e-01
5.305788699288760402e-02 1.197529825586392538e-01
2.642683379004673316e-02 1.214128080670046905e-01
8.156236060840571511e-02 1.647653654948237623e-01
8.574853430458484471e-02 1.410910411606707826e-01
6.814714261203402845e-02 1.568139309836263096e-01
8.738222119954819345e-02 1.597008750299644675e-01
9.144008098678679808e-02 1.566623029610830498e-01
8.236863458393550719e-02 1.988233082540457330e-01
5.796159288621971495e-02 1.370495443089838339e-01
5.997856328566908424e-02 1.186524138165345466e-01
4.710399917318053298e-02 1.662650703666820884e-01
8.135044576381589287e-02 1.086668057067861626e-01
6.431026396033878711e-03 1.455923787739659969e-01
3.168298980498307493e-02 1.755882972393847385e-01
1.889046630238477853e-02 1.667569189868844115e-01
8.670923423658816187e-02 1.345256537022672116e-01
6.926885397915671927e-02 1.709887933784379754e-01
7.061137454795440860e-02 1.774718363253163789e-01
7.137771123807712392e-02 1.125204964495828130e-01
8.858590225351037351e-02 1.743923215952762895e-01
3.094360272547203028e-02 1.004951796824134491e-01
5.397933234874952024e-02 1.499304626303983035e-01
5.009703713240198919e-02 1.361981082766550721e-01
9.697058786268208941e-02 1.227493136574996646e-01
5.514375321059117319e-02 1.793278136165515901e-01
8.872795023645208001e-02 1.414876639143983206e-01
9.796711244815814457e-02 1.238726532824752646e-01
3.952757112680294060e-02 1.314469963502312155e-01
1.624855214037168594e-02 1.237370947046579073e-01
4.753100805790844152e-02 1.273355066493749854e-01
4.798121743172956144e-02 1.190021536200190910e-01
2.347651302472741897e-02 1.799367316968805142e-01
6.637596244152232927e-02 1.556494236426407829e-01
1.300178251124473050e-02 1.394206186685863214e-01
7.683114087800646530e-03 1.422946225666295028e-01
1.971910437448742837e-02 1.242347283876011899e-01
8.568915194983039996e-02 1.605628110443459711e-01
9.571300765337287242e-02 1.960685423830262897e-01
6.029714107051686867e-02 1.739757061069736044e-01
6.620569313256519095e-02 1.475942708240157442e-01
4.663899688980432945e-02 1.378571610199136321e-01
3.131583965952655646e-02 1.783972163509512932e-01
2.284535454192881954e-02 1.182271214604879994e-01
6.575643399149044832e-02 1.168342820489655931e-01
4.851344534423152055e-03 1.268534820545644815e-01
9.368898150607174458e-02 1.018605349191953890e-01
3.777198515999913297e-02 1.702242260933274354e-01
9.530801079135042819e-02 1.382854371194338350e-01
2.956686114682205435e-02 1.414772011688830433e-01
2.689554750021816432e-02 1.666896199667214917e-01
1.725920876304809504e-02 1.991007948990325127e-01
8.132628618682102850e-02 1.161774771911819604e-01
5.866058281224351134e-02 1.392157889847470131e-01
3.737832025885856613e-02 1.950078695636788817e-01
6.655561485182004411e-02 1.753985703329640211e-01
9.280948286641499401e-03 1.169483073022955510e-01
4.926659809338129747e-02 1.371625425051269942e-01
7.554022901303381055e-02 1.678437636007585609e-01
3.689768581838781536e-02 1.407606229279281806e-01
8.446286238646616429e-02 1.557871562932328924e-01
4.005649349637130374e-02 1.014166406128025888e-01
7.380627465191424985e-02 1.195186983705148198e-01
4.871598003232324725e-02 1.486565502400009342e-01
6.617434012435863266e-02 1.497440326841184555e-01
2.182620759305620162e-02 1.539759363394055669e-01
6.368294672191143757e-02 1.815427841294708355e-01
8.354005146513254765e-02 1.474671793401025333e-01
4.074554687041587187e-02 1.904970222429799298e-01
2.095041309426803888e-02 1.889164022803679899e-01
2.772101641431179431e-02 1.685413715428757397e-01
7.223498877680445407e-02 1.244423794114049853e-01
4.476514077218651799e-02 1.599935162148995449e-01
5.168264549382051154e-02 1.123006371414243254e-01
5.618603899256269241e-02 1.480641416875773386e-01
6.745949299186748682e-02 1.669449797454006235e-01
7.466831658038375341e-02 1.234458800785602217e-01
4.559914007799215074e-02 1.990748230850540590e-01
3.486893909799460012e-02 1.999466882141109902e-01
8.005067412256827719e-02 1.111260099491304110e-01
7.869613950984288842e-02 1.860843083140498733e-01
6.507396801836939915e-02 1.044148347279979794e-01
4.438201034481548124e-02 1.114426826814701177e-01
3.690699389344964665e-03 1.037270411905167888e-01
9.668478218172937844e-02 1.043482776753092978e-01
1.556396258150349876e-02 1.453713890821663191e-01
3.833502862257498478e-02 1.880473501422834648e-01
1.536978779422615293e-02 1.371697663621400665e-01
4.359683704113415104e-02 1.835703400381025752e-01
9.044292631147099470e-02 1.177468612686171923e-01
4.308930586059001033e-02 1.617332656578718275e-01
4.175022160088381895e-02 1.565216610955685594e-01
1.815162200330389108e-02 1.343656043338111172e-01
9.643676184152105701e-02 1.521271162478257666e-01
4.056146784597203236e-02 1.187573184437037965e-01
7.197528711590006623e-02 1.122320663068870350e-01
3.712677646144824095e-02 1.715077633778962496e-01
8.547603118887270313e-02 1.493637767906550728e-01
5.091962228748903030e-02 1.065981642544892860e-01
8.743650554007853515e-02 1.805616227006691110e-01
5.423761676155247624e-02 1.380917929756827478e-01
6.487687315965606771e-03 1.295657080075867662e-01
9.205521108348579951e-02 1.307408290176605981e-01
6.471979622796941722e-02 1.151704197820723474e-01
5.782263250887642592e-02 1.220403341680281195e-01
6.278105819243429142e-02 1.693289103931938933e-01
1.687847397307407071e-02 1.991907964118712626e-01
2.309962177435687103e-02 1.194398701881321245e-01
8.532222295722025063e-02 1.932331477665459873e-01
4.146549780096198123e-02 1.078260917336445468e-01
4.095074134761567120e-02 1.228971932427656011e-01
4.351240538693956772e-02 1.605646073444699229e-01
8.023914061383663476e-02 1.811253211092979931e-01
2.047732747132124942e-02 1.048001609781970267e-01
9.874248442043331853e-02 1.633737837934730874e-01
7.052959592151097912e-02 1.103970232583192657e-01
3.123923890264390657e-02 1.880365406258577288e-01
1.901683907121898276e-02 1.434360872685160604e-01
2.273710831467767868e-03 1.925892758214643452e-01
3.799038717734348758e-02 1.326188989294533604e-01
9.420740076516043171e-02 1.615415802136999368e-01
5.345924955365000120e-02 1.701870505761905461e-01
5.105530298989058302e-02 1.789755373026344354e-01
1.078005862895747846e-02 1.095642536134816547e-01
9.338562239709646828e-02 1.033309244692902640e-01
5.825783038764931199e-02 1.112588888057965408e-01
8.299786844867795832e-02 1.251290498490100767e-01
6.900900926890007892e-02 1.331050161029010970e-01
3.055474311523309616e-02 1.036406755687498682e-01
8.814956501370985187e-02 1.066567110218016035e-01
4.529500058253810302e-02 1.078678551174089839e-01
3.285741936136798991e-02 1.599277618477266683e-01
7.488769129342087716e-02 1.538570616217048714e-01
2.478788809889886924e-02 1.349073727847123483e-01
1.308611570922546541e-03 1.172866467415887848e-01
2.151901016349455631e-02 1.679780774858919690e-01
5.003319606553724430e-02 1.161226081419754752e-01
9.017752878269524874e-02 1.541898842597694275e-01
7.782307898383744593e-02 1.223836734805592574e-01
2.091035419462705658e-02 1.435232774094946928e-01
3.176281397388014405e-03 1.547039327260237018e-01
2.740719019743287355e-02 1.279572420429018753e-01
7.559153904349413811e-02 1.751207576612612837e-01
8.023339729425482680e-02 1.335813270631526495e-01
1.133362968269224780e-02 1.689208622935556292e-01
1.709965126791013201e-02 1.230558010126011903e-01
5.142117471951812568e-03 1.786964953076498608e-01
3.320321930361280760e-02 1.236397821077175885e-01
9.065057419830868657e-02 1.313613437785106086e-01
9.917660999471900052e-02 1.849397354085011158e-01
1.819967203582384396e-02 1.404927529072758641e-01
4.572755068330702777e-02 1.323848019276585575e-01
4.557207478268798795e-02 1.179894275410706406e-01
3.854027041166052658e-02 1.848741189624153181e-01
3.663469778290395773e-02 1.914862467071656027e-01
3.393160531944017233e-02 1.365117896218023263e-01
5.464524871536491357e-02 1.092656195910017281e-01
2.955983597433486931e-02 1.933098413031044682e-01
4.116724717065323169e-02 1.657775070809414386e-01
8.406935653406510944e-02 1.005105944310054067e-01
3.711633604583020052e-02 1.620361847802583299e-01
6.333229130875961399e-02 1.098554621421236333e-01
8.719200359152745605e-03 1.044612090438339358e-01
9.454822088425285376e-02 1.774279996202242082e-01
2.994618704869622672e-02 1.253116104560124122e-01
1.087399875339234434e-03 1.984567791726085939e-01
2.496314675894728552e-03 1.223584777033396298e-01
4.572942943946245453e-02 1.099666761739789278e-01
8.755175795832470520e-02 1.876019485194492242e-01
8.729941406660368663e-02 1.543427451564371444e-01
1.937427896850929532e-02 1.772987013930840683e-01
6.473904022855259122e-02 1.647281309650608094e-01
2.043391284817042131e-02 1.963014174954698654e-01
7.641745106762609652e-02 1.404010388093479833e-01
2.859208447814898246e-02 1.126849921768944274e-01
4.761381609603998477e-02 1.620668998423701601e-01
5.564415431348790353e-02 1.136179458244773177e-01
2.563749906702783576e-02 1.508782450183754065e-01
4.265903430775885852e-02 1.702780698881107557e-01
2.739006869020799151e-02 1.403357359616461686e-01
9.956322023066443982e-02 1.980977372480098309e-01
8.239957827868471529e-02 1.992101769521530952e-01
2.257291530678773306e-02 1.931954391589731923e-01
7.189157857719452593e-02 1.063485832692685484e-01
5.900904276893270684e-02 1.195068073029181832e-01
8.043512033127542260e-02 1.069582405817172954e-01
2.737799158985187997e-02 1.083491869024923449e-01
3.301083186905895417e-02 1.765415902091814759e-01
4.810796384554616445e-03 1.423054835585743916e-01
9.532392979276904654e-02 1.254998760155569548e-01
5.725144777639068483e-02 1.784444990370013806e-01
8.074515974265017437e-02 1.843081136946123910e-01
6.141919033768772351e-02 1.404612207856898165e-01
1.496251449142715906e-02 1.325730464938928710e-01
5.919684652287593440e-02 1.428471043618798897e-01
3.606235425449699772e-02 1.299548548987741470e-01
5.167577937156819790e-02 1.396392051334546802e-01
2.741013719496199208e-02 1.429537163615797468e-01
8.107402757464854393e-02 1.044983252287668141e-01
8.663566073875628160e-02 1.325015832380365965e-01
2.834963477195473480e-03 1.642829038555842502e-01
8.223439806437027322e-02 1.165683264240334471e-01
5.998751877711994140e-02 1.819553510663626250e-01
7.700471220184856858e-02 1.900593470494190418e-01
3.961232847763518361e-02 1.635861373907977478e-01
1.517348334058654657e-02 1.545989208391987668e-01
1.671675049982712657e-02 1.577022841241131623e-01
9.455993596201650586e-02 1.877984431808890631e-01
6.369879005079970291e-02 1.660779658567179684e-01
8.681453712394304745e-02 1.774757805816975509e-01
7.357338935667523394e-02 1.193506634518312348e-01
1.800673145589859470e-02 1.528694715068531218e-01
