1.751484111840873048e-02 4.402498494997226786e-01
9.979716512176523002e-02 4.293093666851622303e-01
5.211192234507061594e-02 4.258929155838300784e-01
3.979747200149447162e-02 4.466643465942529145e-01
6.930660377440112097e-02 4.248364451442606105e-01
9.634216629788300290e-02 4.300402420746174958e-01
8.859384464126657255e-02 4.347805549092169652e-01
6.362209190688172811e-02 4.347939202057797825e-01
7.981140442745393582e-02 4.579176153185882669e-01
1.032395562331267502e-02 4.270721756050739892e-01
4.264368248042649245e-02 4.218562927230831705e-01
8.355998538104808526e-02 4.221693887385824517e-01
6.893754016755548886e-02 4.338147672884327122e-01
5.896521885275046726e-02 4.784884843922382336e-01
5.454793061514029429e-02 4.010295757533063887e-01
9.751888454701052034e-02 4.150698300419822795e-01
5.467967162085723976e-02 4.573825269114842884e-01
2.821151782317704582e-02 4.100406509478832229e-01
8.054804820909755581e-02 4.115402437023414350e-01
7.913801375352241818e-02 4.021645025241511462e-01
6.658310154476976273e-02 4.172911469384343319e-01
6.140979222356252043e-02 4.122909363614874478e-01
8.841530970943339840e-02 4.259226320764649132e-01
4.826901590806931264e-02 4.048708799214037479e-01
5.515808944516753520e-02 4.001393165797821339e-01
7.819759478788423923e-02 4.137038369134328208e-01
4.372784200248802655e-02 4.928829553228971094e-01
9.310335903381583567e-02 4.227684036718344918e-01
5.103063020632669922e-02 4.309709930582780180e-01
8.301425717506522028e-02 4.311697529851400423e-01
6.511529755294215294e-02 4.198333255184413249e-01
7.948481879240693049e-02 4.058192634974436830e-01
9.881301791804220080e-02 4.339281506484252149e-01
8.273573919711829650e-02 4.049259778131124032e-01
6.058252801055008518e-02 4.379403526856748829e-01
5.429337042401038982e-02 4.345401510726769612e-01
6.055864090659718313e-02 4.429793147606720938e-01
5.038170219042131803e-02 4.320922727722232848e-01
9.715122452045105161e-02 4.003088653047598977e-01
2.736448861766305196e-02 4.209637419990268081e-01
6.951761169569348198e-02 4.154170548545938479e-01
9.674267254643625913e-02 4.361952554007546556e-01
9.232172754111162005e-02 4.174225284629082267e-01
9.958183860006619703e-02 4.275876006393324325e-01
5.406116897085955220e-02 4.202247413069804538e-01
3.346807470728696554e-02 4.113540062782224394e-01
7.574457225510622393e-02 4.121794772065432988e-01
9.379447283888292519e-02 4.028659255909776693e-01
9.671470907806417605e-02 4.040624050959256697e-01
7.603651782674081261e-02 4.008777569868587354e-01
6.718277617685830538e-02 4.240546409624714186e-01
4.223940246364155104e-02 4.226018725522744934e-01
4.993821514560353725e-02 4.744142050715632331e-01
7.247014282652392003e-02 4.306173366892122045e-01
7.393459620540338006e-02 4.899431798424830342e-01
9.934536260984855316e-02 4.262701504021190191e-01
9.699163253161113829e-03 4.341453935655082974e-01
1.399488400290116452e-02 4.197541798291714032e-01
8.358801171193985802e-02 4.005844025112867968e-01
5.965371546592085350e-02 4.338857732537000911e-01
2.407627989753202691e-02 4.352209518446158443e-01
9.060970074719937317e-02 4.053759632077535979e-01
3.715189646004057877e-02 4.100052414443875470e-01
8.895191924911594050e-02 4.598026251153009558e-01
3.802150832477307896e-02 4.037244827953565540e-01
4.754140379708654551e-02 4.407360739563591645e-01
8.359134273363283407e-02 4.567265446697959530e-01
7.346413894619074902e-02 4.094495338937084172e-01
3.356702770224817556e-02 4.097754041207640197e-01
8.818744452359522645e-02 4.717733398237757836e-01
8.474640254283133389e-02 4.030527323593459110e-01
9.203171464804560387e-02 4.820771653415329983e-01
5.664239072907090167e-02 4.245086651700071267e-01
9.828320574802568155e-02 4.057333508692176904e-01
3.412383499241816720e-02 4.261801368840911763e-01
6.944679138618564673e-02 4.787467414771063301e-01
8.377313366177951970e-02 4.131534044678814022e-01
8.285009105027657528e-02 4.118962582005840090e-01
1.908845897561234350e-02 4.588561325780836642e-01
5.500652008901746326e-02 4.255420077602530826e-01
6.393588993972543211e-02 4.276349045740267529e-01
6.093574579502419875e-02 4.262667726796162126e-01
6.294356930693972840e-02 4.405933350732836873e-01
8.731641241888338234e-02 4.116026549305212279e-01
9.552378837974057069e-02 4.928159012870415023e-01
8.952236770297244961e-02 4.383888583028275332e-01
7.840109131342964943e-02 4.136372370065325987e-01
1.745698875816215079e-02 4.193775907788123702e-01
3.927937731956621104e-02 4.575413800106950535e-01
5.608459900979695378e-02 4.236808746570520645e-01
1.896117043867584506e-02 4.235770541542964174e-01
9.239534460110088165e-02 4.147302050972839771e-01
7.214776736992922768e-02 4.501328584369000407e-01
6.924290572602831428e-02 4.121939893469849792e-01
9.755200655995527326e-02 4.015093973777855152e-01
9.903281436322730613e-02 4.537701975348288341e-01
9.459103945945374070e-02 4.480486405681674555e-01
5.878147580961962104e-02 4.260832739720825102e-01
1.339597837221895293e-02 4.538936836707736511e-01
4.151233729778208703e-02 4.070669647564731930e-01
9.483572184733379817e-02 4.416987646829727554e-01
9.612356697796237137e-02 4.489009366025309422e-01
8.884957722741987363e-02 4.340077892723868680e-01
6.954740143830351329e-02 4.034741421035841769e-01
1.532558468374733973e-02 4.311261780187570225e-01
6.869850095357277198e-02 4.201826045939354159e-01
9.731441282814762284e-02 4.374407405235373747e-01
4.449760841165700809e-02 4.124214720058977379e-01
3.765160634622183311e-02 4.382849175577284706e-01
8.938090044180962979e-02 4.705989481553978782e-01
9.935008391920185922e-02 4.661127870774570692e-01
8.764934144961428197e-02 4.056405446386344149e-01
9.366099783017106661e-02 4.766202740231291757e-01
3.507351959940580022e-02 4.233168825855812556e-01
8.380199680232036652e-02 4.178941253943291301e-01
9.227710923857301850e-02 4.155136112257373227e-01
9.179071701861046817e-02 4.367564806305906377e-01
8.152104536318116601e-02 4.231443008195847622e-01
6.244185643649668993e-02 4.747143001694471010e-01
5.939915223528030586e-02 4.174502374815449723e-01
1.203426968623233506e-02 4.015835637417572990e-01
7.951996245318670997e-02 4.708339562190992922e-01
8.148886696906049165e-02 4.016653378814790121e-01
8.851775157109753600e-02 4.224720245531339291e-01
8.734710623339686508e-02 4.181596084475433517e-01
8.598940521679215854e-02 4.197102178631362257e-01
8.159465615019767526e-02 4.281496267768366004e-01
4.700110272382501675e-02 4.331064991242381534e-01
8.233161636574537479e-02 4.235768500216482435e-01
8.716273972084076505e-02 4.100188326247305448e-01
7.175853363094653048e-02 4.801714856088697969e-01
8.073366691513594873e-02 4.153374731218362759e-01
9.964743127377412302e-02 4.554073207225732833e-01
9.557571373395706837e-02 4.084706832876416338e-01
8.570675295444973862e-03 4.690195035681513080e-01
9.068835813635600651e-02 4.541706657644053458e-01
4.575462902728255621e-03 4.042685126498150039e-01
5.635540763769325556e-02 4.074528609804065615e-01
4.753147856890405087e-02 4.001700733385685216e-01
7.062570624211805814e-02 4.020477872156151822e-01
3.951885169017632649e-02 4.020012772299090265e-01
6.710911903601407547e-02 4.120988691034110918e-01
2.756194089571017969e-02 4.114446572766890520e-01
6.326702788768467922e-02 4.631010449198003087e-01
8.193098771689832915e-02 4.679799013812968034e-01
5.460057840147097830e-02 4.123805149223747635e-01
4.746877054128756379e-02 4.298359175187721481e-01
4.046069394540469100e-02 4.583359559694010765e-01
9.989925888048067915e-02 4.104321327173961476e-01
9.415472611064562569e-02 4.028443730159418368e-01
7.903350605327452705e-02 4.571910805562978131e-01
7.098625668203589756e-02 4.262063880473785926e-01
2.431785450471979360e-02 4.180465372673469182e-01
7.309264636534046344e-02 4.580455184928700629e-01
6.871753773048799863e-02 4.167409777564191065e-01
9.198042056117705645e-02 4.110579416960485899e-01
8.019776923869920138e-02 4.365349154822789624e-01
8.012767468823034367e-02 4.102627796963588813e-01
8.449353993477265456e-02 4.789145996881625233e-01
6.569956343498845053e-02 4.205674829580115515e-01
9.878832875704157690e-02 4.230939727810677509e-01
1.873955729690091054e-02 4.005983503310833749e-01
6.657208289330673878e-02 4.265022043488900239e-01
5.139585456519218942e-02 4.166050209712177099e-01
1.837647783197005058e-02 4.207484634744294016e-01
4.628157995734616392e-02 4.252962314892743123e-01
6.242901828709818135e-02 4.743155399919942172e-01
6.175214950133139924e-02 4.054284799056880884e-01
8.576464155676077894e-02 4.069764807551615737e-01
3.092795139816739702e-02 4.516542585827669765e-01
8.632519188457277171e-02 4.696976053992754641e-01
9.220672892613468452e-02 4.014920284970304731e-01
8.612583049392513734e-02 4.295503254384653302e-01
7.491160438943544886e-02 4.216502641808043128e-01
8.219748639529167455e-02 4.182672921924235898e-01
8.944035863499677497e-02 4.037898863143962735e-01
9.361401387549428410e-02 4.051145532046737663e-01
6.515648832374681954e-02 4.120888796300091750e-01
6.739939755034146662e-02 4.257778680445480357e-01
6.999874586926108089e-02 4.736001933315494572e-01
2.084779259096330994e-02 4.253699908903453286e-01
7.497351488029041500e-02 4.890655566796668352e-01
7.130058216978119034e-02 4.039421682787441847e-01
9.408647435210704124e-02 4.248745137351324641e-01
9.198970715394305664e-02 4.488214080874863843e-01
9.174218668367883911e-02 4.669221163186329515e-01
8.165548834581598525e-02 4.071281782385494652e-01
2.022185671927428929e-02 4.234659350988105309e-01
5.528100999928792225e-02 4.048162463876269213e-01
5.685949078439889171e-02 4.209954601148275244e-01
9.241722772792404506e-02 4.494105476683236677e-01
9.754447345564543070e-02 4.160705805576305205e-01
7.798036016305925910e-02 4.519236320070197377e-01
9.511158079038728452e-02 4.062294004363928845e-01
8.196305306573681282e-02 4.439430404171758604e-01
6.941321360912955374e-02 4.216223095298537449e-01
3.994332193072447357e-02 4.379164124381272893e-01
3.359954298803174977e-02 4.051601828932229199e-01
8.411101708052143300e-02 4.959169162854197843e-01
6.533173537459519009e-02 4.347318602289510503e-01
9.794251412175053462e-02 4.345105862680557207e-01
3.753546078326519542e-02 4.052471207928965424e-01
5.820024414359686871e-02 4.212613299229882591e-01
7.807436488763480620e-02 4.264812040716963737e-01
6.464112688551532093e-02 4.136595523325878876e-01
3.234472905900043216e-02 4.027423960158617589e-01
5.811580536354565840e-02 4.281380622721598916e-01
8.476127996269300358e-02 4.520282087957234740e-01
7.996381084255604899e-02 4.136948104268007853e-01
6.698886956742150511e-02 4.115072510800660832e-01
7.829863412870591288e-02 4.076910707163982628e-01
6.339097690334127844e-02 4.877627882146795546e-01
9.302637754101311662e-02 4.192429638493226918e-01
7.145287813436262958e-02 4.047179066217186927e-01
6.009053519216694950e-02 4.735044129139705515e-01
9.551409604109373230e-02 4.322654466139523310e-01
7.052243314346762215e-02 4.196584495332751352e-01
9.184231888980776137e-02 4.803349244940727236e-01
7.692847779536671204e-02 4.779045509065453223e-01
1.333628135057662867e-02 4.126563625383617429e-01
9.913110824401277776e-02 4.485673546625719710e-01
8.692811151275203763e-02 4.381001077319761072e-01
5.747643827702958452e-02 4.295088596543413240e-01
8.576029577906185697e-02 4.022680133545441516e-01
6.839507108510550770e-02 4.873118302750508724e-01
3.830156101525150625e-02 4.302657918586892949e-01
8.664126588724596623e-02 4.029416912073037205e-01
8.723202576936189834e-02 4.807679270491496126e-01
4.666359853057039375e-02 4.306303214056272921e-01
9.983539735844376706e-02 4.731549351684877780e-01
3.564722871026804185e-02 4.325366676335081206e-01
4.797049494966210137e-02 4.159203866782683057e-01
6.737624895216931531e-02 4.034624036616221709e-01
4.795059876293300549e-02 4.051238968979506971e-01
5.290604715645036427e-02 4.370272747351915954e-01
9.913774790757567956e-02 4.221992642177447297e-01
9.377602988932992600e-02 4.474112883173557709e-01
9.450774436205688911e-02 4.073049241521297659e-01
9.561796079324008657e-02 4.156776720739438491e-01
9.529605904684457229e-02 4.138617005031196006e-01
7.990830129091508471e-02 4.021910840937716336e-01
8.327820861183238277e-02 4.014870279667664965e-01
8.622868456061294484e-02 4.294196253538875019e-01
8.723411468867681151e-02 4.294983407270177023e-01
7.892382572537398611e-02 4.427332961119286314e-01
8.850173591166804465e-02 4.210972525377259523e-01
8.737411608085543513e-02 4.155325153614953249e-01
8.366384955345568253e-02 4.033440518020433574e-01
7.206584980818275810e-02 4.028800607627455177e-01
9.842542514489555083e-02 4.183669555221056213e-01
6.503243039111233914e-02 4.446842370620537332e-01
9.315131772372148289e-02 4.740467473140091981e-01
9.327293437494987849e-02 4.366872772394446711e-01
6.259497396752167209e-02 4.205729234456457299e-01
7.295519880195605600e-02 4.226893173226780043e-01
8.370742321329338598e-02 4.630007865209924689e-01
6.347328394006851449e-02 4.109814237038169615e-01
2.250792223755360144e-02 4.109131504378944477e-01
9.655470036446350823e-02 4.270598123543932201e-01
6.046910827571161384e-02 4.655671261055829291e-01
9.522162028730934979e-02 4.431301146479490471e-01
8.812480999856536767e-02 4.008434963931924999e-01
5.155003779679989684e-02 4.138624181372683175e-01
8.532859911631263117e-02 4.156234024620346634e-01
8.111593459226523750e-02 4.198106698211507282e-01
8.292268218600473695e-02 4.390314968924219907e-01
8.595516801350677749e-02 4.232031081439576736e-01
9.147923999528034811e-02 4.715142021311851117e-01
6.956432101967008341e-02 4.660162982709429302e-01
5.096866654531029273e-02 4.083967708079225822e-01
4.987738118936257958e-02 4.071493783216935669e-01
4.523114011117396194e-02 4.336046002508820996e-01
2.987840779288031268e-02 4.171416192414031943e-01
8.270632309329950527e-02 4.400006703818146181e-01
8.730369187997527591e-02 4.021994646528908035e-01
6.999540933141723542e-02 4.331562687899889741e-01
8.466960277971635751e-02 4.581267357396066608e-01
1.553661857825339165e-02 4.679477713457292354e-01
8.257374519694576920e-02 4.302104858173204094e-01
4.447722275430143757e-02 4.377321020558774256e-01
8.917691995525633963e-02 4.653893343142308514e-01
9.905519307942367568e-02 4.401795482639849766e-01
9.684377364554253020e-02 4.075585027897977164e-01
7.066026890732102217e-02 4.025427870018853937e-01
6.490266761529678297e-02 4.135944426776644867e-01
9.879135554777374040e-02 4.198523971494232954e-01
9.743364752632549530e-02 4.195382756670539282e-01
3.283867684506497353e-02 4.513892721649780948e-01
6.480748168623773342e-02 4.167349056437233412e-01
4.844905499845808539e-02 4.549680400454347851e-01
4.934712092075699275e-02 4.941646629030038151e-01
7.148249512623638946e-02 4.013675474421872225e-01
9.320715451600825041e-02 4.048434081971397092e-01
5.975545559641703974e-02 4.198859619367419360e-01
7.537850604305595947e-02 4.804090744929493395e-01
9.425340637539414423e-02 4.231845817937767151e-01
6.966599193149958236e-02 4.205830422973959593e-01
7.604739937486937329e-02 4.360133918644226170e-01
5.787277750992314562e-02 4.453983273365434425e-01
9.369389156120266904e-02 4.072617581691279631e-01
9.759057033311940854e-02 4.386501147224123875e-01
4.028177805297500358e-02 4.123429579775321208e-01
9.178371524830863937e-02 4.303022704562743384e-01
9.978420114156960619e-02 4.037956017389403574e-01
9.117727898989119728e-02 4.081347971775560191e-01
9.544491899526347245e-02 4.019775823258621705e-01
8.996199325396125879e-02 4.184886978205659136e-01
3.784578898270668512e-02 4.061763947820564713e-01
5.599075255889413016e-02 4.051922622055542655e-01
2.661133070967902636e-02 4.442291006079777116e-01
1.349509289308203908e-02 4.023092337035076849e-01
4.687163952778883313e-02 4.656173775016494432e-01
8.005960931145966741e-02 4.045420444079428357e-01
7.815497003783206109e-02 4.262482425183503620e-01
3.975515380930622067e-02 4.254273212110648572e-01
8.532634878363715147e-02 4.018397963184337507e-01
7.673949935326707106e-02 4.527619068234178812e-01
9.621183349857820311e-02 4.889817489500180581e-01
6.685937937844887990e-02 4.110491912703967965e-01
8.804367846941357767e-02 4.141686525805582941e-01
3.738320178261400617e-02 4.174790936013136333e-01
5.367045467390257896e-02 4.041524433563912777e-01
7.744589928056461181e-02 4.897353961931189548e-01
5.782981578188722827e-02 4.614017656385579480e-01
8.578861998283210388e-02 4.390678880154174069e-01
8.669675589896719270e-02 4.258940388660646392e-01
9.509820019832671001e-02 4.996662653987209435e-01
8.732137271541995371e-02 4.143081895354976951e-01
5.810148845033885623e-02 4.373321760737012287e-01
6.512242805931522938e-02 4.022522562187472173e-01
2.645833274338288410e-02 4.322141893677106106e-01
7.039941269204480490e-02 4.455544653389280629e-01
2.087388624379032942e-02 4.371207976100565107e-01
8.156771441428573022e-02 4.037161526346389473e-01
7.698514668934014482e-02 4.464997456952439769e-01
7.683839865486324916e-02 4.095063423704560224e-01
4.705369189886909886e-02 4.637811801771095643e-01
9.009640953317121781e-02 4.015318914388720239e-01
8.972090843036167884e-02 4.143959193132687457e-01
2.643351832011392455e-02 4.027420142823149307e-01
5.356067657795487991e-02 4.219452902523174731e-01
3.276686201107048557e-02 4.056684186745461718e-01
1.264255731378149950e-02 4.472943774062778099e-01
7.699923897336624634e-02 4.397174501738885244e-01
8.479337428663241694e-02 4.576832885662112105e-01
9.672841963221057160e-02 4.375653999969180141e-01
5.250331155134518868e-02 4.495471370696999536e-01
2.809085327879135008e-02 4.262028568607115209e-01
9.496946539834960621e-02 4.505219287105929893e-01
9.047302978632293380e-02 4.137635047195499238e-01
4.260498642863613794e-02 4.141442293694794219e-01
7.295830432939542920e-02 4.812568519061928285e-01
9.066220042168726678e-02 4.467362956022527531e-01
9.404577492654664361e-02 4.262809365800867001e-01
7.689766700740979788e-02 4.210779189367007125e-01
6.516888665608888687e-02 4.191787591364475873e-01
9.205343187253722803e-02 4.327597440878076518e-01
9.839467918291266990e-02 4.001673044602340190e-01
9.911565550623568921e-02 4.155690128249774351e-01
9.569534743803631560e-02 4.029679647399017073e-01
6.363521575178160417e-02 4.044502053703348809e-01
8.659203519442848496e-02 4.231735972738230878e-01
9.406526620755523149e-02 4.014247960057372722e-01
8.266735071367792287e-02 4.209827658109479009e-01
8.969402448725183330e-02 4.045248180062842036e-01
5.509952863446992977e-02 4.055812812597238692e-01
5.578003037542389464e-02 4.522535689713704787e-01
7.802390360714206441e-02 4.342169352689433381e-01
2.318003157839104711e-02 4.004537990243230983e-01
2.732382779019942864e-02 4.019565515729413563e-01
6.751150437610037303e-02 4.128505589794083108e-01
8.413943755206471087e-02 4.411011089808479224e-01
8.309366290975211955e-02 4.575895003886545909e-01
9.290948477252791715e-02 4.287284862434424526e-01
9.837570750377400142e-02 4.530366967990254179e-01
9.705391895440623751e-02 4.104151592847385954e-01
9.851071910978337343e-02 4.521871468170145514e-01
9.473643328020681098e-02 4.085151572911415729e-01
7.346522565011553985e-02 4.241822673444183844e-01
7.942354672678114680e-02 4.858414691346805703e-01
7.051134512761242368e-02 4.032493883435763760e-01
8.243035583500846197e-02 4.033533559884043829e-01
7.101876320718619739e-02 4.073220348200261576e-01
6.785216446109426647e-02 4.048580035764070550e-01
1.484513145200982986e-02 4.333721168029414650e-01
9.627049434604417755e-02 4.011336827320654552e-01
8.265186946003261204e-02 4.086127207338740019e-01
6.329532820350242117e-02 4.112277018206893509e-01
9.618152771994897821e-02 4.046939364855238197e-01
9.255848761485413467e-02 4.809218824209729459e-01
3.513989687908841697e-02 4.133989605197645467e-01
8.698788603500323680e-02 4.917311338684316468e-01
3.282527292951220588e-02 4.145069885837496249e-01
4.417256383463824543e-02 4.495557137032815676e-01
7.523701718609310252e-02 4.219166755386640211e-01
8.017890065389876586e-02 4.378200992271401581e-01
9.587040203141417027e-02 4.117126075675219821e-01
3.273721389786632407e-02 4.051579216826458607e-01
3.218622213307514857e-02 4.231374764491050433e-01
7.460622711356551529e-02 4.520055776301479811e-01
7.449709800110454472e-02 4.208602303501288167e-01
6.117017629385534949e-02 4.043930027713236730e-01
9.902300919365064624e-02 4.340231474231866504e-01
7.424733923876547514e-02 4.219490422331398372e-01
8.886510525092966573e-02 4.197441577989685091e-01
6.109528089252724836e-02 4.091180275474115002e-01
8.743898397756921792e-02 4.348987244760186277e-01
7.447947041183328176e-02 4.119178853610805380e-01
8.443018601274315804e-02 4.326373503583039737e-01
7.340776417554695232e-02 4.369847445295091948e-01
4.592514785025481050e-02 4.103613234277446176e-01
5.968443861078531754e-04 4.056004498136594472e-01
8.163432698913536401e-02 4.684997931211530853e-01
9.387509016678674545e-02 4.197774324790349842e-01
6.690147934384127471e-02 4.233832196067313647e-01
6.965021988688196997e-02 4.238512917403504110e-01
9.946503357854558081e-02 4.455797641990794089e-01
3.874492298308956917e-02 4.102096021023495798e-01
7.215210554328921333e-02 4.243092251147360661e-01
5.698870787441706609e-02 4.126680466765051403e-01
9.249111726637643249e-02 4.281793366716799554e-01
4.786115231632881439e-02 4.078847889261104642e-01
9.392397010817549186e-02 4.176360208209236036e-01
9.579381748478021930e-02 4.715951935721869881e-01
8.927013196823935237e-02 4.958434349659776585e-01
8.203357383329679120e-02 4.290973223535791692e-01
5.796212447727533412e-02 4.011389884578520637e-01
9.614227062953079050e-02 4.190438253647318922e-01
6.021693820122392404e-02 4.310916054418552634e-01
9.225577905970822057e-02 4.353007471905901427e-01
7.925075643237516898e-02 4.006932437814496040e-01
3.855596726041660149e-02 4.305683267173932571e-01
5.744409681994355754e-02 4.027007157569643669e-01
7.140343176651370305e-02 4.195607244346044595e-01
8.689024209342338656e-02 4.231153483964643081e-01
9.580162237778461209e-02 4.065506722730269362e-01
9.157375116109461866e-02 4.971076336985215116e-01
6.930262710094559075e-03 4.465761260613956840e-01
5.776972028185584085e-02 4.366861630372160241e-01
7.616798826454390658e-02 4.920442888010619353e-01
7.189219841158311919e-02 4.181682529591885245e-01
9.770564532869907559e-02 4.011162537022025520e-01
7.098351788571122256e-02 4.216740025213260856e-01
6.374358262571372391e-02 4.116565325251315688e-01
9.851948376527047690e-02 4.303680743224324035e-01
8.679736475473948110e-02 4.000996490680382434e-01
4.379011393842557887e-02 4.734064228677923869e-01
8.151323949917044231e-02 4.090833761242230748e-01
9.076002388032566870e-02 4.446158252858469773e-01
8.859711019736016269e-02 4.201891039770824787e-01
4.756850033401871514e-02 4.261906324312792482e-01
7.049433702789581480e-02 4.241590366559768732e-01
5.625412119471889794e-02 4.091177242051312613e-01
8.523172354947056162e-02 4.069278683974318356e-01
7.604158016963330491e-02 4.176672130679601747e-01
8.777805975835234475e-02 4.681735320870737960e-01
7.977873546977437558e-02 4.343846520890728979e-01
9.536624584401004467e-02 4.077054089013065763e-01
9.241895522561710541e-02 4.672306361719513745e-01
4.915825672925722145e-02 4.035074607457838081e-01
9.174929872697279443e-02 4.068581553016686891e-01
9.735456188206609296e-02 4.019209310656323697e-01
5.919279792669568385e-02 4.127492992591428878e-01
7.203086141092862604e-02 4.256719230109655139e-01
9.245939996523622195e-02 4.272397368960046404e-01
1.616582985152426044e-02 4.134550788084789819e-01
8.809558171701670215e-02 4.012949274536615207e-01
8.733334970615885817e-02 4.614795146539185100e-01
9.032339182278492640e-02 4.734297681198165186e-01
6.696664192383600112e-02 4.086849200160648787e-01
4.531035627036777980e-02 4.202570607381069800e-01
5.135128557195928201e-02 4.247868496420512674e-01
1.670137412417371792e-02 4.118222741203256820e-01
2.322781253515565636e-02 4.271633971991562473e-01
6.251006439467743370e-03 4.074397288857113941e-01
7.943448698604627101e-02 4.804621093164314627e-01
8.436733677094870876e-02 4.001670270610686031e-01
7.694481161132138425e-02 4.063741247380883714e-01
7.710451813548302447e-02 4.555687237763489938e-01
6.332841791798188291e-02 4.208219994580106871e-01
8.558235052589124869e-02 4.122722162653982281e-01
8.323543253378468121e-02 4.629982236582128596e-01
6.791748131897684670e-02 4.043768784928367110e-01
8.334819997360609634e-02 4.521416022680653790e-01
8.328201219491571106e-02 4.592779174041299317e-01
7.729834979964450570e-02 4.501630041010086791e-01
7.980885624872302575e-02 4.407134967860112940e-01
9.826850377045781570e-02 4.413593844189077631e-01
9.128336234900713553e-02 4.147466780656495211e-01
9.476179883223906364e-02 4.624768503254126917e-01
9.149671696270800236e-02 4.686955445966871636e-01
4.199560145535685685e-03 4.269995183903341207e-01
8.139875751710173857e-02 4.260750254929561720e-01
9.380825766572625790e-02 4.235397918664745021e-01
8.596398803257448984e-02 4.813336441026648260e-01
9.232245404667627220e-02 4.363733865055560157e-01
8.843252280119079378e-02 4.021696624560027189e-01
9.488103148290655264e-02 4.476094946222580195e-01
9.915905064207586328e-02 4.245827325264689978e-01
7.592953913007005617e-02 4.433925433790177895e-01
9.879339806336079333e-02 4.278287802304062692e-01
7.647922818057528715e-02 4.610436429569926831e-01
7.347536997550024873e-02 4.167544822283009154e-01
9.490852207830030585e-02 4.365607098966965416e-01
6.806956687401038986e-02 4.974702887524847794e-01
7.030267596512185246e-02 4.481576014700993649e-01
8.940690510847221217e-02 4.266747269397243580e-01
6.668514290631405439e-02 4.223723367806977436e-01
8.114577509648046583e-02 4.017820797813596578e-01
4.057908836445395240e-02 4.343776811648835112e-01
7.325532724955802211e-02 4.296622226626589103e-01
9.440399482713873747e-02 4.128247571146893558e-01
8.906985243800102925e-02 4.154084630274094136e-01
7.082621027380964218e-02 4.027465140162561075e-01
8.876135201421569976e-02 4.623711157534839966e-01
8.932706183096511543e-02 4.276152862921588360e-01
9.943784297282282081e-02 4.352124983481432396e-01
6.310912328712930952e-02 4.128881327946102298e-01
9.798759672314216740e-02 4.219498159587747876e-01
8.057751928631745608e-02 4.212293282717494702e-01
8.669094016940603886e-02 4.283829711405639507e-01
6.908655087829446151e-02 4.178139154164219882e-01
4.738047036861331440e-02 4.075608561920276984e-01
7.750754512779656213e-02 4.128529084763795654e-01
1.569142323950190043e-02 4.220839056141696966e-01
8.372903109981644221e-02 4.322520803109539678e-01
8.964635554392286210e-02 4.303372413631394999e-01
6.520959478759291716e-02 4.290035521210086578e-01
6.712283643891864271e-02 4.143576904530275051e-01
7.114199269469878573e-02 4.197984717268475330e-01
8.102770085797911248e-02 4.422657946995592892e-01
4.732951674133084596e-02 4.006151051649365913e-01
6.125213108814347995e-02 4.093588708878048710e-01
9.542583743365545823e-02 4.115336901413151893e-01
4.089994110176647935e-02 4.140785170594081799e-01
8.038033837169394902e-02 4.194381490243920263e-01
9.241738528621207260e-02 4.216382537858844315e-01
3.947745792229356843e-02 4.566862286870609910e-01
5.258951200082789823e-02 4.023022842772641661e-01
3.956275721805446732e-02 4.003811850167465214e-01
1.501322542375416180e-02 4.239500618195831683e-01
8.080474928102021615e-02 4.664410161759533491e-01
9.842082802098239824e-02 4.342419706452427253e-01
9.765005602934351270e-02 4.818375818145586575e-01
8.224824189911816852e-02 4.267943535625533524e-01
9.565554661723862928e-02 4.129159804643959264e-01
8.248736468632089647e-02 4.525838287736593246e-01
7.225103518345804554e-02 4.691881573346225465e-01
9.921337599486251824e-02 4.008531124561305892e-01
9.602381562473716325e-02 4.125445132472384535e-01
9.716401935665591738e-02 4.387942567526070814e-01
4.599983331258339359e-02 4.512725262038504437e-01
2.070472274442075600e-02 4.301085532636446107e-01
8.525876430309303755e-02 4.068137149114797180e-01
9.520536278038249645e-02 4.501352735955923001e-01
9.273407410287975994e-02 4.018743272862293492e-01
9.928440492045742527e-02 4.130526050076526179e-01
9.902519732599079916e-02 4.405403145996200087e-01
7.554519715269808477e-02 4.519849314264011708e-01
7.235765821786444008e-02 4.229464628714297292e-01
9.320886147381240994e-02 4.056604452391904814e-01
8.746583362565035769e-02 4.332294634772154707e-01
7.556775708056645557e-02 4.070661084466706825e-01
9.124586024575881416e-02 4.140098953681979332e-01
8.790318454860018837e-02 4.089303506299684088e-01
3.327753045879200400e-02 4.524473217140248527e-01
8.685898124965490963e-02 4.010233705053422582e-01
6.972309674062843188e-02 4.982798706185265769e-01
4.413721185311475503e-02 4.045464114267378619e-01
8.208775145338859103e-02 4.055226270033185920e-01
6.694603204668791996e-02 4.030089855042220393e-01
7.615394653761764499e-02 4.232270652674030020e-01
9.692142743200082844e-02 4.293707646774210795e-01
3.935101888657749347e-02 4.747702774069037512e-01
4.936512333390380425e-02 4.326874478020075188e-01
5.886401330461893400e-02 4.905988235439678324e-01
8.536209597726512888e-02 4.004091929996475008e-01
8.417322611865357684e-02 4.471663082926660704e-01
8.820606663124380686e-02 4.020125603959462945e-01
8.614894621289154175e-02 4.285703831904059125e-01
3.363317404407933919e-02 4.666830801997670641e-01
5.539758034336700332e-02 4.181266903339820318e-01
9.801079586354588535e-02 4.630038261136014688e-01
5.154428844981701063e-02 4.015860990229123129e-01
6.948404489287357544e-02 4.162286182137317492e-01
9.760328465195378111e-02 4.797526065582634613e-01
9.611941881663782494e-02 4.021572622212679637e-01
3.085312466339307225e-02 4.016977419046262043e-01
6.735226556879914117e-02 4.463702640437964275e-01
8.333232904830722987e-02 4.192006383232942945e-01
3.067880056981903136e-02 4.354235201097168551e-01
5.879016994481411906e-02 4.104289535944830591e-01
4.344577363694429595e-02 4.065060816961917900e-01
2.944485056324774863e-02 4.010885813753709561e-01
6.209198632808482499e-02 4.272136182551932726e-01
6.503246786174171623e-02 4.343197650067856519e-01
3.996920585075447452e-02 4.260894832815160238e-01
7.366378050973693137e-02 4.031246057231250846e-01
8.567975763626045627e-02 4.824854557273443034e-01
7.709238443147076181e-02 4.197432982105538946e-01
9.876638897308864795e-02 4.229953110554728335e-01
5.210734848162251742e-02 4.598944406368890570e-01
7.778905204484143354e-02 4.418814475535248198e-01
7.261551008636435434e-02 4.198597435019389423e-01
4.442436988741893522e-02 4.265954151398708705e-01
2.704335631210147417e-02 4.070268469091650188e-01
8.515094942797518662e-02 4.610362166047917154e-01
7.014945657169086024e-02 4.075154180373504742e-01
3.931743922718611284e-02 4.034672346898198203e-01
9.796507785326996620e-02 4.596960610111216483e-01
6.184841817270481101e-02 4.120584283957064442e-01
7.964985085548459409e-02 4.388558449790846416e-01
9.475775248545753593e-02 4.284164900011698807e-01
6.808929404222641146e-02 4.166798653515212392e-01
9.557399796271315306e-02 4.737677128418674721e-01
5.556110446133544212e-02 4.191785705229835735e-01
2.754894288258707968e-02 4.073323477460002451e-01
9.112531469144968810e-02 4.546802169197032839e-01
9.546316411785832345e-02 4.378447583565661105e-01
9.714182606184351698e-02 4.524816383940289399e-01
1.800301341782173381e-02 4.151527142202928178e-01
9.413113420264879183e-02 4.038277501509295320e-01
6.516132163638405084e-02 4.165611118513439792e-01
4.510452013588978071e-02 4.002991986773339339e-01
9.101663254706476858e-02 4.383000404796662530e-01
7.551076326878242151e-02 4.278718740036480117e-01
8.353619887651864140e-02 4.082287104965964253e-01
5.911216839593497197e-02 4.007636357481468847e-01
8.896202871567221449e-02 4.622114131587329311e-01
8.817261966698736186e-02 4.033331577273183699e-01
8.817353975437791647e-02 4.067412292240341620e-01
9.885056125091734591e-02 4.316685639623540349e-01
6.838101216523140291e-02 4.026597952305928096e-01
5.420477110196825210e-02 4.241059213695200225e-01
5.842881719413045571e-02 4.252898319689303874e-01
8.635011856126328933e-02 4.271511246391752614e-01
8.970885410725942810e-02 4.133206604644927284e-01
8.399133153204318969e-02 4.604121134664648229e-01
9.412025736021850664e-02 4.345870532426508448e-01
7.498688979941270372e-02 4.213242942056817930e-01
4.473966934022011177e-02 4.171327232060701995e-01
9.071766466897723813e-02 4.848982967215313411e-01
5.597494862171170649e-02 4.352019231862112036e-01
9.219778020150659614e-02 4.108885559649396169e-01
4.807348244294024076e-02 4.252624639996384071e-01
9.141365088342129352e-02 4.269229860194276305e-01
7.696224222131781145e-02 4.406605456767722639e-01
8.113264854070195709e-02 4.243086648714809450e-01
7.762559443065497611e-02 4.037851865950334851e-01
9.688726762714500174e-02 4.244832322892080345e-01
6.835772114706589742e-02 4.431696303120551406e-01
3.992569835191844829e-02 4.096427551929899269e-01
9.895984065241159033e-02 4.077242930598123372e-01
8.596945653190224412e-02 4.204925572274580969e-01
7.318745479698784973e-02 4.148057535655778616e-01
8.019986467868367441e-02 4.022974357637663645e-01
5.743487189899709744e-02 4.443991983094762732e-01
8.982971192391847604e-02 4.247772285221416144e-01
7.240187014454785297e-02 4.438175066490080978e-01
6.132586572993009577e-02 4.098341878827990170e-01
7.797529782719975211e-02 4.233506295283324117e-01
8.881354091253840233e-02 4.465243151001548894e-01
1.921881037967776429e-02 4.491509131657439591e-01
9.618875609047494724e-02 4.228189530890168468e-01
6.729230604611546873e-02 4.212295223673489519e-01
8.456352546558076888e-02 4.258333804655989319e-01
8.736170038270352212e-02 4.201692935184244693e-01
6.105833301994084694e-02 4.535059383733476834e-01
6.987402942394355110e-02 4.027659030014738573e-01
8.954138641720049696e-02 4.421555579017019677e-01
9.956044898082472283e-02 4.154784776718818406e-01
6.275898803831103656e-02 4.138834885335835878e-01
5.495267039741019710e-02 4.304238471253660769e-01
4.567698063259517660e-02 4.151964283085429197e-01
9.568942705718130881e-02 4.031597980833864781e-01
7.013892765817064667e-02 4.188476295236653879e-01
7.511548937459772146e-02 4.343457914627178451e-01
7.354471105366472417e-02 4.306361157278514318e-01
6.592813040144668291e-02 4.500481222610402399e-01
6.107283166927018891e-02 4.226479035467911594e-01
8.489709968738912149e-02 4.098600888655658525e-01
3.539553391240440883e-02 4.175846137164883065e-01
4.745540035330508832e-02 4.092938167955766926e-01
5.449436835927590206e-02 4.078721471774213181e-01
5.668973984959357892e-02 4.648972422012606631e-01
7.459434678755932913e-02 4.569835639774814107e-01
4.875932580099961999e-02 4.428166244947202013e-01
8.370287367026807424e-02 4.229790209593372041e-01
8.864760781281033619e-02 4.806218840919597168e-01
5.308229273433312523e-02 4.003038731134969108e-01
7.630591715242768247e-02 4.415214363891126759e-01
8.967895307298273666e-02 4.297266660049252618e-01
7.204553056515305975e-02 4.378910176240951024e-01
6.715477276421594199e-02 4.214992298373739787e-01
9.482003776139086293e-02 4.562847234474637914e-01
5.669619603963804710e-02 4.034145028567076574e-01
8.359682646683852525e-02 4.162039490137476316e-01
3.294938237633637801e-02 4.641249471994303155e-01
8.515594620072458598e-02 4.200732403239646473e-01
8.015619932456408137e-02 4.141996019895982095e-01
5.462587294043697028e-02 4.172370263618344066e-01
5.806710676359994050e-02 4.028481199311484406e-01
8.206952462658295699e-02 4.677189961474892410e-01
8.932488521992421049e-02 4.319783371122743465e-01
9.029929211939002887e-02 4.040406490821065177e-01
6.337107830202010073e-02 4.011459447041509363e-01
7.787544354868958241e-02 4.394522046252162806e-01
7.747312696561220458e-02 4.465972791304730904e-01
7.519917498018086066e-02 4.084106538827125266e-01
9.885305536329774823e-02 4.774894579207042411e-01
2.453591779700509123e-02 4.092230019692406073e-01
5.178041947648515109e-02 4.089612892293050250e-01
5.025558688075215663e-02 4.249676917730971226e-01
8.234417134974258978e-02 4.013509195722009815e-01
9.805154125420406652e-02 4.231861997890023486e-01
5.993457711117883280e-02 4.088470179506820679e-01
8.800614396590183963e-02 4.299060076716353374e-01
8.617306935366741971e-02 4.272948628611847877e-01
7.768824686996478324e-02 4.022546322134069041e-01
8.394734245636836789e-02 4.540786839211101156e-01
8.331747185312476933e-02 4.265904503892592459e-01
6.873693659945340206e-02 4.250154917148169509e-01
8.255334779518769261e-02 4.279898474022928445e-01
9.648084223119668401e-02 4.449446482484007426e-01
5.040798406915281138e-02 4.474482236347011033e-01
3.637592780497528322e-02 4.082024124677311461e-01
8.106536062175251356e-02 4.382002097607087254e-01
7.375334412005696283e-02 4.417495830013270508e-01
4.770048173833280059e-02 4.012302600843006273e-01
3.661874327530423301e-02 4.278498666213678137e-01
7.071048956883280168e-02 4.083153263355603912e-01
8.816184306327917719e-02 4.094862806880057438e-01
9.404157932416745691e-02 4.081436000252265939e-01
5.616300193962087128e-02 4.112255736884939394e-01
8.121768004259771745e-02 4.215527308168363629e-01
9.241978220465746352e-02 4.311259797230392876e-01
9.237552992212771930e-02 4.490524999661542060e-01
7.985996031146047613e-02 4.112926848117586243e-01
7.900716061351059638e-02 4.702742027432795235e-01
9.097393563250472104e-02 4.105412226585581914e-01
2.418136650626095951e-02 4.244150732860197950e-01
8.060588986810113266e-02 4.441275743213320970e-01
9.961382362264747936e-02 4.272892765259909686e-01
8.007000437279027105e-02 4.006202922491410856e-01
6.973128338307521545e-02 4.712873735874538728e-01
3.290992781867874140e-02 4.206472324731642676e-01
8.925063678930417188e-02 4.441977662371829338e-01
7.238445786423297612e-02 4.288883604406676375e-01
6.695160191550231232e-02 4.159521522694904494e-01
9.861191083090703469e-02 4.315472669111986570e-01
9.549003389131777153e-02 4.230681281230362356e-01
7.989779977007099854e-02 4.296503714801945817e-01
9.526699823758294494e-02 4.140083749972781613e-01
6.684203391535875616e-02 4.400371708986179908e-01
2.385908076057779992e-02 4.181785597040901248e-01
2.864308769129486620e-02 4.113101390395224044e-01
8.322888779542469972e-02 4.003098814236747960e-01
8.675710193123797875e-02 4.296652623418760752e-01
7.988350823508871823e-02 4.219408440011793160e-01
6.751383524571841210e-02 4.511503843501872835e-01
9.890123223840607825e-02 4.103650768359354273e-01
8.585421359699857424e-02 4.347512081725577460e-01
9.136710366852573983e-02 4.473269791705646314e-01
6.348041608846960449e-02 4.119838119423499534e-01
9.286641776573439921e-02 4.316438064833264532e-01
9.342685531354455453e-02 4.509350193141687946e-01
8.878546876824211509e-02 4.133656581540692265e-01
8.672460687664235168e-02 4.260084505432755742e-01
7.493448568575195035e-02 4.429154243905402688e-01
8.966600085377335327e-02 4.024189007731011070e-01
3.516261566982081810e-02 4.177151279840967679e-01
9.201226989425631553e-02 4.101745171692493530e-01
5.588654861775227412e-02 4.335387807974840357e-01
4.880887844920195340e-02 4.008021300549289845e-01
6.422239761636466815e-02 4.006227789733157185e-01
6.800890864346809117e-02 4.073869693512709445e-01
9.197316256412196855e-02 4.107545506466060981e-01
8.309584655913293538e-02 4.090300836457269051e-01
1.224228299412100096e-02 4.427649648995249931e-01
9.473726588363950984e-02 4.069531644871011156e-01
5.266904659075882789e-02 4.077077326796869072e-01
5.749502678446660742e-02 4.016790252709070974e-01
6.288577394950695121e-02 4.030946886699435794e-01
7.350940143047351993e-02 4.345840421329004166e-01
8.914998189598266620e-02 4.255307330010993927e-01
8.597215915870648484e-02 4.078098804900124885e-01
8.430381547087961724e-02 4.357030990937498238e-01
2.832359689683155990e-02 4.120028282481522641e-01
9.759552578030200598e-02 4.216162560778803914e-01
5.099459954662177719e-02 4.891996319583863384e-01
2.049537867623135723e-02 4.347604345269489023e-01
7.082372540984682718e-02 4.499821805392910101e-01
8.437167594478023336e-02 4.631775849687510549e-01
7.099126144523631998e-02 4.560919765384655600e-01
9.053827904095768098e-02 4.513230289027341247e-01
7.957696207662523502e-02 4.056902570467375013e-01
1.585059086267393003e-02 4.216363419140992663e-01
8.612111492597512852e-02 4.610458447548735905e-01
7.482703437298171556e-02 4.215817329139566194e-01
8.432492937387325860e-02 4.155109731371203208e-01
9.490098970090116159e-02 4.143423519392398502e-01
1.925347715891223555e-02 4.380968873807704056e-01
9.943437705742774746e-02 4.393747523960661594e-01
8.241162925900996639e-02 4.242839116315064163e-01
9.651264999650410736e-03 4.469344848029813688e-01
1.531672335517120231e-02 4.403803723137096338e-01
4.861245492591403927e-02 4.097154814011900181e-01
5.728997954011549876e-02 4.139527904432807048e-01
8.553211603569638166e-02 4.477941644658412490e-01
7.094259287047260942e-02 4.069717396964945277e-01
5.377312271064221827e-02 4.256495871061917180e-01
4.826505798296915062e-02 4.175235019894839028e-01
5.820513776415298102e-02 4.126041345289449547e-01
2.880907216945050031e-02 4.030553407370321972e-01
2.622433203197466201e-02 4.129526289456119104e-01
7.667748250117728537e-02 4.184743159756126873e-01
1.508421968322792850e-02 4.140122814502484871e-01
9.357598927611709971e-02 4.447726467476408319e-01
6.199586366251402803e-02 4.710399454646834738e-01
8.576007309106281618e-02 4.191382934603838928e-01
8.550808102078644168e-02 4.476179386728662557e-01
9.873990450534969598e-02 4.791177177338466486e-01
9.244658067303129778e-02 4.450174045678569335e-01
6.877380344381284205e-02 4.457279640336491155e-01
8.834971323368456808e-02 4.056874543070695394e-01
8.355538543373575155e-02 4.620012827711008074e-01
7.802798599618038233e-02 4.573106443517607200e-01
9.860340656530947046e-02 4.365887689571062991e-01
8.641257854758221946e-03 4.950042461946411732e-01
7.511980833511694433e-02 4.339001738676467879e-01
5.756443140053402185e-02 4.439838637082225148e-01
7.652248747773326976e-02 4.036038981375613677e-01
8.943984244910396786e-02 4.866500285957909844e-01
2.342954391631091315e-02 4.253121433842932397e-01
4.797287072479095027e-02 4.433305815221131319e-01
7.440807423450590541e-02 4.406533115285909963e-01
5.618475445993909023e-02 4.144017874926193556e-01
3.526289704933949221e-02 4.100488592895891737e-01
2.968072886317540959e-02 4.330923118465354049e-01
1.852557987595748745e-02 4.191003332064383025e-01
4.291054038996100495e-02 4.485534732299688576e-01
5.506398800019352002e-03 4.342124392342364692e-01
4.144932477374885238e-02 4.000966017391975327e-01
9.394498921331984054e-02 4.767351966807945596e-01
8.330138724125912830e-02 4.690202848693254545e-01
5.661123735527529011e-02 4.732075418246574072e-01
9.099511445212415950e-02 4.436259064545424735e-01
2.616030099410371346e-02 4.584785793899049389e-01
6.000205180618767287e-02 4.427835473130521948e-01
4.024851891518521629e-02 4.210584526214888879e-01
5.363529777796882669e-02 4.817904153700165448e-01
4.588325644283541838e-02 4.395436252697736967e-01
3.552799228661640552e-02 4.287885730839314236e-01
3.678843111994223314e-02 4.050840237112127706e-01
5.297662930074042986e-02 4.329000969457921788e-01
9.229605202237489703e-02 4.529802918623354602e-01
5.120499408243339712e-02 4.088206593780805975e-01
3.051515713411812047e-02 4.393810416113850259e-01
8.136961998364045101e-02 4.396236320986596779e-01
5.075480122351672119e-02 4.023871499183080402e-01
1.760021775890985296e-02 4.264130188344429362e-01
7.587753578233402685e-02 4.011472708503549534e-01
9.436586391030410415e-02 4.679924367554325615e-01
6.503053400847669252e-02 4.938608505079964406e-01
8.110220437927395665e-02 4.208477693025632904e-01
5.244573051878287373e-02 4.049266323444995486e-01
2.781842225246555778e-02 4.364288184656258673e-01
5.548140920364597051e-02 4.293309700924528571e-01
3.109409970927934364e-02 4.160289808017332835e-01
4.195544478591484161e-02 4.333697828603313429e-01
1.493817219006032815e-02 4.590341950286652151e-01
6.308868834612046950e-02 4.200128621158596975e-01
8.854741133706067746e-02 4.336176920030881399e-01
5.360563042928712107e-02 4.783555441514484863e-01
6.277055182544621914e-02 4.602645357695053230e-01
7.866536656909606240e-02 4.498440873885838909e-01
9.753334160210269665e-02 4.495991890256080259e-01
2.224101084829066544e-02 4.390170699865812987e-01
9.589921130305989472e-03 4.635631365672935877e-01
8.984715095115591854e-02 4.278913337783065707e-01
6.048141793085459739e-02 4.455469365185171782e-01
6.670309668745710852e-03 4.167660767450943604e-01
4.945150123279162813e-02 4.396142692452704726e-01
3.882308937939260574e-02 4.599175880581391485e-01
3.322383050434751794e-04 4.300559989705480812e-01
6.152745004951876151e-02 4.212553048555414681e-01
5.996044056292981761e-02 4.284373840174052761e-01
2.335724263771554732e-02 4.115226844762376879e-01
1.460390875228767538e-02 4.076745130499157543e-01
1.642261742709272276e-02 4.196652007442244203e-01
4.797216171111362559e-02 4.010996668202142512e-01
7.838767062444029765e-02 4.699236734463364540e-01
2.053853766279800652e-02 4.106799326570022002e-01
5.123197054488670688e-02 4.060843030558904942e-01
2.776036910742041286e-02 4.728646934983528061e-01
1.374726127011505206e-02 4.233776524536594366e-01
9.493072050422901587e-02 4.925087637312507427e-01
2.752929372224333093e-02 4.965670908456736310e-01
8.824856499385691500e-02 4.008504654892960373e-01
7.501247492361806657e-02 4.232938580750620905e-01
8.583463383368694632e-02 4.761652028780281043e-01
1.572058581589685922e-02 4.171849888023697606e-01
2.385610955493522312e-02 4.848092500198490362e-01
2.281843299041097506e-02 4.233827478363130226e-01
2.636631111637832703e-02 4.767318899226899998e-01
8.814023241712787282e-02 4.791249662915855190e-01
9.862212495699873571e-02 4.481394225644385609e-01
7.376309519941670612e-02 4.617637978151999389e-01
1.460360933570770126e-02 4.505485929570642867e-01
3.978131602587353655e-02 4.183325137704536623e-01
2.582240349403164270e-02 4.621680708953984640e-01
2.214933521735196198e-02 4.460311968904747681e-01
3.531585496734168661e-02 4.276609920012025001e-01
4.906115835589819341e-02 4.213161659310356022e-01
6.248401095512967629e-02 4.973466520722764628e-01
5.104672610694138690e-03 4.130361192902146095e-01
3.233039961962658193e-02 4.300779836305425041e-01
6.057969578301181102e-03 4.062490384850729330e-01
5.892618259891102550e-02 4.326468465859887313e-01
9.828902536489969588e-02 4.356334953889603456e-01
8.140433374938726985e-02 4.424263378223302068e-01
4.019940543332323202e-02 4.123112798431670112e-01
8.576326381154164569e-02 4.266263117168905827e-01
3.468654802543058580e-02 4.791644902363526026e-01
7.568896726924156937e-02 4.028436875371863013e-01
1.762056667816735978e-02 4.750276139158514099e-01
2.655454871884910251e-02 4.856255064930677934e-01
8.074465451987156150e-02 4.927726598114837708e-01
5.651247614024546007e-02 4.595520164868728274e-01
7.133939087695251313e-02 4.963446032414625675e-01
7.580646317897843378e-02 4.203278926011331240e-01
3.645639628135155519e-02 4.209789999009682648e-01
7.325057595344519612e-02 4.147846206564970162e-01
7.055403823297023980e-02 4.507805436878788985e-01
8.084536977695244708e-02 4.431528198906171112e-01
2.734423186698242692e-02 4.404983613325265113e-01
3.425258384594742633e-02 4.855498730140279662e-01
4.588737689624333704e-02 4.200832063824946339e-01
3.555160269818613550e-02 4.850134190544234114e-01
7.055219029522186158e-02 4.385289834998218894e-01
7.603244254263685775e-02 4.555099186252471455e-01
6.748544395817224206e-02 4.666750588304125480e-01
3.318695220623157915e-02 4.247496951214536631e-01
6.256451348751668196e-02 4.696421853153404102e-01
3.149036854538900254e-02 4.428336713453004947e-01
5.968352023515355320e-02 4.651753336431515562e-01
7.190817962895457160e-02 4.997719533402595893e-01
9.945667792436108101e-02 4.329668781746693895e-01
4.682879180506360761e-03 4.190529405725589851e-01
6.542261415519989853e-02 4.095147365241425530e-01
2.689583260271966036e-02 4.319985611278761573e-01
6.969467400156448278e-02 4.550226415023495008e-01
8.350332022413875510e-02 4.317703981432857718e-01
3.203188503546494648e-02 4.475186780953395727e-01
4.888821729763825896e-02 4.792513987105819773e-01
3.962502221277708347e-02 4.633416608108621437e-01
8.988856003346445966e-02 4.333018191348673720e-01
5.310849238045034504e-03 4.496563064037520929e-01
1.188326785878335290e-02 4.870957148153884919e-01
6.188616061346863262e-02 4.539935754484411556e-01
8.833334234182455003e-02 4.525179305795134499e-01
7.649276294334816928e-02 4.326466555514898449e-01
3.586150971858881320e-02 4.957548990930031874e-01
5.269046187003734172e-02 4.486680106721211425e-01
6.290126672078166781e-02 4.651474516717288288e-01
3.910099686541546049e-04 4.854368475457725429e-01
2.279964756757402178e-02 4.777639384524153265e-01
7.276617811530372570e-02 4.075748273046645997e-01
4.451476679838861639e-02 4.650839387820923099e-01
6.057902682700877506e-02 4.067410964533442197e-01
8.699389466256834957e-02 4.666986925150935495e-01
3.998332295583784113e-02 4.605094409310770409e-01
9.580322160250254182e-02 4.618887262550231965e-01
7.973043938835377986e-02 4.557824196551700235e-01
7.853406949425068007e-02 4.964591927920561920e-01
7.571338610312183803e-02 4.025179144285536692e-01
