7.564214008355601981e-02 5.197887299512755632e-01
8.600884917585444045e-02 5.144776876901762108e-01
9.984700995538731139e-02 5.111328314046319488e-01
9.870980632029002777e-02 5.003582953104661613e-01
9.139039664791281936e-02 5.523163462749097752e-01
9.839493847829405837e-02 5.063437789177182013e-01
9.526087824065937459e-02 5.295988144775989337e-01
9.731164629941768673e-02 5.426132230200721995e-01
8.884135511451962675e-02 5.176760413212241341e-01
9.195799052518149885e-02 5.553871940429551124e-01
8.525483535048361539e-02 5.285422329200940572e-01
9.922685266520869796e-02 5.108939816787653188e-01
8.690848493001407382e-02 5.070934270236744368e-01
7.345875600610374256e-02 5.141691811557455027e-01
8.796500413520758066e-02 5.039975447084936722e-01
7.432234401593140749e-02 5.346406039565391177e-01
7.924548350756194237e-02 5.515464076003686600e-01
9.504112229142008816e-02 5.506733087410770056e-01
9.060590007419588865e-02 5.196813669674289482e-01
8.716689082459805338e-02 5.154963073413689756e-01
2.526827052039043453e-02 5.062124326760711890e-01
6.928086634986363457e-02 5.138878655943707185e-01
6.137973450001282805e-02 5.004605117870754016e-01
7.713631098168627354e-02 5.081147129654393080e-01
2.868002653923384937e-02 5.456221786958347364e-01
3.267234994926371261e-02 5.166627977086983847e-01
4.729464495406054958e-02 5.526715677606142130e-01
2.520017820926334640e-02 5.415098656494865548e-01
6.647953638665582421e-02 5.573894926115414705e-01
1.888897964037905552e-02 5.218936968109540997e-01
2.457104408831944919e-02 5.818193018829778129e-01
5.610958016266998083e-02 5.227399706774140675e-01
6.619107245950861529e-02 5.264226664051847582e-01
9.247896382023812478e-02 5.433378502182809600e-01
5.784422120649912458e-02 5.831503630694646612e-01
4.122751459598539281e-02 5.664648368339337825e-01
6.823323262360758701e-02 5.142184482194038786e-01
4.222535747130051753e-02 5.144997360512283402e-01
6.242036400411010710e-02 5.488982941889344325e-01
3.936162797494524579e-02 5.031573348413380664e-01
7.890805697093883353e-04 5.423787570897262711e-01
7.204529374438428668e-02 5.680028816273439141e-01
6.641437973774366732e-02 5.143795620792195322e-01
9.112435575541866228e-02 5.958648526842326154e-01
2.962803623447685109e-02 5.221628568070049159e-01
1.810655159643492773e-02 5.085703607113354341e-01
1.666073178836591229e-02 5.243478282882534369e-01
1.312591141500329961e-02 5.761095348547780048e-01
8.817150574266630070e-02 5.040735349255682785e-01
1.084553383766029278e-02 5.387246989434678612e-01
5.145785323363172292e-02 5.129224488797649029e-01
9.262518081369064404e-02 5.410302742861035075e-01
5.548180030764038317e-02 5.484443714534106284e-01
7.768738927637097724e-02 5.249121143000925471e-01
2.065630813101804186e-02 5.467014720600562594e-01
3.244973164626696605e-02 5.917549895075069344e-01
5.803073646732792579e-02 5.059627043194337981e-01
6.975283059314973944e-02 5.887092202667957297e-01
9.222971806910040815e-02 5.886676570777198414e-01
4.316851956639433663e-02 5.050121252827707297e-01
3.332922662703052819e-02 5.428181160784858461e-01
9.091762113746459928e-02 5.060400593541479752e-01
4.864859853348846297e-02 5.605202767635177885e-01
4.211394431483661549e-03 5.562359654103745665e-01
2.058314675790295922e-02 5.767418079843416034e-01
1.790623130156332454e-02 5.639416450190033459e-01
1.514237375105975669e-02 5.430281314409315385e-01
4.339306863995329167e-02 5.234729547385099657e-01
4.866535901724544644e-02 5.762513390722819873e-01
1.587629568940085445e-02 5.075899379069135353e-01
2.064062581677528208e-02 5.168261186276535968e-01
9.783956950475403147e-03 5.274403801837331818e-01
9.738156032262768047e-02 5.668273622335735507e-01
2.661418637696222333e-02 5.657824827240690579e-01
4.539059848668580699e-02 5.145979896569071732e-01
7.935870991922056028e-02 5.258919948664515509e-01
5.005938806927412443e-02 5.313267741521308096e-01
2.773308622625436648e-02 5.166076190407307145e-01
9.856084709986900894e-02 5.866709384998448629e-01
2.043425096779349914e-04 5.540932124889363930e-01
6.547451540940707471e-02 5.059509442159476622e-01
8.394704869837055217e-02 5.022048414699555874e-01
6.618315664459106795e-02 5.332118807495408452e-01
1.572703807573649915e-02 5.622813459196358554e-01
7.203596379056009802e-02 5.265281345600644203e-01
8.242732026992061201e-02 5.302709914015258930e-01
2.715123798305474345e-02 5.998557846386682879e-01
3.268020493287893125e-02 5.637267393835421192e-01
9.719162662699676325e-02 5.684567100201820544e-01
