1.039016109105649899e-01 1.940905808291921719e-01
1.082550717854212641e-01 1.660721131966541586e-01
1.040594425998875860e-01 1.909054280466785380e-01
1.173041071210007003e-01 1.842647525915803719e-01
1.505128090670861951e-01 1.589768233817382415e-01
1.001882350488760287e-01 1.997053043218098844e-01
1.111805381706396090e-01 1.925507296165178683e-01
1.047589002371537847e-01 1.509525159584110821e-01
1.381154617936585227e-01 1.817594622572485941e-01
1.212635719853651373e-01 1.954260491596127025e-01
1.144754572818424965e-01 1.592365848254960747e-01
1.138447315384860659e-01 1.910808841532629643e-01
1.011740791605167944e-01 1.852271740236806075e-01
1.268812655405765488e-01 1.982262950404423130e-01
1.030810034322670043e-01 1.689962632726736969e-01
1.060756617967080206e-01 1.340062176050833276e-01
1.976247314925944076e-01 1.870052652045511299e-01
1.174191589479607334e-01 1.223068574300250344e-01
1.843666834253534503e-01 1.279549955111822512e-01
1.525607091466970600e-01 1.891840713265557916e-01
1.458640764139426116e-01 1.882652570050082352e-01
1.789727746845591883e-01 1.174464270839054580e-01
1.750401035738464728e-01 1.869021983151438748e-01
1.219144427551837051e-01 1.467010914032179369e-01
1.386826755869996486e-01 1.893213440405421000e-01
1.010217237420021341e-01 1.887868556855348268e-01
1.228813511248791901e-01 1.651140851381500130e-01
1.533932623254403715e-01 1.950494195119741314e-01
1.001826977070571223e-01 1.396472058023995044e-01
1.680173504227652215e-01 1.123123339643801177e-01
1.749738376659277783e-01 1.554620532248079390e-01
1.775395614131177746e-01 1.332762779162862121e-01
1.939324394121227924e-01 1.784228662265234244e-01
1.218272119908233586e-01 1.427608313953478147e-01
1.533848665398914735e-01 1.770467088388584798e-01
1.705751517304306963e-01 1.859380065846062691e-01
1.122105990563138089e-01 1.984770893714583040e-01
1.284094788221133987e-01 1.957225353780193133e-01
1.161346985324911429e-01 1.065138268287482426e-01
1.324970069986626253e-01 1.504648712528818821e-01
1.975752202823857773e-01 1.098640915360876991e-01
1.300998419764890501e-01 1.441205642525461017e-01
1.527155909810514745e-01 1.631346445384442567e-01
1.393772034230915668e-01 1.216950717290254669e-01
1.525025534430273222e-01 1.891978038192215772e-01
1.374449509640779388e-01 1.620267136934804009e-01
1.164927018840742345e-01 1.863055458116092966e-01
1.616170634298137454e-01 1.044150028225398208e-01
1.257675099772457283e-01 1.367924985050077147e-01
1.159144894005670334e-01 1.710029711247264828e-01
1.493276612961863536e-01 1.126783249167116197e-01
1.133096985585206884e-01 1.226553850516030886e-01
1.412881754296723136e-01 1.765574919276955146e-01
1.629547053076055851e-01 1.357816359935362094e-01
1.789447619853662408e-01 1.768771354246933825e-01
1.942453193997490390e-01 1.513130437064696687e-01
1.406972169689524321e-01 1.234339756586197157e-01
1.416103666647163806e-01 1.558738116853931321e-01
1.622202395573508760e-01 1.556348157389209064e-01
1.854068902630799931e-01 1.998841130922100473e-01
1.456301510050997949e-01 1.699947978966690754e-01
1.545072025941226501e-01 1.214294718837526099e-01
1.627520062740008822e-01 1.615980414506107410e-01
1.890272138782599365e-01 1.446737815320667808e-01
1.611978743369447686e-01 1.098080208962187720e-01
1.246749326884919462e-01 1.222720760813295338e-01
1.842393612312661633e-01 1.271471012553447300e-01
1.282126016145863634e-01 1.804842069023364082e-01
1.475517629323722657e-01 1.165020036987825525e-01
1.021605295875619435e-01 1.948308444964713115e-01
1.591910219477684629e-01 1.076158013533587698e-01
1.892428162555218618e-01 1.337511575957573695e-01
1.424576486248461116e-01 1.976933268549236344e-01
1.662735641838049006e-01 1.923243073613629672e-01
1.467464589963209942e-01 1.064512364456657312e-01
1.482782072860305833e-01 1.132968082019983058e-01
1.477558141716079909e-01 1.490765931232722608e-01
1.991348215714540681e-01 1.079248285189397250e-01
1.367451053703476749e-01 1.283397093690633317e-01
1.501535266378158928e-01 1.690993129127462136e-01
1.364698959321880567e-01 1.618664791104255374e-01
1.479651385275532194e-01 1.922972779017521616e-01
1.294829194630521263e-01 1.077945469319750715e-01
1.036676345666381893e-01 1.241807374091013494e-01
1.738980160467004099e-01 1.890192776207442193e-01
1.807827638676055004e-01 1.750278415176488300e-01
1.565537526029320281e-01 1.149739908775126718e-01
1.169020501974747939e-01 1.303399815872020306e-01
1.329146524294994025e-01 1.519578168499481630e-01
1.637294064499332791e-01 1.569934608634752371e-01
1.033350428693243783e-01 1.378317995278500740e-01
1.832742194630134769e-01 1.037186034120893274e-01
1.828000225484562868e-01 1.233399274737162488e-01
1.251352162763902376e-01 1.460964077558125074e-01
1.863216970984544751e-01 1.416416542555702374e-01
1.938644961756249008e-01 1.828976055175223769e-01
1.990652460752795894e-01 1.372279129029440325e-01
1.550725621117849951e-01 1.538318333315719932e-01
1.781026190057666270e-01 1.382006074216694802e-01
1.732843291426604537e-01 1.383989174905513320e-01
1.026216249825602223e-01 1.833063947686238704e-01
1.264138073509391003e-01 1.161321928805136572e-01
1.320279546880238630e-01 1.503311116451753193e-01
1.602171953087629941e-01 1.439346085066725289e-01
1.365261234165752180e-01 1.229043970831938670e-01
1.737908976293768282e-01 1.842322630387450422e-01
1.710843852461059189e-01 1.420471386043786199e-01
1.844742846564230154e-01 1.199994190018428830e-01
1.952753561871236054e-01 1.965869553959671834e-01
1.154709767871336945e-01 1.574442152138224582e-01
1.313609266023503253e-01 1.212745054208730910e-01
1.621684368164075796e-01 1.407287819888955460e-01
1.586321696111817614e-01 1.217572611886374168e-01
1.789395148069530261e-01 1.153824025954748866e-01
1.410566773000135887e-01 1.302019112908534282e-01
1.124267725325219791e-01 1.604314721631022456e-01
1.991826217356285067e-01 1.140523077116031292e-01
1.682290576388569825e-01 1.415543853860616319e-01
1.196560172659171251e-01 1.191077135602417736e-01
1.597816078616340896e-01 1.575726353855291251e-01
1.985394957593276666e-01 1.389665073300623277e-01
1.767850109483353194e-01 1.723949669902424264e-01
1.564892383465871228e-01 1.136311404511080314e-01
1.480415861198244309e-01 1.586421032549201748e-01
1.032499907357787849e-01 1.056662672455045970e-01
1.568067609504613102e-01 1.645276109280029986e-01
1.722509330838841723e-01 1.729996350960524842e-01
1.506795153474577154e-01 1.280197102471200554e-01
1.075531114344666639e-01 1.024754134930520866e-01
1.954912301778575778e-01 1.262128734063225066e-01
1.735309129027354791e-01 1.687606898084691998e-01
1.519192916942091465e-01 1.929055075591777357e-01
1.591550728997307429e-01 1.174505809297160808e-01
1.311186408061107977e-01 1.724599156271362232e-01
1.589658380564812346e-01 1.065872922876861806e-01
1.294702852197935350e-01 1.937156507216802326e-01
1.891849313029672075e-01 1.361573022437246594e-01
1.176905524615691201e-01 1.707749435875009769e-01
1.073829417730487457e-01 1.032434281923499675e-01
1.144523829311807628e-01 1.719663111171837455e-01
1.779417619558533170e-01 1.369827202639208874e-01
1.485092981786074740e-01 1.992528653984713960e-01
1.760648264174875521e-01 1.258111790638616612e-01
1.177369991817437400e-01 1.194012146442766653e-01
1.781412753926069348e-01 1.376849949668048356e-01
1.443636418970646318e-01 1.015432339949687290e-01
1.310239762274574282e-01 1.638312498868353673e-01
1.411662876139169187e-01 1.555221543711936549e-01
1.907966116770553056e-01 1.669315065394832986e-01
1.008158711914791672e-01 1.153782224460287997e-01
1.222006404867792551e-01 1.381205358002887129e-01
1.355132710607238611e-01 1.744424614941357810e-01
1.852790759077065363e-01 1.499839881434457123e-01
1.351764169636887614e-01 1.444329722612398004e-01
1.412515565590993782e-01 1.064861697750707492e-01
1.077890080574226417e-01 1.108849340260519567e-01
1.347120781225910058e-01 1.654112897367144008e-01
1.758437593091115581e-01 1.976733709735402633e-01
1.279802533053662206e-01 1.226175800345950251e-01
1.342098819719490521e-01 1.053754493651584412e-01
1.891606528355462835e-01 1.472083484760070005e-01
1.519402403253389267e-01 1.371804176079246540e-01
1.340042975294075678e-01 1.477708033484881334e-01
1.270492505821588791e-01 1.308274649987115623e-01
1.462943662492385277e-01 1.672710070315172048e-01
1.747065032917122229e-01 1.065577429820251942e-01
1.523063080171859207e-01 1.023480438141521343e-01
1.760096427150553700e-01 1.014261546060966357e-01
1.531117942522973729e-01 1.951452291807374007e-01
1.826562298102334392e-01 1.744471173116010076e-01
1.794392483107267733e-01 1.492127724608783013e-01
1.156984629033999123e-01 1.527815765091715128e-01
1.352316360616652169e-01 1.337384030397591739e-01
1.070458374533951318e-01 1.828133427620810270e-01
1.638723315445121953e-01 1.316003623142424361e-01
1.673196330966012502e-01 1.340882121694418061e-01
1.748824061007150377e-01 1.907601216327646232e-01
1.545931575233134847e-01 1.933291712921491878e-01
1.501555132541464443e-01 1.391692705298706034e-01
1.562253834169621269e-01 1.095871759584647886e-01
1.387789471483016346e-01 1.842395159132244609e-01
1.896915872571659500e-01 1.481677746017444064e-01
1.841098708878260437e-01 1.741512669828716997e-01
1.235212219203123407e-01 1.932074657359220404e-01
1.583786837860411412e-01 1.776841828122219802e-01
1.157361939884872237e-01 1.886829972639944564e-01
1.704785710404004284e-01 1.037950436342124916e-01
1.107543240522941286e-01 1.305804418277194956e-01
1.797585135644350629e-01 1.074625927636782829e-01
1.431036983671742924e-01 1.909050451044285168e-01
1.196996895231219327e-01 1.127341795010654013e-01
1.209234113506599817e-01 1.290161212894433973e-01
1.279096944914358547e-01 1.662647586914454967e-01
1.885402578983503830e-01 1.615090225241282429e-01
1.885770270496575085e-01 1.888273871801450787e-01
1.206500354316760726e-01 1.796349755946122784e-01
1.645590556694779272e-01 1.078529090157041570e-01
1.400037828806552920e-01 1.307727926993105250e-01
1.656809857306007494e-01 1.209664735210171371e-01
1.991537930556286362e-01 1.167333289517689388e-01
1.314797038222628167e-01 1.344532297739525761e-01
1.897575931860595588e-01 1.190224327717201436e-01
1.858068035184828881e-01 1.069065605540565900e-01
1.555564472883196325e-01 1.804314363776246821e-01
1.970965398072316299e-01 1.082787464391955778e-01
1.786106371767276491e-01 1.363863021800736652e-01
1.789303684818309703e-01 1.381364005108020043e-01
1.161819097435606851e-01 1.256309870316150434e-01
1.782453128253161934e-01 1.505718550219248553e-01
1.376394916068400809e-01 1.525216783955072597e-01
1.631010894829552083e-01 1.770994610084510867e-01
1.971365549493668268e-01 1.185884092397591349e-01
1.412509242833858147e-01 1.687977825444602620e-01
1.197492736772408639e-01 1.270046702191723886e-01
1.532278529470461059e-01 1.128654186094197043e-01
1.720331024073930015e-01 1.020965662473743985e-01
1.531912685890592929e-01 1.722541391075333717e-01
1.406923604884612322e-01 1.514402068899352027e-01
1.836766499825518428e-01 1.576576707511289366e-01
1.765182048254129166e-01 1.217869769202900021e-01
1.456222140696322720e-01 1.368884380157275593e-01
1.916763077446361763e-01 1.488960179889874391e-01
1.455218806938318732e-01 1.547349776827536272e-01
1.622489679698806420e-01 1.421897819323268697e-01
1.625362177352155379e-01 1.207959427212611792e-01
1.094426308777014523e-01 1.089574280671216922e-01
1.316222909841752164e-01 1.513091511091757546e-01
1.408645301943384220e-01 1.578053749462237365e-01
1.703098978676413910e-01 1.211301035928864234e-01
1.830506852233925175e-01 1.671448164743040699e-01
1.090852622180403797e-01 1.948630740691907892e-01
1.991418560412542837e-01 1.295374692920160109e-01
1.459801073159865403e-01 1.945241382514547035e-01
1.848502907636940806e-01 1.362652579363056449e-01
1.963522997946777759e-01 1.760950398857781818e-01
1.836614107317320332e-01 1.986211831054509602e-01
1.103923275607666676e-01 1.163267033005578044e-01
1.897043419591118996e-01 1.858934588633706364e-01
1.320266611745217755e-01 1.766750221731202553e-01
1.655701119120177589e-01 1.791934297739578574e-01
1.506948810685559970e-01 1.903708942103158330e-01
1.037852431130227293e-01 1.831240778417535520e-01
1.050337688981901607e-01 1.260189587215848617e-01
1.801468416485619839e-01 1.505246083238356569e-01
1.734164388389155542e-01 1.015511997250249931e-01
1.414488889990834775e-01 1.595842942351527738e-01
1.498165368710683287e-01 1.250711723358859939e-01
1.219636968610946504e-01 1.411188627294102105e-01
1.112956063240952975e-01 1.050895429217502952e-01
1.891546690956863452e-01 1.816728815435999789e-01
1.610005688775750787e-01 1.132080435109276695e-01
1.839849287624453211e-01 1.695964701713530420e-01
1.712798594787438011e-01 1.426492534821526548e-01
1.847901207761892817e-01 1.350403910555370846e-01
1.506705675474807604e-01 1.061985848295610990e-01
1.083570921873258097e-01 1.892387435922234240e-01
1.166996390908444647e-01 1.050292775808267243e-01
1.761117881705132060e-01 1.880891891076018341e-01
1.930783591245088804e-01 1.003717379630566231e-01
1.127214428056442230e-01 1.311892672771759472e-01
1.827182404566282115e-01 1.336228142106450356e-01
1.949736983755994690e-01 1.250135502924425157e-01
1.403801734651601851e-01 1.106239824916814551e-01
1.885811086267134007e-01 1.170366026925601377e-01
1.567539353906127753e-01 1.529103879356455142e-01
1.273366755216547297e-01 1.874827444426024892e-01
1.698438852212674766e-01 1.826993367209426289e-01
1.521399303824050309e-01 1.651584465826764769e-01
1.274260128977566797e-01 1.423856587454401246e-01
1.502170246473518711e-01 1.324539600497920688e-01
1.463150176219593090e-01 1.565094845990070149e-01
1.396980954529196683e-01 1.822279312714893407e-01
1.227726934625301691e-01 1.936205936496819824e-01
1.814045559475538916e-01 1.847576750209615759e-01
1.948411201457295183e-01 1.313363525949332034e-01
1.529447647822052003e-01 1.629659408421353095e-01
1.300078949461856981e-01 1.062296899821733587e-01
1.338564628252348898e-01 1.797243291389108433e-01
1.643776293399299426e-01 1.226502722292061864e-01
1.229874850128617192e-01 1.022507683783692445e-01
1.491572725002617839e-01 1.535199469424984586e-01
1.408356970620974202e-01 1.268967112570847100e-01
1.316132174421632550e-01 1.217986731503112596e-01
1.223360123960467449e-01 1.341875752458702442e-01
1.689062956035248808e-01 1.570436639132261059e-01
1.555918218554732668e-01 1.131179525492594373e-01
1.010505431676985699e-01 1.688324253107012229e-01
1.296834423866886077e-01 1.876025223314144452e-01
1.081992446269859354e-01 1.776729163772842179e-01
1.262449619641308196e-01 1.597608321518199370e-01
1.536043821455849168e-01 1.309961527514807711e-01
1.655730055383858312e-01 1.466388462770604750e-01
1.279652577529651891e-01 1.084379573465168722e-01
1.151188618089701299e-01 1.319913388736876914e-01
1.680703031650238044e-01 1.914730647946799036e-01
1.317456933794597385e-01 1.038113537713083734e-01
1.418177544735146345e-01 1.926928382680808960e-01
1.336311824663454217e-01 1.194597813283301002e-01
1.851291303262816434e-01 1.366939508268134040e-01
1.797150187787122100e-01 1.829815391751928588e-01
1.146584296200353625e-01 1.289201704732555465e-01
1.641319156480036678e-01 1.559859217812549492e-01
1.141470726229782962e-01 1.596094858908199965e-01
1.921819373098752060e-01 1.685607663302763071e-01
1.465025965805779595e-01 1.808345400138521852e-01
1.539781753976939838e-01 1.793537663746368471e-01
1.226138865480220774e-01 1.711862814877222472e-01
1.172040491900452341e-01 1.050808378948361599e-01
1.576835813422793331e-01 1.698861212345638139e-01
1.225142855790078977e-01 1.903769563481393923e-01
1.796942304336613949e-01 1.098470915013890492e-01
1.791154592757968622e-01 1.745357986283837537e-01
1.802072367092109051e-01 1.636739445724711417e-01
1.342149725262806736e-01 1.425248237516572036e-01
1.542006223591940728e-01 1.537263679028605945e-01
1.442649107929707686e-01 1.183658932068067382e-01
1.592749878159495092e-01 1.972881746619575549e-01
1.640891064457158377e-01 1.127196562680795322e-01
1.842702513565829259e-01 1.399432979070376060e-01
1.129787128076037428e-01 1.722182797568909685e-01
1.713542048807534801e-01 1.139031011511133507e-01
1.258908270783086758e-01 1.242836981784288253e-01
1.155094528004259047e-01 1.442049561982660655e-01
1.175209464933011372e-01 1.446543130510601072e-01
1.667577963770657812e-01 1.895304011272629929e-01
1.871747669740108089e-01 1.967977807283527170e-01
1.133086479525617918e-01 1.111069518152501268e-01
1.590590852544199185e-01 1.851377521374372170e-01
1.273590133657906964e-01 1.907775910780026840e-01
1.281599123552515929e-01 1.862227451956054158e-01
1.498005874328007803e-01 1.647788489637383724e-01
1.170148702707110022e-01 1.960091676727367949e-01
1.125019195459007193e-01 1.016121219219992544e-01
1.451468826612726248e-01 1.694675883809522443e-01
1.910423594781726075e-01 1.211858317898540094e-01
1.069258939510696615e-01 1.824309615407572194e-01
1.076660570690357588e-01 1.028828801523424263e-01
1.541371176166344004e-01 1.653758933212310100e-01
1.727295171551811448e-01 1.921640453567287909e-01
1.956390931889102625e-01 1.365089257142718671e-01
1.102948948236807114e-01 1.389064673930685001e-01
1.292851304790942901e-01 1.491237362413420919e-01
1.054855200903646040e-01 1.045895270790708209e-01
1.966078223247968437e-01 1.229075940888587903e-01
1.360198679559645463e-01 1.042142313447510238e-01
1.807975953702196659e-01 1.633787870764965844e-01
1.088209740008584392e-01 1.031607146203452063e-01
1.008776554301594741e-01 1.023789854115449982e-01
1.322427020162282307e-01 1.942298838444363462e-01
1.884610093491001503e-01 1.298131846858411875e-01
1.788322434363400770e-01 1.275478219088018450e-01
1.455985980555702941e-01 1.512116939549282557e-01
1.978399988881671123e-01 1.549582668745839165e-01
1.193945503378041062e-01 1.802724746605831319e-01
1.477282907531477507e-01 1.406883699525571796e-01
1.593606367853488415e-01 1.412543392409671972e-01
1.954212101967429116e-01 1.763927239354422805e-01
1.709958675085362367e-01 1.195599675394747596e-01
1.432713320275732505e-01 1.606641851225256712e-01
1.908322113609776105e-01 1.161389048790093526e-01
1.405520931595889422e-01 1.173979596420811344e-01
1.930828480881028320e-01 1.887906199341412572e-01
1.341226110174156272e-01 1.168804430142061923e-01
1.932851774705406367e-01 1.735130554633079192e-01
1.193770618311139620e-01 1.689204577608176550e-01
1.363070266048252988e-01 1.686802674453168616e-01
1.478981489224223678e-01 1.035551131167730954e-01
1.073850782681529115e-01 1.739279383734124440e-01
1.291447234264797572e-01 1.878342465426138252e-01
1.191047308069196342e-01 1.219559586229272685e-01
1.789189727619687753e-01 1.459654196821869310e-01
1.929273143807401780e-01 1.298057070175798189e-01
1.757909711503581329e-01 1.678558539845641240e-01
1.228463128386174663e-01 1.661978957020968928e-01
1.272840879657703983e-01 1.233861481612553990e-01
1.621747768392884925e-01 1.318637231719554659e-01
1.488477065202485905e-01 1.875690216934899068e-01
1.163832212841214853e-01 1.313835805583843386e-01
1.707578216775534896e-01 1.154795959033186326e-01
1.679698077681892610e-01 1.446719711546718135e-01
1.813399474965424751e-01 1.445784756302465335e-01
1.395912263295822076e-01 1.426500657191623056e-01
1.334086288810339971e-01 1.600653275929337094e-01
1.101839079222299844e-01 1.721541537738119909e-01
1.653554796255068959e-01 1.987863211224142335e-01
1.952069827472700525e-01 1.781219369944577191e-01
1.802919846109659607e-01 1.032558505661511916e-01
1.617410551262558061e-01 1.688903686599688703e-01
1.479251728046677705e-01 1.096478234227351578e-01
1.640773125479925154e-01 1.896952732027504807e-01
1.280927238458675621e-01 1.879288825039314437e-01
1.686030708537826772e-01 1.075178650239709544e-01
1.762391507000820035e-01 1.580829458165497747e-01
1.719883121603766885e-01 1.261445748842695003e-01
1.252451507090964755e-01 1.236891649635236401e-01
1.415231924875219871e-01 1.259386187231030796e-01
1.766847252209441388e-01 1.165918864304819891e-01
1.420257736553560690e-01 1.062176021235001488e-01
1.124007303356751031e-01 1.392080374736747450e-01
1.348133069109941351e-01 1.624150049199526158e-01
1.534688217069513083e-01 1.064167747938442876e-01
1.242521883232361457e-01 1.969943376947095315e-01
1.178324418704000953e-01 1.407652711458596551e-01
1.689448567711077098e-01 1.880382721090521070e-01
1.899853931619539527e-01 1.467989906330388616e-01
1.037494473712958776e-01 1.644657822606474529e-01
1.137824622993001134e-01 1.575647161131715768e-01
1.852230076546627080e-01 1.555862911856190356e-01
1.643756525075373842e-01 1.183231454134187899e-01
1.209932872754860833e-01 1.862147225764083647e-01
1.626891080545317392e-01 1.159072497091785114e-01
1.390353395446726203e-01 1.934441315961480945e-01
1.415120094782565952e-01 1.566415202071465285e-01
1.210057852925700006e-01 1.823450090448943406e-01
1.725725509624886911e-01 1.563083117309472803e-01
1.418447854645044082e-01 1.025509941575979411e-01
1.194588397397470247e-01 1.302345468757651337e-01
1.924290279649729651e-01 1.316327810517934072e-01
1.928877646572396687e-01 1.786531739286241205e-01
1.804345478652538137e-01 1.953372630147445221e-01
1.830981607395913979e-01 1.609344636601857115e-01
1.589038951793902976e-01 1.091322335591500547e-01
1.010994628722937660e-01 1.325279882900456674e-01
1.620002580701120909e-01 1.775956668167861796e-01
1.065167573357843622e-01 1.826560634962857699e-01
1.636069420514755235e-01 1.888453925650581677e-01
1.625753831988554499e-01 1.201077478547569466e-01
1.783584027502443936e-01 1.435503636913479375e-01
1.770143739367876501e-01 1.868992501403769491e-01
1.261683582314685470e-01 1.555189647238192641e-01
1.691543799463253173e-01 1.698038351321216610e-01
1.542894474037694863e-01 1.998759023058229167e-01
1.512258005421367457e-01 1.248363463131030859e-01
1.140051185569538328e-01 1.047291091494943205e-01
1.141619335991272965e-01 1.326295175710653362e-01
1.799984895776460814e-01 1.333166140383872933e-01
1.291658836018355627e-01 1.591584285864705572e-01
1.768449678661403457e-01 1.844163971479045872e-01
1.528481891265347503e-01 1.919727393028920481e-01
1.841777389475640625e-01 1.034386877133914584e-01
1.211115271920729652e-01 1.637376060099128006e-01
1.218385531676966504e-01 1.138487858353752769e-01
1.697361125131362503e-01 1.257010799684098457e-01
1.421577232023489845e-01 1.353169200293616037e-01
1.244193393704572381e-01 1.041186180360233471e-01
1.518505794088760297e-01 1.014523550037113864e-01
1.649296080129538655e-01 1.420416479968855117e-01
1.790980311933424440e-01 1.867950371210766458e-01
1.509172149925875894e-01 1.346836634343290540e-01
1.417541740321371924e-01 1.391383325455103903e-01
1.036781768692023320e-01 1.202562446236018767e-01
1.796312644064361752e-01 1.727297309851351659e-01
1.473301757802133460e-01 1.344163041879458398e-01
1.377359784365616013e-01 1.114805115803952362e-01
1.209474925440650050e-01 1.529822086878964427e-01
1.289584839111217462e-01 1.480601841376474048e-01
1.157341168555049427e-01 1.916971311961493396e-01
1.270287100859980312e-01 1.412291936445354001e-01
1.752729245591043705e-01 1.162152295633655519e-01
1.416893128760117193e-01 1.761285809110338940e-01
1.979620994504941445e-01 1.045297917978225410e-01
1.072996743163191491e-01 1.028965932441526787e-01
1.393856178640052734e-01 1.453857900226774025e-01
1.991554577205162380e-01 1.489734076762730952e-01
1.924459280308846720e-01 1.303860914219287237e-01
1.906653692025342961e-01 1.584450880383996563e-01
1.198701161637247825e-01 1.952351753671036638e-01
1.422755415111821575e-01 1.096455236159622482e-01
1.908556086434750609e-01 1.570531080254082834e-01
1.645064434181994217e-01 1.317908944820363748e-01
1.249789349658475546e-01 1.717945592333816052e-01
1.865769144707981608e-01 1.011390772938561000e-01
1.865289447663395217e-01 1.311046353415535604e-01
1.013275087222959003e-01 1.984288265857923061e-01
1.874025336316141876e-01 1.034887801475579960e-01
1.231577854863734611e-01 1.390339274352778987e-01
1.089852847488760323e-01 1.052680366485446162e-01
1.651987829578610567e-01 1.271507668043265760e-01
1.611017576557625119e-01 1.450439067054081488e-01
1.696470541506123197e-01 1.842408845366668990e-01
1.966149559476446096e-01 1.766887939655120976e-01
1.941691575467857644e-01 1.110740295667222710e-01
1.129991465091388925e-01 1.024581470989807119e-01
1.247032634229509052e-01 1.831505537269994544e-01
1.127092612895068680e-01 1.970662791651074941e-01
1.907868315544328786e-01 1.781396503169342949e-01
1.457115787877832913e-01 1.404983742764452648e-01
1.942592325136644482e-01 1.020667179847500605e-01
1.284584924276600537e-01 1.013693473606613882e-01
1.729353125349606390e-01 1.986895898780105807e-01
1.572731337688704212e-01 1.619472111803022529e-01
1.579063839415317805e-01 1.982144094347885743e-01
1.236315404111960614e-01 1.868688493239690218e-01
1.777856429494177881e-01 1.608603117355730527e-01
1.583347530235439393e-01 1.505528068091620542e-01
1.813077451102104165e-01 1.153811347935085330e-01
1.315143227994275410e-01 1.223702360275254475e-01
1.689597621799555638e-01 1.923892405873539047e-01
1.418474927157340471e-01 1.090704418745451487e-01
1.131797658945888907e-01 1.525757982478090080e-01
1.829664795141561218e-01 1.540662270532703604e-01
1.960895521241768913e-01 1.964943368618002895e-01
1.820747952791103019e-01 1.029704942530461909e-01
1.632592315881066236e-01 1.748676963655424466e-01
1.459298953532613963e-01 1.589180517251385372e-01
1.115546299859095924e-01 1.711493645380009476e-01
1.563276686078834965e-01 1.085562990226260349e-01
1.342773508432755225e-01 1.167488768131112464e-01
1.761836862775412182e-01 1.471845949494963723e-01
1.148088861055517329e-01 1.456674724598372717e-01
1.994495672186478719e-01 1.433373012556627135e-01
1.077555042868219015e-01 1.244979077129339806e-01
1.302809155664951257e-01 1.043568209515809420e-01
1.259517125015217065e-01 1.141221189343194220e-01
1.124664804776369653e-01 1.458329348011866700e-01
1.857544446924545012e-01 1.217756639578483069e-01
1.019912989672329129e-01 1.245544485573606419e-01
1.490570288005191868e-01 1.216635436921235380e-01
1.512095219435576343e-01 1.613164788715943376e-01
1.022476064106585536e-01 1.977572092552224436e-01
1.262365979910646807e-01 1.667217650514434268e-01
1.076389981161853804e-01 1.901219741923491080e-01
1.038617812084375869e-01 1.319376851296885367e-01
1.573009033051752104e-01 1.847016090665042354e-01
1.512952291902732727e-01 1.515631814748863992e-01
1.698283711816296337e-01 1.309659159635706560e-01
1.523233220241475561e-01 1.913761168729714024e-01
1.562593241570070512e-01 1.321664804414151850e-01
1.313525301998605954e-01 1.190007934926628763e-01
1.851355754863389658e-01 1.626175834431617395e-01
1.365277161868556632e-01 1.913700243111887134e-01
1.330299773297773935e-01 1.869001826864185589e-01
1.821565810463721125e-01 1.100234000196507467e-01
1.443313027222403733e-01 1.349885641793203139e-01
1.430090590998376321e-01 1.608507385742285467e-01
1.709223763170966137e-01 1.538379965695194918e-01
1.684684859921479205e-01 1.642014077217828494e-01
1.506139423813893652e-01 1.970489035784591669e-01
1.734906555026017871e-01 1.555679588381765066e-01
1.664854881847409596e-01 1.975317637095160284e-01
1.780512498386915832e-01 1.467414003789748456e-01
1.936052010200769447e-01 1.927067685854657042e-01
1.703574379897037083e-01 1.995132368559404124e-01
1.746814552827847811e-01 1.072623734479110358e-01
1.856627365843459554e-01 1.293830041511980500e-01
1.194567606604874932e-01 1.762931089675809082e-01
1.479824573014519862e-01 1.608322770775641730e-01
1.888701757093838030e-01 1.907848830254182948e-01
1.138092668357768567e-01 1.625287517830064921e-01
1.915881710806380811e-01 1.314176061214623048e-01
1.786469707352059677e-01 1.263513053825160437e-01
1.152739672844856900e-01 1.202694285105178895e-01
1.380775553779194365e-01 1.064984236604074042e-01
1.438910516902246473e-01 1.243062509455443165e-01
1.887288653865007992e-01 1.227259733982126455e-01
1.135154774787128229e-01 1.242301660194696511e-01
1.566975064232811743e-01 1.131369611678147702e-01
1.908725323013299446e-01 1.910946105050300992e-01
1.366660092907889812e-01 1.150625371366547911e-01
1.854249042883282517e-01 1.447020140375973596e-01
1.636431891136043149e-01 1.076680371350652310e-01
1.457237996686039372e-01 1.073089657907927985e-01
1.380292437656208682e-01 1.389168360956269666e-01
1.987384837173650221e-01 1.257724194848331700e-01
1.113210458559148464e-01 1.938869325312146397e-01
1.642286140827452501e-01 1.764960036244664354e-01
1.837160795243771849e-01 1.580812172444431285e-01
1.460238829331739208e-01 1.272560136424658317e-01
1.110718154649380507e-01 1.975610299451882046e-01
1.507833585546612953e-01 1.116415811319001195e-01
1.166186765883890919e-01 1.015201257540419011e-01
1.610443077472578643e-01 1.702116437086955703e-01
1.128350818009954404e-01 1.674146490552383681e-01
1.315236186552778408e-01 1.574485829517049129e-01
1.820572233019445152e-01 1.173917953672733716e-01
1.875420279120392220e-01 1.999856677965417551e-01
1.772313001926901777e-01 1.895936810741614131e-01
1.946860609119229757e-01 1.445844550075974511e-01
1.403452637834416983e-01 1.121418319045241474e-01
1.549866027200502705e-01 1.622712388070925715e-01
1.724678548074370932e-01 1.142230571522161731e-01
1.199295045293703454e-01 1.760464843461572726e-01
1.759921115992671981e-01 1.059195942007333524e-01
1.997464670043530011e-01 1.275323876140927182e-01
1.765942534963971244e-01 1.639738194937261917e-01
1.532041502162000413e-01 1.074055587207293494e-01
1.633967487044588607e-01 1.259020622891128816e-01
1.035009884527470225e-01 1.222034475974329848e-01
1.980227561186259644e-01 1.919238839603021884e-01
1.733026753666762065e-01 1.595195047099534358e-01
1.606617395234235524e-01 1.933494312145450089e-01
1.469205196324849805e-01 1.029316540687493786e-01
1.052304481160717398e-01 1.818401340825449020e-01
1.952646974904974631e-01 1.660324388232792270e-01
1.255299275754327981e-01 1.934078667959650277e-01
1.091859614351831098e-01 1.059744638314362442e-01
1.168132140039221945e-01 1.385758816016878781e-01
1.979073318544822269e-01 1.375539231612603885e-01
1.223232402819834919e-01 1.839451270244168435e-01
1.522932628486384221e-01 1.114262004616168034e-01
1.495935078579238020e-01 1.683260233385256988e-01
1.765845982689575600e-01 1.791237140499212788e-01
1.967249840734542343e-01 1.670221207090419879e-01
1.830403352695916253e-01 1.580861661810941399e-01
1.359172162954436214e-01 1.981609673842144870e-01
1.864012433047501638e-01 1.395823969602564274e-01
1.908431497276336097e-01 1.614043016902880490e-01
1.516318919125716480e-01 1.517343654218750726e-01
1.883040701027244301e-01 1.593983444741871869e-01
1.180916122759538833e-01 1.409511373992894945e-01
1.369793459349085696e-01 1.526840820015746281e-01
1.477450517859677515e-01 1.246350896598640567e-01
1.122803794839608571e-01 1.011224308081162260e-01
1.502453611507420517e-01 1.941834614765425848e-01
1.377297963853379992e-01 1.214464310745066167e-01
1.059737716111056605e-01 1.908441669854607503e-01
1.766523651506356485e-01 1.742258479609636868e-01
1.476998200873441691e-01 1.189731995715662405e-01
1.773273303945602786e-01 1.107873625879582102e-01
1.732351008144517035e-01 1.050598491618932595e-01
1.000837368149196660e-01 1.763726342037145733e-01
1.837363271051399849e-01 1.534353415064657611e-01
1.390517463763680794e-01 1.402312317164695343e-01
1.221074639405179685e-01 1.980546519109444570e-01
1.338177548185499610e-01 1.632399362603526305e-01
1.562980242826454980e-01 1.385040001549021071e-01
1.296528613542025088e-01 1.326478913553081063e-01
1.625696897062069990e-01 1.669351114214798204e-01
1.631873933569489843e-01 1.709597108249301112e-01
1.443754085280424260e-01 1.945806631822598332e-01
1.945914882167575355e-01 1.912689941270735994e-01
1.455926020916421537e-01 1.351102616025735281e-01
1.475602617474708333e-01 1.414176067328387909e-01
1.314304560064378791e-01 1.272894411082397259e-01
1.723518707782145665e-01 1.730973368598322515e-01
1.867439229151123259e-01 1.018666727704825026e-01
1.762790403436246267e-01 1.836272916401377742e-01
1.807614925726818145e-01 1.904319750621591978e-01
1.494091430597271897e-01 1.124449764007356689e-01
1.444198723674064988e-01 1.182368010015476534e-01
1.713465255893573680e-01 1.099159629468572652e-01
1.685722630052501891e-01 1.986602182253105198e-01
1.625388517174414238e-01 1.104941761983841142e-01
1.991140543854878486e-01 1.215845095082778993e-01
1.238500287228102570e-01 1.924040678782200642e-01
1.152717176964153101e-01 1.054293757820148059e-01
1.559263923742686409e-01 1.120259023434614643e-01
1.861930039183481433e-01 1.031991537298039829e-01
1.052330129622798260e-01 1.983885712222425990e-01
1.819637154087471176e-01 1.245088071898221849e-01
1.204368702288907134e-01 1.116588939998213736e-01
1.152579784518816819e-01 1.114174030966317563e-01
1.868395367652768702e-01 1.700921252569352893e-01
1.476991773987565981e-01 1.097742165764466760e-01
1.234074697224143424e-01 1.922387605163963786e-01
1.135892376587553931e-01 1.079753248336580151e-01
1.419677628302211669e-01 1.954857262265738971e-01
1.161383339932560155e-01 1.242409072677209125e-01
1.536981070630007995e-01 1.647563908317171977e-01
1.481051552942689309e-01 1.757468847714471205e-01
1.846253496006298178e-01 1.112011521876862530e-01
1.077280393580968276e-01 1.242857829725852736e-01
1.324788338956899292e-01 1.615420028594600210e-01
1.251341064688556992e-01 1.601198360304158241e-01
1.101489284800833968e-01 1.067017681718737399e-01
1.885383835045805201e-01 1.732698997785039330e-01
1.737330945106531077e-01 1.038946504101254942e-01
1.057816640507354133e-01 1.641196661006481539e-01
1.997186679988843805e-01 1.076793631737510137e-01
1.033274249570671488e-01 1.970872892798603282e-01
1.899451308006124828e-01 1.098438536315426983e-01
1.656274278231317787e-01 1.944904661909768462e-01
1.206214730263125423e-01 1.170808336247347314e-01
1.331294668932124781e-01 1.264917369106375866e-01
1.735581575741224070e-01 1.812963870420308821e-01
1.359470001217778501e-01 1.466798944380802439e-01
1.908221885342604729e-01 1.657408540823551990e-01
1.781238568757715912e-01 1.911231431390058022e-01
1.868504634439229761e-01 1.844819937362874029e-01
1.798112801373964453e-01 1.848489118630846084e-01
1.936439588352575347e-01 1.552910852847014800e-01
1.315987251032768590e-01 1.681047163241113640e-01
1.673951935862366680e-01 1.209375058903663647e-01
1.206252647774619380e-01 1.761228401517897502e-01
1.542135489154119465e-01 1.297921467607136559e-01
1.885376118413432112e-01 1.558521288627143508e-01
1.781384380571374715e-01 1.043347591185475043e-01
1.255928141351621008e-01 1.438969643356829697e-01
1.523462602003979871e-01 1.171945816517620254e-01
1.691087599690317411e-01 1.389841676251233338e-01
1.495494768111153006e-01 1.715358923859452434e-01
1.820218982861308010e-01 1.374392831971108508e-01
1.811483954498407378e-01 1.336149767584776660e-01
1.669544167157044345e-01 1.558674315130588461e-01
1.930200835042320540e-01 1.621646314793959154e-01
1.045699365107782830e-01 1.498864855524925099e-01
1.059889807036275000e-01 1.028295504012682604e-01
1.863813928916664420e-01 1.903368174894510823e-01
1.922286460965623167e-01 1.163918901433631525e-01
1.179141456940154820e-01 1.381109215826110126e-01
1.267087292657376185e-01 1.290257736111118658e-01
1.613308344703635600e-01 1.078126802023712805e-01
1.628436370753497675e-01 1.056791995885637270e-01
1.824035766199199049e-01 1.543212717172308956e-01
1.182377598351377346e-01 1.897846466142373845e-01
1.009418448910489596e-01 1.575135234656490635e-01
1.232257393311350091e-01 1.079444170255193791e-01
1.685111367590071962e-01 1.524685118421691132e-01
1.511446555800037839e-01 1.408759439397386515e-01
1.092064348345134217e-01 1.658818784326746565e-01
1.829434969090062424e-01 1.495467344150123723e-01
1.055005618077330398e-01 1.013913419253168746e-01
1.058087791844911640e-01 1.779628652322795546e-01
1.269688203330950893e-01 1.418657601434150928e-01
1.303525435917162190e-01 1.976084222401711388e-01
1.275432864812451328e-01 1.783949309559143270e-01
1.401975663405892192e-01 1.548900133208313268e-01
1.451337570097028795e-01 1.006686273672991461e-01
1.748469479232533930e-01 1.078248564518759778e-01
1.854951906189903355e-01 1.195743262344716729e-01
1.351242293842878084e-01 1.419052836192319089e-01
1.973188952204047442e-01 1.936458358423286674e-01
1.815281357746935109e-01 1.327716356477010307e-01
1.329565673665865644e-01 1.736909686813687959e-01
1.623530262800247925e-01 1.740014287319689990e-01
1.899667051521258809e-01 1.815668092163482406e-01
1.774880416104394065e-01 1.437328945380622891e-01
1.947404328085192149e-01 1.109347600508485132e-01
1.383217031603424241e-01 1.301451819683495936e-01
1.564126822594312793e-01 1.893162440524353562e-01
1.620717422084351211e-01 1.397059861478484877e-01
1.205102771402617456e-01 1.562272633647553144e-01
1.929432246544930951e-01 1.965665549933980349e-01
1.844198681517562610e-01 1.504606514746450741e-01
1.531985342099694281e-01 1.421844583569296661e-01
1.302662016836345638e-01 1.402874297904100620e-01
1.843163239311846890e-01 1.305585222758200714e-01
1.980267194073745962e-01 1.534457654482073719e-01
1.992494226244849731e-01 1.162896720618709356e-01
1.461891615202546291e-01 1.759849006088594070e-01
1.023285411231023012e-01 1.848449521699082054e-01
1.455346138397998201e-01 1.845377535045744088e-01
1.131246493625096550e-01 1.491967415051887458e-01
1.031892020864191295e-01 1.249315288855256389e-01
1.846363396179442340e-01 1.740475215056101477e-01
1.218352047895140400e-01 1.804812341848752444e-01
1.786567047119060891e-01 1.916888427986214172e-01
1.476178949725661660e-01 1.199929068200478177e-01
1.905901409406066671e-01 1.040263311632376175e-01
1.199979553073705629e-01 1.893565754388181754e-01
1.968405555019764885e-01 1.089393568819851665e-01
1.310109596876914972e-01 1.458583258032179752e-01
1.365211755560336027e-01 1.391572334466820438e-01
1.495237820957411312e-01 1.164838985754987066e-01
1.841547992517369448e-01 1.728671444479017438e-01
1.453644930435035176e-01 1.499078755859326595e-01
1.444472076444283104e-01 1.372212424471622449e-01
1.670285223754659487e-01 1.629110276237786259e-01
1.647638027490256896e-01 1.092681712795818272e-01
1.960728699026009769e-01 1.545883710284519652e-01
1.721092497692556789e-01 1.097133343447779796e-01
1.383211372427657349e-01 1.027207819506494590e-01
1.766292301877911974e-01 1.351166299199798027e-01
1.505972025700648143e-01 1.584240579009041083e-01
1.658171325760671166e-01 1.344053474171077733e-01
1.645903317567233293e-01 1.541094659285726642e-01
1.288879666451707706e-01 1.914643830359490373e-01
1.792483929781307772e-01 1.966111432567901329e-01
1.686801037038035966e-01 1.591978058244506999e-01
1.249647578009041027e-01 1.670686775484273578e-01
1.356919163202833234e-01 1.665150475178251710e-01
1.632687202113104474e-01 1.260842344334856535e-01
1.025935347433526434e-01 1.665086281162088677e-01
1.867893298914800049e-01 1.592845903591384171e-01
1.869675841245297399e-01 1.545411454025095166e-01
1.968881312090922653e-01 1.658176618945441383e-01
1.646767263898195610e-01 1.043053255133929991e-01
1.771995424149509502e-01 1.846728197493941459e-01
1.068441478960099333e-01 1.320465572785291253e-01
1.344535964714382859e-01 1.068007281696280730e-01
1.812519865819670617e-01 1.704179581662157994e-01
1.980014057967719454e-01 1.394388005878328674e-01
1.571825776434496724e-01 1.417953341908011478e-01
1.243711179623513408e-01 1.516224738495018376e-01
1.373486383944491074e-01 1.456968798686802125e-01
1.923549672065397731e-01 1.438530474098065060e-01
1.532932844470433764e-01 1.212346901288126055e-01
1.577267311558999685e-01 1.910896117824738560e-01
1.670312608620142525e-01 1.570125725425839947e-01
1.615742363237768764e-01 1.754620261456386610e-01
1.906923388326637880e-01 1.306593381504642937e-01
1.970441544634363162e-01 1.279188089001074558e-01
1.212729006502742957e-01 1.343827310542931308e-01
1.336814702863015070e-01 1.362908339731473129e-01
1.199156897526113541e-01 1.812571481051960531e-01
1.509267914100147490e-01 1.291474373112111718e-01
1.523970508527023870e-01 1.411883966157780612e-01
1.264428618276569605e-01 1.632540283744303156e-01
1.249826172317457518e-01 1.870130083692451151e-01
1.334454392985201521e-01 1.879343206312625303e-01
1.356906185034206791e-01 1.864380737328923399e-01
1.055895735865283180e-01 1.910372677184305756e-01
1.392987796701198322e-01 1.298933630658530847e-01
1.920151094469731978e-01 1.781796058572576169e-01
1.772779812498987972e-01 1.864524680036604709e-01
1.177113714106211573e-01 1.873281839558425532e-01
1.876694250498170957e-01 1.548058054926731153e-01
1.943509034222116738e-01 1.865468948821005224e-01
1.198217275484011468e-01 1.090844270066237964e-01
1.344492520453489659e-01 1.871259098219947570e-01
1.646397144856610595e-01 1.915701170587802427e-01
1.306112834507803244e-01 1.940550688312425165e-01
1.641230086660303567e-01 1.971925927040636961e-01
1.275414992363447242e-01 1.793043955071902951e-01
1.821091127359136808e-01 1.868158775380768244e-01
1.476888502525230962e-01 1.593936499935340867e-01
1.964788737250957595e-01 1.569681692133176876e-01
1.438997683007039452e-01 1.346898772153090895e-01
1.956015070899648212e-01 1.371923355334410122e-01
1.295255610857265482e-01 1.095249063516793298e-01
1.788523204183678494e-01 1.708487426487683147e-01
1.654392883893602839e-01 1.219910806412926318e-01
1.963940421725296481e-01 1.019596760823380521e-01
1.561374318473698342e-01 1.838825091196093220e-01
1.669473725898443783e-01 1.968952664305040345e-01
1.860191276779603609e-01 1.918494132789605455e-01
1.718159063217035154e-01 1.378461570189272456e-01
1.327039168857809814e-01 1.578576190680127667e-01
1.858991483780898513e-01 1.280528102549343128e-01
1.276174454456975305e-01 1.422248230709057815e-01
1.304711520214695275e-01 1.304960136018519790e-01
1.514831908872972255e-01 1.171420921703039686e-01
1.601346435002229951e-01 1.591462463124481141e-01
1.164890856190436974e-01 1.818032055327545859e-01
1.905220323131743276e-01 1.756996300228829133e-01
1.483224087547059256e-01 1.178901981851422920e-01
1.974363508271974044e-01 1.030317652944399698e-01
1.805561959455934673e-01 1.517157108880443084e-01
1.194030672876631449e-01 1.175574175904790242e-01
1.829895470114764056e-01 1.949433243554869466e-01
1.498447642835956106e-01 1.953862201721170422e-01
1.228016580114914547e-01 1.514955667225354186e-01
1.757438452798538719e-01 1.820218864005186954e-01
1.485462552666951819e-01 1.543892766095860403e-01
1.793609278722232414e-01 1.030993684524637577e-01
1.594684282056105795e-01 1.424240627945052295e-01
1.407721771799924637e-01 1.780664401154594678e-01
1.874995285776862586e-01 1.669582093919376176e-01
1.545371174570943085e-01 1.878469205816954424e-01
1.875361099057943903e-01 1.622308506761921953e-01
1.633473398653694231e-01 1.174105165496726610e-01
1.236713783228255981e-01 1.489790408616572803e-01
1.183857331635611576e-01 1.531660317934611937e-01
1.622861921432373622e-01 1.639799824957723640e-01
1.881862098442733666e-01 1.025323570029304521e-01
1.946645125156185041e-01 1.302522576540908750e-01
1.531878629581365781e-01 1.610443317368816796e-01
1.184504340008609713e-01 1.800817893813537740e-01
1.989306562553107005e-01 1.303060077596297772e-01
1.616354953369355529e-01 1.557085727226372174e-01
1.225707520983694288e-01 1.730775424671297524e-01
1.014106010107530542e-01 1.652173668614479174e-01
1.182505354977293477e-01 1.952216804110499804e-01
1.192764829248934566e-01 1.610509180468456536e-01
1.983844907520939671e-01 1.088199576019564796e-01
1.753237098895920054e-01 1.708493538859597871e-01
1.490690159729750608e-01 1.209062518066065517e-01
1.227058176388305943e-01 1.687045943094153955e-01
1.608112260382943415e-01 1.669504575391229928e-01
1.290624489160281385e-01 1.561759856150740644e-01
1.565531610280642694e-01 1.065296192301300460e-01
1.837871251752252189e-01 1.674378856638261692e-01
1.053996549746960554e-01 1.253552834996722876e-01
1.178718558449448617e-01 1.971544666384993094e-01
1.500662099111765846e-01 1.349834373951968314e-01
1.358753036291903138e-01 1.994242206931111094e-01
1.008978269212786882e-01 1.606356748434495108e-01
1.776093923154634657e-01 1.720243238536120489e-01
1.300383857838028900e-01 1.149429829693743577e-01
1.644740598657268293e-01 1.658946063600190701e-01
1.410800820966653379e-01 1.401003003851129802e-01
1.666006073358378137e-01 1.876667117669906237e-01
1.568398078581713095e-01 1.724883462745254725e-01
1.919970213239708956e-01 1.734009225578314051e-01
1.168255125398086625e-01 1.684660238330472348e-01
1.208196539183318263e-01 1.914652256655205442e-01
1.953860119782295235e-01 1.169269009704775042e-01
1.913740334771222296e-01 1.797185941608324677e-01
1.129560256101589388e-01 1.153801556106185677e-01
1.635067861808655598e-01 1.762695809169973205e-01
1.806869782492934728e-01 1.591402570220583623e-01
1.396415577568447253e-01 1.980998129797578444e-01
1.594355378955385483e-01 1.894067003570618912e-01
1.723214500166559970e-01 1.817245605944660392e-01
1.046039766055748554e-01 1.441148888171134013e-01
1.067453531342834605e-01 1.038634451849273221e-01
1.181295579659592532e-01 1.690722090255214471e-01
1.783708204662723951e-01 1.243452071491155664e-01
1.818718312916846047e-01 1.289186027655944144e-01
1.834063071077589591e-01 1.439291457157179932e-01
1.668617656835666985e-01 1.931554813179678642e-01
1.025655882093555737e-01 1.324651710542867622e-01
1.145407249812977479e-01 1.173523598085232378e-01
1.991034900749728553e-01 1.362845853405919294e-01
1.184453457031517942e-01 1.346603104889287084e-01
1.837173376490317533e-01 1.488635429131392185e-01
1.185419609258617779e-01 1.181060076489147959e-01
1.249696255820006430e-01 1.982844775902830592e-01
1.775631062009450645e-01 1.906687836761585264e-01
1.977431775530346658e-01 1.300530401090450872e-01
1.298389202312066892e-01 1.986651551829849149e-01
1.016218737791590998e-01 1.719901273212433301e-01
1.544057522778813363e-01 1.102595875043294038e-01
1.561335228799174413e-01 1.093254413667336944e-01
1.452060019946211922e-01 1.890574312702113235e-01
1.466253677178384063e-01 1.234774021180645442e-01
1.509499825792736116e-01 1.486605975364468091e-01
1.502237192444092484e-01 1.033086426741374186e-01
1.519150553483442634e-01 1.703536161584490172e-01
1.808923765954449925e-01 1.968784151421909823e-01
1.011523774390828967e-01 1.424844799776992799e-01
1.963830318725967583e-01 1.799617429526305656e-01
1.334249918306179561e-01 1.464191300762112402e-01
1.512501455486184865e-01 1.880353899586824640e-01
1.591471993279480746e-01 1.329730543361114792e-01
1.852604195386657882e-01 1.775878093254485146e-01
1.106392985166113618e-01 1.980725685383193935e-01
1.797099224806332218e-01 1.449298260345897038e-01
1.772265460813322591e-01 1.316149554037649161e-01
1.784834156263199745e-01 1.271822536725784880e-01
1.330434250445537980e-01 1.437841971060058177e-01
1.701424240115055886e-01 1.547197418308408623e-01
1.732011730196035826e-01 1.319620825252804386e-01
1.859666556979147067e-01 1.416812619240452320e-01
1.291812202687815381e-01 1.631463087200098194e-01
1.094257874274029430e-01 1.185898749245161699e-01
1.929252433176984471e-01 1.805028650145422131e-01
1.889387707439382780e-01 1.727286756242976118e-01
1.177637947130661944e-01 1.110497447161102880e-01
1.436581278807064210e-01 1.651305403485189838e-01
1.287975125296262346e-01 1.929403849608898325e-01
1.159512557326858317e-01 1.159356064145101450e-01
1.281941131589461325e-01 1.165209231687432123e-01
1.028133021490460486e-01 1.321326104821688441e-01
1.623814865728671064e-01 1.152125630288647062e-01
1.037593462388486376e-01 1.699359684079328470e-01
1.558473270559735946e-01 1.978517703255286420e-01
1.060081837879761624e-01 1.368446122851838254e-01
1.102085785783013527e-01 1.368392488259165818e-01
1.710373741196788977e-01 1.590295752042534261e-01
1.609357814777386819e-01 1.906583071344672420e-01
1.519210470205202279e-01 1.508297428272487029e-01
1.401924656631250432e-01 1.810363460212498499e-01
1.682982617782535772e-01 1.496918940779776996e-01
1.917754399044607760e-01 1.349061467032250106e-01
1.612561728045839304e-01 1.080090105641342835e-01
1.541971736078655564e-01 1.100423412434026194e-01
1.661165367307988472e-01 1.024195642083373381e-01
1.834148084928979294e-01 1.655689148138652644e-01
1.170721553687316119e-01 1.686144405831487558e-01
1.668210735258840449e-01 1.497944669336250811e-01
1.891176886158075776e-01 1.658222741271432321e-01
1.042347718747155261e-01 1.693147710516929583e-01
1.042467951502406009e-01 1.083987877801116384e-01
1.461663157660920698e-01 1.887320580814551008e-01
1.650804809853433364e-01 1.115329333269076406e-01
1.402482624057188598e-01 1.573260557309957841e-01
1.108253384331087110e-01 1.298231162604240596e-01
1.149095663297884373e-01 1.258965168175069649e-01
1.636621014803371077e-01 1.312202420520183488e-01
1.975090088496798679e-01 1.703956902594872536e-01
1.292022792787347329e-01 1.925915044797550935e-01
1.192329387675816754e-01 1.143231668235790144e-01
1.170005427562382794e-01 1.439089052538627955e-01
1.575430456324597994e-01 1.913869413879701886e-01
1.908101751758811693e-01 1.017193899943846791e-01
1.596769249966050186e-01 1.949287172856616346e-01
1.993335140854258780e-01 1.411374806776362900e-01
1.886184775237290667e-01 1.990799489592646743e-01
1.963334008283676990e-01 1.869357269624594142e-01
1.813806200539243019e-01 1.116341520957589428e-01
1.573111562593207946e-01 1.609589799183781811e-01
1.937335409727428681e-01 1.198599545414172352e-01
1.742344989465477445e-01 1.517007517779361270e-01
1.164295979671371439e-01 1.267201100138629632e-01
1.522910077763626191e-01 1.278755875180998813e-01
1.524722475117603615e-01 1.773590492134440311e-01
1.808756395261797989e-01 1.068278225887974997e-01
1.393302020070577019e-01 1.053870680967194662e-01
1.544605690520157726e-01 1.853327939173134431e-01
1.775471483937997030e-01 1.799306509042666868e-01
1.747615019873420827e-01 1.810460129399301676e-01
1.269673551100753972e-01 1.706417873217582759e-01
1.676518218257901927e-01 1.139840017471528133e-01
1.683096465593357793e-01 1.961199020359451484e-01
1.693132240270004418e-01 1.058158982096906175e-01
1.993232975185135203e-01 1.737465500450806333e-01
1.556477286016891837e-01 1.355682997061568307e-01
1.452718281704955539e-01 1.015283139750476071e-01
1.657415454358815987e-01 1.331438892944422914e-01
1.092945315147185736e-01 1.702757929836712925e-01
1.939448265491536816e-01 1.495932533865706460e-01
1.231862237104377478e-01 1.553289732169708393e-01
1.551585657148307762e-01 1.149083318952964783e-01
1.581747881392225885e-01 1.040478547759541572e-01
1.814325278327300062e-01 1.526558263720923514e-01
1.460842198758165456e-01 1.723776682132232008e-01
1.507134379360658416e-01 1.265224162892455428e-01
1.347205802111418604e-01 1.581961631343542785e-01
1.518746536031350125e-01 1.601351885790529006e-01
1.382601511982839426e-01 1.787114682927905540e-01
1.657994953896811952e-01 1.585968932156651690e-01
1.197430752913625218e-01 1.034409738630743536e-01
1.764633521085393619e-01 1.910326371101484511e-01
1.356394014491049127e-01 1.390142334395981505e-01
1.528309137457259936e-01 1.517369923066277659e-01
1.165383274725133589e-01 1.762102791809007640e-01
1.876509636065097908e-01 1.075314457408904356e-01
1.222146425316863461e-01 1.017164773556772650e-01
