1.275496087665212164e-01 2.945575543525338347e-01
1.206620934436523074e-01 2.887690618756117433e-01
1.212349793945415311e-01 2.936419175563724782e-01
1.420259782847593244e-01 2.672738415102938747e-01
1.698716001449569468e-01 2.815188371617743379e-01
1.753348035378226588e-01 2.830292486121999684e-01
1.387873147310122457e-01 2.789934801704290757e-01
1.050501799243262480e-01 2.323814058104930469e-01
1.059171848202060118e-01 2.632064131899941595e-01
1.544274569447643963e-01 2.893987714503605257e-01
1.347230325157131037e-01 2.129979619293498327e-01
1.205529983266131477e-01 2.736235507819653190e-01
1.079026404336911327e-01 2.723644179580980151e-01
1.070511455990304506e-01 2.801984625786760330e-01
1.094977392991036136e-01 2.907302231415482829e-01
1.230649746520662835e-01 2.990611701779127829e-01
1.656480026107885473e-01 2.751130239727561655e-01
1.040971145282025279e-01 2.786231571267753782e-01
1.203398828397096998e-01 2.590223223301392763e-01
1.004698184038043673e-01 2.638397113964997542e-01
1.200492914437018555e-01 2.735216009981978891e-01
1.478909614440503950e-01 2.739070644335864779e-01
1.316639182336591940e-01 2.792827987930430189e-01
1.731292258295061282e-01 2.879959569251906992e-01
1.027876275320894206e-01 2.905943315620019285e-01
1.071063612415011912e-01 2.540233325218642646e-01
1.070718506905908862e-01 2.895147332739093082e-01
1.117194220718754627e-01 2.170950546086440891e-01
1.174325858427226477e-01 2.769624188464950842e-01
1.036507443661020544e-01 2.653695496749564620e-01
1.461398027431752844e-01 2.871316998347681060e-01
1.155358681248528918e-01 2.963552519729393264e-01
1.100291904679305266e-01 2.653326574525635695e-01
1.472398720015120621e-01 2.820962067811442764e-01
1.187201306235560194e-01 2.548559066468151779e-01
1.137912885181967537e-01 2.549189770201502059e-01
1.215867142654631916e-01 2.499539627592060054e-01
1.372641593211579858e-01 2.771934178856705344e-01
1.769751599603989756e-01 2.789679070272410022e-01
1.565288313204729054e-01 2.978226856456426819e-01
1.416698248366146107e-01 2.935786222139070145e-01
1.609096823099678830e-01 2.976588650488274923e-01
1.110311923314553639e-01 2.856786072137340593e-01
1.113736480751634783e-01 2.752597793961596429e-01
1.141371286747128733e-01 2.670543862482737119e-01
1.389540693310036268e-01 2.542236502316677083e-01
1.023044658301578980e-01 2.743031817882319312e-01
1.250964472425035723e-01 2.918929681542778987e-01
1.004027824478208042e-01 2.721243004432418178e-01
1.611851662376014849e-01 2.740759420777652000e-01
1.089885552479180064e-01 2.026485890514243549e-01
1.204898821776665407e-01 2.906709264293286799e-01
1.085160147701258460e-01 2.597207927926037385e-01
1.342290585838750161e-01 2.732470428640076388e-01
1.119302644376627409e-01 2.427866443322006518e-01
1.361862804107882297e-01 2.898346523875061087e-01
1.481500982694223256e-01 2.985348980224861171e-01
1.630844078945749009e-01 2.539445690377974962e-01
1.355071992772378664e-01 2.986601012253106702e-01
1.126826847601492543e-01 2.650225761280964321e-01
1.571379039275175304e-01 2.823948340601613594e-01
1.126457836077416896e-01 2.221202337090198986e-01
1.247458750302097852e-01 2.439331747666051431e-01
1.101829092249815290e-01 2.153282977911610274e-01
1.790824959347109280e-01 2.962844906900498620e-01
1.363021881071649899e-01 2.374798816545101721e-01
1.204345776698863557e-01 2.505338553470853880e-01
1.515227063017677289e-01 2.987556566721037976e-01
1.073639635365942757e-01 2.624614476767148652e-01
1.076601313363433898e-01 2.851045147835380988e-01
1.131084992917829601e-01 2.913312623378717103e-01
1.199622842714581084e-01 2.852639271055232850e-01
1.266059347165539029e-01 2.691975824859855759e-01
1.510629989160032771e-01 2.814378910076025808e-01
1.320563411373165130e-01 2.768575721830308645e-01
1.172707852838891784e-01 2.873907427147843752e-01
1.223531973542746343e-01 2.435751634047647052e-01
1.187554688422080007e-01 2.765380867395144660e-01
1.555140147478842327e-01 2.969993248657713525e-01
1.016623036933377300e-01 2.512837443601132481e-01
1.207371381068074734e-01 2.382137589065247418e-01
1.060818506335742817e-01 2.631821448784671391e-01
1.184383607250085735e-01 2.751088388469494217e-01
1.069968978658181746e-01 2.987453260683556322e-01
1.080965855000311504e-01 2.351312713033824053e-01
1.434965682351346805e-01 2.830425560066906487e-01
1.489634194908266429e-01 2.784068483639247082e-01
1.302617967265999321e-01 2.898397987687535982e-01
1.455275724059144071e-01 2.994600600862009077e-01
1.918329779023191239e-01 2.863063581620771680e-01
1.207140738260925605e-01 2.497446692468474616e-01
1.315064137146095824e-01 2.826928693292852790e-01
1.169317241563873067e-01 2.926782822833979836e-01
1.286086055477103640e-01 2.589284878880994678e-01
1.259543428464143799e-01 2.987159734398569522e-01
1.661694608629911141e-01 2.712952794380510402e-01
1.420859198181289029e-01 2.737568345250347424e-01
1.388036092767190310e-01 2.990680005387259532e-01
1.115049182161056418e-01 2.177155437063321708e-01
1.038864931392649016e-01 2.833671255459711547e-01
1.539017051693439275e-01 2.819138414748483812e-01
1.174115957155558165e-01 2.957047944735994305e-01
1.153156152882328644e-01 2.294587421066509592e-01
1.444742082559821728e-01 2.647154525620932786e-01
1.271131489851894947e-01 2.554391860146966731e-01
1.312754418105349652e-01 2.816797703770497208e-01
1.125097672039481189e-01 2.990771393940784839e-01
1.705369132012480859e-01 2.577124898529583596e-01
1.844341203241358640e-01 2.891308266544790895e-01
1.093989302908673911e-01 2.943054580483103755e-01
1.546546004884923331e-01 2.794436088816490971e-01
1.576786264524676628e-01 2.696012270282608370e-01
1.173442803895437536e-01 2.620422877855722588e-01
1.322034830822715334e-01 2.915025036453819940e-01
1.213933509788309162e-01 2.607880078459328677e-01
1.141695928306389884e-01 2.241563855181335496e-01
1.078824785024847244e-01 2.969413014505449810e-01
1.230450326874683586e-01 2.580646598561517902e-01
1.247163438609563690e-01 2.710227305703744594e-01
1.587183706107035963e-01 2.405757016608898180e-01
1.787328905520841893e-01 2.665670380188582822e-01
1.260854828704429664e-01 2.954718930028261692e-01
1.388999002470228672e-01 2.426092548642163615e-01
1.319712301104463137e-01 2.877690495967453188e-01
1.174512576259395535e-01 2.702343851302201894e-01
1.666967730613182486e-01 2.272314483677918551e-01
1.309522664638214651e-01 2.980267019950443297e-01
1.759815370170920157e-01 2.867464577257342051e-01
1.231999307246678943e-01 2.751853211234164820e-01
1.048961179419655720e-01 2.997992579831306181e-01
1.495797322019218334e-01 2.923421695996897274e-01
1.412344296287206813e-01 2.501263131918792793e-01
1.014517315599529623e-01 2.874250065005845567e-01
1.969352082885874600e-01 2.897274738207032407e-01
1.315927907157934951e-01 2.835719087898378454e-01
1.727589712803613287e-01 2.767477727612846494e-01
1.105894799816004026e-01 2.696003098724603086e-01
1.102382671108989576e-01 2.640144738173491601e-01
1.442698190049829243e-01 2.960719632544275282e-01
1.118001130427728751e-01 2.969433249339294423e-01
1.565530945997843926e-01 2.843316204000341241e-01
1.129536508103173298e-01 2.971863558878708456e-01
1.520886298445568441e-01 2.861589077815692161e-01
1.186742755486871470e-01 2.802711727647688167e-01
1.726343785627395544e-01 2.565655628339046923e-01
1.314783283208610376e-01 2.663297793216096720e-01
1.262311965390903734e-01 2.225610058767775179e-01
1.695887533254183954e-01 2.385789571409721033e-01
1.379103396068251386e-01 2.327050605422308349e-01
1.062471330134848735e-01 2.837654784330789770e-01
1.428789825580812356e-01 2.845528864687649206e-01
1.390081817550491428e-01 2.967170622793466883e-01
1.164272229332773967e-01 2.694149662686232682e-01
1.059162949851948921e-01 2.114278298488708741e-01
1.425034530572935054e-01 2.380553396208717754e-01
1.219385210012597920e-01 2.931467182623051504e-01
1.074326166733854393e-01 2.971561003939558465e-01
1.545195524371390516e-01 2.852418713735498379e-01
1.382196179665752256e-01 2.875676763906516165e-01
1.124525787692021161e-01 2.815528494634698675e-01
1.522248191101919224e-01 2.913198779855800113e-01
1.028645841575626663e-01 2.898010869540769696e-01
1.695652040349049372e-01 2.546403483696301762e-01
1.657719689780495775e-01 2.731579690894904155e-01
1.193554094066039961e-01 2.988941901456076411e-01
1.744446505384142365e-01 2.583195892603481481e-01
1.553065151874364336e-01 2.861538485993476155e-01
1.774492284288313182e-01 2.566496594905043338e-01
1.110727655383579315e-01 2.732824717131924208e-01
1.886988610618499096e-01 2.987707987940655951e-01
1.024128356265998074e-01 2.954808516062240042e-01
1.868307055930708005e-01 2.617056088001308289e-01
1.625626165188751027e-01 2.875113151337903017e-01
1.505891513649196822e-01 2.624807575471486687e-01
1.253328860597854866e-01 2.492030176242011619e-01
1.091766614765990462e-01 2.772423481302424553e-01
1.394019868273019824e-01 2.972874050460706519e-01
1.098648039496510354e-01 2.844390312848064650e-01
1.022402269918855078e-01 2.775868461402093423e-01
1.046189520179802157e-01 2.853959544273053650e-01
1.125655153844250522e-01 2.487416307650592850e-01
1.072385139413257749e-01 2.810966487447723039e-01
1.402863742638721378e-01 2.449804876635317541e-01
1.033162070063999849e-01 2.854496163000191933e-01
1.290466492995258618e-01 2.708659091363075921e-01
1.371474703503448578e-01 2.897365119500187602e-01
1.440615449702061790e-01 2.903134359296202782e-01
1.249369933988435655e-01 2.441345232601285220e-01
1.406123429438836392e-01 2.457825587375933596e-01
1.141803491852713681e-01 2.792228368915947168e-01
1.267861696540730776e-01 2.888691295947727333e-01
1.748812945188920609e-01 2.100052218787356040e-01
1.047189386414901779e-01 2.936447398166613931e-01
1.000917722183234382e-01 2.904738316620503746e-01
1.135152686653417842e-01 2.150018368576964711e-01
1.105502540864878869e-01 2.788338771008420647e-01
1.244267862622244203e-01 2.802936875094548252e-01
1.025742536916346426e-01 2.461366916537274241e-01
1.599844830438576504e-01 2.999659271677277417e-01
1.430450179718098513e-01 2.982040947291232924e-01
1.272444090476888001e-01 2.988884546723793445e-01
1.105036540198734429e-01 2.501359282731344669e-01
1.113412532273191369e-01 2.812670819987051485e-01
1.131532337751707251e-01 2.870247571609215176e-01
1.156196277949227413e-01 2.981121678812642672e-01
1.352684724813350559e-01 2.045264923539736879e-01
1.261459632185187307e-01 2.636543512867971506e-01
1.207235867067449897e-01 2.674034950514150855e-01
1.076627186249916601e-01 2.935210796902827379e-01
1.130664158317358226e-01 2.750086550144645869e-01
1.179686579575202621e-01 2.945914983932124143e-01
1.204502025649101804e-01 2.935870649544225497e-01
1.953445685252472863e-01 2.484315191988079041e-01
1.102011977798987297e-01 2.792496010812918206e-01
1.006629166426978306e-01 2.933227415081395284e-01
1.265875284911073817e-01 2.701360655590080428e-01
1.253120440496081067e-01 2.666910530066967655e-01
1.258731410188356215e-01 2.951405483589792933e-01
1.466049760030824212e-01 2.889568007964866125e-01
1.194670333192436873e-01 2.567150345010469903e-01
1.150481325547230149e-01 2.409642636453299680e-01
1.116552182317982478e-01 2.558705168476736458e-01
1.137928854450671601e-01 2.659768365115887101e-01
1.502636838825474608e-01 2.789813107008507487e-01
1.865904035641567371e-01 2.891003820287003645e-01
1.510138977395797388e-01 2.866387796399521015e-01
1.034342804200442667e-01 2.804349406826754376e-01
1.325892787032498799e-01 2.648728601771281332e-01
1.796165819003829323e-01 2.630907678068874489e-01
1.333276536778707499e-01 2.467346468587641173e-01
1.332272857170853086e-01 2.848817596343437009e-01
1.001052116818069160e-01 2.788332695981090570e-01
1.337984911601725613e-01 2.719228603552948931e-01
1.002793510135975286e-01 2.438245902449343028e-01
1.024249488331713809e-01 2.377867209792638992e-01
1.120451680033207054e-01 2.988211656814971362e-01
1.237856501791922414e-01 2.557435777533318411e-01
1.101001730438274651e-01 2.758224700415082831e-01
1.240270090343259524e-01 2.495794745444630536e-01
1.362483454092137669e-01 2.740820877973944025e-01
1.261799067239897099e-01 2.980720809342131683e-01
1.242086686393827355e-01 2.998768181405607747e-01
1.059726901672990995e-01 2.964414994811226389e-01
1.028667152151033215e-01 2.605253810786450352e-01
1.099013092625882315e-01 2.361778972333861137e-01
1.473812810094644599e-01 2.694478830069413355e-01
1.260208278158987949e-01 2.703234538513828999e-01
1.573131900194823518e-01 2.760831799757688665e-01
1.039941417368180354e-01 2.402160491272151699e-01
1.112153302275240008e-01 2.966622847893576886e-01
1.082289061438033162e-01 2.711195112466849855e-01
1.203415894623177662e-01 2.716530039293994503e-01
1.018517229072833374e-01 2.132017479625777368e-01
1.657844346092020027e-01 2.983536183933704899e-01
1.356666303025820808e-01 2.937272744304060268e-01
1.631817596495275247e-01 2.922845658898077792e-01
1.093513830728511382e-01 2.234788531617972751e-01
1.680013328846714504e-01 2.887616142521890472e-01
1.363888968635595389e-01 2.627037307921737397e-01
1.615749210428932270e-01 2.829700135908370107e-01
1.416576281988355390e-01 2.848111299415951869e-01
1.083470281864609697e-01 2.575722610830163406e-01
1.259319569645313552e-01 2.898215027318171155e-01
1.659388786239905378e-01 2.945537900327985237e-01
1.382588238401929459e-01 2.798425096214431362e-01
1.035297377013940645e-01 2.819551669904697411e-01
1.428523925097440195e-01 2.454767736688234780e-01
1.491963907138720291e-01 2.922639318959973642e-01
1.105273886396522243e-01 2.716902263353332958e-01
1.031368896291161574e-01 2.890091530943167952e-01
1.322906749714506391e-01 2.883525289899707689e-01
1.159716667779382981e-01 2.483282245073062944e-01
1.092532842443169061e-01 2.562377854342750005e-01
1.031705619780666772e-01 2.827450018920555919e-01
1.169338214960287115e-01 2.405325768108620421e-01
1.023045109466576008e-01 2.994199016815389247e-01
1.013863694455255371e-01 2.990798167046385680e-01
1.010486592500663972e-01 2.280843332588287087e-01
1.017832265827969818e-01 2.234255789488864830e-01
1.037991964469938688e-01 2.856482940681833727e-01
1.191798069539772853e-01 2.827831403211152339e-01
1.298163144732987773e-01 2.902812073101008195e-01
1.195547676205907517e-01 2.819706198511481854e-01
1.033858804176893686e-01 2.280318077892903306e-01
1.114964254792472076e-01 2.477419484003557937e-01
1.126184556789706637e-01 2.673864138479316033e-01
1.245086827971377264e-01 2.940102841141892243e-01
1.271234883937591986e-01 2.475570404474840558e-01
1.012488718605402682e-01 2.825005508453206637e-01
1.154921118322191353e-01 2.677105996258264398e-01
1.880256916075487283e-01 2.809406684009522759e-01
1.022203922246318619e-01 2.837668273674364694e-01
1.206655270191577256e-01 2.735613788018911308e-01
1.269052834326297452e-01 2.463582401321849913e-01
1.486619889351187829e-01 2.458571640993028051e-01
1.096148933444539564e-01 2.859660274062606478e-01
1.062047291670141225e-01 2.730554904928119697e-01
1.106951815054236232e-01 2.885804224654934247e-01
1.157296082686644079e-01 2.757133036740829768e-01
1.498796394078265037e-01 2.979185837160180927e-01
1.120773972642593597e-01 2.805828652979034388e-01
1.342417068416507653e-01 2.728105295536764063e-01
1.110125805637611207e-01 2.442045941341457471e-01
1.054698387595801590e-01 2.761661854728564292e-01
1.037792333960634306e-01 2.240087000201802514e-01
1.098390432098302338e-01 2.779134475840823182e-01
1.128667335644844005e-01 2.788166448669182063e-01
1.420475026379097172e-01 2.886584257920230545e-01
1.161374287777922620e-01 2.461001103920131827e-01
1.259444238871668675e-01 2.152801599707412361e-01
1.619038218781418403e-01 2.916202664775575104e-01
1.116993020067134634e-01 2.514386589129893324e-01
1.165853794274372968e-01 2.884958944322590924e-01
1.028953328819998125e-01 2.939940460917299658e-01
1.164285270984423692e-01 2.303229788003584577e-01
1.015242595981842855e-01 2.922772378989966779e-01
1.120729288337168894e-01 2.337991919169893906e-01
1.255635747016587422e-01 2.523213203978640351e-01
1.011351353220655280e-01 2.930253183590428856e-01
1.133840704690095569e-01 2.773852975370746932e-01
1.680347274579005457e-01 2.946836698742124616e-01
1.846362529605114489e-01 2.895920784513525414e-01
1.639780378009172424e-01 2.429202275643316256e-01
1.253115467927889415e-01 2.946036112123670003e-01
1.302451224470827507e-01 2.613495204343730394e-01
1.077531533604171865e-01 2.630724636479622180e-01
1.467484781014899986e-01 2.782134309502421465e-01
1.337042473968358958e-01 2.997945619374377535e-01
1.145288917627116931e-01 2.592027770215308835e-01
1.018487094330161602e-01 2.636238072059857163e-01
1.312208741837138093e-01 2.966528585291295927e-01
1.024215720763794191e-01 2.133533735267565401e-01
1.035017345012133605e-01 2.338600427517987246e-01
1.608245345354262779e-01 2.478084177325506898e-01
1.349778407567801541e-01 2.992718551279544004e-01
1.391320719978306197e-01 2.935765908406025582e-01
1.151797496586020042e-01 2.822302399126871419e-01
1.630821605531750373e-01 2.989393944167964001e-01
1.305542704463641401e-01 2.840008112448542121e-01
1.306819585998527100e-01 2.753175873446274680e-01
1.395629871753261697e-01 2.834951531207045572e-01
1.617129554796148394e-01 2.979344765587427779e-01
1.656861647892192702e-01 2.975733999837275046e-01
1.123432757759047496e-01 2.926131407001640317e-01
1.156547424285757630e-01 2.417039935258676886e-01
1.026254059278255415e-01 2.494536696737088555e-01
1.474513806530848847e-01 2.247569211604431016e-01
1.350964048804303430e-01 2.959685265553913536e-01
1.088934268980962239e-01 2.075643824748282240e-01
1.188181351483594828e-01 2.798907822563098668e-01
1.368891493882585797e-01 2.890424523570823689e-01
1.797932577113327546e-01 2.793060520151334769e-01
1.108243716987286076e-01 2.861338968961535389e-01
1.089173832694331767e-01 2.662265023228124750e-01
1.673614537105385103e-01 2.657278442076040914e-01
1.103589880739289653e-01 2.736190522368823763e-01
1.194350168315573280e-01 2.993939698095108293e-01
1.025148524122215243e-01 2.599665024175653594e-01
1.058470220178338028e-01 2.237987169562480894e-01
1.339548683802621043e-01 2.577370347555403840e-01
1.228296520395454339e-01 2.256510546238811310e-01
1.276924902192808631e-01 2.828086517310267611e-01
1.088645667892641500e-01 2.794937270412366503e-01
1.060303200217995734e-01 2.859392171034959018e-01
1.268280387844956669e-01 2.508206456478476731e-01
1.132955587798567532e-01 2.979924395088059397e-01
1.148635197178191625e-01 2.938638718472427191e-01
1.260617754896981579e-01 2.322183272318419922e-01
1.333077937610517294e-01 2.481364489862549760e-01
1.794654903845602778e-01 2.799575718485439735e-01
1.336527118110468759e-01 2.962310064252566821e-01
1.306562986037898000e-01 2.942387942850847038e-01
1.253925543547968480e-01 2.615080182286650956e-01
1.641072885356176236e-01 2.770580100435861004e-01
1.135793527556324678e-01 2.900935065781344857e-01
1.191847608086472610e-01 2.713233461677892477e-01
1.475341749677410164e-01 2.569051468804523508e-01
1.325036650456188903e-01 2.736675769219026888e-01
1.178334605461555107e-01 2.523117613211515176e-01
1.231863728389996360e-01 2.988138824568649099e-01
1.530740039513376893e-01 2.866685825416716016e-01
1.575958121010404556e-01 2.731125195741431755e-01
1.334773691499493986e-01 2.738731752939981834e-01
1.268884403168075159e-01 2.572295987495932801e-01
1.259060572070822559e-01 2.880511416284283754e-01
1.352900127891439874e-01 2.400391634130274454e-01
1.351599891102052697e-01 2.790546401246734032e-01
1.137361158875331846e-01 2.857731034357627320e-01
1.345184983859601391e-01 2.953469688345329303e-01
1.562124700139524980e-01 2.620761533941233790e-01
1.075480918336588765e-01 2.137853218423898527e-01
1.008522456857072203e-01 2.289279386058931109e-01
1.625741934165159108e-01 2.808757228402525841e-01
1.102898582346802936e-01 2.571524121051290135e-01
1.120630940008108256e-01 2.096404372549308670e-01
1.226402722935553968e-01 2.782057372737863354e-01
1.039522636205819639e-01 2.493311244494254009e-01
1.181253205210160973e-01 2.980495459859237029e-01
1.356191484603569419e-01 2.922116833494250998e-01
1.126998950156254398e-01 2.793590156243845879e-01
1.012295475530173849e-01 2.953839206624132574e-01
1.167584821355980296e-01 2.841726701794375365e-01
1.229216579023659217e-01 2.860392851973596051e-01
1.654391783986499109e-01 2.612603680484879010e-01
1.282176141232174715e-01 2.825637948424034041e-01
1.754564003254514004e-01 2.980546439939826819e-01
1.261564393768103143e-01 2.912891561819077046e-01
1.373507888856532189e-01 2.523816072214735140e-01
1.183560504191694673e-01 2.843527420040560805e-01
1.380968131833600343e-01 2.711671922824933079e-01
1.068244012653177255e-01 2.972963256840376878e-01
1.142650656900678352e-01 2.680848654318992996e-01
1.036098878363504450e-01 2.348138243238712120e-01
1.264976370443182674e-01 2.520701192679567493e-01
1.020668301941823897e-01 2.970267540826584396e-01
1.055514686520007683e-01 2.783205273610396824e-01
1.714637196492310722e-01 2.559737193912269282e-01
1.469202351240568305e-01 2.516414095347730973e-01
1.101277790961925351e-01 2.733630799743152484e-01
1.361573312572870176e-01 2.963287237014602948e-01
1.602767468690344255e-01 2.744563310752912155e-01
1.227353012171845115e-01 2.857858937065053673e-01
1.050798771102270379e-01 2.955953824116209772e-01
1.180296090791284613e-01 2.945445695409883435e-01
1.004522339355726213e-01 2.567128003130861313e-01
1.027526716636141813e-01 2.588673964657178250e-01
1.158333297928697547e-01 2.515854759320486078e-01
1.436358867510202364e-01 2.987622599817631452e-01
1.428163019344921292e-01 2.590628759289837491e-01
1.025678013150185808e-01 2.889893237219907096e-01
1.303413146934760958e-01 2.397575306845259879e-01
1.552882793068862122e-01 2.674558166518602453e-01
1.054214738508962856e-01 2.940999448829501040e-01
1.257126917370378072e-01 2.967194749248236452e-01
1.345964495548428452e-01 2.511763103412422149e-01
1.060969470530709891e-01 2.858826120133474702e-01
1.414268528168058925e-01 2.779407029013309383e-01
1.353447839976792966e-01 2.867984855802128141e-01
1.111274315164605953e-01 2.720755645932046995e-01
1.111768844040134097e-01 2.626191181165424826e-01
1.171481229271697511e-01 2.595942510500330869e-01
1.066539197909802672e-01 2.907893469159592570e-01
1.324619076859751554e-01 2.565661958894810968e-01
1.014245879790521832e-01 2.757792543310063071e-01
1.337584016159857891e-01 2.989028540340771811e-01
1.157679217878676003e-01 2.564714858459520852e-01
1.050744948317864358e-01 2.997616134743412708e-01
1.061327704077120182e-01 2.963351066157698943e-01
1.758949197114512697e-01 2.773093824571779553e-01
1.412514529716910605e-01 2.471745569443308810e-01
1.010623008282390822e-01 2.756120333454592508e-01
1.227018024340686408e-01 2.586884519999812504e-01
1.016432526709273310e-01 2.760292576404426157e-01
1.747486109062420523e-01 2.922899271926552855e-01
1.071514713809976205e-01 2.983428727976649153e-01
1.089480188890006862e-01 2.951277795133890880e-01
1.014422642677076936e-01 2.979811277366826716e-01
1.159114814694325313e-01 2.718607485363473408e-01
1.006523283633837251e-01 2.528970393605507461e-01
1.200550386347342124e-01 2.677485810443513414e-01
1.012310198820691176e-01 2.126532385105290857e-01
1.666487680548470740e-01 2.885126377002392717e-01
1.175280719939826857e-01 2.265658443600361283e-01
1.459472972282949144e-01 2.551397957513235615e-01
1.238637782480061511e-01 2.582772217529822334e-01
1.276055567189225970e-01 2.748905078573800065e-01
1.265463388296316216e-01 2.748270570485887854e-01
1.242285703554329435e-01 2.931446303188899316e-01
1.373041074978992304e-01 2.640646767545568596e-01
1.049080735492717853e-01 2.862453422349093279e-01
1.033375387348731134e-01 2.750052175667309085e-01
1.548063274562214153e-01 2.975113682822367878e-01
1.702636311559163063e-01 2.764381662421592223e-01
1.827956459684894619e-01 2.866272988507502784e-01
1.000442446541436881e-01 2.672921274308210360e-01
1.379175229219378740e-01 2.891801100005195746e-01
1.352903135134826962e-01 2.721321745727878216e-01
1.306975810310972985e-01 2.685022708342175157e-01
1.144527573257219655e-01 2.900583629502995753e-01
1.167232835137306246e-01 2.955962711050627023e-01
1.277145829494902851e-01 2.397147856124314247e-01
1.299104714647878467e-01 2.712393172481147863e-01
1.647277042094545396e-01 2.769727464586735910e-01
1.292822333968018933e-01 2.910312112680936147e-01
1.127269162232448219e-01 2.954769224631210167e-01
1.349549638819791397e-01 2.664382392751311612e-01
1.515766056818204088e-01 2.912118424265410233e-01
1.130913228477526955e-01 2.603127490640848585e-01
1.309083119356234670e-01 2.718403207062978222e-01
1.163630433967894340e-01 2.815307156298462732e-01
1.644319874003420390e-01 2.969459930921363733e-01
1.240750160230157939e-01 2.384300472295451945e-01
1.162030900359288244e-01 2.878018238065401246e-01
1.131622034838813962e-01 2.576700799963280164e-01
1.443115508143836823e-01 2.947800829210802109e-01
1.422565331213921924e-01 2.832404276128359100e-01
1.390924672916670213e-01 2.909813433023442086e-01
1.275144736216841657e-01 2.741977925348486611e-01
1.245512125329297781e-01 2.838590051092735878e-01
1.018566042334942412e-01 2.915439454443927714e-01
1.574813269249586423e-01 2.911399293606155569e-01
1.387829603824030644e-01 2.835168704997397260e-01
1.570457142263023131e-01 2.407511903253113372e-01
1.460136862868830487e-01 2.815936107259842114e-01
1.137287574447968241e-01 2.903025478995676090e-01
1.246077532642950736e-01 2.964260383554975231e-01
1.307135972790526290e-01 2.658813579164503449e-01
1.002967849754287655e-01 2.415582524945604215e-01
1.047608729343154077e-01 2.891791560555194707e-01
1.128178561224692511e-01 2.589445773397884287e-01
1.439705944035808427e-01 2.745947786590548501e-01
1.267159821574196377e-01 2.293550007056011086e-01
1.007841236639153149e-01 2.177530330618092647e-01
1.133957245740212505e-01 2.832380345909300545e-01
1.149909393854926520e-01 2.884481206042455725e-01
1.267812256021809691e-01 2.779132211576253453e-01
1.181590146452199952e-01 2.992929408736536567e-01
1.665471739124287365e-01 2.446911118359011983e-01
1.247143559701907600e-01 2.939713817686277486e-01
1.094400543181969221e-01 2.853678076046523016e-01
1.127065012763349139e-01 2.777648669402015269e-01
1.116275233312635229e-01 2.881250818770002553e-01
1.292334794955060095e-01 2.690459408338997105e-01
1.046112742500265869e-01 2.856875486005468479e-01
1.269165280019223796e-01 2.818271153043094834e-01
1.099555925438199244e-01 2.811356823994377030e-01
1.150871696924278820e-01 2.463943937410022489e-01
1.000151907380874561e-01 2.880398348404421549e-01
1.109972917653653246e-01 2.695306115568966709e-01
1.006067427399139347e-01 2.733228855282099357e-01
1.476506727877353042e-01 2.991120848156025858e-01
1.378404383363804886e-01 2.762478633139725526e-01
1.169172662677561703e-01 2.570874300423015568e-01
1.090821160107767751e-01 2.434445505431428458e-01
1.480611469812369574e-01 2.454769954342788107e-01
1.150345414326501281e-01 2.791947786202885751e-01
1.202491547094937663e-01 2.911621670875520485e-01
1.158841354511296884e-01 2.819177402358299389e-01
1.199065470443414494e-01 2.909524738406801259e-01
1.185319802895639651e-01 2.871522418107074759e-01
1.035651754938454183e-01 2.762180679705135700e-01
1.318957695995421897e-01 2.999416444082129707e-01
1.250288158006336303e-01 2.902110812914246996e-01
1.203703240892347592e-01 2.415626996023042539e-01
1.165785193361456584e-01 2.955165419157987916e-01
1.257066868861461129e-01 2.542967812666641070e-01
1.245767460268802362e-01 2.896066491023209233e-01
1.016826340693541830e-01 2.803138735487075150e-01
1.429598505696583755e-01 2.914396691792057736e-01
1.646973487948546477e-01 2.999242298664891448e-01
1.028074001265067428e-01 2.961515938275796622e-01
1.273436470842048140e-01 2.662684727027803677e-01
1.092347139331028005e-01 2.996181911677712750e-01
1.686131344254690467e-01 2.887123453761024083e-01
1.140512805898373783e-01 2.241472178490093725e-01
1.481009916587628927e-01 2.938955220395675916e-01
1.069241906484154070e-01 2.368265757483183354e-01
1.365807111842374799e-01 2.328639594266077584e-01
1.066018553623738208e-01 2.867683892108393029e-01
1.275986159218686633e-01 2.610001452920957532e-01
1.060888513617823103e-01 2.928619908912371006e-01
1.094871432665616706e-01 2.668537752790481887e-01
1.103362520574142080e-01 2.957758897201519521e-01
1.598083885211381561e-01 2.363212073771916444e-01
1.235866689336718727e-01 2.864276427279957571e-01
1.363233855423161556e-01 2.970265022124562448e-01
1.027375209134356870e-01 2.741022153344051526e-01
1.049309100603773581e-01 2.885130119366960955e-01
1.011625360090864234e-01 2.854864544148879579e-01
1.502911082371873874e-01 2.944507203448163413e-01
1.427793938820549058e-01 2.906579792416708607e-01
1.115724642642891840e-01 2.311327553854999328e-01
1.070262757101413387e-01 2.829076070185208014e-01
1.009341170154102740e-01 2.630911635653756520e-01
1.662051584154167205e-01 2.971475074765418389e-01
1.265602600766104757e-01 2.619069529724404877e-01
1.211915100230549491e-01 2.635073345375800180e-01
1.187365629039269233e-01 2.454442274717150152e-01
1.052694796036117708e-01 2.681589446876052607e-01
1.523326566269762594e-01 2.812394113932139006e-01
1.221885667433674771e-01 2.713627723286431981e-01
1.635633167260237553e-01 2.704693799711270219e-01
1.014509581138917094e-01 2.864823054735564090e-01
1.346964448473198517e-01 2.864359658894649607e-01
1.061861464586494885e-01 2.602989914343178390e-01
1.343547592527458701e-01 2.956486699272332097e-01
1.347091330338727744e-01 2.466040041385092474e-01
1.028830116889899449e-01 2.621088565246599833e-01
1.212362175675043563e-01 2.945410130242031022e-01
1.141151412840468726e-01 2.404295744878849339e-01
1.007838643459290084e-01 2.860945572643647794e-01
1.408378885789985380e-01 2.741063538166169655e-01
1.262167351079215294e-01 2.949764047567294822e-01
1.069796459089850660e-01 2.410157804842025797e-01
1.042734772395433329e-01 2.593053441335627651e-01
1.195185871833588931e-01 2.997746966715233996e-01
1.875456398532709401e-01 2.631662742209923689e-01
1.092514419367185963e-01 2.854207968947844454e-01
1.026933818925395703e-01 2.818041500383610676e-01
1.562475189501156825e-01 2.840258502090053372e-01
1.920189450863632463e-01 2.215196220307024122e-01
1.333695653978668183e-01 2.865071027846748941e-01
1.006559612502854195e-01 2.587809080331271439e-01
1.037616287340395460e-01 2.884248816515924130e-01
1.693698801817163924e-01 2.811797688273932616e-01
1.193269040743751286e-01 2.516213601731696059e-01
1.281332754625784109e-01 2.824517572695399159e-01
1.094596027146530481e-01 2.314154139412609723e-01
1.542636333158821649e-01 2.675536085204348602e-01
1.229250990771207364e-01 2.823220069361196960e-01
1.399205385844133342e-01 2.829757382038972091e-01
1.066342951629101199e-01 2.987071044561150357e-01
1.063708695053077746e-01 2.784278791417260646e-01
1.321265593312325182e-01 2.843525380585207318e-01
1.065103695623749180e-01 2.585933354998055100e-01
1.547376132692392381e-01 2.969430322871388639e-01
1.356416290625490073e-01 2.703920769363319376e-01
1.609989764256011813e-01 2.994821732973039774e-01
1.775904155687907937e-01 2.924592991644644480e-01
1.521650384708070902e-01 2.950486728670748127e-01
1.435549263181125079e-01 2.532538181908251529e-01
1.199728474087683461e-01 2.939725826168451128e-01
1.197247282864779550e-01 2.672797232824721814e-01
1.115731520463350002e-01 2.651008654832707201e-01
1.301239189295420595e-01 2.967929523667005021e-01
1.192862394100830947e-01 2.938323329124202798e-01
1.081907056091535591e-01 2.568896637688524720e-01
1.229720650886211297e-01 2.008620182646944641e-01
1.314610138455589716e-01 2.506542471816818884e-01
1.132515319173346136e-01 2.974824798258799419e-01
1.644533940994381549e-01 2.943721503598438760e-01
1.054489780653141695e-01 2.675360350523498520e-01
1.167415345993007003e-01 2.583870044508118635e-01
1.313094902896921878e-01 2.418315113224776547e-01
1.574329316752245411e-01 2.565736455875371469e-01
1.494473328373330245e-01 2.612900216755466021e-01
1.187269891896984841e-01 2.899128666771945695e-01
1.752655245440974952e-01 2.819524326504434519e-01
1.312610827084326193e-01 2.135654737935057390e-01
1.957709929846113694e-01 2.059558428787516826e-01
1.213027120341816367e-01 2.607548369476737071e-01
1.386662543269295833e-01 2.963743498349090122e-01
1.200390369724795292e-01 2.671687687407972578e-01
1.389994604301955095e-01 2.373961731414869769e-01
1.913058299771273063e-01 2.281657740414236302e-01
1.520645559427908911e-01 2.526750230818952669e-01
1.482264636319530204e-01 2.449366077396003538e-01
1.843657417488245853e-01 2.564865817308670803e-01
1.421706799744947292e-01 2.595802652800915378e-01
1.778289278034203003e-01 2.549416711237209032e-01
1.652037401033793484e-01 2.535923030499759867e-01
1.784339329568858101e-01 2.490368686166550827e-01
1.018545948329991901e-01 2.037994153535351294e-01
1.662800891643434475e-01 2.039357033900578986e-01
1.654401404159898670e-01 2.751946346007921318e-01
1.233296250295008445e-01 2.654174758577621529e-01
1.651997129759625871e-01 2.280111035083022819e-01
1.052934418617377244e-01 2.434307155322169292e-01
1.376242238607588986e-01 2.851238948080572211e-01
1.385826112329626714e-01 2.372269065843622127e-01
1.826991126965894496e-01 2.933055944144739580e-01
1.203232593867519240e-01 2.332680836567178895e-01
1.389497202888188010e-01 2.547220589919704792e-01
1.285444269492400649e-01 2.456807048951765438e-01
1.513174751904569071e-01 2.339551559743593967e-01
1.825107536972458977e-01 2.634483184843022796e-01
1.190227681174842456e-01 2.945445180611876990e-01
1.985365631246100993e-01 2.196806774118296446e-01
1.275697695493703820e-01 2.429067416415024994e-01
1.917905335260227107e-01 2.446704901398321641e-01
1.564148235389041242e-01 2.002520097247084130e-01
1.968956393067436417e-01 2.879303605133459176e-01
1.311928207065535812e-01 2.039734903764108820e-01
1.107636045981956752e-01 2.261663813795818379e-01
1.178054810358075688e-01 2.708252751298869110e-01
1.949399878271044773e-01 2.252902887195474824e-01
1.801252797205002976e-01 2.463927207381696460e-01
1.804284878926373237e-01 2.969310660984207928e-01
1.836245745418642050e-01 2.899007189793851857e-01
1.121619100086140852e-01 2.389706335679495641e-01
1.985594724312592096e-01 2.359866656225311221e-01
1.616076751500626907e-01 2.461604903580280612e-01
1.809498774930529130e-01 2.442961059467134710e-01
1.075430629810377736e-01 2.981375849382830179e-01
1.605734701676527765e-01 2.393403253995953772e-01
1.544573742225056057e-01 2.479782855461740432e-01
1.565463618269885560e-01 2.627485205041642513e-01
1.909003602372619790e-01 2.522732553486592977e-01
1.278951317379753982e-01 2.591341408344673414e-01
1.810846713489014936e-01 2.302679440643912168e-01
1.935659404145979590e-01 2.537763250240833712e-01
1.878578323563494523e-01 2.059016278563093327e-01
1.189590013515630096e-01 2.559202013047953694e-01
1.576155721771195228e-01 2.366415170842431082e-01
1.826307038369975322e-01 2.689617881948228040e-01
1.169811565125574715e-01 2.746557974176331296e-01
1.440704763669115041e-01 2.356618113286619021e-01
1.391392105342535990e-01 2.038768913833913232e-01
1.705965041020096606e-01 2.814160281236519623e-01
1.325615640085227032e-01 2.465396639910112098e-01
1.384131197503956079e-01 2.528102452742483353e-01
1.882963983104563033e-01 2.880400993680593547e-01
1.453487699013238377e-01 2.548771261863387316e-01
1.111055396469389223e-01 2.642792315291866423e-01
1.582624662204997756e-01 2.432325419318077109e-01
1.455069817770577867e-01 2.161929176973945155e-01
1.385733843633342177e-01 2.367663286614679619e-01
1.922903640533959457e-01 2.261761647817967236e-01
1.844492277040594708e-01 2.292175075902890269e-01
1.480649441668321353e-01 2.378114206814712084e-01
1.771845090680280732e-01 2.557709913232975030e-01
1.229626958295142458e-01 2.969292626162203241e-01
1.440773748235195661e-01 2.326288265647348530e-01
1.694161373892055789e-01 2.625613157012134935e-01
1.065603265766563723e-01 2.855148695317530350e-01
1.313594062850105271e-01 2.926499581392206228e-01
1.720304644625919588e-01 2.965631718950154094e-01
1.114326699721640557e-01 2.095433229157441235e-01
1.346026788554942621e-01 2.808329797173665932e-01
1.533435987800266798e-01 2.514747629968197007e-01
1.213176950862421277e-01 2.025900848590349579e-01
1.677181145805655138e-01 2.962419588206455789e-01
1.465541862893610103e-01 2.817430336141770186e-01
1.620545020084958043e-01 2.671868502548032098e-01
1.287851614090923524e-01 2.307682370520213189e-01
1.662141794354989877e-01 2.188547452964645923e-01
1.646471250742952419e-01 2.749759694835269830e-01
1.667159171781065208e-01 2.977610534236843076e-01
1.203415755338083093e-01 2.324905763231516487e-01
1.583464821690385715e-01 2.191188497087654397e-01
1.952803680194227787e-01 2.950366786247379802e-01
1.598654915176818125e-01 2.652031701134541231e-01
1.945812630449649805e-01 2.572560033369291621e-01
1.069965389801879052e-01 2.091259568551066816e-01
1.355294879779403994e-01 2.319115318544388016e-01
1.589253204923212204e-01 2.141002158250640552e-01
1.819193741555575894e-01 2.396957907466921167e-01
1.432801749431169558e-01 2.812245228970266520e-01
1.455881821917740515e-01 2.138556730493805791e-01
1.103463156979744841e-01 2.899257355846664441e-01
1.198085091083037623e-01 2.284465063779299587e-01
1.177677647681750761e-01 2.711928912997237928e-01
1.194410222288139201e-01 2.414843551414143918e-01
1.112927232850452475e-01 2.113062513027564870e-01
1.014886535632688602e-01 2.929066575006331608e-01
1.657381757646597675e-01 2.782946802765112748e-01
1.705147369222133058e-01 2.354903435052288219e-01
1.783542694652816563e-01 2.174857350543024093e-01
1.964462631583491770e-01 2.502000849017919082e-01
1.383617381257967738e-01 2.520250948901781030e-01
1.988520732183313156e-01 2.550519977111309067e-01
1.598112762767458506e-01 2.533636119200227133e-01
1.824909703117097992e-01 2.712956659691608818e-01
1.406831972854818424e-01 2.021464427015309817e-01
1.246513398562770769e-01 2.224254996658395211e-01
1.289243447492277594e-01 2.423073119780182194e-01
1.790310818777695046e-01 2.818043880331219664e-01
1.214805123759875594e-01 2.689202277244582828e-01
1.151950624557751546e-01 2.644899153304425266e-01
1.072628080241848636e-01 2.407813731607383323e-01
1.114760245672201666e-01 2.717817059005587232e-01
1.507006609069423408e-01 2.526058986441140353e-01
1.585828551893601057e-01 2.752645411609480619e-01
1.508371084367478021e-01 2.000489820622700643e-01
1.812543556568300129e-01 2.479909018168500179e-01
1.652413642780010683e-01 2.373392895168892625e-01
1.243270336899977568e-01 2.344539128512941883e-01
1.417098520409655338e-01 2.260548140685276208e-01
1.585452106445630616e-01 2.095318092844985214e-01
1.119542168474298993e-01 2.056809690644087474e-01
1.629519070429398253e-01 2.171161059074872002e-01
1.584752090887671105e-01 2.386108201072433266e-01
1.574258420041345641e-01 2.242044194234691645e-01
1.995647362339695863e-01 2.413186502973387604e-01
1.409110551505011744e-01 2.227837420992889728e-01
1.826032898104172908e-01 2.882051275399892254e-01
1.449707347181672379e-01 2.327934603614749687e-01
1.859040223897309163e-01 2.491348153511308283e-01
1.986116048604826267e-01 2.324924973677333639e-01
1.224213205741333521e-01 2.452170273005452317e-01
1.690808130989562841e-01 2.811404538731397396e-01
1.620163052538372561e-01 2.178017877883626219e-01
1.737942749737102499e-01 2.882134713139021809e-01
1.538723849721019832e-01 2.623774215179910385e-01
1.909816675561242239e-01 2.006224532991693899e-01
1.817929509366470464e-01 2.566777416740300133e-01
1.397988416897258945e-01 2.813933878007193190e-01
1.423808342830636953e-01 2.165576654703046944e-01
1.601832191616991974e-01 2.535096577369968518e-01
1.173273617826012805e-01 2.015581875637463827e-01
1.045255465456214061e-01 2.147949587160328799e-01
1.972722428406548101e-01 2.603207069941517737e-01
1.026660976151625437e-01 2.993873194853757247e-01
1.037143750220371752e-01 2.268661466153030215e-01
1.576163898389777440e-01 2.354503283910038824e-01
1.111187791688544868e-01 2.174904175291024755e-01
1.207732674720510824e-01 2.245499668118290382e-01
1.264566355823804056e-01 2.334614877727918814e-01
1.091352513185819273e-01 2.298839485047879383e-01
1.980403037042575143e-01 2.838343233747238625e-01
1.791596444607976846e-01 2.227421979586324818e-01
1.894694049775228484e-01 2.634056094457558062e-01
1.951356422383672129e-01 2.259482895572499372e-01
1.781541657721925631e-01 2.191854661142705052e-01
1.654954654642915024e-01 2.061149075380721007e-01
1.759827340479055424e-01 2.935106886294505113e-01
1.417182143167646791e-01 2.130936034297248871e-01
1.276338766538837044e-01 2.149356284955003249e-01
1.232358888922309159e-01 2.680906060091624576e-01
1.112582780701566465e-01 2.824034681522257229e-01
1.190718688005386605e-01 2.065191510628348603e-01
1.172042583108520164e-01 2.379852837914742114e-01
1.860924306731810418e-01 2.307877067238758295e-01
1.680687088050469846e-01 2.496319006003111796e-01
1.218717159282372009e-01 2.324336646774290416e-01
1.765196558321798781e-01 2.037857500579360048e-01
1.567976641422255124e-01 2.224177934305574533e-01
1.849666625783217278e-01 2.877534340287931092e-01
1.221124250677320111e-01 2.158476320630062228e-01
1.699186704523999447e-01 2.763642693767140446e-01
1.165010536702690835e-01 2.089061184339696120e-01
1.294156685582689148e-01 2.167520595789022564e-01
1.542327374413011709e-01 2.860763618972799738e-01
1.275346273366282368e-01 2.623124478486698052e-01
1.449678660730870927e-01 2.957407147019354698e-01
1.621217838700008684e-01 2.581700495576887411e-01
1.834145449264624750e-01 2.472431063492254721e-01
1.723599072439963020e-01 2.266339673872806992e-01
1.380320894408103571e-01 2.380217669182801143e-01
1.784825012632981212e-01 2.647408785267168496e-01
1.671777632233721889e-01 2.690121701090631423e-01
1.632303201003114657e-01 2.960431171161608810e-01
1.935604871679141858e-01 2.438709255524084685e-01
1.213639410100948446e-01 2.828258770437228620e-01
1.563894019214802089e-01 2.172755724165224001e-01
1.169016809751867170e-01 2.776858582630652994e-01
1.362698019235548674e-01 2.354281395300455992e-01
1.093244726281457080e-01 2.327420630218751951e-01
1.929499271145270756e-01 2.480532819183041693e-01
1.939227556565176758e-01 2.947012876538067649e-01
1.251266702164852695e-01 2.071648606955474037e-01
1.568519705750828219e-01 2.257625775442111404e-01
1.780461382850491159e-01 2.153267989883712041e-01
1.178488790193289448e-01 2.641583699201561219e-01
1.897871290327477478e-01 2.484188956914518409e-01
1.820010641104726767e-01 2.070032143663605440e-01
1.836717035834956047e-01 2.007634111759808992e-01
1.010929755854652612e-01 2.283787640290784737e-01
1.376293523921940931e-01 2.172989480513105587e-01
1.437646122508896562e-01 2.624957878868572347e-01
1.971338289115540654e-01 2.104221747072564375e-01
1.079058928148953767e-01 2.060706334813479645e-01
1.236477039666280531e-01 2.278833248309556081e-01
1.855412700782210766e-01 2.870196501596142813e-01
1.230700686072336847e-01 2.388219113139976035e-01
1.445234992563902976e-01 2.309233434611325797e-01
1.882473374847425385e-01 2.799953660686724799e-01
1.666738153905841235e-01 2.950367781621632823e-01
1.531556366848787487e-01 2.996305896943634028e-01
1.738800815467869132e-01 2.323975332037987451e-01
1.840753097230910518e-01 2.304670097106165105e-01
1.049061805845510342e-01 2.188961860724107922e-01
1.557657298892817233e-01 2.378275604089530870e-01
1.131728963276288358e-01 2.938043512661583367e-01
1.832063723625537710e-01 2.341912276904222212e-01
1.981335387999696995e-01 2.277192697571592817e-01
1.892547733704978974e-01 2.963179100565659918e-01
1.054217800646178871e-01 2.543237519906016431e-01
1.847181419919023959e-01 2.074864880199538408e-01
1.222382240074927351e-01 2.538524757629668782e-01
1.421984348458525949e-01 2.692476601732366470e-01
1.856800166581273892e-01 2.932187635435779538e-01
1.856849318942184190e-01 2.745243582273814709e-01
1.607498146194419331e-01 2.326987059189261353e-01
1.410296249784842582e-01 2.061881131232947695e-01
1.851782162912204432e-01 2.630285496590137329e-01
1.045584954094271879e-01 2.107951007508797048e-01
1.701593641752958685e-01 2.804872166590035576e-01
1.324243339448037959e-01 2.251004159426403528e-01
1.921998419422588089e-01 2.590033995400261579e-01
1.114533027537262244e-01 2.950979234458813716e-01
1.025339185449457569e-01 2.984920852857456675e-01
1.546809411737597451e-01 2.048759128863102408e-01
1.413767059290174100e-01 2.887526582844606171e-01
1.860562236289938776e-01 2.858353821242071158e-01
1.345103764353418052e-01 2.438347755895505231e-01
1.489181084328569105e-01 2.468018150132656185e-01
1.132171770406870115e-01 2.118953078933670520e-01
1.187770276218822474e-01 2.959893003973952941e-01
1.854511556145531648e-01 2.476341964689730002e-01
1.387408392291830106e-01 2.309096321906281557e-01
1.849569333185828723e-01 2.702411249542562288e-01
1.925044155507606991e-01 2.465838871288979495e-01
1.066356800963380591e-01 2.107478812951382452e-01
1.546666460860781633e-01 2.339596953788655176e-01
1.836634542873551990e-01 2.230124772897069119e-01
1.700655777790830436e-01 2.018923633992701361e-01
1.811359236928999916e-01 2.904399137333197323e-01
1.376403565722782441e-01 2.429216014995036199e-01
1.200144974553550847e-01 2.553524545536622337e-01
1.602668484672080673e-01 2.662296816562347845e-01
1.256082303864416438e-01 2.706129529638048870e-01
1.891578414661054808e-01 2.687135005273639243e-01
1.239516495191574919e-01 2.042494756078054863e-01
1.631559164387447192e-01 2.900666772629515444e-01
1.478377648159108215e-01 2.844392481451416543e-01
1.974443371250322321e-01 2.669267477274698819e-01
1.636160701844799892e-01 2.105032486635649014e-01
1.844531579283323897e-01 2.931315487192766023e-01
1.583319585788366402e-01 2.036615655963389115e-01
1.560638629125143950e-01 2.667885478266701638e-01
1.894542414831779098e-01 2.099780520177135512e-01
1.693934742799809712e-01 2.021093309972911145e-01
1.662844964873269049e-01 2.153726967625635980e-01
1.198247720218347245e-01 2.065179813419968369e-01
1.478365808986451535e-01 2.195620857025609718e-01
1.411518280642664047e-01 2.378293688696421215e-01
1.302989105637761824e-01 2.296608743918282514e-01
1.713586485765926648e-01 2.487399552261831959e-01
1.413959060436369430e-01 2.704615956130055898e-01
1.446339410798690439e-01 2.927408101022023756e-01
1.522823612883342781e-01 2.385191644863327853e-01
1.418948154104695547e-01 2.443567922585815344e-01
1.784181122165272582e-01 2.002542592289732748e-01
1.603843125731329033e-01 2.859168738701134971e-01
1.856611283969188397e-01 2.081530261494782263e-01
1.753367647452309663e-01 2.772198079584803354e-01
1.373942432805173031e-01 2.220174072946916599e-01
1.061165841610307581e-01 2.770432824069764544e-01
1.537441537414172554e-01 2.149388059781749405e-01
1.430665353635447445e-01 2.084617517489164296e-01
1.573225499330116461e-01 2.035099124486687838e-01
1.238378485320095201e-01 2.351288942511780555e-01
1.006155382868041404e-01 2.296820525878961738e-01
1.373060500085744318e-01 2.137330177072650494e-01
1.696208262245063603e-01 2.861753166864300923e-01
1.525874111369269759e-01 2.822123141287928849e-01
1.144019630197142812e-01 2.701061487782437376e-01
1.468015524170481756e-01 2.828032269333086157e-01
1.183678968475998516e-01 2.181691987564394197e-01
1.864150391720936772e-01 2.157899316740302664e-01
1.739508075287440336e-01 2.471432580540272317e-01
1.327764014803963777e-01 2.191457650350097097e-01
1.518347022126651513e-01 2.338172971553216517e-01
1.869462283400792346e-01 2.636480971312659682e-01
1.862499121569740623e-01 2.957352192974268545e-01
1.846572905557288813e-01 2.394667621067149699e-01
1.361515313640995206e-01 2.424555267940032843e-01
1.281209326089771672e-01 2.957622457277020445e-01
1.160711591507079810e-01 2.420129186196292026e-01
1.139257364165721098e-01 2.072910144336740090e-01
1.873627301055271754e-01 2.614220430980854215e-01
1.483530610501788694e-01 2.619576590295867868e-01
1.050400597941083536e-01 2.059198232189672351e-01
1.511040937270170526e-01 2.086463927702015830e-01
1.422628005367383430e-01 2.888980784290682280e-01
1.918122389178579246e-01 2.910947458952877764e-01
1.242434161213630261e-01 2.001713278242790162e-01
1.578846250582184307e-01 2.209267660784908771e-01
1.637381741187092787e-01 2.119081576045440396e-01
1.083274448371496224e-01 2.211300585664535689e-01
1.614378415101174191e-01 2.204052154542651132e-01
1.293638122109240784e-01 2.108893087320440618e-01
1.155557053596145689e-01 2.129509445263708667e-01
1.224471874022563522e-01 2.519238051254933941e-01
1.938464374729190198e-01 2.662291090208329658e-01
1.364930301759613718e-01 2.355709960358075561e-01
1.299487707459735519e-01 2.734645873895185098e-01
1.725148524112727344e-01 2.777199694139900199e-01
1.146366854615056274e-01 2.449899246192160374e-01
1.715936572410562411e-01 2.043060983116994356e-01
1.831748351789517226e-01 2.968198828065221062e-01
1.889395834280434006e-01 2.791914208072485137e-01
1.974491001034462401e-01 2.570151279890975915e-01
1.841657444775482988e-01 2.280809537107701401e-01
1.877770203680307892e-01 2.568916027697747406e-01
1.261641726516598006e-01 2.579399604146070391e-01
1.137737388376891534e-01 2.171154172978543573e-01
1.457707397686243134e-01 2.265071234519610566e-01
1.936975113088446054e-01 2.335411568218635492e-01
1.585591050559939097e-01 2.183166092808879188e-01
1.158370718661202448e-01 2.163473580182003198e-01
1.948562843349080365e-01 2.043616893790106692e-01
1.129540428823169185e-01 2.097166657548825697e-01
1.209728041914995833e-01 2.373208193247431375e-01
1.412969432219174371e-01 2.396628443487796578e-01
1.893385728868562934e-01 2.165535470742325774e-01
1.662056488815615296e-01 2.261948902041628628e-01
1.411678472926033434e-01 2.271061402937614715e-01
1.868741039908713431e-01 2.670036088096466309e-01
1.840623775781878857e-01 2.725685579207678955e-01
1.466379291402838403e-01 2.774264173226047014e-01
1.691472388762532697e-01 2.253188908597828499e-01
1.880780890012055950e-01 2.035818488949405758e-01
1.378865736280086018e-01 2.833479128726615337e-01
1.297229773259949148e-01 2.470046318620578440e-01
1.019416587173620492e-01 2.092152879084506478e-01
1.849383396569729276e-01 2.046899016640343349e-01
1.460206278456814832e-01 2.068841599539794907e-01
1.647011204771834381e-01 2.255295984714270063e-01
1.406270146873778160e-01 2.836748901586539917e-01
1.485732862777555674e-01 2.288850458982423786e-01
1.524784152672986615e-01 2.930501565711975398e-01
1.762455328789798159e-01 2.697732807749447792e-01
1.662227294314907455e-01 2.176335259973609937e-01
1.296858501166816557e-01 2.721911991531247854e-01
1.063231258499122145e-01 2.441009345580270884e-01
1.980518258533790488e-01 2.753917274912247026e-01
1.243737150492590926e-01 2.415553453126902117e-01
1.206186912397951838e-01 2.422772519147340931e-01
1.365574028746914248e-01 2.661251471506902444e-01
1.507085058914858777e-01 2.493107876558373071e-01
1.195716315969981292e-01 2.635098625382523707e-01
1.192250185432379705e-01 2.966058662671222090e-01
1.702875480299723687e-01 2.334489288736796841e-01
1.942246788391255308e-01 2.269577989157224307e-01
1.772940198852239746e-01 2.519402216082124446e-01
1.105310448419735136e-01 2.816126220576675721e-01
1.931600519353178225e-01 2.872977782803845526e-01
1.031082242463974286e-01 2.715100146254738056e-01
1.646234910901984705e-01 2.142462006972891686e-01
1.784966479683625096e-01 2.180506609358205672e-01
1.515430744857965140e-01 2.166278276381056189e-01
1.719148864007209454e-01 2.756826566597909700e-01
1.734975416876145538e-01 2.517147766676458009e-01
1.688856438138082172e-01 2.820994435016672131e-01
1.506198475979322327e-01 2.144199882456636064e-01
1.210733767538951788e-01 2.211134689781783513e-01
1.273356736840464132e-01 2.032548931790956748e-01
1.995514183773040018e-01 2.300754517160294998e-01
1.315443736314791945e-01 2.402179158191597996e-01
1.882906051997752517e-01 2.881613467376016868e-01
1.749808246474394702e-01 2.924150536052638194e-01
1.509192493652689038e-01 2.394729238061664156e-01
1.404306898813395543e-01 2.993283112293574910e-01
1.992719364450117325e-01 2.509693528050175870e-01
1.942704379301726791e-01 2.943137953145864572e-01
1.938767248181118008e-01 2.340985548464454558e-01
1.224054675108615653e-01 2.231919796746526796e-01
1.995139116380664768e-01 2.785168552400912323e-01
1.940993871977395036e-01 2.295070115401268152e-01
1.265455729273972096e-01 2.130225099310419368e-01
1.169508683354202327e-01 2.492493181477793418e-01
1.516275863503039334e-01 2.697777089429777564e-01
1.116778353012757297e-01 2.633164260450795435e-01
1.056795381748931728e-01 2.090602470043093630e-01
1.835668937147355573e-01 2.628239033886284881e-01
1.142604719871210817e-01 2.319170797552214391e-01
1.377669809058345018e-01 2.389194285753054592e-01
1.851816538968547032e-01 2.339174048569995223e-01
1.264818318256116791e-01 2.721810654539272289e-01
1.723766665926028674e-01 2.980665848072574509e-01
1.519586254443594520e-01 2.573534344848062427e-01
1.898672953579897404e-01 2.135769344678618009e-01
1.190124338443846463e-01 2.907288015031842532e-01
1.652549524025285210e-01 2.283885293277536643e-01
1.510332034078525343e-01 2.349583853861246241e-01
1.973488139535893304e-01 2.719636484543542787e-01
1.129636851375763751e-01 2.097976780461967283e-01
1.739504531818851785e-01 2.082656193337485140e-01
1.157986391916107083e-01 2.149772432256813470e-01
1.448075857067580019e-01 2.164627558103179861e-01
1.986407850874133962e-01 2.021262656677067782e-01
1.081769124466372967e-01 2.627673139412280423e-01
1.885737266192287764e-01 2.906916967241377492e-01
1.856950338708588388e-01 2.178144709314348004e-01
1.144821901114747575e-01 2.609543636953909340e-01
1.981428416655394709e-01 2.404006537544116362e-01
1.441139172427188253e-01 2.159523850836781167e-01
1.281400884930882222e-01 2.089643651208543118e-01
1.216011752875770791e-01 2.987177437708899430e-01
1.777677363118729259e-01 2.357011513174714357e-01
1.374980593964738596e-01 2.287660365320030031e-01
1.626187492579294069e-01 2.953360801042986261e-01
1.726829902328598232e-01 2.759366055881210533e-01
1.785487271876713411e-01 2.770435526236671442e-01
1.277056155309765906e-01 2.171974704337237272e-01
1.067081026410919842e-01 2.851555303253412443e-01
1.936116437786223887e-01 2.174433770812008448e-01
1.176586170481662696e-01 2.632965119283127708e-01
1.306315667742620201e-01 2.420307041788725411e-01
1.171975549014969697e-01 2.376706172647035653e-01
1.971221860253142832e-01 2.833096376895937740e-01
1.245312553943755951e-01 2.139866213935641415e-01
1.123752790304654026e-01 2.476799515886633773e-01
1.633003811508841885e-01 2.191716531904914222e-01
1.360027018126881426e-01 2.988186518508381129e-01
1.264307721217573510e-01 2.426936992900891044e-01
1.244184909580026144e-01 2.656800697316825666e-01
1.601558275885232030e-01 2.467471416377617355e-01
1.498812583731691239e-01 2.152638138510631904e-01
1.642269148378683319e-01 2.935920946629664297e-01
1.884883741468647012e-01 2.244180262434804229e-01
1.734344047020698332e-01 2.183797923299252708e-01
1.043160433161186562e-01 2.593889534334235525e-01
1.676567464341577329e-01 2.769975733600426593e-01
1.156084815856114334e-01 2.998323004722246443e-01
1.250454732160910520e-01 2.790596118435619277e-01
1.210381308187689076e-01 2.253358348748814022e-01
1.972350570801275627e-01 2.796250487967787968e-01
1.436528426673155945e-01 2.343617663657131533e-01
1.996717009923075214e-01 2.455160868650672346e-01
1.937361605857815805e-01 2.610603773877308020e-01
1.875715822867047855e-01 2.573373479287378585e-01
1.786362583230716172e-01 2.092163221837205489e-01
1.455674014765996338e-01 2.978987652403366493e-01
1.844251487822374802e-01 2.060247990598153278e-01
1.401441590782082081e-01 2.387663766436126656e-01
1.637893674415379364e-01 2.773020275417739100e-01
1.261323419933798595e-01 2.412156146950960589e-01
1.828502917298359121e-01 2.368015028698485513e-01
1.132638681185254015e-01 2.958466067094733809e-01
1.747597834881555734e-01 2.141567628673315682e-01
1.711473570256041299e-01 2.144915220402593414e-01
1.857438779500190096e-01 2.640009974662640979e-01
1.368269635829789665e-01 2.360520611830793092e-01
1.894075881992235422e-01 2.588638749254440485e-01
1.330440069339292597e-01 2.694930672313373132e-01
1.430535715951833931e-01 2.329006026159464449e-01
1.836475679087924417e-01 2.438909235513663232e-01
1.874693282560674357e-01 2.862493178781055914e-01
1.472046632696730750e-01 2.775619179946888226e-01
1.710941725562764582e-01 2.679645949204504385e-01
1.663491852963137063e-01 2.071979623136142590e-01
1.590058653482241402e-01 2.649103544668954258e-01
1.760174637878459958e-01 2.844274931492581371e-01
1.690123411145657562e-01 2.070520847356107086e-01
1.072415065705168979e-01 2.225676760381021524e-01
1.510125857544953876e-01 2.733502106715824942e-01
1.089546866301495109e-01 2.110295263543590094e-01
1.812072153816884912e-01 2.037157049738536618e-01
1.719899844156707047e-01 2.374211115850150544e-01
1.049199730199693592e-01 2.620176147148018941e-01
1.200116679321882041e-01 2.486462150459280707e-01
1.968195067486197547e-01 2.178192979819311148e-01
1.013740543340250211e-01 2.209848053654307753e-01
1.251741938203928539e-01 2.335670739365534043e-01
1.748517882909942367e-01 2.590838578794223412e-01
1.534144595376096820e-01 2.621560292080460930e-01
1.652721564421635314e-01 2.364673754513266779e-01
1.192889818990096051e-01 2.146454636685384276e-01
1.584973500949586889e-01 2.430648243110563600e-01
1.772380987474193592e-01 2.653669881335826153e-01
1.570346732372606136e-01 2.769199831242715182e-01
1.639184216592003418e-01 2.017115833483490994e-01
1.389010300241992901e-01 2.565755476544404612e-01
1.633283033447200383e-01 2.219321942675826775e-01
1.680533895684294121e-01 2.955592065465363905e-01
1.915083122145048167e-01 2.726010238874895242e-01
1.485048551794383442e-01 2.723140503992663164e-01
1.821631485676060702e-01 2.550080456053547828e-01
1.493098325380849412e-01 2.273990134032121690e-01
1.716566458520559779e-01 2.875796531453713167e-01
1.637961988415348458e-01 2.341102002952614169e-01
1.133806692196095423e-01 2.653647235057087217e-01
1.575451644362932946e-01 2.309947187610005837e-01
1.414803051058510786e-01 2.157417404228496871e-01
1.917381745759195733e-01 2.206741509001661772e-01
1.930547386647811781e-01 2.564166584934823856e-01
1.050056773434272506e-01 2.472978335863506016e-01
1.926527655178856824e-01 2.267737762443472471e-01
1.712972278803330806e-01 2.460870118917271865e-01
1.723475204229402147e-01 2.845043783135738913e-01
1.712490526880133812e-01 2.368654469437435905e-01
1.144375152485834768e-01 2.350790840145336180e-01
1.248519555951256299e-01 2.804997238725813746e-01
1.647123550695136496e-01 2.023718126560132557e-01
1.828182668285754930e-01 2.633723510354972763e-01
1.286255085489304006e-01 2.564256460787731617e-01
1.404331560190040795e-01 2.478111723026176771e-01
1.658400887326022533e-01 2.232353043419263994e-01
1.030036529391880062e-01 2.903636303634953841e-01
1.678252202728117704e-01 2.171062221414111204e-01
1.076724999758275070e-01 2.213238542780566198e-01
1.725892256113578105e-01 2.523264898552728397e-01
1.854787591782733891e-01 2.737787655639388751e-01
1.788632992061417459e-01 2.816060039454204023e-01
1.588592613145252130e-01 2.043660483779773107e-01
1.704299747828169620e-01 2.088645573673103550e-01
1.093727808436006921e-01 2.773083018028836833e-01
1.038942952925665519e-01 2.495373315126650504e-01
1.379380694820042663e-01 2.539936345603255319e-01
1.142107755703881677e-01 2.541592444911359716e-01
1.564016537151357022e-01 2.301157525186499075e-01
1.400186496513523560e-01 2.011600473562425717e-01
1.317305824854777541e-01 2.267489523315949773e-01
1.368983063047020110e-01 2.307702730250179024e-01
1.356896553318467369e-01 2.248864808844786844e-01
1.880520517961113969e-01 2.546481095345607404e-01
1.629983717608730620e-01 2.248822381588760910e-01
1.441923288978984585e-01 2.045545810668096265e-01
1.008306174610055228e-01 2.027969359182840159e-01
1.633965030835814458e-01 2.910872238663503309e-01
1.653883357381286112e-01 2.278903141943736110e-01
1.492408265415988700e-01 2.652474058327625173e-01
1.559777605864635097e-01 2.853070803297326208e-01
1.558370627154976873e-01 2.144679138027482668e-01
1.572123609936305622e-01 2.828814181577518627e-01
1.552522853704596528e-01 2.953991086392936394e-01
1.812013773558794894e-01 2.263639201276026469e-01
1.042022316910274915e-01 2.986857847877155692e-01
1.221623032835705835e-01 2.895520685876922240e-01
1.726373943249229770e-01 2.075503358455190184e-01
1.887426766449321613e-01 2.096849778840403911e-01
1.238582815783315638e-01 2.746210408827416405e-01
1.258991557020178176e-01 2.429296560776131320e-01
1.859841624760796286e-01 2.689400072861584667e-01
1.471387527764919101e-01 2.711849651625790059e-01
1.147685905742439338e-01 2.147053847146135064e-01
1.276552772817202142e-01 2.829984019965966491e-01
1.492419284466115492e-01 2.603510005058767840e-01
1.624640449100251960e-01 2.522193546679085685e-01
1.218481899066554686e-01 2.842712993226750862e-01
1.489630304385871629e-01 2.845179084602988961e-01
1.951587203160467521e-01 2.046610667151394503e-01
1.434128728529113772e-01 2.029977704753690992e-01
1.046654200722362260e-01 2.096992224236109981e-01
1.755651230952920416e-01 2.018543535777244935e-01
1.654421105350459831e-01 2.222455432013661358e-01
1.477004567158168857e-01 2.545194186464344588e-01
1.123353049588043939e-01 2.935364230558521470e-01
1.445399738595385397e-01 2.557786121466267826e-01
1.462000568445313009e-01 2.619562474200076707e-01
1.441493486030738236e-01 2.738030329171622368e-01
1.545661827678340705e-01 2.069643091245314259e-01
1.199348054384582474e-01 2.133504085501042868e-01
1.563477498582019898e-01 2.105996465083276870e-01
1.897093537415287523e-01 2.389953780846047759e-01
1.380047270939883663e-01 2.126740120936992107e-01
1.662770254847936169e-01 2.363615209417747887e-01
1.138020977806236678e-01 2.517065523531343829e-01
1.142557779929573858e-01 2.240556530860114415e-01
1.450595268545278316e-01 2.196391091266367834e-01
1.564020767638315546e-01 2.400472442551369046e-01
1.835836324755093507e-01 2.862115165898279079e-01
1.609931295215354385e-01 2.787010175728872330e-01
1.873940716383664107e-01 2.140099571828412151e-01
1.503511140789152156e-01 2.497579049077627844e-01
1.521604208053344287e-01 2.535564590557789488e-01
1.802890512161393621e-01 2.710530773440406049e-01
1.267871323436046138e-01 2.936121318518333245e-01
1.486670289444310677e-01 2.679848739727402340e-01
1.364116709309635134e-01 2.814177801404493806e-01
1.634680856407517702e-01 2.769469359174597800e-01
1.438645108210441226e-01 2.607830164128581707e-01
1.235543184137654071e-01 2.271817840498190078e-01
1.217392818188010040e-01 2.180095870721038553e-01
1.739810371316204973e-01 2.590900439222482698e-01
1.308148783587926856e-01 2.069568017127367265e-01
1.847668031388917109e-01 2.168257168665575496e-01
1.894099643240518827e-01 2.263582785102896122e-01
1.570901659675101314e-01 2.668010462444239672e-01
1.103142937595006368e-01 2.071341134748148627e-01
1.638310296461285009e-01 2.364640819184805898e-01
1.406370483900102331e-01 2.936715370664412794e-01
1.268529230395348817e-01 2.293663978830315919e-01
1.434163880702222782e-01 2.562228773578953955e-01
1.412569664396470248e-01 2.683886004150623505e-01
1.309174108761117505e-01 2.991175633970706849e-01
1.467782402251271989e-01 2.213176749361578377e-01
1.312794249664324120e-01 2.841269015461074798e-01
1.579392333864868547e-01 2.117560594529023787e-01
1.620194481093297778e-01 2.037355181999436216e-01
1.337477476458620584e-01 2.534381440156144860e-01
1.204583099203978547e-01 2.319745037316607028e-01
1.583996431345707778e-01 2.017462699824671413e-01
1.356619029519305908e-01 2.317094456343323228e-01
1.706872427437531314e-01 2.251049698227649554e-01
1.664955502406130217e-01 2.852841368747228157e-01
1.972779915336598244e-01 2.314451037307937442e-01
1.161349376467801786e-01 2.540881618838286560e-01
1.521020827163193090e-01 2.372470388837399913e-01
1.561806021292709845e-01 2.982648091787621913e-01
1.509310621266228836e-01 2.378419876316532344e-01
1.343859835940910408e-01 2.289606203754525893e-01
1.216366427603722267e-01 2.260473060803290524e-01
1.351173347896915677e-01 2.075034904540444258e-01
1.084680681370586708e-01 2.139092935214314539e-01
1.278428863276154237e-01 2.407266993053261417e-01
1.310547233868804007e-01 2.895666599790214790e-01
1.664681220598943634e-01 2.808672893876706933e-01
1.517844516393727083e-01 2.675186880455709959e-01
1.133125257119013130e-01 2.104901958103192194e-01
1.181217755848833484e-01 2.507684892581860669e-01
1.809442812204861140e-01 2.850717216505926910e-01
1.498771445915610956e-01 2.380967884548046143e-01
1.380127435576171679e-01 2.327222135993929630e-01
1.773357284311080084e-01 2.463963614152564208e-01
1.263046039068104198e-01 2.822237432172089444e-01
1.885086134052759155e-01 2.008547247306523564e-01
1.998662024825408334e-01 2.178195354366997405e-01
1.077766201562041504e-01 2.307234763985877846e-01
1.325486469982405380e-01 2.461787119929992329e-01
1.899162225112234204e-01 2.124190568788993649e-01
1.081607812004355962e-01 2.739906185908606018e-01
1.837967314086418336e-01 2.956807873778657392e-01
1.876150416987892866e-01 2.374837617250731836e-01
1.801226783627347672e-01 2.999338462479566036e-01
1.273009236429226698e-01 2.094732054754595563e-01
1.016708940468028510e-01 2.738779469778010456e-01
1.199068864106064281e-01 2.880219704709257034e-01
1.490309941703659158e-01 2.214315302322701906e-01
1.802170713947708336e-01 2.722936086060277483e-01
1.666423650332795603e-01 2.028444392858264334e-01
1.850562553603991578e-01 2.081218029746595977e-01
1.218186401015161069e-01 2.721299382125073052e-01
1.072210263841032463e-01 2.303731868083591094e-01
1.812809981837286699e-01 2.213741502901914737e-01
1.815018303312858627e-01 2.794378463810596180e-01
1.691586520611804145e-01 2.505163454904371645e-01
1.501488066849744341e-01 2.115534727588656572e-01
1.759069839231014454e-01 2.664615184484999122e-01
1.302035109523120848e-01 2.140616624899425169e-01
1.021949651881913779e-01 2.377405788768665040e-01
1.807327235462151682e-01 2.491344741096338522e-01
1.245890631982861096e-01 2.051218991807675918e-01
1.728512419552220569e-01 2.334069397665515244e-01
1.576679159860780999e-01 2.120263659259791766e-01
1.202644638638646901e-01 2.274114965724484128e-01
1.937086362187906419e-01 2.516658732641877116e-01
1.918048148421203081e-01 2.669043493093056219e-01
1.867630077322879334e-01 2.792490889524979480e-01
1.610791235428613577e-01 2.276376946684343650e-01
1.347685215727140173e-01 2.480200703106515969e-01
1.147611133606337708e-01 2.229552980044272048e-01
1.927899594822608531e-01 2.563611009870744861e-01
1.996074629306865411e-01 2.930868691122035519e-01
1.272634443942383120e-01 2.590806183379135152e-01
1.318142589540169940e-01 2.768535477106183196e-01
1.662361608602900276e-01 2.331497466906051752e-01
1.440859074040046206e-01 2.158693773811817262e-01
1.483297784011468057e-01 2.681719872767781010e-01
1.153328095298711276e-01 2.087514396724721166e-01
1.559214024592678882e-01 2.922907837610416726e-01
1.820642241741519118e-01 2.775342942042933747e-01
1.351059950934194731e-01 2.239472252187988122e-01
1.469295423086925956e-01 2.540195216679381196e-01
1.735325010990312888e-01 2.908817520323561667e-01
1.730620008215646433e-01 2.557905543752119759e-01
1.541252964559216565e-01 2.191587819947953264e-01
1.355905770028966728e-01 2.066335613895298740e-01
1.573716070624409102e-01 2.355864232711314399e-01
1.474525216389800386e-01 2.246771320959266016e-01
1.000046886884572439e-01 2.819389473129473855e-01
1.546673175193551408e-01 2.023312136600066702e-01
1.885752358327391631e-01 2.934098796509670426e-01
1.749392958910638285e-01 2.271362989177242442e-01
1.224236745885211031e-01 2.536945422825737095e-01
1.618353248054036353e-01 2.714927744157678569e-01
1.133797544345848118e-01 2.822513464959381380e-01
1.914501158749752907e-01 2.958575040179042825e-01
1.668966099791709956e-01 2.997749954728545219e-01
1.047612213882882504e-01 2.331926486166784884e-01
1.601304441403325063e-01 2.428804811802752761e-01
1.221819463307981524e-01 2.372327658122342642e-01
1.637350056076986027e-01 2.897203377702136096e-01
1.270521567838608368e-01 2.437101537672164697e-01
1.170320925094092690e-01 2.963306866504908377e-01
1.024973749940506496e-01 2.560359708090282904e-01
1.456596564355326917e-01 2.337977613621627371e-01
1.477218934374421311e-01 2.364288915410269754e-01
1.192676077494069231e-01 2.050173734304424344e-01
1.440933840956361012e-01 2.088315302021666042e-01
1.555650577168592452e-01 2.141349856653630979e-01
1.485154057951650897e-01 2.747940535727035338e-01
1.149740756905988093e-01 2.516190083489440177e-01
1.636746781762520309e-01 2.244512396149896949e-01
1.872389339096484084e-01 2.492927142634958071e-01
1.113166588338341256e-01 2.807764299678687792e-01
1.950956739218466796e-01 2.556604410590023746e-01
1.879198462636515465e-01 2.420839070603339749e-01
1.987816765488602533e-01 2.381478217364041694e-01
1.622475990862330963e-01 2.469024929153334214e-01
1.874128272859433286e-01 2.255590707782135218e-01
1.223083604748814723e-01 2.512935570167930677e-01
1.506141865413830327e-01 2.696376040629012705e-01
1.327037352153969119e-01 2.064427239969348349e-01
