1.895021453755800223e-01 5.006722907358567287e-01
1.876026033932543524e-01 5.534009143594857960e-01
1.528501076829981153e-01 5.300398608798363442e-01
1.260776965418639595e-01 5.001309171609744642e-01
1.851580297709358169e-01 5.701174127385142398e-01
1.214464157187342130e-01 5.023469134099107780e-01
1.340147275724288267e-01 5.219911161170556202e-01
1.723399656844964434e-01 5.055865185349365243e-01
1.696892379418855068e-01 5.249886915546684296e-01
1.555308808223244688e-01 5.451938620137739555e-01
1.473225694733547586e-01 5.424790825395957583e-01
1.866340226173062722e-01 5.285672704158556057e-01
1.560483999177121883e-01 5.089307351877203622e-01
1.915767190753500659e-01 5.194737551739674331e-01
1.965548334784398832e-01 5.027621146394873897e-01
1.649294131534794206e-01 5.358019655978949469e-01
1.797282654783741718e-01 5.250404049969386033e-01
1.714326428522635060e-01 5.107347394361924087e-01
1.992953319723979599e-01 5.516873642655220067e-01
1.300222573409907101e-01 5.338995229357066385e-01
1.823229352334121978e-01 5.395827599413542952e-01
1.861905701658781997e-01 5.124343457806023183e-01
1.920422704667070768e-01 5.758975976657669804e-01
1.998185927091846170e-01 5.205808527607631575e-01
1.624546604797729166e-01 5.064072139802893169e-01
1.747671087122297240e-01 5.034568798014655844e-01
1.930725085154912368e-01 5.637842574462409440e-01
1.521745455289930105e-01 5.156934126854075817e-01
1.886892795050242322e-01 5.324563743221714107e-01
1.873524523470727621e-01 5.432301968006074677e-01
1.952667166622195638e-01 5.203240630184521320e-01
1.797593327858655887e-01 5.011112606370247136e-01
1.520300855334799084e-01 5.301106126787321626e-01
1.679895150679535099e-01 5.032654280670463276e-01
1.966959204869218047e-01 5.971162615468416091e-01
1.849493826596135815e-01 5.165708131694077831e-01
1.739138724228708188e-01 5.235994826708298966e-01
1.993729501555350225e-01 5.353403973878038125e-01
1.887333529027329648e-01 5.478105721103617709e-01
1.829367577462018835e-01 5.021899185506175645e-01
1.119133896548734630e-01 5.141955138593616859e-01
1.792440116002079753e-01 5.189397321990012468e-01
1.833129198095772572e-01 5.119401529542250140e-01
1.748672957690595164e-01 5.027949621878353703e-01
1.998475095827176307e-01 5.350286197678174593e-01
1.780731048113976533e-01 5.060808984384060905e-01
1.939623113885576844e-01 5.098105089585156513e-01
1.977735093611550088e-01 5.140876880332253540e-01
1.102961737037337353e-01 5.226154553365922606e-01
1.422403402329631139e-01 5.564810922740631716e-01
1.791090307535757598e-01 5.548054453107329476e-01
1.135367199800791926e-01 5.017834024139822269e-01
1.848653619404297954e-01 5.422926595223831470e-01
1.310998254861154844e-01 5.056780645104371752e-01
1.862288311102839877e-01 5.502897809971074583e-01
1.888764720735024438e-01 5.158136410289242413e-01
1.673635761486561013e-01 5.489696844178376667e-01
1.703978178374754848e-01 5.312256538967813357e-01
1.731025741074519453e-01 5.070938120358289281e-01
1.626597855069084053e-01 5.106847498834715671e-01
1.520998684868209994e-01 5.393373359246965704e-01
1.426432010782320847e-01 5.662548181635986833e-01
1.262039203812949650e-01 5.432593974872466092e-01
1.723756707208931593e-01 5.552235093692355905e-01
1.920461089524339582e-01 5.018321446056168700e-01
1.577653984761944739e-01 5.232761294184099521e-01
1.603042526039396010e-01 5.181784740255335198e-01
1.815314603376270708e-01 5.017208973966291730e-01
1.993566659812975317e-01 5.090167637671856316e-01
1.724654677147459125e-01 5.100871420042509818e-01
1.742513480079281307e-01 5.093176488851879347e-01
1.906004129552479887e-01 5.473480088475638494e-01
1.643127051375304348e-01 5.107888507849084325e-01
1.993180500034252844e-01 5.019276957518750137e-01
1.479432040898658318e-01 5.248686316726134393e-01
1.307889116678210839e-01 5.072352393861537800e-01
1.339631976295495019e-01 5.323140845373129926e-01
1.823185335798938600e-01 5.082914452094919877e-01
1.893473282140247238e-01 5.537839358034435389e-01
1.334401626020242926e-01 5.180374389446643635e-01
1.745693453139119944e-01 5.090798973731123223e-01
1.827604592374433845e-01 5.038114639832174113e-01
1.440991320251643337e-01 5.775465379879981542e-01
1.917801438576773321e-01 5.183861062276211573e-01
1.734830173472790005e-01 5.146034240942276572e-01
1.496663153303583460e-01 5.148486825542968326e-01
1.769973160809528712e-01 5.194059772794962226e-01
1.919196606494102952e-01 5.384326377140619124e-01
1.785182680378190057e-01 5.226706989396261438e-01
1.206740763194636967e-01 5.646805412751606523e-01
1.470572113601370523e-01 5.105669785181177200e-01
1.597069635067863702e-01 5.135083319348672237e-01
1.477784532975617848e-01 5.156472640081717351e-01
1.886043824986456952e-01 5.320011967515081430e-01
1.995610685593250944e-01 5.560867592900373690e-01
1.997802520546855254e-01 5.087214225538519985e-01
1.974431251023870404e-01 5.342139886919771152e-01
1.887416756662161910e-01 5.219792394304871852e-01
1.887069070684987415e-01 5.326293045629868494e-01
1.960375794305723174e-01 5.032947505862648274e-01
1.658821753621967932e-01 5.243690630695515553e-01
1.827258638284289249e-01 5.454929341474448190e-01
1.729657649365287653e-01 5.426298768472967993e-01
1.898262545713598204e-01 5.447701668254201213e-01
1.529707716918696780e-01 5.307189326095277382e-01
1.952026282017359504e-01 5.242038215421562786e-01
1.730290952374726188e-01 5.230562863724526057e-01
1.713763665237855172e-01 5.046803105702589720e-01
1.514640081183057374e-01 5.159598235906613928e-01
1.867238591284710592e-01 5.065617229185267467e-01
1.930913356331904751e-01 5.716152943817458532e-01
1.672261373449102084e-01 5.675354587742214019e-01
1.817859577998586773e-01 5.519723491335218890e-01
1.983097034157735306e-01 5.060239345348735984e-01
1.736034340677807819e-01 5.272779852607064610e-01
1.767693647886569019e-01 5.135878248482936836e-01
1.016627483052996994e-01 5.018921448129017859e-01
1.558191377709431391e-01 5.201739257749899981e-01
1.612374228196563064e-01 5.277744266176311871e-01
1.405956180236458408e-01 5.360597770131032558e-01
1.721779554174708293e-01 5.003483328562665644e-01
1.198348362682492563e-01 5.043610541335739050e-01
1.355125085447824174e-01 5.756171875333704335e-01
1.887140285933917583e-01 5.050423989431962468e-01
1.895920407090355142e-01 5.423317794850837092e-01
1.634511874055222802e-01 5.072765594071968476e-01
1.857540144270889981e-01 5.203279836197918229e-01
1.792043792287403292e-01 5.784432200362125132e-01
1.282114543798595352e-01 5.054127814942378505e-01
1.193622231062747563e-01 5.399140721595391268e-01
1.916650384476782931e-01 5.398831991657950802e-01
1.966940193917413038e-01 5.007332431339206469e-01
1.213946441888261729e-01 5.159974180120208143e-01
1.976641005153672026e-01 5.510167503786620458e-01
1.606904939669250298e-01 5.123408146001233732e-01
1.810386881765717604e-01 5.017472649587582101e-01
1.847033319104752214e-01 5.089001477730612510e-01
1.887359700575175214e-01 5.351607173356893732e-01
1.639170671506129939e-01 5.206155742936913189e-01
1.833637943838530848e-01 5.118082180247153223e-01
1.569297514366775892e-01 5.067390023384384934e-01
1.933254804192008902e-01 5.159773991727537590e-01
1.242917943669993863e-01 5.195628224479300616e-01
1.341883078098586868e-01 5.037176770555974459e-01
1.710092217034460127e-01 5.141615460718175212e-01
1.923852254881499024e-01 5.290937859426569911e-01
1.466282516543418457e-01 5.065059624048703357e-01
1.730787562928317036e-01 5.309321233799140227e-01
1.980833528202095017e-01 5.243493698861404484e-01
1.464495359726817325e-01 5.061951810183388245e-01
1.454451890163121486e-01 5.642405964539694008e-01
1.889362206152085388e-01 5.506836099176102284e-01
1.922425392551780909e-01 5.056097874974023743e-01
1.757768070334922439e-01 5.147420451329396407e-01
1.483018607639105535e-01 5.853981526998953688e-01
1.945096092275597766e-01 5.174603875902423766e-01
1.907526027165444282e-01 5.437008524326674141e-01
1.669578372671337574e-01 5.049273947551973230e-01
1.759935580437411717e-01 5.188065250089975988e-01
1.889981269583757006e-01 5.679287472333314213e-01
1.558551364335756806e-01 5.194905052918280530e-01
1.890744885078661230e-01 5.337341408392859421e-01
1.740692052980391535e-01 5.649557991880435059e-01
1.688323130615690948e-01 5.110734511475780728e-01
1.760394939993966124e-01 5.798167957347521995e-01
1.358854439844802697e-01 5.002250821562741478e-01
1.990033191303077209e-01 5.003228854410357584e-01
1.237223846088979506e-01 5.005126959646228890e-01
1.777733740869665846e-01 5.015948910923165860e-01
1.810367519572816386e-01 5.410032982128408774e-01
1.805754816904170945e-01 5.150790259961190998e-01
1.853107949245479946e-01 5.937728021473325235e-01
1.937466948496464614e-01 5.103018249104066539e-01
1.753640811835059377e-01 5.910876907994437879e-01
1.382278014345800776e-01 5.101779221438569323e-01
1.980608378637565004e-01 5.400268399735583813e-01
1.651023176694187411e-01 5.199956875159102987e-01
1.849163112970406697e-01 5.327080824605276987e-01
1.188640004186440891e-01 5.143609921930930584e-01
1.974207132060667447e-01 5.023011762183811069e-01
1.759371812769189303e-01 5.099641339589842115e-01
1.606275664915467472e-01 5.732376637236301642e-01
1.980112718268888794e-01 5.378891968352217390e-01
1.496647465423471268e-01 5.388352099521247496e-01
1.399950006665897639e-01 5.230010133104421310e-01
1.956781625254784829e-01 5.171798713682688176e-01
1.849551287850225711e-01 5.411817689070808068e-01
1.397289741145447683e-01 5.158494287062410644e-01
1.781057163223839779e-01 5.556285085939578483e-01
1.689113438440373871e-01 5.225945178813016234e-01
1.884518203242342982e-01 5.364889742842248177e-01
1.816784223763435735e-01 5.448286716326073975e-01
1.993133158285673168e-01 5.116519893006636899e-01
1.403442971997420075e-01 5.504982220895063838e-01
1.717384954406071529e-01 5.196738229188813118e-01
1.786559352547075763e-01 5.373005794390842693e-01
1.604283419444550995e-01 5.842127903469767070e-01
1.631463326645674616e-01 5.143108125160645860e-01
1.412125598203866073e-01 5.027130042952606681e-01
1.789905433544941027e-01 5.545382102966884830e-01
1.646378320004119322e-01 5.253844073464296605e-01
1.660787397329653303e-01 5.117837559731193142e-01
1.784924890940531306e-01 5.095352100591529210e-01
1.387458203587637606e-01 5.205137245037937399e-01
1.871888983284761832e-01 5.364682318740022771e-01
1.615175124164091591e-01 5.239914484604202283e-01
1.983355642338665570e-01 5.024696979357292648e-01
1.872835975999168623e-01 5.041081253450103716e-01
1.930946851766448535e-01 5.249255825618350801e-01
1.784491025281853549e-01 5.039781374048388773e-01
1.851116031065457856e-01 5.222571682161973872e-01
1.879967611269333649e-01 5.227117969267269793e-01
1.865761352952978736e-01 5.298741173586281050e-01
1.997323950866901066e-01 5.031440063102923244e-01
1.954876582869728430e-01 5.167399731299527899e-01
1.670753756641567001e-01 5.807584832775102290e-01
1.921405582383478583e-01 5.521711005203053801e-01
1.936935591425046899e-01 5.190332122265997050e-01
1.995900093458690128e-01 5.750516751969962925e-01
1.712095578806570040e-01 5.019643494798404770e-01
1.980876926765484658e-01 5.894367434889131729e-01
1.823707650983285022e-01 5.348977763687710052e-01
1.903676331127560628e-01 5.286159113449966362e-01
1.524122820369016584e-01 5.520483548409764740e-01
1.522524300487790305e-01 5.283085598094582336e-01
1.477154635342982636e-01 5.122448098070777611e-01
1.125483337712515630e-01 5.291765871798904675e-01
1.675768141279783130e-01 5.533333321963932461e-01
1.480942312432063090e-01 5.069530432558957411e-01
1.667045402071139493e-01 5.230975262307260287e-01
1.745387255527812154e-01 5.126053969337180938e-01
1.999692258047957583e-01 5.278531264090107200e-01
1.942686739225653603e-01 5.187825692277021616e-01
1.694956873442187706e-01 5.192645837746123760e-01
1.400394583683178262e-01 5.063433116363078579e-01
1.785989349926997982e-01 5.271826380446704707e-01
1.856026589291153162e-01 5.127277998265656889e-01
1.809966742991118149e-01 5.260071872826974637e-01
1.548142169227978426e-01 5.317091599528886992e-01
1.773252466983576414e-01 5.834576654495599035e-01
1.983883468970912278e-01 5.255205942706153710e-01
1.860696543433656425e-01 5.001970667108766033e-01
1.732840522797262639e-01 5.676168759235861172e-01
1.610338530203871410e-01 5.165898182512085324e-01
1.591546958755093999e-01 5.311892368517359131e-01
1.900913001845033756e-01 5.174030262287203641e-01
1.700078918763502367e-01 5.429764007593297359e-01
1.901679830320013309e-01 5.526327512522719587e-01
1.639940261868372828e-01 5.717094538962923522e-01
1.728036263000685135e-01 5.318278431572951437e-01
1.725431188222964485e-01 5.152084511671610745e-01
1.940120928706233761e-01 5.141808419961411136e-01
1.927607662424368207e-01 5.070518657187373934e-01
1.738474025351967600e-01 5.501950309328100808e-01
1.280746750717680071e-01 5.310522451862524917e-01
1.446418593082560156e-01 5.145874317375778162e-01
1.933737085015885815e-01 5.419929476603699836e-01
1.748475623238174292e-01 5.035761521533247409e-01
1.849930483907041845e-01 5.265023376121118481e-01
1.794791445224656612e-01 5.005184637665012204e-01
1.875400114932280204e-01 5.358181295963829749e-01
1.731055010642561509e-01 5.570129761094070320e-01
1.452172451578351842e-01 5.006694703712994965e-01
1.983927742735920874e-01 5.358170217441522443e-01
1.711347425439605496e-01 5.743300835309693708e-01
1.751982979626168224e-01 5.528284674620440597e-01
1.712994742019542382e-01 5.399753401636945283e-01
1.963665703222798875e-01 5.306224188834688382e-01
1.524644390036532515e-01 5.949982912117552925e-01
1.236949832992940701e-01 5.633650918276286168e-01
1.754494814286702287e-01 5.429442287237649101e-01
1.799429952423537427e-01 5.107542230356311164e-01
1.868604578079584022e-01 5.645570795901493355e-01
1.969314664737294440e-01 5.076403249810619300e-01
1.585209058333347243e-01 5.015805791204349662e-01
1.797358097847784886e-01 5.038332614352991623e-01
1.531536505892437394e-01 5.149935886335524904e-01
1.817417912201715335e-01 5.105655345486530550e-01
1.730082517040680834e-01 5.133199823924767813e-01
1.547083725501440798e-01 5.000083537318491533e-01
1.790994933835652336e-01 5.141364847071629995e-01
1.278447899433075574e-01 5.162332369303598290e-01
1.833866368119031476e-01 5.052565569721798600e-01
1.450565626998324698e-01 5.297554429548556598e-01
1.735258891518647317e-01 5.371844188862604508e-01
1.788845415652013382e-01 5.041185439044462147e-01
1.586845087479851202e-01 5.225648864940245497e-01
1.591092802025670383e-01 5.245660302160739530e-01
1.875020643665697428e-01 5.194223923262590858e-01
1.982197791933261732e-01 5.186469196857639297e-01
1.737464801002595038e-01 5.340327645583159422e-01
1.573476570142152142e-01 5.002433684598992514e-01
1.488082283100357617e-01 5.076256196988435665e-01
1.381195802111847004e-01 5.193306437382243512e-01
1.632640379497368732e-01 5.180221583972731692e-01
1.633370772874866983e-01 5.485893152010503648e-01
1.792505538804291532e-01 5.222686405539721521e-01
1.403801561702928136e-01 5.066694808367907532e-01
1.558518709076640585e-01 5.363289099650638825e-01
1.888424521308751935e-01 5.119509982646583968e-01
1.971549562718702964e-01 5.405804256763775406e-01
1.845030859164852877e-01 5.803014414639997565e-01
1.909305219412950061e-01 5.109055107409596896e-01
1.912349008558123509e-01 5.043075948806978737e-01
1.392649644347457305e-01 5.008434379502209044e-01
1.910867872020139968e-01 5.055061180319209146e-01
1.787500041578080623e-01 5.530356889510747997e-01
1.533266466002812800e-01 5.436235256894365042e-01
1.900981830866098621e-01 5.689471757652450057e-01
1.572864425466682925e-01 5.059704187311034884e-01
1.788886394055301254e-01 5.296561731568556475e-01
1.969647141927122203e-01 5.677626591604550965e-01
1.813343939055169773e-01 5.156639555431439259e-01
1.916533745093730867e-01 5.248862811678405293e-01
1.938279622578560901e-01 5.081953161504958461e-01
1.709051284194592624e-01 5.703226214748866596e-01
1.614795844222069454e-01 5.700411436697699896e-01
1.994266130009983984e-01 5.256125764956591784e-01
1.759316163981671788e-01 5.094080574560440056e-01
1.932515037793163248e-01 5.311586506561791765e-01
1.573072457771058641e-01 5.058585735005621808e-01
1.090679585527121742e-01 5.747170935540056869e-01
1.816828339541906034e-01 5.675239210684746016e-01
1.608979898227769212e-01 5.389082213491189766e-01
1.496587937058423412e-01 5.010083279212250718e-01
1.980091440254968527e-01 5.592160102315543169e-01
1.466333655388152302e-01 5.856590587492838118e-01
1.884306149009822295e-01 5.208656939105478223e-01
1.052193807833703976e-01 5.251665894978874150e-01
1.552358404856560847e-01 5.342717476689526901e-01
1.980053567688669913e-01 5.072541711739945169e-01
1.783428363927268556e-01 5.060368769084456764e-01
1.718084684554052610e-01 5.019806074144063102e-01
1.416019806208064225e-01 5.127101357648327085e-01
1.903021472979342099e-01 5.247439746446549425e-01
1.792581850300713486e-01 5.215784885239274082e-01
1.827929892740562390e-01 5.761192478405410267e-01
1.974015130994165590e-01 5.821955134412546418e-01
1.938148864590711895e-01 5.079648135646593898e-01
1.305222059297030390e-01 5.585355655633300609e-01
1.905432871125175009e-01 5.082829311818792828e-01
1.999168324407181729e-01 5.212550415142999105e-01
1.933741088952967146e-01 5.094404487809254256e-01
1.980584501381484341e-01 5.072164159259983096e-01
1.759983434019727899e-01 5.510767364224332665e-01
1.364763164134558671e-01 5.496539578288095473e-01
1.891657057599142044e-01 5.064206538646319755e-01
1.747670725805520742e-01 5.177640628156210401e-01
1.445725112574074434e-01 5.029057884280092594e-01
1.093504842299888313e-01 5.246473798990241022e-01
1.389581573707527884e-01 5.050628372173960878e-01
1.642291866632678010e-01 5.353341408320477779e-01
1.466896602796871063e-01 5.373869544947558197e-01
1.987298147025359230e-01 5.544544665732580313e-01
1.417459201075156328e-01 5.460125091449473667e-01
1.963380515975567397e-01 5.022032683933960184e-01
1.721166865008952329e-01 5.176299383493316864e-01
1.703660056997504113e-01 5.043862774351942635e-01
1.673273669474878989e-01 5.031963596447726061e-01
1.818483244739854121e-01 5.046132696102864079e-01
1.473773215667695258e-01 5.382191737828438960e-01
1.363617224316526211e-01 5.133490753563305642e-01
1.585833938979480107e-01 5.038577388574867477e-01
1.114820985316437030e-01 5.270141832114787483e-01
1.679160422716498013e-01 5.654310088314838945e-01
1.795581464246001624e-01 5.027135680417504915e-01
1.982355833028700554e-01 5.192150110701330146e-01
1.945859456624718931e-01 5.034213228727499878e-01
1.861433546170266906e-01 5.441110653170457834e-01
1.073120540689254110e-01 5.380698510582129224e-01
1.978988360813981329e-01 5.946484712390207594e-01
1.449880962901126669e-01 5.405051386925038281e-01
1.980167431357766072e-01 5.051663542736810619e-01
1.776605748531534523e-01 5.440640309301737476e-01
1.520129169903332578e-01 5.039794783034287073e-01
1.931805916444592208e-01 5.068174573293002805e-01
1.459528943815734392e-01 5.110462965564906979e-01
1.879023366913527560e-01 5.340483595497919067e-01
1.955482847423553050e-01 5.427415622103015647e-01
1.770781475865755850e-01 5.033107716910981688e-01
1.866770987254793845e-01 5.569320433639484147e-01
1.358189567703025902e-01 5.312105447375884415e-01
1.787574034788689814e-01 5.491549885792168517e-01
1.800848536681082246e-01 5.585178191042128315e-01
1.877372848510583947e-01 5.470918845067249681e-01
1.943089910929614028e-01 5.502130225669890073e-01
1.605848525064758059e-01 5.147764520331165050e-01
1.989592512044814354e-01 5.332700886757485437e-01
1.869959147741623862e-01 5.989547180375616175e-01
1.951399395395477798e-01 5.083187874787846727e-01
1.932331337571406848e-01 5.059646358407159372e-01
1.957352223375119493e-01 5.119210423779059216e-01
1.962277492023314918e-01 5.198495734290365933e-01
1.670452799686667489e-01 5.007026496685546002e-01
1.416392705506681060e-01 5.187292743273513862e-01
1.721828336269208837e-01 5.051423476535283896e-01
1.951523837815017925e-01 5.178676963116290999e-01
1.879093072755075866e-01 5.286324043872391298e-01
1.974673632631347986e-01 5.209843797190274461e-01
1.948063881012131460e-01 5.370102891172585657e-01
1.921684148206690979e-01 5.307058922736939133e-01
1.912513367687329047e-01 5.545141372929576207e-01
1.336660847713773137e-01 5.251952020633985363e-01
1.818812012456663130e-01 5.201099263840854858e-01
1.821837875673896212e-01 5.095858481123546335e-01
1.924865158682840804e-01 5.048490663412107393e-01
1.702246705283710915e-01 5.085897275094882763e-01
1.978502407657020679e-01 5.084087388448265132e-01
1.947924837620071958e-01 5.480102487409267420e-01
1.462544503365636461e-01 5.103825375512933693e-01
1.989439241819183080e-01 5.224699539010252414e-01
1.497283072985178820e-01 5.250141483543774301e-01
1.998000597398456035e-01 5.421441797635858650e-01
1.751269466274014697e-01 5.231040940384571458e-01
1.849859536153901640e-01 5.062476950757812677e-01
1.175498027844716908e-01 5.124255587507401399e-01
1.945614045471005249e-01 5.430736198770050871e-01
1.987155484594747556e-01 5.441999303300460999e-01
1.507303435072137043e-01 5.589397622911761454e-01
1.688135867949854263e-01 5.499280838438967978e-01
1.744475404303585941e-01 5.514354102448117967e-01
1.883870837350019034e-01 5.227368593304044797e-01
1.457792941093263295e-01 5.058101904666564286e-01
1.906104435089365778e-01 5.098534415524856866e-01
1.958582211149024754e-01 5.459617957317571824e-01
1.970715083784951860e-01 5.095139257992922222e-01
1.650823899046063303e-01 5.078847598237057337e-01
1.472394019000684007e-01 5.565483287961265901e-01
1.363329082616033250e-01 5.085423425000369368e-01
1.282731950737124316e-01 5.037106142626370797e-01
1.716913230081514308e-01 5.454448480702482893e-01
1.981166580689324719e-01 5.024305990710438152e-01
1.782040114344961013e-01 5.260499233738555880e-01
1.953497568790418804e-01 5.105915883638653119e-01
1.325192354441126485e-01 5.216212182015933507e-01
1.796758948028485681e-01 5.761626923817179113e-01
1.657776723199102520e-01 5.069017505142368041e-01
1.449132550160502353e-01 5.030696588708621908e-01
1.796289777238364027e-01 5.577142955104638089e-01
1.852787960940482370e-01 5.496796345022009200e-01
1.925222994053636394e-01 5.140178991821635623e-01
1.258671004655955716e-01 5.252546073161051821e-01
1.953808511804123182e-01 5.101769765071511031e-01
1.979795065694949785e-01 5.085038953947099705e-01
1.665671432248858608e-01 5.893325073319100049e-01
1.905701388079028002e-01 5.446134740727157642e-01
1.705272895340913530e-01 5.232430027345228440e-01
1.818461514337018081e-01 5.548029881232618976e-01
1.570074568318258201e-01 5.703258671365221133e-01
1.807912129971515625e-01 5.146752509979634072e-01
1.940533154564426654e-01 5.124478226124549174e-01
1.966722608299199537e-01 5.143375336723994273e-01
1.729259537888852005e-01 5.356403005817644836e-01
1.971632190443258770e-01 5.043159152209766294e-01
1.936550472648323473e-01 5.276672532849209230e-01
1.917863462200696811e-01 5.241334252707843255e-01
1.546299225138688671e-01 5.563333700724606423e-01
1.975254431949749478e-01 5.338232896528116722e-01
1.953407219779960124e-01 5.510367452024131918e-01
1.990167474676787229e-01 5.738576535086526986e-01
1.836878460308331573e-01 5.274978262885448022e-01
1.957241527747601850e-01 5.178318533875683194e-01
1.470035624169140909e-01 5.325163837309381254e-01
1.820194680377904550e-01 5.096308970510485814e-01
1.857752386422884538e-01 5.221385916142368133e-01
1.916626647331736155e-01 5.298439062756524764e-01
1.886868420567454629e-01 5.409798906989591316e-01
1.988626717375769903e-01 5.042843478071157293e-01
1.931298260228611618e-01 5.186267473125745209e-01
1.763086522453355398e-01 5.141029515677226769e-01
1.755565656600150404e-01 5.072953643721098693e-01
1.891501929386281700e-01 5.172681203076217038e-01
1.547507862908528153e-01 5.112301522622082484e-01
1.850529870544373456e-01 5.523808877050665478e-01
1.832269887425141963e-01 5.082648586339310048e-01
1.785944795378781036e-01 5.124010970630721307e-01
1.889984742418781005e-01 5.046661763889394026e-01
1.834871565382278913e-01 5.256416110603638892e-01
1.774556645534855481e-01 5.141980615132928367e-01
1.464260073284600061e-01 5.798207072902827885e-01
1.941153262151434911e-01 5.039697577233805958e-01
1.766033840692050605e-01 5.131526409858282456e-01
1.591315204232032210e-01 5.495708987953412672e-01
1.723985583178661574e-01 5.217712446440838647e-01
1.845376279406790165e-01 5.253147907058487442e-01
1.769545243114616917e-01 5.003720197757678401e-01
1.718237370859266311e-01 5.410388066816186337e-01
1.867498279293163810e-01 5.152505645104283882e-01
1.742726754730160033e-01 5.420559633014151446e-01
1.918701864793361800e-01 5.209571302082410815e-01
1.651834917825422133e-01 5.692336285960816200e-01
1.952608241196176486e-01 5.089760971341965590e-01
1.930040301737377395e-01 5.089949453020721215e-01
1.002856883620237283e-01 5.089796553356698006e-01
1.861326492993580217e-01 5.172312735649483573e-01
1.884869911681641419e-01 5.542921087394552249e-01
1.797299093874973885e-01 5.532795142899954444e-01
1.121118959376253832e-01 5.127188871233373524e-01
1.829003875011954716e-01 5.875021482249125349e-01
1.657679911099161907e-01 5.101443837221720790e-01
1.104003355106698558e-01 5.097372834548236087e-01
1.663159419002067652e-01 5.834044703915439722e-01
1.685211378485172995e-01 5.202630150489757632e-01
1.843899916057077371e-01 5.185659785121140564e-01
1.846327188121132945e-01 5.557874687605306452e-01
1.988723742140056649e-01 5.138247648639489018e-01
1.751841635584170942e-01 5.414019802422515015e-01
1.564280300901443876e-01 5.412090878010760164e-01
1.867472247674991648e-01 5.080834929732984673e-01
1.925960813554571938e-01 5.136177481753928520e-01
1.970508290907114213e-01 5.382737738497616053e-01
1.525839039785968909e-01 5.338237769128971744e-01
1.721045759844326284e-01 5.093595592164745778e-01
1.561056339815560245e-01 5.853593744705862800e-01
1.593126365712685399e-01 5.005324410185132411e-01
1.859678274457000624e-01 5.155013438245917845e-01
1.992785425057667648e-01 5.615536322237626443e-01
1.915272617872726402e-01 5.371979694016708606e-01
1.984521486954214375e-01 5.783581063116662868e-01
1.743056260008481462e-01 5.082418118030272991e-01
1.640049425197452893e-01 5.380561651849014027e-01
1.757085819425108775e-01 5.346624915438862313e-01
1.618383046227606648e-01 5.923140871380254691e-01
1.625466165403402496e-01 5.014096081177162878e-01
1.740637336499134546e-01 5.084191880799400209e-01
1.981725876675620168e-01 5.803772885256657244e-01
1.809214318308795533e-01 5.396658820588529082e-01
1.884163287656778762e-01 5.846128215743179313e-01
1.769433363082770216e-01 5.376892677780262808e-01
1.409604757592507474e-01 5.132145041798503726e-01
1.863020492978179621e-01 5.527294348227134169e-01
1.960220675130086021e-01 5.125893596273867203e-01
1.651830606258828937e-01 5.551724297697513411e-01
1.753699606025997393e-01 5.142737343396550642e-01
1.493625299532657102e-01 5.493611691954489729e-01
1.486013725882155967e-01 5.007618834899821847e-01
1.458008345586795929e-01 5.087982142159815924e-01
1.700121483708900150e-01 5.309906178697652024e-01
1.395579741536668861e-01 5.192656583902436340e-01
1.745702306768479040e-01 5.016723338757780315e-01
1.928105419406349608e-01 5.003036747549652885e-01
1.723479822427554931e-01 5.153468648492554038e-01
1.538072545301154559e-01 5.054157538631927071e-01
1.137065688305949340e-01 5.264742849231311972e-01
1.888150264795954714e-01 5.411329673188560729e-01
1.886506813045551456e-01 5.540217249342347383e-01
1.247192984702434337e-01 5.036182825953126052e-01
1.870128679220667278e-01 5.348596723933303210e-01
1.687531756291509866e-01 5.061983857081927551e-01
1.811712249974771205e-01 5.176358373473549657e-01
1.103541842771302850e-01 5.003507730858544056e-01
1.933823583187780359e-01 5.430737982719101575e-01
1.712994542975133094e-01 5.322952210846527699e-01
1.333808161249630531e-01 5.169952550756919951e-01
1.920203403091383376e-01 5.248636409013400783e-01
1.372734109461666296e-01 5.640425680532279440e-01
1.393236023375034049e-01 5.087041543122257092e-01
1.482513981561329741e-01 5.613157149768296383e-01
1.845899570252492183e-01 5.027165008139253821e-01
1.549370785938215533e-01 5.137552621335483849e-01
1.947863001345284673e-01 5.403830901862907155e-01
1.592347049501649514e-01 5.278649780020086002e-01
1.690678432929382802e-01 5.151997860317344413e-01
1.194210714534782447e-01 5.055041021191052364e-01
1.835842310567532554e-01 5.543057239251509838e-01
1.986227410493731638e-01 5.199047126296554300e-01
1.931576190209017274e-01 5.256473291880796594e-01
1.713869418238728737e-01 5.973261520457064933e-01
1.942392044755742453e-01 5.047695462559473878e-01
1.813687834540213539e-01 5.399294971311524582e-01
1.964443958751963537e-01 5.030432111819602703e-01
1.681108687643582122e-01 5.148144262732292642e-01
1.738875842452298204e-01 5.073440098937669340e-01
1.665727779303832756e-01 5.102306384219454927e-01
1.514834806737650474e-01 5.226932481576050948e-01
1.707329809806945042e-01 5.062097613846535671e-01
1.813930413338134540e-01 5.537827565827724285e-01
1.449243946230638347e-01 5.127310766881267856e-01
1.639037865972443608e-01 5.355352015362653262e-01
1.762763476287456110e-01 5.056299533129225976e-01
1.750135532031708574e-01 5.224442301886718099e-01
1.948164395251891778e-01 5.266723995199253938e-01
1.047351656507324313e-01 5.113362399002774339e-01
1.660392215317450515e-01 5.048876406979163622e-01
1.757697196954683960e-01 5.247476071303710521e-01
1.874549706908937297e-01 5.430493971145055054e-01
1.637567738879061596e-01 5.299992604941422547e-01
1.844782936060422318e-01 5.266409029840921630e-01
1.872252486482520739e-01 5.437471940899869516e-01
1.670373318863894174e-01 5.136870088323673977e-01
1.862798602661660530e-01 5.143055222013894756e-01
1.916317720562187854e-01 5.009453904984706440e-01
1.915396757008651640e-01 5.177437394628439105e-01
1.319755790649267402e-01 5.654789205429330279e-01
1.847486577160223353e-01 5.395360748690682939e-01
1.730835151939237315e-01 5.203954525756349092e-01
1.694942553914924321e-01 5.484034474030727857e-01
1.767619061330047980e-01 5.108246002342218262e-01
1.764779321979910165e-01 5.262587992791587510e-01
1.972389544296516695e-01 5.088947223542648057e-01
1.953934835293529848e-01 5.588153179351220690e-01
1.702687211529024247e-01 5.653258683422105468e-01
1.710437092723378072e-01 5.042311584279253189e-01
1.454246597710005529e-01 5.006088968555606478e-01
1.916590116620529027e-01 5.132211498153321783e-01
1.805657743404675553e-01 5.208966943288558804e-01
1.559894582587262879e-01 5.022419985900650197e-01
1.985213032731039662e-01 5.000819919890099330e-01
1.992241972127209992e-01 5.573566778587460968e-01
1.988303137433667933e-01 5.176711103445577056e-01
1.943634986838955747e-01 5.426394382267859529e-01
1.691359956641997342e-01 5.488390800352979104e-01
1.671988038889051231e-01 5.311144810945422901e-01
1.735427363539188694e-01 5.186255823041390212e-01
1.429262811627294294e-01 5.009458247305935696e-01
1.110303034520061516e-01 5.117290781071266448e-01
1.392856781970353008e-01 5.062337707615912619e-01
1.917104714898680839e-01 5.897622714963960400e-01
1.808426991188767929e-01 5.195289707021256698e-01
1.097129084230447083e-01 5.418374118687843133e-01
1.261378630884029683e-01 5.257762013521405375e-01
1.718039725097467718e-01 5.173078754182662831e-01
1.598450239425448505e-01 5.516671563633354092e-01
1.934134550667598318e-01 5.373800969206571354e-01
1.841664939693736791e-01 5.368854546876997702e-01
1.808560112247536988e-01 5.217022491928884342e-01
1.922448687737111639e-01 5.386750493333413159e-01
1.822852373770930123e-01 5.045141203802581131e-01
1.831452043454895873e-01 5.058786388137014312e-01
1.613264856180834372e-01 5.136948084915404777e-01
1.812566389304516856e-01 5.013494531477735716e-01
1.482920042888749568e-01 5.198547365291282807e-01
1.623029603194099391e-01 5.269361658868709775e-01
1.582648828015585374e-01 5.274880902858476439e-01
1.797977662702944235e-01 5.283696425637303129e-01
1.043619010213178711e-01 5.047277912505407915e-01
1.990230201832837165e-01 5.769117229401955482e-01
1.739821987618753174e-01 5.370565488890641781e-01
1.975114269183617655e-01 5.462642595494777709e-01
1.703000875203887210e-01 5.213993375996726076e-01
1.613505654280289470e-01 5.101979644046777951e-01
1.869089358211559193e-01 5.036617709465907033e-01
1.924519133045952679e-01 5.139585424793956525e-01
1.733979999821409490e-01 5.327145513566962087e-01
1.977728224659521805e-01 5.010974478883107874e-01
1.261065610547337790e-01 5.119950417289738098e-01
1.851570951784959895e-01 5.481798740376520040e-01
1.964843238213323517e-01 5.348199783539897556e-01
1.952399313810270765e-01 5.022699368793768215e-01
1.670408267660298818e-01 5.438910459897816629e-01
1.766542566803852576e-01 5.186712424580884884e-01
1.653106939559585431e-01 5.171279130819437242e-01
1.969029181600370215e-01 5.215608011000640865e-01
1.785817125764542213e-01 5.004810094466445314e-01
1.907794663381024991e-01 5.031464717151308275e-01
1.685774751417138950e-01 5.037924227880927752e-01
1.775646819257288844e-01 5.004670764131530225e-01
1.992375099218576251e-01 5.261740674519713723e-01
1.735629959505264885e-01 5.023974262516286426e-01
1.320062278355657037e-01 5.181976363862432766e-01
1.918745152474000126e-01 5.313070425796742047e-01
1.550631428832029424e-01 5.519340380582730132e-01
1.900096526274426822e-01 5.527445573917317834e-01
1.844329201542289076e-01 5.114272585612656963e-01
1.676634479066004824e-01 5.342224753876934074e-01
1.244223477267659694e-01 5.077128183800545536e-01
1.452254905151321163e-01 5.041906425648241541e-01
1.900850038103977790e-01 5.119011117147526102e-01
1.374278616984444534e-01 5.360431599395173441e-01
1.807898673071030027e-01 5.116733813584195545e-01
1.785742792319251482e-01 5.037009379580836832e-01
1.475485479983617010e-01 5.459857832851388038e-01
1.694387272593842475e-01 5.350552394288792257e-01
1.290878168636540591e-01 5.517277944463074846e-01
1.354007357045176052e-01 5.296709053931430988e-01
1.702897980520183818e-01 5.425018564607397842e-01
1.528724957426227937e-01 5.008775679113220969e-01
1.489012016131066041e-01 5.215996027133582569e-01
1.757312035982988019e-01 5.324424040958811721e-01
1.799416929663763542e-01 5.543296948872762364e-01
1.885219126331963424e-01 5.410271274868296842e-01
1.493562681202805220e-01 5.045157492930014698e-01
1.105301413654443121e-01 5.504477302658237203e-01
1.968638239117129207e-01 5.151295508861392092e-01
1.446398363732552816e-01 5.047318248189326395e-01
1.793230837686108914e-01 5.558516134525463004e-01
1.784876325519597073e-01 5.252055693592929675e-01
1.629842520940049111e-01 5.404250593033235184e-01
1.990869263063291261e-01 5.027527938485534253e-01
1.906999925858319234e-01 5.340278726965547174e-01
1.862378088534081821e-01 5.307023342940289101e-01
1.637338229101176212e-01 5.121996957970820219e-01
1.799368003371875635e-01 5.498862383169430545e-01
1.677012225573216719e-01 5.276469706523891912e-01
1.786123794738427861e-01 5.136809845698936394e-01
1.615129095683354166e-01 5.262341694994265850e-01
1.798041018008368908e-01 5.789019835158708549e-01
1.410047996399959036e-01 5.021743237557065864e-01
1.888376515192569660e-01 5.487226777216209772e-01
1.902984902555410751e-01 5.234453423068067268e-01
1.777718374596291562e-01 5.274085172456041137e-01
1.946037420708931487e-01 5.181960366506707105e-01
1.799142199707364775e-01 5.085003020172187416e-01
1.851279964973915337e-01 5.471931103652794004e-01
1.940461621291761363e-01 5.066598072477246362e-01
1.131486935487793222e-01 5.042762136265207529e-01
1.723676935452653214e-01 5.003767270234622533e-01
1.344221400310486314e-01 5.280381156070320658e-01
1.930931866724238111e-01 5.960702374147215377e-01
1.890887689677016037e-01 5.092811407827834147e-01
1.826785533223191926e-01 5.543236839112203329e-01
1.389682368176973215e-01 5.079996423240640269e-01
1.456926075157213840e-01 5.046312691314883692e-01
1.760362925924194855e-01 5.417655351219079485e-01
1.897205974342012769e-01 5.123097339801585548e-01
1.932532597339121083e-01 5.135897147579200350e-01
1.744013131634042924e-01 5.760375771468031481e-01
1.537282353217814257e-01 5.214334442396998393e-01
1.713972812206137619e-01 5.134943827130311611e-01
1.301369800145956712e-01 5.421147247699167337e-01
1.948974967610465625e-01 5.978649524075976274e-01
1.667759624743129776e-01 5.009739980767839995e-01
1.666029308218320293e-01 5.137593375558867637e-01
1.745434721783338805e-01 5.787337375027559183e-01
1.867793339564368660e-01 5.242815462243159974e-01
1.958502606931997736e-01 5.066671809379619251e-01
1.131402703788201292e-01 5.054060062417971011e-01
1.907068568233620254e-01 5.308552447922593176e-01
1.989351674839164308e-01 5.104409286076043717e-01
1.641005541657979960e-01 5.414599614500584801e-01
1.281782140099562151e-01 5.136890230599951979e-01
1.564247355633607284e-01 5.119266352785886154e-01
1.388082220805646472e-01 5.234476616294717610e-01
1.992859291994386606e-01 5.137920843928610592e-01
1.720738962464312127e-01 5.126948371553605721e-01
1.634694037854800275e-01 5.037809979720035969e-01
1.654814284094409116e-01 5.879648460501992746e-01
1.921828155563434781e-01 5.225487305466627319e-01
1.995689897801628532e-01 5.151152312569255987e-01
1.984266205514930159e-01 5.095943724454041757e-01
1.885490228968035309e-01 5.584950587514365683e-01
1.619427694194597867e-01 5.822720495561919396e-01
1.460224986203230157e-01 5.636193733558512164e-01
1.659110957933727648e-01 5.040024235426043830e-01
1.794974192393516965e-01 5.488371618841119126e-01
1.533418324776593678e-01 5.064220169362589896e-01
1.337910686384078396e-01 5.097902484041005877e-01
1.804078950835687478e-01 5.440523821948504146e-01
1.859166232306944666e-01 5.417927097766687128e-01
1.913889173744199312e-01 5.154670960009019032e-01
1.842025801990197498e-01 5.492258178191060658e-01
1.952989879924019734e-01 5.280116680096563764e-01
1.641191959257154998e-01 5.432078852592496787e-01
1.876036847982815448e-01 5.656400214897122636e-01
1.009265363002027627e-01 5.175459493219636276e-01
1.095260701228526479e-01 5.269880576945502604e-01
1.288030786025660679e-01 5.069908580660626995e-01
1.820449278552159766e-01 5.051475035056889329e-01
1.980137421087316829e-01 5.364807012103529615e-01
1.540496000199679805e-01 5.432718360608397301e-01
1.681895213951946633e-01 5.215135979647829156e-01
1.579578479086502507e-01 5.008309504593358996e-01
1.911459525123337944e-01 5.089650818076372207e-01
1.212296684727571794e-01 5.497405836296589410e-01
1.854824713177711804e-01 5.651555725109356221e-01
1.824650578266598933e-01 5.563008068731322142e-01
1.923005596483450819e-01 5.013046170104852317e-01
1.877752451914772025e-01 5.074357429172032807e-01
1.977987692896800431e-01 5.166979825316010411e-01
1.666507858591436131e-01 5.384470911866248155e-01
1.807622381840729986e-01 5.346219287223434868e-01
1.644905333496456956e-01 5.706228003073472443e-01
1.714359198014575592e-01 5.489066225805868671e-01
1.911322984821057225e-01 5.801090695263545483e-01
1.933617528664139940e-01 5.730880824909434512e-01
1.620012887182631922e-01 5.156923064498118991e-01
1.884944525999607823e-01 5.276946048078114959e-01
1.109071107117619581e-01 5.353769884680540381e-01
1.874300100289493787e-01 5.351239291292837486e-01
1.819543647586654433e-01 5.121585711981783140e-01
1.328418026014836495e-01 5.578984331982819178e-01
1.670786449422760889e-01 5.192642917042669115e-01
1.823093412875101960e-01 5.117987347842457568e-01
1.658037611752674056e-01 5.341152218181908218e-01
1.728763868097367706e-01 5.580191521908481889e-01
1.450763854570705225e-01 5.466146217920440087e-01
1.924170789805778048e-01 5.006635462036663764e-01
1.818765372569933203e-01 5.011321763197091883e-01
1.893799315069554234e-01 5.805489821500597891e-01
1.749926288773238636e-01 5.002226877193591825e-01
1.692853242723103557e-01 5.051549886590376293e-01
1.686170018673640025e-01 5.020362163366105523e-01
1.877364866570830904e-01 5.548962211204011563e-01
1.802924865900442652e-01 5.058677863417948561e-01
1.572738498776061200e-01 5.071246356085734597e-01
1.920654838194987835e-01 5.788178701974229234e-01
1.732220966230711423e-01 5.466581252852503736e-01
1.533590893364026875e-01 5.403187770818497215e-01
1.717978344708568916e-01 5.229326616306649855e-01
1.578687642709446504e-01 5.055374207676273102e-01
1.998043099909326825e-01 5.319716832077718838e-01
1.697956700275159991e-01 5.084392354971709604e-01
1.975206158347577734e-01 5.649372574123168178e-01
1.943487758381897690e-01 5.079112014571159905e-01
1.478223245392153995e-01 5.275849603012980893e-01
1.117776089348445079e-01 5.049047026419677398e-01
1.888095682358303939e-01 5.613637425291870819e-01
1.713900621575263350e-01 5.148447360920886950e-01
1.662150267906858381e-01 5.065099351105208925e-01
1.645879173737465617e-01 5.181045606546492710e-01
1.748204742718172389e-01 5.527215806207490534e-01
1.663900077240018649e-01 5.042598688113624217e-01
1.886810353899506798e-01 5.423229009782788435e-01
1.859892476501907033e-01 5.045492573560044214e-01
1.789877449299571155e-01 5.392174414552050044e-01
1.337159841090608814e-01 5.104910373418838354e-01
1.267286862328542707e-01 5.039245020751106363e-01
1.844036835708228184e-01 5.412847710838694093e-01
1.422127475902070781e-01 5.947459357059350360e-01
1.990274138086643996e-01 5.759648932565117896e-01
1.923063712038294293e-01 5.118315486693930660e-01
1.558956525570248663e-01 5.870478311582758568e-01
1.152761705835566586e-01 5.034468078022076298e-01
1.462836162511067517e-01 5.643279881591927172e-01
1.593732924078837820e-01 5.487586689371724002e-01
1.152382857587344045e-01 5.423055188063192755e-01
1.960152887427182855e-01 5.191167721633864751e-01
1.984583155869515392e-01 5.591854769864433861e-01
1.907060574928126639e-01 5.781501552043866177e-01
1.194602140839368110e-01 5.045861109363969366e-01
1.725631667889759857e-01 5.990043307917471971e-01
1.974083964774260846e-01 5.165135781381918756e-01
1.082145296778933563e-01 5.633472241795868252e-01
1.299647443160455440e-01 5.470323513347886690e-01
1.659921121121606946e-01 5.675694193024571899e-01
1.215214131418329568e-01 5.009544281199280746e-01
1.478877682156771733e-01 5.178925709391661858e-01
1.372083995976357551e-01 5.576679679810268020e-01
1.583361825851705706e-01 5.129913629301972033e-01
1.048149742798629713e-01 5.173425714219647142e-01
1.889421184422143130e-01 5.424871538109833358e-01
1.547616984054683842e-01 5.394367006495313088e-01
1.484202100400847657e-01 5.761647252196527846e-01
1.144022467606069515e-01 5.418975893161960267e-01
1.595258514905927294e-01 5.069021421280083262e-01
1.693682284525384052e-01 5.679362453459745330e-01
1.618950447340566923e-01 5.568786098479142632e-01
1.582730643581129470e-01 5.963646903125262577e-01
1.913169267112396765e-01 5.308606861680105204e-01
1.416222683324612763e-01 5.760583078733982898e-01
1.870933286270243245e-01 5.531027895691665863e-01
1.881398269463882000e-01 5.761930773925572069e-01
1.261260285125622715e-01 5.272012113824344759e-01
1.965438144699288570e-01 5.678981152597726290e-01
1.832688172544495453e-01 5.734397693963373399e-01
1.712066357344154133e-01 5.237956309777740405e-01
1.870365766736782343e-01 5.043545049979596406e-01
1.854506533301907290e-01 5.061133156177621828e-01
1.196722672562671175e-01 5.544106725737383279e-01
1.626336866791694424e-01 5.802180054589614056e-01
1.758549241765730020e-01 5.083530365944601837e-01
1.909191006496190335e-01 5.143174765250513314e-01
1.690124063294872192e-01 5.528806665127290465e-01
1.820959240099090382e-01 5.075124378233912825e-01
1.896229918339217280e-01 5.198105722222996494e-01
1.695692510630407712e-01 5.120407730303607741e-01
1.630955826195608083e-01 5.247675739834176678e-01
1.295208751326578644e-01 5.841983024817307690e-01
1.391379039455071798e-01 5.218297049274588373e-01
1.007874624623119608e-01 5.060667995804766228e-01
1.320963216835668863e-01 5.827580891639251304e-01
1.784041907094376933e-01 5.154103779983617573e-01
1.335253393074393724e-01 5.311045607155098214e-01
1.560922469110169741e-01 5.925442058795076239e-01
1.846086113909511939e-01 5.201781580487866430e-01
1.468675838732000916e-01 5.770615401039397296e-01
1.014060799244826949e-01 5.046425170064783305e-01
1.239977102912644957e-01 5.161539934870146284e-01
1.184848077571286629e-01 5.259488735571675733e-01
1.753716489247165722e-01 5.001917086626099795e-01
1.785866283989641090e-01 5.189491514646348280e-01
1.194369181799453949e-01 5.281161474908089293e-01
1.881542240967291058e-01 5.079800326855095083e-01
1.961824903598726744e-01 5.977763770356778750e-01
1.022999286894855642e-01 5.569295121361894640e-01
1.371423181317013018e-01 5.157741803613613563e-01
1.574029972059809435e-01 5.764314788100528553e-01
1.962062640098146682e-01 5.405213953775312996e-01
1.023350640614217877e-01 5.346600835023825882e-01
1.829141028190552909e-01 5.487838734424763665e-01
1.630023663082160734e-01 5.754833845656677216e-01
1.247843790124667507e-01 5.745431919978136737e-01
1.006912643268907948e-01 5.490413008103952608e-01
1.439814291572379945e-01 5.455451111299891576e-01
1.398451651191074951e-01 5.806647483380981134e-01
1.713072462812322838e-01 5.371472268579381426e-01
1.499919345875073695e-01 5.094463140762982567e-01
1.975799280800512592e-01 5.010242036856780157e-01
1.412133298869596709e-01 5.298818753243167423e-01
1.636634954717516299e-01 5.196316786037173951e-01
1.219535116748279302e-01 5.673249750915184686e-01
1.893650288829681338e-01 5.906254521279181713e-01
1.982162314248530066e-01 5.268362640925492446e-01
1.954314270661472452e-01 5.097837243784650862e-01
1.064161897946873658e-01 5.687400613960538198e-01
1.709180885614082213e-01 5.293031052475029030e-01
1.488849455107931208e-01 5.734802434716395059e-01
1.822677331149944457e-01 5.313171681306276817e-01
1.498952928925790795e-01 5.714342979962225844e-01
1.165413349621355898e-01 5.014545864793603647e-01
1.788254431022184843e-01 5.078556262847562230e-01
1.747600744296271547e-01 5.004007150849043573e-01
1.508724082189769611e-01 5.805088339896955496e-01
1.951233628327383451e-01 5.809525477207386768e-01
1.169227444892663170e-01 5.706110486575107776e-01
1.317345750518381653e-01 5.054890941856586828e-01
1.961801086623429224e-01 5.362331647164959580e-01
1.798278895711886705e-01 5.503111358812886600e-01
1.082785379297888095e-01 5.676763891864693434e-01
1.638706214546095108e-01 5.599995389536007728e-01
1.422336084807030998e-01 5.122114438651771406e-01
1.459481574158674189e-01 5.098341917124938893e-01
1.413918582656621403e-01 5.163009956602572226e-01
1.846891129121209785e-01 5.444832545527673595e-01
1.131871463849776216e-01 5.241712688617640170e-01
1.114644638498510920e-01 5.941948678034983944e-01
1.344087978131436323e-01 5.362126249119459898e-01
1.952135742953845510e-01 5.372115379960804571e-01
1.609337577063518765e-01 5.384988005899173924e-01
1.585661907960984607e-01 5.637331388685402622e-01
1.152045672591980319e-01 5.802633221789899043e-01
1.861520550180251199e-01 5.517575421898675003e-01
1.699255423202942206e-01 5.377902959552294249e-01
