1.695794232983525718e-01 6.374939031133600720e-01
1.927329052613850902e-01 6.036961326735260647e-01
1.977282943103323420e-01 6.009642350325016258e-01
1.825877192798697202e-01 6.256431796856762872e-01
1.972957372437314505e-01 6.090492221142143059e-01
1.867492028549243011e-01 6.465426251283700187e-01
1.501641719011632126e-01 6.260395773151060661e-01
1.930601057458762315e-01 6.017617642393947586e-01
1.890198687864773075e-01 6.297822940573499784e-01
1.992406506647159126e-01 6.290080940719741109e-01
1.865493409044058359e-01 6.144630677939132424e-01
1.856279660875005955e-01 6.203452867907959245e-01
1.848308486484861457e-01 6.111169634489470592e-01
1.816111351206295410e-01 6.431958704547579009e-01
1.852640003440617633e-01 6.174978281097329713e-01
1.576642157509179909e-01 6.076898043535120530e-01
1.767247123962421562e-01 6.036027209837717677e-01
1.946036297981167396e-01 6.593498773400997548e-01
1.728136359280181833e-01 6.449785372733785049e-01
1.853567406429553754e-01 6.770119960082126020e-01
1.969678290159693201e-01 6.692811715211162138e-01
1.876573234532161738e-01 6.585940518531896437e-01
1.442986215908375058e-01 6.944832986000537556e-01
1.907402883687084882e-01 6.470593102171647848e-01
1.716088754320155285e-01 6.626428265025090525e-01
1.508285889329492591e-01 6.368841436645715781e-01
1.886354431599972514e-01 6.960294791008048154e-01
1.504844200485695449e-01 6.954455310604805707e-01
1.420838463555680331e-01 6.260957162762272876e-01
1.513253388622601836e-01 6.715014249043235184e-01
1.702745148789789331e-01 6.251714005151498554e-01
1.797149367218437988e-01 6.735534435630559091e-01
1.190912935639916181e-01 6.946938166288421090e-01
1.194334384157039741e-01 6.507830034664133789e-01
1.527739619024447437e-01 6.448451284813259132e-01
1.464543213538114230e-01 6.428024171666466557e-01
1.132886021870516124e-01 6.082611491157708938e-01
1.660081484619191361e-01 6.367833597546984636e-01
1.931565073701446700e-01 6.377227832025400556e-01
1.373656543817596276e-01 6.134435676917340263e-01
1.089573028656510845e-01 6.830620654248020784e-01
1.481886892354699059e-01 6.911170977934002480e-01
1.048797186697839612e-01 6.350505305950644441e-01
1.925141413350975883e-01 6.177915997901464173e-01
1.650425122489581620e-01 6.845538041966567899e-01
1.361309591744734870e-01 6.435060152362952479e-01
1.173880166533353142e-01 6.472047357110000121e-01
1.479585821338899043e-01 6.078411039950837313e-01
1.168657471562106753e-01 6.184120192454958254e-01
1.529031771315988442e-01 6.524153935833029161e-01
1.857473466851534694e-01 6.644089560398219740e-01
1.297967007354299263e-01 6.270677752236354374e-01
1.230221842352753336e-01 6.262197631706095668e-01
1.597878203309459622e-01 6.798948307193268814e-01
1.836539443445456277e-01 6.118462551064259847e-01
1.192834604535123466e-01 6.246800097500836424e-01
1.407823581535170288e-01 6.611915505089408507e-01
1.640257412842470730e-01 6.600373325798019053e-01
1.014130430223768586e-01 6.577285187254187093e-01
1.227583247011133638e-01 6.436606852947992508e-01
