2.316587813765089154e-01 7.534592300388778807e-02
2.238465916258720045e-01 6.291272986741944240e-02
2.373326741902554993e-01 6.333345161441011895e-02
2.526339294280889880e-01 5.590437751974888791e-02
2.683428443408827357e-01 7.417843037512511506e-02
2.637435268398855004e-01 2.887638218881433128e-02
2.492926670004295131e-01 5.408467098108615811e-02
2.301586487546307680e-01 2.644420151377135930e-02
2.454263170523451332e-01 5.390344305014185822e-02
2.934169693562616033e-01 3.824591151849665582e-02
2.515073888736184538e-01 6.830880070567552087e-02
2.919678072737607599e-01 6.573385870511316842e-02
2.295528099230627617e-01 7.130570494573976181e-02
2.906838319213468358e-01 6.201869466427564759e-02
2.368509467292774784e-01 9.051131627316569284e-02
2.840383327969962513e-01 4.293510107375630991e-02
2.563226694972823294e-01 9.292930870216911665e-02
2.883805965681794370e-01 4.388729170119415324e-02
2.220498645198175636e-01 3.609895343369529108e-03
2.480032523627123120e-01 4.206683053700327468e-02
2.166875230185533741e-01 4.881860241238139553e-02
2.705995097835506291e-01 7.632195040448327972e-02
2.962009681802259542e-01 6.995440329084506859e-02
2.756512051511627037e-01 9.249627235892332600e-02
2.422856241043916392e-01 9.790239569566205891e-02
2.563596557208975835e-01 7.782930918704436540e-02
2.125191746641823531e-01 3.041889773817724185e-02
2.989812685698560735e-01 4.452035872811299644e-02
2.796084261368130264e-01 5.395926138777135117e-02
2.048996812590156424e-01 1.358618505944209076e-02
2.715922332146317730e-01 4.791194355512093384e-02
2.663311734725899993e-01 2.997999975948395512e-02
2.792798711990789884e-01 8.315090717611511861e-02
2.831235263155152393e-01 8.611669023318793692e-02
2.671004346154405851e-01 5.108909211071654966e-02
2.795656154315989128e-01 6.724735424420991148e-02
2.634598548919179772e-01 1.999243493073749045e-02
2.807027306501609920e-01 8.362796507477820995e-02
2.726383507628879488e-01 8.078474215713518647e-02
2.281400672532488683e-01 9.702502877865715192e-02
2.172877782829984450e-01 2.815935816257486568e-02
2.761986683333432224e-01 3.081044959191592270e-02
2.421952202168346502e-01 3.046804962634303005e-02
2.795397779711301656e-01 6.326780104228571511e-02
2.148648688055266875e-01 4.055026911858805594e-02
2.930025681032392137e-01 7.728979879022049304e-02
2.709504028680712606e-01 1.697626617792868942e-02
2.401190882637038726e-01 5.695602154897008718e-02
2.122095150366324900e-01 6.432691657024511289e-02
2.505798253052589075e-01 2.533295991866807428e-02
2.918997194555238983e-01 5.133311916252503160e-02
2.868200368520192334e-01 6.749764466595023493e-02
2.130382000772365059e-01 7.864516230027798760e-02
2.668634716190904088e-01 6.877724019152517410e-02
2.603691388863715872e-01 4.551969681915782329e-02
2.070330004271043745e-01 3.556231973620993525e-02
2.107360823674608308e-01 5.705173360482154732e-02
2.533503289061780350e-01 7.386528596734318053e-02
2.622707598984310162e-01 1.885509781461341960e-02
2.248299777338551020e-01 1.964545267539380413e-02
2.874213651696071459e-01 8.695128764836665414e-02
2.781248011862270109e-01 2.114386766137649198e-02
2.656119194915367299e-01 9.920125467833032507e-02
2.706276619490286528e-01 6.194535462178688001e-02
2.353751455245866042e-01 8.434851955041267058e-02
2.640601935476749595e-01 7.805977554871057489e-03
2.818536325079645799e-01 5.402894655606940710e-02
2.991879802875152539e-01 3.261155249325403682e-02
2.688901980352628174e-01 1.794135304769517436e-02
2.633667208880954846e-01 8.374492357532647979e-02
2.658591366066299089e-01 1.555369710740422962e-02
2.239901002159842003e-01 4.620785635328886198e-02
2.099041696601890439e-01 9.922645737928031950e-02
2.083164662164688763e-01 3.297731247073287797e-02
2.600787125092162699e-01 6.347225189669070122e-03
2.100369146391721231e-01 3.700138193499552530e-02
2.456559494051318571e-01 9.439377805770532426e-02
2.198711899605267361e-01 5.738937139655805875e-02
2.341410869955403706e-01 5.632057189283390386e-02
2.606055115543354783e-01 3.764541574722546358e-02
2.302290163480468221e-01 3.214117270895183731e-02
2.872482201089225917e-01 4.494563138459925500e-02
2.406549165906058385e-01 9.448567343318456380e-02
2.225259513079784757e-01 7.395712469542831125e-02
2.239263126767024881e-01 5.294751786717458164e-02
2.701889799334685760e-01 4.388811418133969910e-02
2.260929748389400862e-01 8.368286524109666558e-02
2.664925555046435690e-01 3.512967624424334634e-02
2.642334131954933718e-01 6.182264047754762459e-02
2.038262110441393937e-01 7.185887078835623276e-02
2.055040253469102018e-01 2.032096229072816174e-02
2.119962296025534321e-01 3.506794812771091285e-02
2.629587751063748313e-01 5.154640804497617745e-02
2.719573351276178275e-01 5.939748322009252846e-02
2.200368415719833326e-01 9.255684453669818512e-02
2.305844761841738810e-01 7.832734285854292544e-02
2.458165002471064953e-01 5.318205700602371411e-02
2.615536493075389379e-01 3.335216400314905405e-02
2.155928881620638449e-01 4.122988833311008738e-02
2.120503213718529234e-01 1.007351798842792689e-02
2.420008379371058616e-01 6.806275391763008664e-02
2.240510389757003340e-01 5.352534962517249695e-02
2.945211156082244708e-01 9.865843091971385204e-02
2.308404737082094815e-01 1.326649403350743661e-02
2.043593182434416677e-01 5.927162848686015617e-02
2.550417080149310345e-01 3.898037020613753789e-03
2.010986287204087897e-01 1.341167281080496432e-02
2.498780843721539746e-01 1.068181689825903335e-02
2.640739240357828921e-01 9.235403116060866835e-02
2.874971492354151392e-01 8.170039203551260343e-02
2.085799514108417907e-01 5.808612078559510783e-02
2.280723167130007667e-01 6.701120663089032981e-04
2.660654069871156158e-01 2.017620107818596242e-02
2.457423243988275940e-01 2.571941458634818822e-03
2.205882468147805642e-01 3.259480002915005059e-02
2.561599841283065393e-01 3.545246685219938243e-03
2.536418516149658298e-01 8.908245580268742136e-02
2.792379959608419782e-01 3.780209774749754281e-02
2.512038740660667013e-01 2.913253041946950450e-02
2.764825204984703855e-01 7.059824203529763142e-02
2.021845851694653029e-01 4.152281271249119721e-02
2.456320339621134718e-01 6.994466820870462453e-02
2.083347500720538759e-01 4.665079960785384339e-02
2.265532128615398433e-01 1.731234670472608927e-02
2.181857692343087129e-01 1.190898499907688812e-02
2.813640266476939988e-01 7.085635817890226229e-02
2.835204248158942342e-01 8.343733171859121778e-02
2.460655581368595968e-01 3.125659930000590503e-02
2.241360431682589693e-01 2.451627652732490947e-02
2.928533402313102108e-01 4.035686526427950671e-02
2.844633493528282986e-01 2.030447755182240854e-03
2.096708880782084949e-01 9.118109048509023817e-02
2.873659794192066075e-01 9.547647918172941228e-02
2.097575509662700788e-01 1.021177175373605417e-02
2.325965255752705518e-01 1.105213701907215018e-02
2.852133470369109802e-01 6.260742962704124448e-03
2.303725169162010866e-01 1.457209796497133114e-02
2.260978869889633258e-01 3.411960799306401615e-02
2.454880321592232129e-01 3.616974260939281871e-02
2.472187185635302820e-01 6.553210666044623212e-02
2.741451153592391332e-01 9.095041774251441669e-02
2.511686076216467223e-01 7.938632711914223039e-02
2.585235815262745263e-01 4.878339390705038747e-02
2.960432488422563013e-01 1.142713314398091651e-02
2.067676092050053094e-01 6.365881650172330875e-02
2.021998042742987334e-01 4.839883462154426219e-02
2.513494753220378297e-01 2.393275798980459834e-02
2.834432764917041991e-01 7.811432092521358728e-02
2.638449294543878110e-01 3.402581472592247636e-02
2.462207858766694013e-01 9.508161753344310241e-02
2.370942562346133875e-01 8.980873170394093608e-02
2.168924871701712331e-01 5.408329952614110425e-02
2.898507454573325814e-01 5.514775361932588993e-02
2.531921005870321206e-01 9.187189187959957093e-02
2.556733332366156741e-01 2.664114173812354158e-02
2.245585074517207902e-01 1.713786988853238658e-02
2.776403243380924923e-01 1.567815077986561834e-02
2.285654100415276946e-01 2.658107013456684209e-02
2.232253442955517420e-01 8.997950370056195801e-02
2.062243486605382925e-01 8.058941987429235621e-03
2.445390244021892756e-01 8.959585701760963694e-02
2.786342371220305036e-01 3.741568916487192364e-02
2.645948748813201634e-01 9.508432015744150423e-02
2.207200076811826617e-01 6.630420595738464873e-02
2.316948304100447387e-01 2.527620635383587278e-02
2.728031485588121030e-01 4.187461879697201850e-02
2.753761167554532041e-01 6.722072207801557675e-02
2.211364654721325040e-01 2.758257228039046050e-02
2.121745834716469714e-01 4.502445012084121956e-02
2.489454865205448786e-01 4.148253919510497267e-02
2.036732310143472002e-01 8.771913050295010450e-03
2.449085936797502638e-01 1.242972682412890606e-02
2.808887167279938701e-01 1.744766543855619245e-02
2.920719352567779370e-01 7.380901608396117641e-02
2.578664246161570528e-01 9.552029013424698234e-02
2.662330483980928642e-01 2.724274187537512049e-02
2.646274784199449948e-01 7.781639367462270251e-02
2.980826419873196520e-01 4.640637004893571893e-02
2.238521944556161603e-01 4.803309075787406957e-02
2.856670184155456482e-01 2.850365313186231653e-02
2.061531171030741016e-01 4.550227863606615131e-02
2.441945120670072078e-01 8.039478306133804320e-02
2.679831597826543566e-01 3.765445483284696193e-02
2.569366890243469648e-01 4.991622494525163600e-02
2.776894394455626247e-01 8.903565658262724281e-03
2.458569411507529612e-01 8.923451591376141412e-02
2.654836513819176513e-01 4.046422154040335561e-02
2.663219150012513525e-01 6.254693726186932867e-02
2.662564475251251728e-01 3.988502788010445110e-02
2.677177521263847670e-01 6.865566277840948195e-02
2.489243801959504787e-01 4.254301373625124505e-02
2.239913892491586234e-01 3.358394679367171509e-02
2.100114863377552932e-01 3.994523725647514123e-02
2.672729846048125801e-01 9.870222781594731321e-02
2.948156111373265720e-01 4.718652366737643988e-02
2.338506329262491912e-01 5.006808902358836355e-02
2.902795148737135067e-01 6.212259087268040547e-02
2.489235157617441518e-01 7.617021487943265168e-02
2.298737441238808965e-01 4.554178442335873878e-02
2.982356304935129820e-01 6.616583609188708692e-02
2.514027653816698349e-01 2.362781369578570434e-02
2.675043052443547564e-01 3.936875632484071463e-02
2.231676272064723188e-01 6.411714011160393745e-02
2.451797961647435575e-01 8.591675065084325436e-02
2.505045230374653431e-01 2.656757642134843778e-02
2.068523874909125038e-01 8.758704353204227466e-02
2.275600115581639105e-01 3.803034096144469745e-02
2.743417374565026434e-01 8.527811895480030824e-02
2.282500734872235926e-01 4.128026862852696155e-02
2.885796202620164452e-01 8.503245567765987944e-02
2.856610917619157863e-01 3.641056196381720067e-02
2.191379711729558588e-01 1.274307789112982814e-02
2.885549852605532317e-01 9.143193563300994198e-02
2.381000746313296501e-01 5.399015961813005693e-02
2.658296189215875183e-01 3.592567297715815178e-02
2.024586668663733713e-01 5.035724797569179900e-02
2.748448404554547642e-01 5.348855278779346412e-02
2.209822178376664725e-01 1.326129644813378583e-02
2.370442300170910177e-01 2.771038041260853735e-02
2.837881784416189102e-01 2.636310190799079356e-02
2.184238579976645056e-01 4.174959000954597821e-02
2.340918706213550582e-01 1.861754025650524946e-02
2.864422918013747044e-01 6.537138457892180399e-02
2.418374662012786058e-01 2.332995319389097322e-02
2.794806411165002835e-01 9.693628076284308004e-02
2.401158308218345749e-01 3.733026397472777314e-02
2.060032535198063064e-01 8.014865706239857057e-02
2.837759386180038201e-01 5.313890356148015526e-02
2.471615670438018775e-01 5.763407422492539123e-03
2.451740702466737587e-01 6.295985864397338205e-02
2.255939453299871666e-01 2.410431620838887623e-02
2.596641230441036341e-01 7.480608535102550860e-02
2.838631131713691413e-01 9.390577943426028917e-02
2.304401181376327656e-01 6.321013363274255448e-02
2.387055303731052680e-01 9.833945066051341666e-03
2.044796274184672580e-01 1.466397506550992658e-02
2.390329695947733812e-01 3.008055922744984345e-02
2.838987422565928398e-01 3.059393625295109276e-02
2.881802875145768605e-01 4.234496080023503195e-02
2.696325272191838485e-01 5.691231082124931229e-02
2.934020952943378058e-01 9.104702065618547335e-02
2.073760069385787719e-01 6.055507142398791620e-02
2.620448577810657320e-01 1.094105071526352280e-03
2.112117219933975498e-01 8.534056437870368717e-02
2.047311508419518700e-01 6.532034512982079488e-02
2.610022887284318971e-01 1.322317895617647343e-02
2.618236694809715215e-01 2.389847601912076236e-03
2.973261835394662156e-01 8.902206196149217710e-02
2.581931763363410348e-01 5.911229966351849718e-03
2.075180953394201167e-01 8.048229235204734655e-02
2.509581926629490534e-01 3.341931285562188547e-02
2.535627024916830563e-01 9.923937100388269261e-02
2.641393205082422924e-01 2.101520085747604627e-02
2.319906403735440548e-01 9.459556250040690450e-03
2.684030787570494403e-01 2.833044155892877614e-02
2.385538731375856925e-01 9.258766133225379558e-02
2.967519325005871234e-01 1.481585679839692027e-03
2.600812816341371292e-01 9.498728311889667597e-02
2.142246037729134134e-01 3.195801194265690537e-02
2.499538380316044250e-01 3.963383711001028376e-02
2.100615473184599957e-01 7.174915642164822471e-02
2.454303153585817854e-01 5.108444887978719207e-02
2.587231958247188657e-01 8.288422173158183082e-02
2.033918004076845087e-01 2.533463130281349285e-02
2.451407972193876961e-01 3.768075504985202162e-02
2.973757768466648299e-01 1.718747070259707410e-03
2.453401705180600634e-01 5.704990987711006101e-02
2.484811226580558308e-01 4.035825252976427135e-02
2.211067057300944438e-01 8.781574115635359945e-02
2.638811929702106762e-01 7.053874895674019929e-02
2.995502501971578635e-01 2.754102596142393722e-03
2.012378012431809693e-01 3.535765947573127344e-02
2.864311328390378164e-01 5.783830084074215172e-02
2.297866805455476280e-01 6.048100078757404074e-02
2.381528937958489744e-01 1.164953166733129208e-02
2.899312905619610414e-01 1.083183060668752029e-02
2.117693951863608426e-01 3.954279025149076698e-02
2.895342539356748901e-01 6.844991864669322523e-02
2.338268998362792450e-01 6.987388726925836124e-02
2.119313549672717789e-01 5.579219825248876719e-02
2.930505940793361463e-01 8.850119384001448042e-02
2.353771863742867287e-01 3.787197988889223765e-02
2.421941546887316221e-01 6.903991581734492122e-03
2.703106276188138035e-01 2.798833037428449799e-03
2.406338928095053120e-01 6.677073842730640862e-03
2.995608193655937557e-01 1.436067789441558551e-02
2.963851522522045756e-01 8.176536463588734982e-02
2.167717793421929939e-01 5.544492644547677207e-02
2.342588534042909787e-01 9.660095117041359036e-02
2.160309660876916227e-01 7.120401729277872627e-02
2.996202655297453554e-01 3.947960247162651815e-03
2.959811721404210227e-01 1.342326695401102610e-02
2.123481370818302572e-01 6.699040328160066338e-02
2.865300654105396028e-01 9.341429717448160308e-02
2.123921505986102187e-01 1.781620039883774487e-02
2.335159089200692928e-01 3.176120703176460447e-02
2.314776877065156113e-01 7.528414318375409309e-02
2.741052425482275456e-01 7.685319277192784182e-02
2.624012715061281309e-01 3.527195254984499817e-02
2.786344925481298862e-01 9.448780992481611851e-02
2.233036039070019907e-01 8.160191968662566797e-02
2.188436799748924022e-01 4.617822724873224538e-02
2.978440412145634819e-01 8.513239257130544857e-03
2.504701669924495055e-01 6.262785568971387939e-02
2.151522574132673227e-01 6.721809825827901319e-02
2.826009171833210876e-01 6.621132563323303688e-02
2.194537889249851825e-01 4.531339481458623863e-02
2.540809720137853223e-01 6.024434979967133175e-02
2.605689187719885669e-01 7.220719658897423177e-03
2.786653604870110712e-01 6.710675084065922946e-02
2.874095315331017253e-01 2.408615328037322367e-03
2.741157787684839753e-01 8.635962595807228359e-02
2.382777733516901475e-01 4.678228434564132843e-02
2.124736523469462623e-01 5.148462614929999459e-02
2.443955263276496592e-01 4.246228259767864666e-02
2.057775218702954656e-01 7.241224643150986906e-02
2.953164868230990781e-01 4.042694879216379711e-02
2.745452394453431477e-01 8.121479101287518154e-02
2.443047728506866911e-01 3.521677675964735021e-02
2.696619187490948422e-01 2.944489012181344956e-02
2.906146944977752722e-01 8.334629685909530905e-02
2.030484430210596214e-01 4.247847014330158322e-02
2.779098486058443340e-01 4.231357355049364388e-02
2.797976730858462435e-01 5.998830355265258318e-02
2.303085713723208583e-01 2.987443115989762976e-02
2.785999193830581144e-01 9.807315527709012382e-02
2.516709354049777581e-01 5.884710239662582776e-03
2.714535552735392598e-01 6.631210073901327995e-02
2.238779397298777396e-01 1.487823602289356506e-02
2.235912848978400813e-01 1.724615617160840664e-02
2.658900331034435016e-01 8.899385444613813756e-02
2.696584980496972705e-01 9.161152561216281964e-02
2.769641940187428930e-01 2.596923764762887332e-02
2.674149650615931240e-01 1.186237724875205402e-02
2.827533205846564091e-01 2.109600666864702712e-02
2.122534283847051784e-01 2.502725488643386953e-03
2.996848995259712711e-01 5.088968863911977336e-02
2.562972339653460940e-01 3.982745027862594211e-02
2.299164814649120037e-01 5.975310276797110576e-02
2.058766167896176058e-01 1.557371979377414339e-02
2.733734103087396283e-01 7.121141455428511846e-02
2.479421618360245216e-01 5.960400112529185002e-02
2.611086104691048293e-01 8.690973899407047898e-02
2.414369118937088610e-01 8.156445826654581954e-02
2.785387400331807983e-01 9.744981978346972662e-02
2.887739860434628270e-01 6.458824807486657216e-02
2.760209625950707513e-01 9.815119244778486296e-02
2.594739109186662285e-01 7.270507266316067474e-02
2.136833490924849310e-01 5.137099697931532538e-02
2.278176886535318579e-01 3.447633058358534619e-02
2.007758039849792397e-01 4.589070905621905894e-02
2.684786752452838487e-01 2.108064424051631081e-02
2.399739755279702846e-01 5.010227970377506557e-02
2.082161281648529094e-01 1.431883389859961442e-02
2.942329946590923062e-01 9.096736840786212586e-02
2.629712115854008214e-01 1.072721240900337270e-02
2.041122959274730420e-01 3.093582796668764567e-02
2.193278882036650002e-01 2.430663310645919672e-02
2.888171909266553095e-01 8.068724899747681256e-02
2.733817052138007297e-01 6.732811340376054776e-02
2.527592831604960066e-01 8.333993625580293774e-03
2.121282438135408954e-01 6.082930581679146798e-02
2.639427239328945851e-01 6.517364971925954098e-02
2.165628545854322851e-01 5.186758291817084032e-03
2.951405275771319392e-01 4.575080247527610333e-02
2.240956617575275422e-01 2.272010560764725629e-02
2.341505829787723370e-01 6.042260692439627157e-03
2.650387110945701674e-01 1.594857619545864136e-03
2.109280144169644600e-01 7.198744553180086436e-02
2.128117923159918989e-01 9.195556831653819985e-02
2.495551776617608297e-01 5.088199760088163437e-02
2.749480971676681595e-01 4.399110571657660618e-02
2.527852594613295145e-01 7.090626031268909557e-02
2.485457824813758765e-01 3.763405747283438130e-02
2.349922231588154053e-01 9.409962093138926620e-02
2.499010241982299596e-01 1.973344340813393272e-02
2.079755370126118996e-01 1.293512184763906392e-02
2.335544607639708503e-01 5.587643805320083312e-02
2.933344587448029062e-01 5.259059359977308334e-02
2.973985484054528228e-01 4.303947452331158274e-02
2.808589521910666575e-01 9.186404324865085624e-02
2.558860783239721437e-01 8.838295651730221358e-04
2.693132607294753122e-01 3.808863500363823817e-02
2.752108133536180778e-01 5.737285264704977683e-02
2.611648337339559922e-01 9.484573397208390100e-02
2.091751687915732183e-01 8.572725928171259779e-02
2.585383484702142853e-01 4.676230277289533666e-02
2.536718587808878267e-01 6.520752511606947577e-02
2.943060673515993098e-01 5.968845686324769639e-02
2.731464992639519029e-01 3.875523178495793308e-02
2.677859972552881773e-01 9.831272376408961566e-03
2.036734559058531735e-01 1.779715326385522545e-02
2.238033328371529795e-01 4.825126243848074092e-02
2.298176359436205352e-01 4.986747581256742445e-02
2.640920643584958039e-01 2.646037011984742060e-02
2.880391609013346899e-01 7.873421943945593804e-02
2.403586619660860180e-01 6.844936460667871980e-02
2.946062629693199098e-01 9.839185652350826428e-02
2.403705077438237359e-01 8.111761232527564536e-02
2.430675452346869880e-01 5.721274709236892630e-02
2.591538268070732731e-01 5.311273942449326602e-02
2.646324244265553238e-01 9.594838810509379035e-02
2.571073266913793121e-01 2.568559970407896520e-02
2.912860450443013338e-01 6.660103733545783000e-02
2.839682025176306079e-01 5.628032434468485667e-02
2.883996389171714636e-01 4.080081086973397220e-02
2.926142328269358828e-01 6.705452365109515478e-02
2.184809903830334243e-01 8.313580836108053207e-02
2.817141254004652540e-01 7.405263160061625882e-03
2.117970278038067700e-01 3.773464556530042868e-02
2.792441384328377407e-01 1.866485348409463452e-02
2.830262495042942250e-01 8.770753725715552118e-02
2.817396962856089648e-01 4.415167245688764175e-02
2.660379123318185601e-01 8.910077951501149673e-02
2.067985376520479757e-01 1.233091285559317907e-03
2.500063756830860351e-01 8.423418309932723114e-02
2.129783478786155815e-01 9.292063231098759979e-02
2.102319181101592882e-01 2.264486853981539927e-02
2.170545447640173098e-01 8.562460732954282894e-02
2.186786805645933307e-01 5.731351731688896778e-02
2.548679555434827937e-01 1.390799612164367316e-02
2.732114740525473651e-01 3.101958061642517972e-02
2.697297897442744175e-01 8.087527905512872928e-02
2.344389577409025094e-01 2.312960376814260366e-02
2.786155394449237876e-01 6.531162246897745383e-02
2.260196690173207346e-01 9.570396183129753487e-02
2.639622520503375758e-01 7.225108882501088403e-02
2.530552484111791012e-01 2.077882893321875146e-02
2.623647904047139434e-01 3.382091167743794813e-02
2.830843774927183087e-01 9.131681097701674354e-02
2.373391822307062693e-01 3.190167622721146179e-02
2.501050728030180248e-01 5.472610576454040032e-02
2.790303492513690475e-01 1.978478780338643883e-02
2.896786729607236377e-01 6.725066251439501541e-02
2.975712055752812724e-01 9.706203691899226160e-02
2.196489996799844691e-01 2.341417303051346321e-02
2.285142422373332427e-01 8.043335605241358488e-02
2.927996078554905290e-01 4.601835309736554414e-02
2.943008493673972548e-01 2.681257699435757313e-02
2.842097694615178249e-01 6.847919395307500157e-02
2.516853559793045814e-01 4.866409444943939344e-02
2.371532211063968054e-01 9.011079624740866989e-02
2.257303963982291162e-01 1.740544525648513030e-02
2.393709544338520345e-01 3.407858478808256653e-03
2.256497849781697873e-01 9.345977427969259788e-02
2.900085818633800772e-01 8.428679250000262191e-02
2.268013254499665621e-01 8.691813437558540412e-02
2.207132803949755639e-01 2.502100303348925303e-02
2.722640540768300199e-01 8.635611661648368020e-02
2.271325487591531744e-01 6.835770310493563540e-02
2.122917943843948274e-01 5.568139746262468215e-02
2.082309563842306144e-01 7.231595993938411127e-03
2.381072950007967481e-01 8.271119772285034921e-02
2.219698875275562533e-01 5.153123448225302439e-02
2.023723504629051373e-01 6.514066862712430961e-02
2.472019286525666826e-01 6.430135459006725007e-03
2.429359128229220954e-01 6.389806693107186186e-02
2.841412335757325658e-01 1.974133195186578149e-02
2.656670341324843254e-01 7.119695349852908639e-02
2.739757726596814269e-01 2.412178859023456079e-02
2.274460523220111496e-01 4.323122856381150791e-02
2.810455632467452891e-01 9.702594108868137224e-02
2.952521956067851172e-01 3.485228508698062777e-02
2.677148911162261502e-01 5.928724324663545153e-02
2.720792228231476706e-01 2.009486741021931921e-02
2.347418716059070931e-01 2.688420659755669240e-02
2.217559033574392213e-01 1.644918871003209215e-03
2.778833153688657354e-01 3.387078293652823202e-02
2.133373782935913954e-01 8.947746172210602200e-02
2.999437809323639015e-01 7.515809427430200640e-02
2.983413820810986161e-01 4.296160234629869956e-02
2.344157404987601834e-01 7.882871442895234004e-03
2.598596460304145039e-01 9.407187523952789676e-02
2.369849193023348954e-01 2.266016346308102891e-02
2.263632938112876691e-01 7.500292032215791216e-02
2.555059012911387595e-01 7.920687396530012858e-02
2.985265989341187587e-01 1.106015606509819227e-02
2.538086060428265678e-01 8.981448767256527965e-02
2.688549089614141185e-01 6.498858562074844025e-02
2.301686563039205824e-01 3.982874790568341483e-02
2.276905387134915415e-01 2.997109201363068465e-02
2.726131724028557635e-01 3.021878368224878431e-02
2.436799937480815803e-01 1.855292758683119159e-02
2.331348504769460428e-01 5.291498839630040529e-02
2.605865476885025900e-01 5.338658197400195093e-02
2.933087464230426100e-01 6.828257728556552664e-03
2.460785653327686728e-01 5.204256877303203854e-02
2.451698232853851689e-01 5.727632898659285043e-02
2.562061371863877390e-01 5.127997542404974518e-02
2.204471181592161377e-01 7.189004580744340345e-03
2.895750695235398409e-01 5.842418988688641290e-02
2.535422897099529616e-01 8.347399881720046766e-02
2.113888402290328705e-01 6.782896552913139643e-02
2.186360708917096107e-01 3.401121327648148895e-02
2.122267905805773069e-01 4.816227241732701225e-02
2.737843584983691847e-01 1.609836781510687320e-02
2.600742352243177735e-01 8.885837263661663932e-02
2.989991915730682015e-01 5.523367094079206785e-02
2.061112730047488517e-01 8.384827238902142765e-02
2.604969943833200241e-01 7.036106762457888797e-02
2.337866942126691217e-01 5.362630487206127006e-02
2.654712435867275233e-01 7.571941813432003787e-02
2.159720377848064476e-01 5.139998609887744263e-02
2.305802441455925833e-01 2.614050459336852983e-02
2.504610623852493445e-01 3.954536535409081122e-02
2.977077471703033495e-01 5.347417694618397666e-02
2.333475494736271805e-01 5.292522454962184097e-02
2.387007138745193546e-01 3.293635232224617626e-02
2.632908165628997654e-01 8.853732362349681084e-02
2.416762917932608890e-01 7.238840843353142041e-02
2.828928742239038008e-01 5.687636519265340529e-02
2.657267885702246368e-01 3.408649257196866289e-02
2.363339761413129625e-01 8.569081955895815894e-02
2.402149822082307318e-01 2.373095639836564352e-02
2.129462612908379349e-01 6.152050407477199778e-02
2.097686048681041138e-01 5.698422819556409058e-02
2.624082680601786954e-01 9.043477853619572016e-02
2.405318212002384715e-01 4.234317516990004915e-02
2.321524949928739368e-01 5.826061580204044965e-03
2.872356696201061599e-01 8.147190525884581702e-02
2.132116200612634294e-01 7.776052106939934649e-03
2.524446376221154420e-01 9.032614191629978473e-02
2.155347355936952369e-01 3.109565327611663044e-02
2.424018944659631081e-01 8.334195395527718708e-02
2.037811616540677329e-01 4.442543550850802658e-02
2.024616930437924678e-01 2.362829672934280145e-02
2.009215505673404567e-01 2.326665042857883892e-02
2.889986203330752179e-01 8.881210967495772879e-02
2.407964431381157677e-01 8.039348835650894642e-02
2.800931704075840800e-01 8.458344399066694552e-02
2.667182449815246326e-01 7.407251794274760659e-03
2.826896355061500055e-01 5.526524750604266956e-02
2.275162098394904464e-01 1.735284196958841729e-03
2.742506127617493905e-01 1.051605907507768833e-02
2.420388114252216560e-01 5.742724864011405916e-02
2.561262981212494294e-01 4.091547132059403236e-02
2.147312234919028784e-01 4.721127602531294265e-03
2.800164138263504521e-01 9.703892645282208296e-02
2.909618220133883826e-01 8.686348911010144391e-02
2.725005342447361922e-01 6.953441899138726456e-02
2.480773478851430180e-01 9.834980233793413906e-02
2.005613127353965131e-01 3.721101953207944790e-02
2.914325369525160303e-01 7.364227247156038270e-02
2.352208676394523801e-01 8.550964765591090311e-02
2.290303626086905298e-01 7.778150025055260985e-02
2.218523179239529353e-01 5.554312226705382383e-03
2.451744811736983887e-01 2.690153642974807413e-02
2.632132967891147590e-01 7.275683035182942127e-02
2.659683417300964248e-01 3.331824534006155858e-03
2.979973721939976339e-01 4.275931658046783213e-02
2.663033763179020741e-01 4.662792301373969162e-02
2.225802064963309790e-01 5.211468979509784050e-02
2.948720236950446161e-01 3.585648461716250956e-02
2.251498670097268895e-01 6.463538775692265204e-02
2.985182835347107710e-01 5.018117961941687133e-02
2.888907135887331390e-01 5.856687096470605813e-02
2.704676304468530690e-01 8.279743887908969091e-02
2.691252768025381159e-01 2.978478799170186653e-02
2.280716789310295312e-01 8.033480544664833856e-02
2.445827435466126354e-01 1.075448603165496397e-03
2.703673276028578099e-01 6.600490519016752322e-02
2.361341574596507731e-01 4.307583831203726232e-02
2.805618544018603222e-01 4.035291185212858123e-02
2.918126180271449766e-01 4.476698697460979037e-03
2.012444748214006762e-01 6.310693544605860961e-02
2.165805880681783702e-01 7.915191137072474792e-02
2.894452554513666787e-01 5.791288703321087472e-02
2.729134971597083070e-01 2.366198971959776465e-02
2.650744870370288497e-01 2.221487798124138768e-02
2.870413006255746469e-01 6.063298580995152287e-02
2.812475084060238051e-01 9.087088773860291235e-02
2.563890108555313962e-01 4.549485901760924600e-02
2.368905492222654341e-01 3.447501562239446704e-02
2.960299472146861177e-01 4.528862049584472804e-02
2.263420595833366411e-01 7.590438565227120016e-02
2.842610402981202711e-01 5.500867959431327003e-02
2.300722403726951915e-01 9.792170184557671964e-02
2.850054770662620029e-01 2.135503299442476077e-02
2.593889495138110846e-01 2.580571681245091842e-03
2.093120432379230733e-01 5.287545996909834289e-02
2.625023616899849754e-01 7.546720508489174195e-02
2.929785452763069009e-01 1.349950557641810267e-03
2.003205287557020542e-01 8.760264735600870045e-02
2.078389608246340448e-01 5.908227038083302407e-02
2.604115080496013368e-01 7.695257524602455712e-02
2.779625574671252264e-01 3.954284843318039977e-02
2.993396078695631513e-01 2.638923246001012579e-03
2.887884017751687904e-01 9.824190626981596508e-02
2.164527579572343985e-01 9.882560498739687005e-02
2.136663512710500479e-01 2.434532163956160122e-02
2.151344905903953553e-01 5.491750910926654350e-02
2.294559264246500696e-01 9.087999673830549074e-02
2.933468051856849002e-01 1.052839237396946404e-02
2.504157412789937420e-01 9.376919342755335451e-02
2.262368409573150552e-01 4.054873276462173104e-02
2.582384016493677881e-01 6.967083302244267418e-02
2.906046937428375943e-01 1.306770131082046760e-04
2.838216221916081139e-01 2.379358794662589371e-02
2.110000106212663318e-01 4.620963010720999242e-02
2.101220045696108873e-01 7.364085487823304743e-02
2.197519281409913705e-01 2.950182403277101795e-03
2.340769739006497430e-01 4.817625838726610765e-02
2.173415326165427097e-01 2.500014032036257383e-02
2.977435141174594735e-01 4.458125639926860395e-02
2.403865346365295919e-01 3.632585477030725318e-02
2.926115573653389479e-01 1.762628218664241686e-03
2.011687217923964210e-01 3.786896373000869787e-02
2.751704224907560725e-01 2.914922455495116971e-02
2.511623769027133690e-01 8.213708628203569839e-02
2.403661586904475844e-01 2.653086274058924499e-02
2.388954471584342487e-01 3.052560708930668332e-02
2.987656542632583512e-01 7.308325549531760612e-02
2.050937461284856322e-01 5.128155558680855264e-02
2.701747847890395016e-01 4.860892788876525206e-03
2.589253532379784395e-01 7.116967100583576622e-02
2.809083319184677574e-01 8.430513614655854582e-03
2.759190572876126790e-01 4.086515933142409462e-03
2.715517129154203513e-01 2.588697684400037557e-02
2.484251135843520975e-01 7.658156260549117689e-02
2.829407413864903353e-01 8.136709051163626416e-02
2.211181711115602355e-01 6.628084020001867582e-03
2.873614066683507495e-01 1.820070216353708581e-02
2.869288566422040221e-01 9.069789130628791440e-02
2.971923934836510073e-01 4.021652739822606515e-02
2.274862862770477001e-01 4.646395548046750035e-02
2.015147597300042670e-01 8.943532325023650920e-03
2.448220025754134777e-01 4.088424261461032216e-02
2.751211687275731399e-01 7.402641164955953146e-02
2.995515275374404096e-01 2.987278670967985494e-02
2.119902838777785181e-01 2.954719542301081914e-02
2.725726576516769861e-01 6.542198202718985112e-02
2.320494524919344270e-01 1.035168688585447194e-02
2.887629364279409860e-01 1.561240449226197757e-02
2.325350545314519568e-01 1.691583596285489710e-02
2.418815386677816703e-01 3.504299320003445573e-02
2.308771676781122828e-01 8.703348318098513836e-02
2.293964803203755176e-01 8.104823762472659898e-02
2.867494757221181190e-01 7.164654196581493606e-02
2.310564508416498852e-01 6.015650272349032379e-02
2.617546312173996692e-01 8.638605161748583172e-02
2.378944130994993800e-01 9.857667025637370517e-02
2.800757584902022201e-01 5.984403738690469154e-03
2.676560191624750562e-01 8.489639847680166551e-02
2.799987300682522662e-01 5.592167993735353004e-03
2.981524078750404372e-01 1.542460600820239058e-02
2.437069571535180890e-01 9.108515246733911441e-02
2.381580423522034473e-01 8.767581948435562711e-02
2.009288277482559337e-01 4.521316008488918126e-02
2.481693227446685746e-01 9.201938758202077295e-04
2.920025176692002677e-01 6.109896325764155312e-02
2.501576302537321661e-01 9.765042918343133649e-02
2.577458126528636706e-01 4.999743424142777393e-03
2.287892413734511909e-01 1.457397285475847681e-02
2.303054574383295861e-01 1.512278290918989132e-02
2.902399797496856282e-01 5.010580907010495078e-02
2.855214957614358173e-01 2.147614051007118441e-02
2.683688763504404884e-01 6.416799460592648163e-02
2.692021195136737877e-01 4.740908964452728025e-02
2.006638226627301957e-01 6.604223536428532881e-03
2.124745563458223518e-01 1.775209022221263533e-02
2.033854772599558713e-01 4.467251272206926305e-02
2.730065048101713021e-01 7.265924777626978082e-02
2.110358712612555032e-01 5.607451383769279651e-03
2.228183986615557277e-01 5.303675804481644551e-02
2.445502690944356683e-01 2.934468626904807032e-02
2.217627757715183168e-01 2.341267604026631144e-02
2.321127441164562155e-01 5.770741872188372978e-02
2.994718733014297141e-01 6.019236724679524753e-02
2.177592445518119479e-01 7.104352168041155879e-02
2.730207871221023153e-01 6.353110963479147166e-02
2.770810536728467999e-01 2.413912998454997849e-02
2.161847767137194953e-01 2.963112140840828967e-02
2.707628333507833274e-01 3.705194738216627259e-02
2.061483423254479863e-01 4.454353276439204645e-02
2.717918283821821879e-01 4.884725000688733276e-02
2.992205096541660780e-01 8.410296677814455002e-03
2.625870408775841103e-01 9.970696784425553405e-02
2.101790809540412530e-01 8.981645183771300167e-02
2.455597158218948972e-01 9.071468177201977290e-02
2.644992354734128082e-01 6.164549786947193244e-03
2.080928139117270148e-01 1.244912576468193421e-03
2.749466742333330216e-01 7.930002168838812260e-02
2.739301101283200257e-01 5.412255863849610438e-02
2.949154309539216978e-01 3.992782985572645993e-02
2.940530650488032971e-01 7.222351189456957532e-02
2.142764913290319817e-01 3.159055241348085463e-02
2.123610257101489207e-01 7.021394171164033193e-02
2.401864855667331655e-01 9.961526547032312218e-02
2.651648537423046958e-01 4.510984468477943765e-02
2.550595842008066549e-01 6.384460451147519477e-02
2.559822297001753122e-01 8.010897772502495462e-02
2.821824948636723063e-01 5.362658612572218653e-02
2.891554657651616012e-01 2.709965028908090101e-02
2.434682792231171455e-01 1.430351898285375789e-02
2.031159221159473671e-01 9.926835415292550868e-02
2.005232419890330964e-01 6.620233789373211608e-02
2.166591252154505542e-01 1.684317955005276701e-02
2.604992858393162525e-01 2.527305829556791839e-03
2.004512836818694299e-01 6.630026191219190457e-02
2.543171475736152876e-01 5.641367926425797097e-02
2.812801905040681616e-01 9.807627624642722974e-02
2.078029525551786105e-01 8.306619354768340902e-03
2.310175311778231433e-01 2.054995964716044288e-02
2.536925339699132587e-01 5.547488273148565296e-02
2.669221176566129450e-01 2.377459572314205571e-02
2.424410552400213525e-01 6.517488465329457359e-03
2.694260600661747551e-01 5.382377723294695659e-03
2.667450150025644229e-01 9.071142110621432941e-03
2.817567323534079238e-01 3.271529385349097874e-02
2.231365247163335508e-01 9.203660317523967849e-02
2.568996512560613454e-01 8.084884842904568880e-02
2.326036646010251618e-01 2.002974338459606596e-02
2.010745144766583059e-01 1.055104546149437938e-02
2.866611525409575867e-01 5.171786676174747188e-02
2.817118856362922918e-01 1.455641952134256734e-02
2.492042036252624659e-01 8.542242074816933095e-02
2.282186046424103387e-01 9.060552888061124133e-03
2.078054188861304108e-01 4.948845555944822450e-02
2.336724189895298398e-01 8.241217007934056871e-02
2.618222839342562724e-01 2.929772093866545024e-02
2.423086109782574549e-01 4.165859238773350626e-02
2.701485368248253693e-01 8.052594459564715867e-02
2.288397009385048086e-01 6.115610635319243538e-02
2.257657382775868915e-01 7.162993014932469982e-02
2.070427282660412538e-01 6.298358974658180287e-02
2.462582467135751019e-01 4.115371363659225956e-02
2.188671401512933268e-01 5.317428884668518041e-02
2.858836924373723831e-01 5.666788548261453284e-02
2.430850268615625809e-01 2.874535858996424276e-02
2.553697173033123158e-01 3.717779218131278540e-02
2.476956252551870685e-01 6.853038718560411358e-03
2.498204142047642518e-01 5.635783949079162247e-02
2.798340971687702239e-01 1.898965563321025618e-02
2.930865635655096613e-01 1.616910280468564221e-03
2.557695148888277648e-01 6.129228037096362547e-02
2.297483653074594567e-01 5.534894649913357778e-03
2.003430353861558322e-01 2.686712012328273946e-02
2.104833656491530980e-01 8.025897673312731850e-02
2.403938481119047843e-01 8.628194163008134909e-02
2.177023378838726653e-01 4.546783440398197151e-02
2.481020979472363663e-01 8.883298962571339885e-03
2.021884923627934594e-01 2.314671334358558985e-02
2.034113764729219009e-01 3.062189379060858974e-02
2.282466612632681469e-01 2.066244790351373650e-02
2.327014352739711911e-01 2.740906746478011247e-02
2.927941287606243836e-01 2.004507799658228340e-02
2.694110126525495752e-01 4.184909052981616862e-02
2.554804348524027380e-01 1.520571092975914196e-02
2.406249966374365834e-01 3.449132953754641129e-02
2.491426637358385432e-01 5.721972680059131400e-02
2.803748173523011866e-01 5.475941015894122965e-02
2.685371707038332612e-01 5.447656505358197676e-02
2.466125142500536493e-01 7.259419961993174297e-02
2.565144056017422680e-01 2.763546562326169020e-02
2.286549294195205917e-01 4.281147059344120320e-02
2.405440764918926888e-01 4.887665050433986913e-02
2.586773610884182117e-01 9.057187169037717034e-02
2.700488421182580256e-01 3.148591986500015594e-02
2.747916434174267342e-01 5.271474922643790140e-02
2.668987700390937357e-01 3.842469127672071272e-02
2.431388243831936191e-01 2.321547337896351371e-02
2.600989702995258890e-01 8.943241784715319498e-02
2.722156816776606925e-01 2.896801684398725429e-02
2.359595197962063295e-01 3.362104460047904420e-02
2.709061624864222417e-01 4.230684659659583735e-02
2.014366644492538994e-01 7.422982587869225712e-02
2.472348718532855760e-01 7.841852313510394579e-02
2.275831850049561123e-01 4.735232721302057302e-02
2.229378896148083156e-01 9.247006872820515144e-02
2.914026274934803373e-01 9.469252235485775548e-02
2.734585911519619716e-01 4.789369090105358162e-02
2.776035226948508905e-01 4.930480436984246984e-02
2.507726781294676854e-01 2.087519285963129745e-02
2.806613308731669143e-01 3.497508370333263228e-02
2.653828998576216458e-01 4.006672189890009284e-02
2.553235076859748376e-01 3.856807965963382490e-02
2.756546052754268450e-01 7.341214920796365617e-02
2.222426733787307152e-01 9.567814090471693511e-03
2.712210481234288428e-01 2.233451528441127154e-02
2.633606245521803446e-01 7.373705112597161992e-03
2.342849358578381058e-01 1.927429278622211362e-02
2.756694208726816475e-01 4.074832664476457644e-02
2.486471049642742792e-01 2.001884596071112909e-02
2.961362526281464125e-01 8.157375059046637067e-02
2.758088164854082258e-01 8.086312408647614025e-02
2.598299298676138291e-01 6.675137002523762186e-02
2.828980083426765879e-01 9.532394028042021072e-02
2.178296607612760227e-01 3.929728928780279462e-02
2.670903130189310470e-01 7.058876293510599198e-02
2.399090836701162077e-01 6.527732505213176828e-02
2.246272101704546165e-01 8.486599618132656397e-02
2.372088964060605765e-01 2.131581587282715962e-02
2.032918439476997241e-01 2.968602015097593361e-02
2.548751614207979133e-01 4.692058194109266500e-02
2.017659580990573409e-01 3.847447255852226577e-02
2.254009099442217945e-01 6.222598386846991958e-02
2.940179283390405574e-01 2.731519512402541539e-02
2.270475611064300958e-01 3.131961145059297680e-02
2.351506514484270061e-01 2.660506175532212358e-02
2.929396923313140055e-01 3.711588423819556226e-02
2.298807905802758844e-01 9.478614337345384055e-02
2.864581118569106133e-01 8.304164256007459666e-02
2.921034835557735909e-01 4.396614693171596588e-03
2.152471481407149945e-01 1.500058681705906949e-02
2.186687159784696521e-01 7.182954835101348912e-02
2.756313618230502582e-01 2.483732885390343981e-02
2.716234053272564841e-01 9.018097425504395526e-02
2.789484892427029905e-01 2.037035281009796917e-02
2.878731254946771401e-01 7.809785717763637058e-02
2.283559542060157321e-01 4.372793141438441333e-02
2.169743954645230177e-01 5.039348234786655834e-02
2.562876395644286265e-01 2.966399755367815638e-02
2.076965228003948005e-01 4.547144812927506052e-03
2.653533963948084828e-01 3.594508697785081530e-02
2.530225928323307505e-01 4.139467065349633490e-02
2.310113255726308767e-01 8.214073315215589255e-02
2.387883756794519918e-01 7.362635710752907237e-03
2.811713137188350808e-01 5.679236833442641297e-02
2.743346212941316087e-01 6.640400632138759862e-02
2.559810165479629029e-01 1.067335539789882048e-02
2.287490409794737389e-01 6.711923164667354946e-02
2.250917320292062929e-01 9.705018498605832988e-04
2.103110172277355971e-01 7.084161908302780142e-02
2.265848112641818957e-01 6.226045833181148570e-03
2.686663105781974537e-01 1.386002721977602770e-02
2.148310489783611388e-01 4.436387895132720693e-02
2.089314788352802377e-01 5.463036113456978815e-02
2.444739618090506772e-01 1.613301624968416226e-02
2.762896467865892935e-01 4.781880381097319832e-02
2.830560237063357021e-01 3.900883031960877823e-02
2.475774362657617300e-01 1.236043952292581460e-02
2.329163147687934310e-01 7.675735432396207925e-02
2.653853544635960127e-01 4.294630776955943308e-02
2.445492640426852327e-01 7.630945795358706762e-02
2.095793572001519167e-01 4.614936934744731656e-02
2.204918487104884361e-01 7.859418685039426533e-02
2.332214219246332432e-01 4.882340771721974115e-02
2.867098698091804510e-01 7.682977510795205300e-02
2.086178137580124159e-01 2.785662115065468125e-02
2.014432827545063476e-01 1.660773068283954990e-02
2.302013653588591002e-01 8.660425482016875787e-02
2.675596704037057072e-01 8.444665577931079192e-02
2.628439653721481029e-01 1.702467909368554633e-02
2.703427755285640610e-01 9.900469226364028152e-02
2.510500196351175273e-01 3.968012929087399998e-02
2.809920247515330094e-01 3.812248508717103190e-02
2.184661644704095074e-01 5.941812627371781397e-02
2.512908382300964583e-01 2.204442966430641970e-02
2.763584232988372524e-01 4.093566605165377403e-02
2.877384227930417371e-01 6.654875948863825386e-06
2.282003352593218182e-01 6.749786637596030814e-02
2.512728162789561459e-01 3.083774453830706586e-02
2.218528459001078423e-01 6.922678778381596842e-04
2.349569949565025739e-01 8.836675278908701081e-02
2.916421545992437525e-01 2.245193400692196972e-02
2.255449536236204811e-01 6.605160399243545366e-02
2.109348622727031386e-01 4.258904124245083134e-02
2.427406625027361264e-01 1.893974780340040853e-02
2.680032130999161488e-01 7.123357738097230163e-02
2.619793051175426379e-01 7.955870172297596632e-04
2.174404147971775725e-01 5.483764332606147485e-02
2.203731397199603093e-01 7.038754420739146145e-03
2.124874595453878912e-01 2.350846459506528152e-02
2.687684570530327610e-01 8.539203476002646398e-02
2.584290535363804597e-01 5.221812244562396010e-02
2.412052230254046470e-01 7.277708382415773447e-02
2.673910962479872366e-01 1.910363643377993581e-02
2.071316042407749247e-01 7.967537747019698413e-02
2.591104494974954542e-01 2.995807251477944355e-02
2.481753270080252483e-01 5.397935498053604841e-02
2.659662734848710075e-01 5.502071603669791977e-02
2.428956812487574890e-01 2.643757415527109300e-02
2.042507272215263181e-01 4.652178625688155322e-02
2.767043646392426393e-01 3.195162003659018923e-02
2.295318058060213384e-01 7.542031658181214127e-02
2.130031591223381926e-01 5.123377081074356743e-02
2.027035186647752063e-01 6.544036213477366637e-02
2.337839155768625110e-01 4.279191047737701536e-02
2.093006457273115517e-01 3.597511148301679729e-02
2.257512527225504217e-01 4.324689961766331470e-02
2.011306682638412391e-01 3.373431419813432974e-02
2.016452808103322836e-01 7.949260565250809707e-02
2.833055581582208937e-01 2.684434796720125416e-02
2.817862940452879883e-01 7.275263507107207483e-02
2.571104937370402577e-01 6.333064488202649889e-02
2.706497187245467950e-01 9.770424050055995235e-02
2.967725755324253645e-01 9.106291800719090723e-02
2.842719159939455231e-01 3.974620377972265528e-02
2.080872860122499057e-01 2.954514270729152736e-02
2.062796784616635626e-01 3.759847501702467953e-02
2.014823565271363637e-01 4.361447426769426983e-02
2.356541652472714521e-01 4.012496372924262422e-02
2.711103512741953603e-01 5.141059989506138739e-02
2.066343165873493759e-01 5.935731860800946835e-02
2.065523104566200918e-01 8.376020502042266780e-02
2.565606353524573224e-01 4.500199279839078859e-02
2.697497418590848461e-01 5.101439782412051094e-02
2.059204931930095350e-01 4.951584179475934655e-02
2.326771901935587028e-01 1.357428082981743112e-02
2.433266812279247238e-01 5.322914406387713182e-02
2.091810284020959587e-01 9.426383945680161247e-02
2.899717093943232071e-01 8.835581289185151510e-02
2.676804100016106913e-01 9.300342970963104694e-03
2.959916599460025166e-01 6.111403266360820874e-02
2.435367792977504164e-01 8.115380578044834037e-02
2.104952083158926346e-01 8.776509388737463446e-02
2.459791480644895612e-01 2.993501379954299768e-02
2.640171001412537355e-01 9.260583128717642110e-02
2.890979851066720618e-01 3.350973152754127549e-02
2.282032811895884361e-01 1.554543825447335381e-02
2.903720664222796954e-01 4.634492821609120794e-02
2.045100604417686707e-01 1.729072214111782024e-03
2.714027437768807838e-01 4.516213213359984713e-02
2.211687495401179482e-01 5.212093540281897974e-02
2.861915290252712851e-01 8.017489459173382516e-02
2.307791967505981034e-01 1.442402906560269482e-02
2.314891256054044111e-01 4.543504017027502617e-02
2.317862240601746837e-01 6.730196503746854741e-02
2.162681154899244174e-01 4.102551390062203485e-02
2.098175828120606989e-01 3.609328685625140531e-02
2.244341713986955367e-01 4.588815662694312181e-02
2.618952523901302842e-01 3.357358237701002501e-02
2.517320298587717442e-01 9.165530184751158327e-02
2.500817475245215027e-01 9.426119228569543318e-02
2.433019574584708855e-01 5.557279096751180369e-02
2.178232222511247151e-01 8.878243588757220306e-02
2.659020397432297345e-01 8.059311570996044449e-02
2.601928321263086152e-01 1.954249782972150573e-02
2.382634715989351837e-01 6.567147509188508980e-02
2.571310470136500825e-01 9.434508693696275206e-03
2.979230374776182799e-01 9.462404506886412658e-02
2.263933689403185845e-01 2.959918002780287383e-02
2.238252495260556474e-01 4.082513121902259234e-02
2.988593650467848972e-01 2.417287252845345957e-02
2.488536874463842530e-01 1.293487217755945329e-02
2.813926698149826766e-01 5.152473577540081506e-02
2.672034458744091956e-01 6.659856866474875292e-02
2.004082264137235780e-01 2.985290264506429425e-02
2.437076129024601800e-01 2.430053586431679680e-02
2.263974597940812683e-01 2.938922717213854341e-03
2.034407095289539891e-01 5.346982118184664956e-02
2.917394560016602911e-01 8.785176716689102605e-04
2.386832198391347637e-01 5.666090871807150098e-02
2.023986961386050609e-01 1.780278364050863482e-02
2.807744049966216515e-01 4.882873724284975125e-03
2.402997000968001284e-01 6.736111571441372181e-02
2.405584074030640007e-01 7.916307233251898556e-02
2.978996047890722365e-01 8.408297418483995367e-02
2.088127491683710035e-01 2.451019115639380130e-02
2.136700730368150114e-01 7.681975536730056842e-03
2.322167046957319680e-01 5.442679725451082806e-02
2.559475108373039376e-01 7.886880769870383001e-02
2.618180410587010454e-01 1.783387045758405565e-02
2.804614487278732637e-01 5.264221102033067590e-02
2.298663473189167528e-01 1.918486218858650449e-02
2.323840227682019144e-01 5.000448349959588090e-02
2.915668186006722951e-01 4.897542235536062050e-02
2.921328954627110952e-01 3.472153958010659736e-02
2.232690956332972210e-01 5.981034715014110770e-02
2.394851834198891694e-01 5.562802175084119449e-02
2.560101208624056546e-01 3.798754264133380465e-02
2.952283672605955367e-01 9.772796512482967435e-02
2.609363948354684326e-01 7.985833628985558597e-02
2.024750834034238500e-01 3.033081112521607281e-02
2.410373424769491346e-01 5.883495806460570243e-02
2.286111220201778593e-01 2.407794801935653206e-02
2.468876713757433561e-01 9.971806258081974961e-02
2.079333879916677175e-01 7.831529554928109982e-02
2.993905484113322246e-01 7.144936431130854970e-02
2.811954998930634164e-01 3.165543492778116752e-02
2.120985904479467665e-01 5.084070328548889739e-02
2.950645804589316912e-01 2.234875171914174619e-03
2.778106559853624202e-01 8.248961553599498675e-03
2.320660333151049470e-01 5.143924282784778645e-02
2.084373220564098017e-01 5.607306306662063200e-03
2.373742912352177492e-01 5.865720333405807785e-02
2.825148512249545663e-01 6.574660117234842893e-03
2.106360687574602708e-01 1.279311481636385972e-02
2.241143823778427024e-01 2.600125287573290533e-02
2.626971814873604871e-01 7.795802104526552978e-02
2.458005775726186948e-01 2.699836031076680021e-02
2.774487296430795946e-01 8.301773642638912709e-02
2.429149357217820215e-01 4.147208438452210100e-02
2.191042601171124260e-01 8.895837431408334939e-02
2.238635436771860832e-01 9.233219688897686961e-02
2.046240243363204869e-01 6.131656503005686321e-02
2.234350571613397118e-01 5.461961833147510603e-02
2.473675339822151154e-01 6.251874042133420684e-02
2.797012931898134047e-01 9.922876440716529856e-02
2.258969337647650510e-01 9.709320940842874892e-02
2.799994411348191714e-01 8.388537589307076825e-02
2.135421291155822909e-01 4.639987510933643589e-02
2.663068641000396752e-01 7.759122601748386083e-02
2.695721439989803292e-01 2.127270398727681977e-02
2.206162559964999770e-01 8.776380014323995060e-02
2.333083667447563569e-01 7.322491115507920312e-02
2.737269314788087771e-01 5.201621909922454767e-02
2.519867867008684370e-01 3.529012721506646910e-02
2.146496498611685788e-01 5.141648375886542777e-03
2.253457721813664771e-01 5.152998690320920172e-02
2.319309257624737053e-01 4.223036619600817332e-02
2.721414822575420334e-01 3.788070317514380392e-03
2.985842045823318136e-01 5.496971066115019511e-02
2.517107318464312238e-01 9.456185188497714944e-02
2.038548066134183712e-01 9.159530386134151492e-04
2.496859719193311733e-01 4.119050761341580547e-02
2.981710346745225504e-01 6.169681110737257335e-02
2.781934759302451821e-01 4.355052456483643475e-02
2.478412853293855411e-01 3.362268611641211491e-02
2.817806800471167605e-01 9.160453545742089365e-02
2.409119566230262244e-01 9.958214752258942593e-03
2.925111145846764904e-01 1.644378350027742020e-02
2.915773998770542219e-01 1.124700410420431673e-02
2.078179737903597668e-01 1.965940813395072873e-02
2.926461397017383614e-01 5.480262022659840304e-02
2.982435134149052924e-01 4.972121099781945386e-02
2.087021179164092466e-01 3.953553628544664855e-02
2.189093488910143770e-01 6.815377930614757718e-02
2.074566054296977935e-01 1.402855373286765461e-02
2.558950791810443159e-01 4.038499524282429531e-02
2.436349899851722456e-01 6.467644847732745284e-02
2.848380943041013968e-01 1.705428677421344519e-02
2.237629068911864416e-01 1.363828881934053827e-02
2.513308844858570534e-01 4.861703384563326180e-02
2.356948785925819800e-01 7.870321867168722507e-02
2.684805436278987489e-01 1.465474380766712548e-02
2.240932947734597391e-01 2.730918229433837441e-02
2.564496499489727355e-01 8.896327531043163317e-02
2.629062065596694531e-01 5.695412550956413522e-02
2.911070197555120087e-01 4.004849020263173687e-02
2.451991246831879967e-01 4.376136199308205965e-02
2.423458436495488089e-01 2.081445061534886731e-02
2.968427317806646704e-01 2.594837303702191011e-03
2.485516956896417495e-01 4.676179850968703589e-02
2.283261844367762694e-01 1.542318964144584470e-02
2.020932949116456268e-01 1.480575402691092224e-02
2.663982307596643451e-01 2.134634463249018843e-02
2.488110253767313873e-01 7.268850248331776287e-02
2.362779428449993668e-01 3.888725372752993570e-02
2.377882832209349262e-01 9.913711984402562294e-02
2.473612611409088946e-01 1.679892836790897181e-02
2.624928204448854219e-01 5.780617182770120266e-03
2.837107366965330169e-01 4.840030022029867540e-02
2.821430568019987484e-01 9.125810160316263908e-02
2.705633887252034686e-01 7.032251764302765995e-02
2.792683428390693168e-01 3.260475317724348399e-02
2.128987405572268510e-01 5.432813946571982133e-02
2.907979028663240650e-01 3.185440692711971611e-02
2.099621836041346556e-01 2.600592082948993689e-02
2.975098637578552641e-01 4.516517256212310150e-02
2.943821668916747902e-01 3.619560470152605181e-03
2.864516634727118927e-01 3.626480413732996455e-02
2.314091691013152596e-01 6.133024081751864420e-02
2.487724614841123616e-01 5.456999003188528485e-02
2.791262619300797776e-01 3.380374770177962951e-02
2.919407647424814845e-01 3.056056106575827380e-02
2.040893425682455686e-01 7.834678579259138353e-02
2.856501125461610169e-01 2.537967455632128555e-02
2.299621290091349857e-01 7.364460274085382618e-03
2.429229542203049652e-01 2.435500381729588382e-02
2.321718129366627248e-01 7.619729687353773984e-02
2.768048611817000015e-01 7.784824298868772696e-02
2.578303707843127013e-01 1.486195000661028054e-02
2.189332815295755297e-01 3.027893105661799700e-02
2.121872806914673060e-01 4.010356945054688316e-02
2.441379130686850418e-01 6.187909291205737072e-02
2.035604131222064073e-01 1.027449653434148180e-02
2.663216284630579578e-01 3.097542610098058535e-02
2.718795808524249180e-01 5.370749037727670649e-02
2.326915034412756489e-01 9.654920226185137455e-03
2.998673588754612318e-01 3.280070242019994531e-02
2.975200275666530225e-01 8.929767577047761917e-02
2.883897402694644008e-01 9.196339415189055955e-02
2.920134699869337824e-01 2.917256637929743768e-03
2.520359352807819975e-01 7.644116332525596746e-02
2.926300269412352439e-01 9.601177183712514274e-02
2.258018400609523302e-01 6.830454481259548571e-02
2.643672741363017331e-01 1.905952406185945636e-02
2.525930407725245908e-01 7.027829580661945630e-02
2.816323845668734505e-01 1.225806228983772339e-02
2.699833742254247881e-01 9.218743695782766201e-02
2.340230674436608593e-01 9.695413117267651093e-02
2.041538841413080285e-01 1.318519870460654886e-02
2.716573346885275964e-01 9.108342222475929173e-02
2.429957078764066747e-01 5.004779654758695351e-02
2.595976055506195035e-01 2.837816022556527429e-02
2.200140891279261934e-01 3.272008548953020401e-02
2.536300445782417312e-01 3.478528215658083234e-02
2.533765758509237132e-01 3.215895575353500124e-02
2.438973502017795503e-01 4.616413742629302264e-02
2.763389086132032602e-01 7.889149158828787090e-02
2.828976450670980802e-01 1.332052222269114461e-02
2.162657302999941300e-01 1.539121934876414022e-02
2.179236036797110310e-01 5.288888132265132103e-02
2.157341157652544195e-01 2.761108438617626559e-02
2.884062678905493504e-01 6.522063103700320719e-02
2.918030234461709282e-01 2.685166811928840769e-02
2.518032833460874809e-01 5.864583256003494394e-02
2.800835486720507639e-01 4.806837317067752524e-02
2.723469220468748286e-01 1.761502902114170377e-02
2.549020547438071160e-01 1.395753261352161712e-02
2.997550750253878959e-01 8.253309849121265307e-02
2.029283859231138520e-01 4.906471203925541480e-02
2.435733698085039700e-01 3.941604040310492385e-02
2.472707461312559363e-01 5.229799657830455639e-02
2.442546199302912391e-01 5.495143853939268852e-02
2.334882934024670731e-01 6.421887038496240652e-02
2.489571698365505847e-01 5.350668107183292888e-02
2.298340759170835468e-01 1.147789637802265617e-03
2.894491714901469837e-01 5.174038658456620032e-02
2.154538012010357440e-01 9.940111172103527348e-02
2.750641282805552090e-01 7.965114030989600691e-02
2.963176809009473445e-01 8.411616341113645201e-02
2.965282946484142923e-01 9.995273514677438520e-03
2.876316239302344480e-01 4.709412100730439588e-02
2.827926046627040058e-01 8.463485360249850542e-02
2.510502914434963873e-01 2.667357447283696947e-02
2.255239777133087320e-01 9.500660802091009938e-02
2.811301908619077139e-01 2.190058405277034437e-02
2.191970631901169475e-01 2.182704589892264790e-02
2.662249580365320667e-01 8.902532328566781228e-02
2.969340630238131440e-01 2.776783828088602579e-03
2.815266176343275140e-01 9.841432827628615598e-02
2.306493021103618868e-01 1.612726372883221959e-02
2.225393685081316075e-01 4.104967326050157350e-02
2.235515348275367020e-01 4.602899825749121043e-02
2.642174788482057335e-01 2.034212996148770936e-02
2.555733964308600781e-01 7.450553441313512160e-02
2.669783587419486404e-01 9.530304355846447306e-02
2.858678455116073214e-01 4.171986389350584856e-02
2.077935582971563999e-01 7.843423673536314977e-02
2.640809961737943801e-01 2.929793268639191428e-02
2.417686354743578403e-01 2.311272271343334239e-02
2.340372232559101984e-01 3.784674633864204552e-02
2.210288861605297361e-01 4.506212320133007321e-02
2.601391930386302009e-01 7.222232889639856879e-03
2.491088782834716686e-01 3.470881476922837994e-02
2.673386063057264228e-01 2.157046575565624291e-02
2.596459300922518976e-01 7.762088181397452935e-02
2.738793130249548846e-01 9.244194473877362372e-02
2.050751472470173642e-01 7.544802654812068909e-02
2.606410335338149586e-01 6.682654205185278862e-02
2.025452897750215642e-01 2.759861267585961286e-02
2.037734799621155890e-01 6.978079113164864511e-02
2.057210138943888489e-01 2.010612281269807955e-02
2.147430657127432641e-01 5.414417542295194008e-02
2.605658306588199413e-01 9.300085391607848528e-02
2.141667636591559898e-01 3.369219109390203526e-02
2.769203625277071312e-01 2.099462650835859368e-02
2.146982726200044045e-01 1.822974251396053402e-02
2.421190476232222277e-01 4.708982895691812831e-02
2.504439605011031800e-01 3.552114404551370841e-02
2.507871500401211984e-01 6.081672953123701264e-02
2.794562263911385402e-01 7.501944626559969853e-02
2.595899530177550041e-01 2.062173645191339721e-02
2.127432147872949098e-01 3.762681160780767531e-02
2.855836327450991807e-01 2.744622205305524698e-03
2.938541151307278998e-01 3.084524242517733272e-02
2.726674828380358795e-01 6.746758674989405957e-02
2.329153252478942115e-01 5.437437118496021848e-02
2.374239147801035510e-01 3.003872240383909098e-02
2.356413419992718361e-01 5.716211175999050265e-02
2.438138563597872510e-01 9.060515463160792593e-02
2.338160582189167114e-01 1.817289334236305010e-03
2.939201799974288654e-01 6.349850888209085387e-02
2.473312457311803714e-01 3.918615509748313297e-02
2.484231724544346265e-01 9.667175841661426738e-02
2.723530010263201517e-01 3.344261203856391251e-02
2.317232270045846421e-01 1.980373113038225164e-03
2.053104551139781075e-01 7.698295261875781614e-02
2.958420680451774309e-01 8.856576520185416301e-02
2.861159844569685085e-01 1.879571448709399517e-02
2.975875517906951817e-01 3.730992822615536442e-02
2.087740363713264102e-01 8.962925912636454662e-02
2.761035800688869113e-01 5.119943687756589590e-03
2.860328219012096551e-01 6.011374420431236931e-02
2.171604501178870383e-01 3.711633366400041156e-02
2.431956875622091618e-01 6.275309377089663410e-02
2.498148209389167707e-01 5.731716862576560767e-02
2.741530631630682557e-01 5.208775679791238788e-02
2.032320155965101072e-01 6.881060175742712004e-02
2.198774213892942808e-01 5.610110831173575896e-03
2.493543507531791881e-01 9.100313267833762265e-02
2.036394094216098516e-01 2.774394140163144451e-02
2.387325509022226733e-01 8.838473739080277003e-02
2.981791155720648900e-01 3.693111225071527004e-02
2.256909524226755059e-01 1.886065785824897478e-03
2.679884102743103624e-01 9.806829871035094293e-02
2.865381519518785947e-01 9.715348086782413239e-02
2.853927075872328412e-01 2.623504436606244328e-02
2.825200766238999406e-01 9.343116984683455528e-02
2.219317691441808904e-01 1.976295303549852056e-02
2.531980574316403110e-01 6.419354148281061767e-02
2.259880317363135993e-01 3.929355591889222010e-02
2.129868179040496634e-01 6.297587982265090423e-02
2.019742832053653125e-01 5.136614784381848819e-02
2.413791627867410416e-01 2.980769477993455707e-02
2.575913115037377632e-01 3.604156162965937993e-02
2.706687995699249005e-01 7.855593101031860259e-02
2.023672187429838010e-01 6.707539073478380187e-02
2.732831764552279830e-01 3.316188928441438089e-02
2.885581120183817183e-01 2.704561016905276949e-02
2.943693779800092836e-01 9.253766290316675636e-02
2.593747228851110975e-01 6.682344359347858198e-02
2.719643215037710893e-01 5.872755671695786828e-02
2.838772251345439979e-01 1.929769750941673356e-02
2.558688096074483997e-01 2.917511625740332182e-03
2.128165080840983547e-01 7.528329779503775687e-02
2.406759616359582798e-01 4.930294365864071326e-02
2.946303861781265909e-01 7.762537785428502701e-02
2.514457434881504638e-01 4.103530071149302794e-02
2.683480149199787834e-01 5.182680023904437383e-02
2.438614205589740846e-01 8.608704263601588136e-02
2.642478809296757714e-01 7.480465660281926388e-02
2.494813479350264651e-01 8.527867880226838726e-02
2.375300883100482374e-01 3.562234008499837179e-02
2.593843958415832929e-01 5.402471246208470634e-02
2.115715184973354090e-01 9.966444649596112315e-02
2.619572962549200357e-01 5.159577789812141990e-02
2.683925450417551928e-01 5.843945308404266403e-02
2.709633497463833640e-01 5.875393922258961843e-02
2.021851036935083945e-01 3.105180820539676922e-02
2.725259604128543733e-01 3.564155546889680171e-02
2.783699788468378955e-01 7.349845383805914123e-02
2.178503840455126572e-01 7.275686811716808311e-03
2.516943917685131038e-01 6.455426215284512659e-02
2.403069361645377433e-01 4.724106654426252216e-02
2.603208475935081534e-01 3.299438026855167072e-02
2.541332225620452911e-01 1.510765776802402982e-02
2.529121974199698419e-01 8.416559515237556632e-02
2.418767190939604683e-01 5.714267105693549009e-02
2.947295229500425662e-01 3.467989891435496741e-02
2.337689088413095750e-01 8.412969841265480198e-02
2.505223966133385827e-01 7.394772966019555471e-02
2.170274084852479302e-01 7.036581383292181413e-02
2.460866147139291193e-01 2.112526028878458639e-03
2.649632797455412914e-01 5.823605456070449216e-02
2.639471199057458750e-01 9.503050247917085858e-02
2.661609421917449092e-01 8.912291778428385602e-02
2.042854421510169050e-01 2.100462393216806500e-02
2.176569676851885515e-01 5.937797928794341651e-03
2.180837515252191383e-01 8.451115496373989844e-02
2.927821138450633076e-01 9.782836176119219518e-02
2.990859573470012744e-01 3.425238336592861810e-03
2.672856619670407330e-01 2.051784627712233133e-02
2.982290859710242659e-01 3.852356376196802712e-02
2.793611307868897331e-01 9.358853905267219830e-02
2.823230491128623232e-01 4.045346859096743408e-04
2.320872287823939617e-01 9.616592678434027208e-02
2.370261471959580479e-01 1.618586383801717821e-02
2.637958739419267173e-01 3.310380358476422424e-02
2.208322676650711358e-01 1.633517811304618927e-02
2.815578667907452926e-01 6.301148946212226098e-02
2.573228727339901822e-01 4.481464334677340289e-02
2.619612509175449633e-01 8.765478788756053685e-02
2.188930512519604021e-01 6.514559647062281855e-02
2.201354393302313306e-01 1.156729021633795540e-02
2.613317927485270253e-01 5.189184773229815750e-02
2.093024497325652877e-01 3.637876644453774677e-02
2.887403997906034525e-01 7.225554268108200229e-02
2.242224335007416691e-01 8.103391688018241057e-02
2.524256084474055251e-01 9.841982664077503218e-02
2.709574556785457333e-01 3.599783524127553314e-02
2.058121929222610502e-01 1.011972870829991322e-02
2.588444165641942130e-01 1.223882527889591509e-02
2.797859996309476349e-01 5.466839850699284353e-02
2.039706260262409421e-01 2.602565333772866030e-02
2.752116740039854403e-01 4.146510696324395839e-02
2.097973727577499004e-01 6.226392103048322690e-02
2.212307007503418466e-01 6.261973501172576895e-02
2.350650193865448379e-01 8.272481597811465193e-03
2.708764193825070055e-01 5.407811061093137361e-02
2.500092740374200151e-01 3.070631700488035687e-02
2.219290834153116454e-01 1.851060998313946993e-03
2.714444151021147000e-01 2.303113809812074031e-03
2.486461003441647333e-01 4.794923145493071304e-02
2.974220214566679621e-01 9.856277922097880784e-02
2.094428294549122715e-01 3.550986592776184114e-02
2.274245324105118593e-01 1.955744783632690220e-02
2.251051029675091297e-01 9.238636596442265092e-02
2.915005110544110489e-01 4.416077257306391668e-02
2.370846328789847912e-01 9.681969847660329420e-02
2.416633104192749681e-01 3.086574070311010054e-02
2.911647119985588117e-01 2.052739828801924959e-02
2.704178774107748318e-01 9.252221708893199059e-02
2.806394089004901615e-01 1.535029588091979535e-02
2.780291825423247820e-01 1.120358083127453996e-02
2.769729357094205535e-01 8.074053982937579033e-02
2.448562394181404978e-01 1.904391736125854440e-02
2.889747171007699400e-01 1.661126321584566190e-02
2.163501367372314133e-01 6.368951525642585487e-02
2.787810992628739770e-01 5.594177978197917289e-02
2.368787923191614242e-01 9.700112266770061220e-02
2.224033065078503957e-01 4.018921663227253971e-02
2.925096764300481045e-01 9.223442213923005450e-02
2.938510470416300646e-01 3.677330828061586843e-02
2.178671593222527014e-01 4.568203693734784743e-03
2.855669551281065366e-01 3.684376613141365775e-02
2.364146574379383803e-01 1.343565176611299927e-02
2.310973448412314557e-01 2.412025394469974326e-02
2.493114443104522127e-01 7.991628036563724891e-02
2.758301005926550586e-01 4.550905521976666979e-02
2.029725254643440779e-01 6.412259562371588895e-02
2.263219726077808636e-01 1.044589107453047783e-02
2.627369143467414569e-01 9.555552001482767177e-02
2.828351972892814148e-01 9.780900523242797018e-02
2.703177234216194158e-01 2.170082394745753707e-03
2.695575218553719066e-01 3.403318271709482312e-02
2.655568858577575519e-01 9.279615031429486183e-02
2.562704218609810902e-01 3.535228849703758724e-02
2.321770633160484265e-01 2.486721774775402238e-02
2.824911591403569400e-01 5.831699445683752314e-02
2.047837924239720997e-01 7.531195776594731828e-02
2.464014411359849444e-01 8.906693787652852912e-03
2.108375144719133454e-01 4.639520404583041824e-03
2.931015635022129473e-01 3.702972236529800121e-02
2.619586083059201043e-01 9.758198001366424901e-02
2.196975604982791541e-01 4.422433763600297496e-02
2.082519239978739001e-01 5.237254851575501302e-03
2.197818494843946646e-01 6.622007301599419637e-02
2.921807410678256001e-01 8.385353031425027415e-02
2.662514977794386284e-01 9.995328063512437522e-02
2.711885885743567370e-01 3.541864452315524048e-02
2.396849768742191356e-01 9.551969133710647153e-03
2.444844667896513002e-01 1.861118968623931558e-02
2.711934491233241040e-01 3.267668237177706603e-02
2.877103090235964555e-01 9.553850791906712270e-02
2.554348487184873173e-01 3.328193964321662923e-02
2.179761375205076512e-01 4.727640691919426930e-02
2.590425110884265747e-01 7.733230761889753335e-02
2.152996920068788178e-01 3.981392025275926061e-02
2.160942234257208217e-01 4.038132577888531305e-02
2.164870075132898086e-01 6.133016717901171311e-02
2.275987344366083298e-01 9.437234876026168173e-02
2.348451167113527194e-01 6.624938547925715571e-02
2.772751439926263717e-01 1.415012246559327336e-02
2.021600724994623843e-01 3.135264630782508277e-04
2.899638015146036585e-01 6.571742187983631300e-02
2.385271644149601356e-01 9.504614013935638872e-02
2.496020557011628949e-01 8.520674535746095013e-02
2.851857337716927621e-01 1.492068314522965178e-02
2.529665769633976935e-01 7.980478208422520092e-02
2.725158040986956354e-01 2.303426236330580190e-02
2.392350525376454873e-01 8.863447965203377632e-02
2.689443866652720394e-01 2.114711273610042630e-02
2.305857939604945561e-01 3.650445929819107205e-02
2.586989869121710250e-01 2.997029705820880574e-02
2.294528582860939636e-01 4.798293564429725877e-02
2.863797781111019347e-01 6.428627199225661615e-02
2.535716115037477403e-01 1.965159735007854236e-02
2.015805532135712674e-01 2.803096763619022935e-02
2.995017659442037461e-01 8.657920935248508698e-02
2.714274565018194307e-01 2.332922718752628022e-02
2.479170009139303188e-01 5.661351574177556079e-02
