2.037698120141586688e-01 1.999514589159243627e-01
2.923513022360499369e-01 1.253183682247736297e-01
2.645897146758813268e-01 1.442902619728399505e-01
2.972029753441461919e-01 1.352328869043517845e-01
2.746116086148930324e-01 1.203288680692836121e-01
2.144477915836732196e-01 1.061726617733521616e-01
2.155400958818933232e-01 1.402852386580356603e-01
2.039867139092322867e-01 1.973040214810361792e-01
2.539469454634850631e-01 1.841903728469641566e-01
2.504540486627860330e-01 1.105308527903555438e-01
2.874977687867245613e-01 1.000241254706562832e-01
2.940765050631381494e-01 1.386125752244543041e-01
2.906816898123740223e-01 1.711872361166807410e-01
2.246773504154401246e-01 1.762547495663694397e-01
2.201227715050216860e-01 1.756884710319139009e-01
2.657609325041950799e-01 1.261197926063558905e-01
2.044338003330134490e-01 1.657654395534741143e-01
2.208127538824850578e-01 1.630212013667391990e-01
2.963771185388801022e-01 1.033970676049039417e-01
2.695346247099968950e-01 1.822274983454865716e-01
2.102570655343914408e-01 1.408593608164376565e-01
2.643166615773118733e-01 1.139143311922383717e-01
2.581542081893146712e-01 1.756682096075332655e-01
2.604150455450345292e-01 1.059119484019997726e-01
2.950492204216264014e-01 1.242836037626194046e-01
2.088040287936019923e-01 1.750700622543805429e-01
2.185193468642387393e-01 1.328537367613959741e-01
2.116967166434744474e-01 1.884051249047029031e-01
2.617502615829194190e-01 1.039173065567843002e-01
2.674097744405006805e-01 1.589928972034520271e-01
2.785285199606719608e-01 1.320649405901727358e-01
2.357148493051327010e-01 1.103110261342473142e-01
2.519122617791131336e-01 1.813825135430660040e-01
2.693826938868646992e-01 1.722290596796269835e-01
2.682217853205639546e-01 1.089041867098433092e-01
2.101253078102140459e-01 1.869593161746664622e-01
2.799237442922468122e-01 1.977657337147274985e-01
2.010683641867370142e-01 1.696174637228763382e-01
2.351987517892122903e-01 1.369895960246656774e-01
2.464705011098305976e-01 1.799334349798269728e-01
2.770580435446984846e-01 1.647827034044368755e-01
2.117167472133207884e-01 1.192110402522718327e-01
2.649298158444716167e-01 1.274710017811039320e-01
2.226918597140208900e-01 1.289006268638869801e-01
2.454450359470872201e-01 1.347915953305157122e-01
2.852624424052080943e-01 1.835704569184812840e-01
2.312645971386908528e-01 1.073318938102378328e-01
2.146903000106417658e-01 1.923716430117831666e-01
2.427409089538336562e-01 1.974113123466650077e-01
2.291262394635590893e-01 1.474162322474845965e-01
2.128522311915548304e-01 1.398150776398633111e-01
2.275451992461192119e-01 1.714283281472888110e-01
2.698361911613350039e-01 1.131884855830545822e-01
2.313999644199175587e-01 1.297974477588062225e-01
2.420505675517005129e-01 1.032056108752506807e-01
2.096754471872854797e-01 1.492738970702554568e-01
2.819669939430694550e-01 1.843762994423059354e-01
2.568484768607365298e-01 1.922231963184519443e-01
2.279729758045400678e-01 1.173526513383584546e-01
2.776328560254349154e-01 1.762006281375811945e-01
2.242795272973318044e-01 1.828767100642965104e-01
2.093515050714049308e-01 1.944619312304030623e-01
2.281560687915071828e-01 1.149968153984779473e-01
2.361440784500417611e-01 1.107843836711278895e-01
2.849289338923177706e-01 1.618286133695364670e-01
2.894346357913090695e-01 1.958579041782445573e-01
2.400157676760665826e-01 1.242233760605954140e-01
2.617512761334068738e-01 1.097040211213822225e-01
2.410826989719065949e-01 1.703579221626091988e-01
2.322286445740575633e-01 1.513424233635507488e-01
2.503728110296518095e-01 1.445157792155099541e-01
2.212844513294121573e-01 1.044841497365684158e-01
2.367693917118544045e-01 1.525289346415744374e-01
2.802613660217813663e-01 1.561332376840640634e-01
2.794231294727642645e-01 1.014967240883692390e-01
2.869550516895357228e-01 1.156721464530476307e-01
2.164761984114069726e-01 1.394395017656747393e-01
2.136285462264018720e-01 1.318743054282314475e-01
2.579494408442597475e-01 1.936168780334562023e-01
2.304688876010079768e-01 1.491708026540918552e-01
2.437216426957212190e-01 1.095603093654289040e-01
2.471361338772306571e-01 1.505690183084395783e-01
2.089267736466232650e-01 1.593448290671085343e-01
2.054057281451318606e-01 1.304712049428624066e-01
2.229316806562590125e-01 1.220392012223791844e-01
2.275271706959194895e-01 1.331361684547461011e-01
2.487139818246308365e-01 1.649541378971249583e-01
2.835255355452887538e-01 1.024968461426286614e-01
2.891962996518421813e-01 1.736039676156368450e-01
2.538752133234243313e-01 1.827487307037269637e-01
2.891030749556368629e-01 1.718304599044168102e-01
2.417556813808369731e-01 1.506258637778589704e-01
2.333056522028159607e-01 1.207767421881315584e-01
2.135208050783606870e-01 1.084778021771244938e-01
2.019664971782593188e-01 1.259700866509928241e-01
2.543425267581873039e-01 1.504274329202829608e-01
2.758808923968382176e-01 1.460815481033572172e-01
2.364419143296451753e-01 1.952781378690215119e-01
2.918491648459889953e-01 1.884752571913517472e-01
2.763664922493775378e-01 1.844821189403147432e-01
2.019699640022195042e-01 1.106785073229846761e-01
2.302966647200573869e-01 1.808856029722654968e-01
2.174045932752950994e-01 1.605893486525915292e-01
2.288975552151302217e-01 1.354122045647041805e-01
2.375248103870266636e-01 1.263943859862003971e-01
2.974793305362561924e-01 1.330068123591491847e-01
2.769040571317049060e-01 1.300026175709836362e-01
2.875568461526496478e-01 1.084486344906727684e-01
2.615381587731303581e-01 1.294826348666583138e-01
2.837505967432451537e-01 1.195632223264383731e-01
2.674108824747957192e-01 1.649833226634990768e-01
2.894828160445559462e-01 1.604117122461277412e-01
2.544111138312439291e-01 1.128772576447722720e-01
2.828904909931205802e-01 1.646604549864654488e-01
2.441502600875292139e-01 1.348952600212642294e-01
2.576193000054826654e-01 1.589934844707906469e-01
2.940274392576018858e-01 1.343838950042959279e-01
2.667423753774236794e-01 1.854952714733271724e-01
2.176193343589567508e-01 1.933541396737270546e-01
2.817077005911579612e-01 1.392595785120260832e-01
2.652880440808980111e-01 1.280911917489313268e-01
2.568400013585558361e-01 1.890145607538127603e-01
2.100944642433362763e-01 1.903916583956604125e-01
2.111242538287428916e-01 1.332173036455486237e-01
2.650687346179974591e-01 1.648549228052992588e-01
2.460658906303878624e-01 1.283620266354224826e-01
2.795643691218595017e-01 1.448814771335702745e-01
2.928855890960179731e-01 1.200829823791087214e-01
2.551631575557661291e-01 1.809295466053722490e-01
2.447335432491660745e-01 1.772910090151057216e-01
2.341271754846218633e-01 1.427216452744020925e-01
2.528900085110833418e-01 1.380932658394916357e-01
2.634906045799700336e-01 1.292907653038896931e-01
2.452644532865405069e-01 1.675268031804086621e-01
2.998609572895615250e-01 1.660301107241754504e-01
2.801817903598765036e-01 1.072135757836974734e-01
2.215918548363248752e-01 1.157216678619647499e-01
2.237438508540400273e-01 1.771121339694860519e-01
2.599121663401333659e-01 1.482815818826863641e-01
2.750474687188131373e-01 1.049256756610743024e-01
2.096929088211733627e-01 1.241302089068252179e-01
2.484648196759021710e-01 1.789773364457678539e-01
2.983060681678302295e-01 1.888897176595160099e-01
2.939187291922721879e-01 1.501773209496780337e-01
2.268586466876677532e-01 1.093639874783370880e-01
2.783194713582800572e-01 1.408472980672633434e-01
2.412002479152314804e-01 1.339859024094201267e-01
2.472691732597785408e-01 1.099738338995587816e-01
2.527517275200153457e-01 1.997319196845697142e-01
2.000623853772082184e-01 1.237598612273237142e-01
2.208793158317323702e-01 1.663948682870796669e-01
2.894885307142863184e-01 1.868270973771239962e-01
2.863579952095918202e-01 1.034787421486554893e-01
2.858837715241355215e-01 1.554976585796711275e-01
2.724147949141387803e-01 1.199056318751136330e-01
2.401476604696639039e-01 1.478652184594981545e-01
2.824783766550172937e-01 1.065330028456347444e-01
2.393760835676277954e-01 1.125105715792827643e-01
2.116069738884314710e-01 1.778000962475763114e-01
2.558929748430303630e-01 1.117370425830053471e-01
2.224271026358562442e-01 1.440459485815862584e-01
2.709055556607625759e-01 1.864111793980960385e-01
2.651870571618762940e-01 1.925045650283680465e-01
2.066294459255954563e-01 1.197094800795163450e-01
2.227550698713512967e-01 1.640090593868912261e-01
2.887334514173021116e-01 1.949983820743500518e-01
2.771902887087655531e-01 1.985302657546157423e-01
2.718637370946261900e-01 1.437326032620165617e-01
2.093127521646909739e-01 1.202517521427719505e-01
2.963684460195074588e-01 1.602770408765223920e-01
2.691429280367718113e-01 1.993079949326280742e-01
2.788061066032949675e-01 1.956287340986781476e-01
2.255073137227927016e-01 1.774465809866416222e-01
2.806598440561890451e-01 1.709308065029168100e-01
2.710718032777317821e-01 1.411478063897835256e-01
2.893182623185948099e-01 1.767119557535994090e-01
2.132002344367951441e-01 1.626461465615944291e-01
2.342897788988717589e-01 1.286826186904553027e-01
2.980169478679611794e-01 1.501643121917342338e-01
2.396676591453241190e-01 1.245553954469244551e-01
2.402183500198001309e-01 1.508521390854684063e-01
2.348644550941442755e-01 1.992147508093787822e-01
2.323258537484891861e-01 1.070842710798189934e-01
2.043073719639143526e-01 1.078181040798549539e-01
2.123279231994248395e-01 1.379512286204829519e-01
2.550635749697123256e-01 1.392223166813160717e-01
2.919169068628323371e-01 1.898466715565270690e-01
2.559976979952739429e-01 1.743243108349440407e-01
2.180086246294292707e-01 1.282738287137121791e-01
2.002483786685250178e-01 1.385466281163505731e-01
2.420131297459433561e-01 1.447406684537742849e-01
2.702730234126342057e-01 1.453812611927798037e-01
2.847880967308447642e-01 1.056417979975602384e-01
2.964240844339471881e-01 1.370534322031580765e-01
2.214094811924711137e-01 1.404637632346421028e-01
2.125237308265463532e-01 1.566837870533418220e-01
2.512931979187611464e-01 1.855902979363318051e-01
2.602056952905094644e-01 1.913498550620429395e-01
2.456636987692150109e-01 1.016814772668228339e-01
2.104644787060004352e-01 1.994359022550573068e-01
2.785458525080489744e-01 1.507928308496556125e-01
2.761748478380028349e-01 1.267734925571282478e-01
2.157770633812796102e-01 1.027133283031049227e-01
2.745128372348279444e-01 1.991563348254033750e-01
2.740778001214498327e-01 1.597368694902817632e-01
2.319796735152989675e-01 1.951046032830315857e-01
2.993452659014420036e-01 1.182522487066505756e-01
2.822777495686000782e-01 1.275938400228795178e-01
2.554197685644902238e-01 1.030282033303057398e-01
2.965909211046063310e-01 1.670685408508575942e-01
2.550460903863997486e-01 1.788348807621646663e-01
2.977382998942699199e-01 1.567386766861382508e-01
2.239439669124786980e-01 1.736157765460155100e-01
2.314941312030033282e-01 1.160604161028374604e-01
2.897847438878430881e-01 1.217218304862393297e-01
2.816794492335231159e-01 1.136410516605222687e-01
2.242733327995168335e-01 1.067953776253915688e-01
2.211665873502178803e-01 1.149863192028933168e-01
2.805037103964895251e-01 1.379219988042393596e-01
2.457011048293758493e-01 1.982329203038734611e-01
2.378889562791093315e-01 1.250156045681786454e-01
2.977428414292576098e-01 1.446226635865237309e-01
2.682473647302189845e-01 1.579249162592277766e-01
2.011607218152487997e-01 1.274955958630843988e-01
2.016007176494559738e-01 1.043714649738773370e-01
2.149007124750971776e-01 1.495863622727155451e-01
2.533309739055850107e-01 1.819709227486361325e-01
2.313037955965062120e-01 1.937045117779937764e-01
2.091744046493695941e-01 1.409132700397242588e-01
2.368892076137724123e-01 1.443382222974060325e-01
2.753310841069077641e-01 1.621567103409687904e-01
2.146310141907823987e-01 1.179549085211060167e-01
2.762456868415378297e-01 1.980796648617771938e-01
2.241928437714568734e-01 1.330470980966435013e-01
2.184831831037666872e-01 1.992856769642558645e-01
2.702177769483308789e-01 1.783760704419994902e-01
2.045928396707517027e-01 1.124014626208445500e-01
2.947132498318905669e-01 1.331693169419398137e-01
2.819759316601440080e-01 1.101061902345139565e-01
2.769382334165274018e-01 1.016405154671500832e-01
2.497687316201371854e-01 1.342846255576202186e-01
2.325018165433092587e-01 1.266897441478461728e-01
2.749208547074635800e-01 1.939223458609921624e-01
2.410542311581138075e-01 1.775170278488195363e-01
2.388088358025674540e-01 1.000206047424912759e-01
2.093839292335041291e-01 1.139352924206245565e-01
2.062619602671861285e-01 1.707939279923309517e-01
2.477201569497754496e-01 1.721071382444209208e-01
2.941759999271880144e-01 1.379223212090407713e-01
2.453626695233517285e-01 1.893937360285627980e-01
2.111464665703486898e-01 1.119217951818369527e-01
2.954730383650053804e-01 1.512756255798272942e-01
2.323340486302805097e-01 1.174620446860416279e-01
2.453779856376720470e-01 1.261050837426248572e-01
2.092508746819863874e-01 1.269518075529547929e-01
2.474435864434622601e-01 1.237129005910506396e-01
2.438635417440258579e-01 1.126057462033054624e-01
2.881919612655573504e-01 1.151061606258411973e-01
2.993683226464282643e-01 1.128990083653601539e-01
2.107454502577739697e-01 1.467724539318005506e-01
2.592042733770892338e-01 1.850780407564117658e-01
2.043572808475750402e-01 1.252120046337844572e-01
2.083009902885027409e-01 1.995272178499697957e-01
2.275024728710400845e-01 1.923680854806089913e-01
2.290820352769998847e-01 1.401102373949642266e-01
2.827475378079220558e-01 1.158637657227268025e-01
2.958572088670020639e-01 1.032607959054181179e-01
2.279311878459914231e-01 1.593668115909173399e-01
2.216773497288018757e-01 1.519186501419767799e-01
2.535473029165720149e-01 1.615694373251717608e-01
2.439273807545714323e-01 1.505083770948492661e-01
2.929180304762333265e-01 1.178780417810766923e-01
2.288721085941821110e-01 1.072935005137120312e-01
2.315245938263263970e-01 1.570816026352468975e-01
2.210882095299390171e-01 1.376074513181441694e-01
2.563084269808005855e-01 1.387946628875400545e-01
2.772869286113394116e-01 1.082915298559385398e-01
2.792465791297812361e-01 1.405290666394826971e-01
2.347906717844775448e-01 1.400331963098060961e-01
2.179078295772856055e-01 1.755046713860382579e-01
2.453376781159524178e-01 1.278106581159199895e-01
2.467253544898474482e-01 1.455826325801594379e-01
2.975649793015293088e-01 1.010207697416317385e-01
2.745712890996881983e-01 1.433291866227783540e-01
2.286189164838423604e-01 1.119939915068560443e-01
2.406839030949983194e-01 1.558516946511841472e-01
2.533433701573712948e-01 1.648422430491142676e-01
2.875797359845523871e-01 1.857218229207147631e-01
2.178960201570930844e-01 1.657819585430195530e-01
2.656407767029665967e-01 1.727227710742098021e-01
2.944747445646479500e-01 1.798618475606938161e-01
2.261388303108226028e-01 1.128876125128881747e-01
2.526558674332800569e-01 1.058612008600327836e-01
2.494668261223756400e-01 1.308108589882783224e-01
2.232799945163103650e-01 1.259056950962765264e-01
2.728742169857082400e-01 1.906558237042272619e-01
2.211466673855866372e-01 1.088507967007353028e-01
2.884926439189690051e-01 1.947851181974304957e-01
2.315878423346901527e-01 1.190777721372686115e-01
2.562260992993117270e-01 1.625077624615075544e-01
2.166374496784939097e-01 1.409187554781987373e-01
2.776605910383632136e-01 1.217190484791842719e-01
2.306819660197715893e-01 1.793697573204035556e-01
2.954848799387919667e-01 1.620757867499873495e-01
2.397227999623624539e-01 1.169609873953160739e-01
2.901412470298114221e-01 1.435885044388345022e-01
2.738327987749515358e-01 1.251179272845577561e-01
2.562064126385858454e-01 1.779549958881175564e-01
2.689854191812260376e-01 1.628351774440980892e-01
2.856778328118999566e-01 1.482953111891620046e-01
2.797063843332647792e-01 1.856850624908183423e-01
2.501273067190808996e-01 1.015534381075970938e-01
2.769582733439809319e-01 1.022311547944290688e-01
2.179469158206936430e-01 1.424877756467924639e-01
2.337340525069597774e-01 1.083478762592622047e-01
2.399686920927091016e-01 1.879728135257084098e-01
2.595128783228814462e-01 1.611505825085823018e-01
2.496456433045137202e-01 1.716513658297395550e-01
2.808142788921360045e-01 1.306298785697163900e-01
2.742499003486934539e-01 1.726158405419242481e-01
2.440897100086431570e-01 1.420939886444715639e-01
2.550086099317622756e-01 1.203093098163849906e-01
2.589003388251799875e-01 1.427192502919809591e-01
2.257120415411466574e-01 1.801293526946226020e-01
2.301447442521142861e-01 1.552386525987939081e-01
2.159736315272623997e-01 1.510984400111391179e-01
2.398064424124600746e-01 1.652355147832800797e-01
2.530064224986852683e-01 1.181412826381334769e-01
2.996358732354899579e-01 1.042023245360748085e-01
2.049219233999313716e-01 1.671775873201178653e-01
2.802826263827245534e-01 1.055589244732908771e-01
2.405707223364384473e-01 1.236702455996158412e-01
2.619914032667735038e-01 1.186860529645673290e-01
2.481187892347336832e-01 1.739496052838291340e-01
2.311754656721449752e-01 1.952905287764460374e-01
2.728217331600019113e-01 1.470761469320409631e-01
2.345637256704239393e-01 1.899111115644598891e-01
2.748865577358690082e-01 1.225227054862060017e-01
2.755718099576091595e-01 1.148526527737357139e-01
2.427284935765317564e-01 1.232135657920061800e-01
2.793542696983061790e-01 1.615121277097623376e-01
2.461543040912146374e-01 1.798985521919083119e-01
2.819937785180186007e-01 1.901193766160889087e-01
2.748580974175108271e-01 1.011813376693552480e-01
2.674313937142147601e-01 1.142365919045577327e-01
2.119222189504944565e-01 1.167321252953727184e-01
2.434610716992331447e-01 1.467995263951043516e-01
2.614518503775841163e-01 1.765274962964722139e-01
2.280033263352380657e-01 1.108410738435167131e-01
2.382986952737060071e-01 1.774308554871263377e-01
2.932333433145906110e-01 1.832749337068636242e-01
2.505143220245858449e-01 1.540090123396045396e-01
2.096005032534542512e-01 1.958644775788064285e-01
2.183303511728114654e-01 1.542248567967351713e-01
2.170400881532134063e-01 1.116275419481697617e-01
2.948454974838664033e-01 1.109486102349372394e-01
2.571910595259695453e-01 1.650682112838318116e-01
2.122573736472350148e-01 1.057758798243311760e-01
2.105958435771878023e-01 1.738491291529924987e-01
2.258331614588475755e-01 1.147474649520432433e-01
2.738351027940624793e-01 1.211306042394871552e-01
2.139182220763095055e-01 1.840231816933613485e-01
2.996059219896785586e-01 1.048985023065845679e-01
2.590525997674066327e-01 1.767606464844821978e-01
2.507760134226593718e-01 1.131863035497469860e-01
2.745308503405644029e-01 1.325281571838973771e-01
2.858351055097614335e-01 1.622299630628570855e-01
2.051952062974931046e-01 1.029366337178075630e-01
2.636983130144014420e-01 1.751517112653169228e-01
2.155280729931085548e-01 1.814547527525601778e-01
2.408770215844930340e-01 1.103246922117062934e-01
2.840051888264449320e-01 1.354530228588573249e-01
2.189470043908682828e-01 1.606743105859080867e-01
2.667557918348710255e-01 1.010083738233459594e-01
2.742489075100114082e-01 1.959715269223091805e-01
2.454524294468504730e-01 1.760180435266742727e-01
2.061670679346163104e-01 1.879307133069281766e-01
2.661386026641259783e-01 1.556382460538247303e-01
2.413625074077287436e-01 1.367941569588363715e-01
2.038006572508926362e-01 1.679810005838810738e-01
2.293605536612785545e-01 1.472485713437508004e-01
2.498658265477826101e-01 1.768206372328598730e-01
2.354542422673537860e-01 1.504065301834948409e-01
2.687849413591001380e-01 1.671575452475903278e-01
2.759339213389193635e-01 1.104206663506231700e-01
2.069195095658040717e-01 1.372186147309667759e-01
2.918557818004942073e-01 1.380323377429537313e-01
2.117503000566776650e-01 1.794650729044322268e-01
2.141489316020063760e-01 1.896247937335399647e-01
2.580994279576457884e-01 1.287328812304304737e-01
2.950291271675850036e-01 1.465430960930719229e-01
2.755428974769049688e-01 1.519603159560843630e-01
2.961730889646686515e-01 1.451190742009826340e-01
2.781396797331644466e-01 1.798522593959209215e-01
2.243169653707961508e-01 1.430212293527861056e-01
2.154513020197307838e-01 1.853433196511508896e-01
2.648209315271710107e-01 1.465337516865156675e-01
2.123778147440326669e-01 1.359706752259933482e-01
2.617177438681539403e-01 1.016965623340762293e-01
2.058963273833722130e-01 1.153548602184279737e-01
2.762280487248054417e-01 1.169973535061147873e-01
2.080825500108782755e-01 1.571967220808148380e-01
2.222380283664759371e-01 1.757699401955390983e-01
2.900504206440271404e-01 1.060487955632606616e-01
2.616054169419207431e-01 1.832690596963197915e-01
2.751198602708695984e-01 1.068052706193155232e-01
2.256923176641834616e-01 1.389345595904644681e-01
2.931606334850755391e-01 1.661914893276750238e-01
2.916996882140395209e-01 1.178100958737985371e-01
2.758896985807499092e-01 1.096356442311943458e-01
2.050990308520321270e-01 1.261153480010574479e-01
2.091663261157430953e-01 1.886414541572574155e-01
2.558098410554245916e-01 1.809276543851171537e-01
2.536519274845600580e-01 1.101219527961110056e-01
2.330924250500399086e-01 1.835729023489495182e-01
2.307677828190060620e-01 1.599614826120756839e-01
2.517642911705373909e-01 1.183183359998492001e-01
2.425422823819595175e-01 1.780689899334771120e-01
2.938301956821000038e-01 1.227112975255047755e-01
2.224891095401702601e-01 1.900673664162865206e-01
2.362412475327199668e-01 1.399984870827688521e-01
2.025273079503511209e-01 1.175223984679767131e-01
2.149006926515256710e-01 1.791968608187989864e-01
2.539801640527942772e-01 1.588613214841609056e-01
2.194857480993493426e-01 1.009748573209446609e-01
2.809748078942442273e-01 1.017227864958100692e-01
2.109623724760930630e-01 1.573680674598341989e-01
2.443638306958313966e-01 1.674907900886782597e-01
2.887397794953665553e-01 1.352626320451787434e-01
2.872404002530126732e-01 1.905446441529070611e-01
2.142071594003192581e-01 1.860405772177594064e-01
2.331299636226406014e-01 1.806808321838057341e-01
2.171330471299951492e-01 1.742811989902386949e-01
2.529964000532904378e-01 1.528831906092898152e-01
2.910057542815181475e-01 1.268701613938361117e-01
2.956647228203873601e-01 1.793624462699485722e-01
2.962042438915859499e-01 1.572757523528176826e-01
2.353293748551289477e-01 1.998611714336619993e-01
2.751273988345951937e-01 1.257874204437540167e-01
2.984221753817138945e-01 1.748389100792509532e-01
2.254475056368152042e-01 1.549520979301703960e-01
2.714260711027247641e-01 1.419773388595760577e-01
2.268556054338743966e-01 1.600794188324034528e-01
2.270456648675700517e-01 1.810884098525736285e-01
2.156393196452862648e-01 1.970945741404943607e-01
2.445033075054104943e-01 1.607521731238666096e-01
2.242602162540938138e-01 1.188760255728528170e-01
2.404666894210051864e-01 1.643194081808495854e-01
2.549549502896980013e-01 1.150241552898705055e-01
2.949372171671302834e-01 1.201573146810733517e-01
2.473406679257980079e-01 1.173764578179488649e-01
2.540248299596775117e-01 1.674506589181851690e-01
2.978876511699753427e-01 1.047729628575265748e-01
2.079086076515253012e-01 1.218731097335729874e-01
2.830212387031951771e-01 1.676672093810919195e-01
2.994248528055973857e-01 1.716154663536940128e-01
2.537552055685419750e-01 1.814194052582761563e-01
2.725794341757026285e-01 1.701463799875049809e-01
2.813820387641833842e-01 1.255072997347162767e-01
2.592679914659795637e-01 1.017410518869757974e-01
2.791566645757176945e-01 1.348906389170879405e-01
2.586020403794008771e-01 1.336142410867103281e-01
2.539424289093059617e-01 1.829233791771744388e-01
2.835205515577320923e-01 1.837940093944550601e-01
2.627086709088513050e-01 1.252658080418476982e-01
2.107439920058413740e-01 1.883984622054291902e-01
2.742776999245561398e-01 1.422608344082586240e-01
2.784842995713190383e-01 1.528132192415355417e-01
2.420046268184047333e-01 1.265408267998213432e-01
2.201211476308020387e-01 1.359258701432828620e-01
2.817357643342914275e-01 1.471901321800152262e-01
2.434585233453234743e-01 1.715366208391712888e-01
2.176704901596111519e-01 1.391593818140117178e-01
2.681711889870013743e-01 1.569019288558287650e-01
2.550727201494326080e-01 1.787183149216015066e-01
2.660940772114615549e-01 1.201805195877691801e-01
2.757329688543179169e-01 1.845070276809837040e-01
2.647782484943493886e-01 1.079145051815499357e-01
2.852288128500061748e-01 1.238476043493895173e-01
2.545702143541818119e-01 1.134731661104589895e-01
2.087879207902693102e-01 1.023729438763501254e-01
2.223004519786097588e-01 1.252096024787872630e-01
2.295054810520312794e-01 1.632540607951354361e-01
2.767182145061356513e-01 1.512658798174551233e-01
2.191384036390732759e-01 1.061132211498109768e-01
2.716602355266718449e-01 1.780848688099271881e-01
2.412040914032160255e-01 1.626246328609655956e-01
2.645919843159891816e-01 1.543157902361702860e-01
2.154418449263592050e-01 1.060346366531720319e-01
2.066458955550402043e-01 1.036422119222181470e-01
2.919907251163347262e-01 1.192291020913749111e-01
2.695396739686959919e-01 1.010288266259340428e-01
2.118208738980379979e-01 1.725300993286148776e-01
2.752815882358031763e-01 1.935118132750413278e-01
2.389230263522464370e-01 1.805423803810104477e-01
2.713155332721416402e-01 1.411898903631219060e-01
2.903945504246492892e-01 1.400721914579240446e-01
2.887352883773951495e-01 1.531679766070271065e-01
2.926276886027924795e-01 1.271560513015414506e-01
2.638646367278521532e-01 1.579926925392722836e-01
2.256213758994997098e-01 1.173678821578326981e-01
2.644076857216379750e-01 1.622966567706675689e-01
2.808775352592666752e-01 1.635848469563929153e-01
2.339360316369698545e-01 1.564262126162948574e-01
2.007552366506060171e-01 1.042551190831249031e-01
2.321877189676912479e-01 1.565659143632689154e-01
2.972631801896523096e-01 1.192540682342476399e-01
2.957400933909500318e-01 1.604233296888447347e-01
2.478239935592340126e-01 1.777552270518451272e-01
2.607955733425126321e-01 1.151646910383112565e-01
2.413841125768871332e-01 1.016809947731334429e-01
2.791475104876628421e-01 1.028984647573535638e-01
2.608829725645660513e-01 1.985401450390771316e-01
2.256767045273765371e-01 1.261115344737166188e-01
2.544848179536740584e-01 1.418387421536658199e-01
2.872382223770880705e-01 1.796317710360563480e-01
2.921324295978013907e-01 1.580893376263304562e-01
2.552875220724239447e-01 1.900034929473389256e-01
2.449923245158307505e-01 1.175906267409546624e-01
2.703990930800122539e-01 1.208849325648283790e-01
2.683823556379540398e-01 1.671114548359843299e-01
2.361220632760227534e-01 1.265707298864776620e-01
2.780142657591109789e-01 1.581834708419608826e-01
2.138562927213012443e-01 1.866475947578844496e-01
2.985955533869179002e-01 1.535445268002968711e-01
2.952863751709490781e-01 1.356775843517604441e-01
2.812715676524661368e-01 1.406815059053891925e-01
2.031183424311606700e-01 1.626259007668097445e-01
2.178803336230852872e-01 1.400166974265543984e-01
2.624430644404059376e-01 1.988451922188009813e-01
2.967765924262949495e-01 1.258026208054028872e-01
2.457125623985398355e-01 1.236932553597857865e-01
2.162977048398142532e-01 1.295313882059657973e-01
2.959194711304215519e-01 1.088971970231131792e-01
2.791795392072550230e-01 1.166826334800800946e-01
2.332703968751947965e-01 1.719119639332907234e-01
2.972716244532371266e-01 1.282743808211488645e-01
2.943099081585320853e-01 1.041139415429161441e-01
2.780869572062605322e-01 1.720912933362188091e-01
2.004738319967391269e-01 1.745027896466304074e-01
2.902253243184377274e-01 1.698038889223020265e-01
2.310613523771258837e-01 1.920646735946117123e-01
2.937320365022458857e-01 1.026138836968900625e-01
2.795493452828834435e-01 1.008333238589228520e-01
2.236902882564059114e-01 1.581484183415469980e-01
2.237337179871582427e-01 1.227841987108422572e-01
2.456506095564328085e-01 1.327929751813518577e-01
2.553378168127704573e-01 1.830818328871133827e-01
2.552083784383886722e-01 1.685603010675226776e-01
2.760757812151359847e-01 1.219957163074148199e-01
2.091330448057847069e-01 1.279042439261483532e-01
2.305860784499646488e-01 1.175147058603872863e-01
2.265585082620760193e-01 1.551472762971572994e-01
2.162380406794624510e-01 1.374245073482423807e-01
2.377702946997681810e-01 1.112827003160515582e-01
2.926133539708543063e-01 1.030979546826796545e-01
2.550475158732388725e-01 1.530671931003502462e-01
2.577316359933223833e-01 1.455297754033632318e-01
2.444828210314736738e-01 1.363481740007981835e-01
2.667215352974205977e-01 1.046249562760888097e-01
2.873526544710072739e-01 1.050636078882906943e-01
2.583624022543611343e-01 1.333085120280358138e-01
2.102850163748734569e-01 1.952576773473084226e-01
2.837884127213968766e-01 1.476668016467848066e-01
2.090121183274100680e-01 1.752623530573603761e-01
2.402122000992209516e-01 1.380940168772999410e-01
2.022650064882589582e-01 1.587236648569548270e-01
2.880874000683549263e-01 1.301834395418109136e-01
2.505309023055242723e-01 1.845309856205791799e-01
2.583025954760266307e-01 1.701312588215251331e-01
2.652950233370642841e-01 1.416888433287387672e-01
2.994994209975533894e-01 1.963963636087506792e-01
2.553303420286691106e-01 1.711148589724776348e-01
2.397929868112506635e-01 1.334667223666243518e-01
2.113680046725396888e-01 1.424390264976901910e-01
2.688903958410894801e-01 1.304089804138786057e-01
2.682926167914260751e-01 1.208831693601757074e-01
2.623672880192475243e-01 1.879483260401920708e-01
2.234615063689478487e-01 1.937439181058334126e-01
2.364733447775962394e-01 1.016471712778988790e-01
2.668803032128477803e-01 1.099019528919047417e-01
2.703574261848593063e-01 1.097985534721688805e-01
2.072584580963203749e-01 1.437552062040443612e-01
2.923776846547865294e-01 1.956532015603018593e-01
2.486678364430434107e-01 1.498564606735093008e-01
2.875859253812629301e-01 1.102287591853022553e-01
2.147798914319504204e-01 1.167173542693679678e-01
2.140510800691123316e-01 1.930243180736798680e-01
2.063433549059608962e-01 1.249273348143084272e-01
2.869459776358769254e-01 1.005254750946260878e-01
2.445351409268773923e-01 1.237932466655077279e-01
2.556234434623504970e-01 1.853279860642801646e-01
2.072336242237844406e-01 1.866248336543641639e-01
2.883930467196080816e-01 1.283031429705152326e-01
2.858427721289627521e-01 1.840858597848918088e-01
2.515138808044245500e-01 1.635127448392524330e-01
2.100732593750558874e-01 1.263143913108203953e-01
2.802383498776760962e-01 1.630197875782027628e-01
2.239213485996226494e-01 1.714913825003313019e-01
2.436394212673047566e-01 1.138111120990740743e-01
2.962636570363673116e-01 1.123311936298884151e-01
2.513467882836256106e-01 1.293239648900136318e-01
2.806025503078967698e-01 1.754902171330120775e-01
2.577926647510766500e-01 1.736158480448822261e-01
2.103386229063223811e-01 1.398430710342674910e-01
2.510790410291808272e-01 1.012815155340144602e-01
2.862685524248274604e-01 1.391015226077138844e-01
2.006179213543988205e-01 1.484858711486863048e-01
2.023661580876593979e-01 1.124382952511121248e-01
2.222389347015371608e-01 1.822740979921227411e-01
2.162474764500547098e-01 1.279761306554441092e-01
2.897519370071932054e-01 1.582235245799558931e-01
2.941110574220710538e-01 1.751249451051668515e-01
2.195486792113177099e-01 1.207484407860388298e-01
2.579188600822460709e-01 1.264992448967053318e-01
2.173584529246006536e-01 1.841334726461088256e-01
2.242689563723705426e-01 1.516779282109767535e-01
2.173284208023842368e-01 1.340518910175240441e-01
2.055588122526491035e-01 1.176377947917468803e-01
2.233306294084214105e-01 1.015972037683386120e-01
2.025358088523382394e-01 1.352521925304653871e-01
2.810731613372098314e-01 1.427051120181229982e-01
2.301421000549492279e-01 1.334533023717351663e-01
2.253972948240036689e-01 1.254027305546100701e-01
2.264861563447571613e-01 1.957477273310919141e-01
2.733185891205440199e-01 1.116904968440650681e-01
2.007048150182876856e-01 1.811589081549114244e-01
2.533919314354802221e-01 1.277411552975720177e-01
2.275396362878767675e-01 1.467625712956211748e-01
2.361340492753895015e-01 1.894753727941722865e-01
2.045172726768578197e-01 1.429559271205332605e-01
2.655708321397560190e-01 1.443812860237226880e-01
2.317829988485183290e-01 1.245267188644364198e-01
2.433214122420508940e-01 1.334636389238416654e-01
2.322993583338781587e-01 1.911946859039069524e-01
2.644453100630516640e-01 1.671844734857525216e-01
2.485945229848275373e-01 1.150327390114283255e-01
2.932615554716129780e-01 1.086561116097670976e-01
2.966571145787049724e-01 1.602959502858529450e-01
2.022655383372339299e-01 1.737468058124391757e-01
2.357946768863471987e-01 1.869406771192120287e-01
2.321322697309782801e-01 1.427260278216135880e-01
2.905041743327264614e-01 1.510656138719717878e-01
2.702063894908630637e-01 1.868188590984019015e-01
2.301810221997752093e-01 1.081805548379971005e-01
2.451222365789448854e-01 1.322556512436405540e-01
2.668143045162294502e-01 1.928870970101201621e-01
2.774719295457083179e-01 1.512202497295465353e-01
2.454421379137805004e-01 1.397700857731687119e-01
2.924231450144472721e-01 1.232562958419225752e-01
2.889720172502409090e-01 1.579365012092718290e-01
2.825627922043114637e-01 1.646912032256915293e-01
2.988048418185672017e-01 1.356992580482050681e-01
2.047689280778949295e-01 1.711172364400004309e-01
2.636893626569381532e-01 1.038183209162371612e-01
2.388416973668144316e-01 1.572547727623658798e-01
2.783026376357352061e-01 1.077843903531882364e-01
2.614095674870857700e-01 1.781750904719524020e-01
2.962200891952579407e-01 1.943846218839361817e-01
2.505037681472913613e-01 1.724829550503828024e-01
2.333876058741552462e-01 1.292745972266597376e-01
2.568559618856027238e-01 1.244120695453509728e-01
2.699764813142723208e-01 1.134392126539081336e-01
2.770703431684595208e-01 1.690473937698864781e-01
2.778433031467890668e-01 1.135641701386251590e-01
2.841978903473482698e-01 1.505259031473072384e-01
2.988604292180642164e-01 1.074454003933736357e-01
2.119308814200759339e-01 1.944113799733521164e-01
2.107387660668115781e-01 1.757818656154435666e-01
2.965237300624559147e-01 1.262265003219776860e-01
2.052574945511862481e-01 1.805684742167956436e-01
2.927130223175006263e-01 1.376223576580042351e-01
2.683563972005146847e-01 1.732265513542987911e-01
2.408484016588022247e-01 1.365752816888879673e-01
2.626041523778687714e-01 1.235251212663338316e-01
2.725112931319646492e-01 1.694671338393896609e-01
2.893961305653391936e-01 1.272872053715507490e-01
2.814103915365154251e-01 1.041547254131718614e-01
2.884488664506365541e-01 1.566409618262274983e-01
2.372195355047558851e-01 1.587070384183096317e-01
2.014636777448974847e-01 1.252418542037121163e-01
2.831111471618625863e-01 1.454275778954128018e-01
2.745052110035699489e-01 1.130142320020242064e-01
2.364557623333089498e-01 1.326680662897583574e-01
2.536842164679619649e-01 1.592805079206134067e-01
2.520755487255145755e-01 1.406242182179131550e-01
2.189818171792747847e-01 1.424758127167035093e-01
2.336446947855010392e-01 1.133495777532751436e-01
2.520893615356942230e-01 1.210901037944540071e-01
2.889956989745207094e-01 1.951643211027295766e-01
2.599707513302337847e-01 1.938296955948905498e-01
2.956514849908237763e-01 1.478297039149753245e-01
2.879996232458611471e-01 1.403025951537446581e-01
2.980020548404520575e-01 1.950530118713956207e-01
2.096362588577129205e-01 1.964521425782382869e-01
2.506613329451316541e-01 1.242268270977496258e-01
2.646010839258609026e-01 1.968461515853329180e-01
2.947129827942530089e-01 1.131994575952224025e-01
2.531854483081805163e-01 1.305254948994607755e-01
2.972140281380175053e-01 1.709174939796703208e-01
2.164555689975203867e-01 1.729895278230862421e-01
2.074038034833972088e-01 1.565232885576475774e-01
2.804376973544965290e-01 1.270367280294826540e-01
2.675017108180471337e-01 1.751739469924032955e-01
2.399868537326183549e-01 1.016639881368359422e-01
2.788713303502848850e-01 1.685538701416708363e-01
2.894816658549695387e-01 1.115336805047551505e-01
2.855036193857106719e-01 1.298776856055232631e-01
2.959868429886999275e-01 1.003428785495185105e-01
2.327341490226310095e-01 1.443931925600478727e-01
2.526291905856642428e-01 1.054037255400359641e-01
2.217309730813681323e-01 1.572699948070881149e-01
2.555023889171226248e-01 1.532287481092886039e-01
2.472659434078509633e-01 1.904493887836653798e-01
2.926450543868698295e-01 1.358368655171888484e-01
2.688094389502919124e-01 1.800322930603598381e-01
2.072892900100183344e-01 1.453134732966533393e-01
2.016527161449868655e-01 1.990434256704858296e-01
2.225808877620342185e-01 1.142759305133179970e-01
2.753529074884011885e-01 1.679762787463284224e-01
2.610817145785371829e-01 1.129719852017877224e-01
2.067296287705489011e-01 1.874396520778695840e-01
2.246683284735746522e-01 1.765804715723211793e-01
2.760680496846936172e-01 1.175406427988596736e-01
2.046397041991804278e-01 1.238660054125545473e-01
2.301655303147988607e-01 1.522880055087105222e-01
2.706052586864564624e-01 1.470436371197263448e-01
2.108553670479162978e-01 1.627175134722234073e-01
2.682332861643888511e-01 1.829094167762292389e-01
2.604619887405668077e-01 1.817682176689305318e-01
2.353569522968920746e-01 1.751692505638314246e-01
2.006606905030908217e-01 1.036189239554665131e-01
2.457119411759339234e-01 1.924287123719443104e-01
2.656267523374918338e-01 1.743540644105034676e-01
2.397393721025150026e-01 1.919370863373869862e-01
2.901649731069875782e-01 1.362951647220249085e-01
2.312033152414655901e-01 1.206435792325412648e-01
2.744517170656083915e-01 1.725509070307969517e-01
2.881298921336023500e-01 1.281925270141403284e-01
2.604247405379768732e-01 1.149575703453490916e-01
2.142093701302615893e-01 1.282752295593097003e-01
2.405473142132273923e-01 1.041614736737592750e-01
2.594190609551348947e-01 1.668927261707489340e-01
2.856917662753993836e-01 1.076757126163451483e-01
2.230585220263750501e-01 1.129411954139939722e-01
2.963539865068717249e-01 1.405528181394750942e-01
2.796872867072339730e-01 1.061813342002384253e-01
2.206360904396849065e-01 1.857899165906732875e-01
2.289860262366446020e-01 1.021989177178881936e-01
2.305966046998785823e-01 1.490262291930731509e-01
2.354801669875138392e-01 1.569608370793240948e-01
2.541900734075334678e-01 1.548042483433217931e-01
2.130521781959966998e-01 1.608204138382125781e-01
2.335445052558370316e-01 1.407699154202623482e-01
2.208650062074365428e-01 1.896742437676184334e-01
2.481393255848937107e-01 1.153188528549377312e-01
2.720786914642813192e-01 1.284740194891867970e-01
2.634910118800515844e-01 1.303806402630708072e-01
2.166363294616613921e-01 1.088029202665851125e-01
2.102402584268436292e-01 1.085515442820087773e-01
2.729362623038965596e-01 1.274257919318960430e-01
2.669555627291310129e-01 1.745252386706580561e-01
2.911675348362465776e-01 1.522302749056777815e-01
2.847245730202013769e-01 1.899399336641834912e-01
2.505766245494825961e-01 1.602741898266144827e-01
2.180004919447660061e-01 1.551624133116863424e-01
2.789293144968163496e-01 1.996750133895221491e-01
2.507262933920912373e-01 1.035473200806806826e-01
2.676879760520621265e-01 1.818724062840231803e-01
2.354309556147650695e-01 1.826139420974617344e-01
2.842310159678959613e-01 1.170152974967320070e-01
2.029389246211072972e-01 1.933828994702222470e-01
2.110131052053486611e-01 1.382333561818493983e-01
2.660381356361762872e-01 1.441741065828270052e-01
2.884738255195367640e-01 1.566654465170090604e-01
2.808230924221599145e-01 1.952461367405579351e-01
2.925037351676621489e-01 1.677782434741311168e-01
2.285118686063840054e-01 1.464549715238763761e-01
2.204811223929167840e-01 1.923680284347905889e-01
2.211539863198920819e-01 1.451142444560973022e-01
2.736076804568454701e-01 1.136103743461903404e-01
2.120818171736039148e-01 1.351139817637999063e-01
2.253544501728109162e-01 1.433303459437263172e-01
2.929123088633283079e-01 1.032177310260111724e-01
2.549178045479450483e-01 1.062450075146905426e-01
2.057811436652964843e-01 1.600865812678684275e-01
2.441637909193272726e-01 1.272090460837979609e-01
2.167146650016816833e-01 1.748977484296729557e-01
2.916388625194283324e-01 1.569640175483555666e-01
2.336546845947547468e-01 1.345135981009787651e-01
2.856908392572287680e-01 1.554103872437226919e-01
2.529943939718987678e-01 1.439324568744140276e-01
2.775233138359808893e-01 1.390237514126220209e-01
2.728446467203199388e-01 1.201983733085089934e-01
2.515210688988184229e-01 1.826099679071807314e-01
2.197766974158394948e-01 1.722103925951450898e-01
2.026658564031155740e-01 1.138024889138549434e-01
2.263277202843362312e-01 1.039025789937377819e-01
2.963383674317350280e-01 1.455681914846566338e-01
2.138964115969996249e-01 1.858509612149649992e-01
2.771506946166036878e-01 1.630774306841644983e-01
2.872426740985179472e-01 1.528138236254798221e-01
2.849294250048226562e-01 1.243488064510563096e-01
2.221659678891799161e-01 1.366446610556009966e-01
2.851056090155760225e-01 1.101088245254546738e-01
2.257383382316165976e-01 1.865329125288998913e-01
2.539913619340938289e-01 1.641827168913054802e-01
2.195469289542028579e-01 1.344355479791707608e-01
2.724016590691334949e-01 1.378035646253628899e-01
2.498082503090618967e-01 1.648561346679228434e-01
2.964326171323967696e-01 1.943940354398779879e-01
2.986990980435422216e-01 1.112879101235948187e-01
2.740680027560241094e-01 1.988908747430747637e-01
2.793458476651036748e-01 1.159661422669656383e-01
2.717993658387723999e-01 1.342546232220089286e-01
2.338574966502219299e-01 1.032596251894594974e-01
2.115105450356790096e-01 1.358539088149685048e-01
2.062761513018123161e-01 1.714990452030212276e-01
2.623465097487900910e-01 1.828677764605134981e-01
2.039708130060277624e-01 1.210170240860638791e-01
2.063152595343736850e-01 1.704758396093657702e-01
2.520218117232321253e-01 1.199507140682334327e-01
2.735987031386414858e-01 1.008735933435433441e-01
2.311403827488658358e-01 1.733497295476950917e-01
2.669818346093165706e-01 1.138688099158141342e-01
2.177206562296722381e-01 1.919690111375195740e-01
2.372892246142980222e-01 1.609527727674716358e-01
2.567668923608820708e-01 1.224219218401690068e-01
2.516378870683799729e-01 1.651178582083999979e-01
2.805676827946098628e-01 1.054494522793427147e-01
2.435764854021847392e-01 1.412023838189490621e-01
2.433701426283247926e-01 1.167707400798978223e-01
2.595868421285713046e-01 1.924970252305985008e-01
2.513420838374251232e-01 1.686925833756149629e-01
2.842333442773845031e-01 1.205897151086551544e-01
2.318514103672428273e-01 1.957048730684428639e-01
2.412537665621447558e-01 1.611272080278682572e-01
2.971812858792919343e-01 1.332166435628159284e-01
2.823080557352340425e-01 1.524210004355616155e-01
2.268149133585145583e-01 1.680014724805584392e-01
2.155852823417007125e-01 1.413730843373705581e-01
2.034880588024778336e-01 1.160040761086944816e-01
2.543158629887891098e-01 1.977329288586189004e-01
2.786878012127243509e-01 1.746701888496515753e-01
2.930823933781943613e-01 1.579734826257520319e-01
2.062008579865831637e-01 1.735990727406069856e-01
2.595976583239879010e-01 1.915806016148468849e-01
2.387438484763180213e-01 1.531899309440150347e-01
2.387132247369386784e-01 1.636334439137225871e-01
2.870170147183125353e-01 1.768123664403704054e-01
2.474011722351081022e-01 1.207948084485939433e-01
2.042012138543688460e-01 1.790067512567395380e-01
2.546448173567049666e-01 1.303396048174843558e-01
2.471817942352831365e-01 1.097375086703082370e-01
2.507670798520201250e-01 1.668150217433264915e-01
2.184090054572875861e-01 1.892168572887487077e-01
2.500579674496785088e-01 1.305388010004035482e-01
2.891352915364365228e-01 1.711116547489159312e-01
2.356008067587521682e-01 1.170789074937627627e-01
2.566515187935123343e-01 1.585080254664543442e-01
2.012768731723451610e-01 1.037977028448679728e-01
2.154413769141530488e-01 1.931958248456139837e-01
2.834553446822500877e-01 1.210189097471658093e-01
2.302094041436342775e-01 1.658090646783119126e-01
2.230592989760994405e-01 1.472385959668728872e-01
2.899767826144591942e-01 1.991036532071802367e-01
2.273102682846178113e-01 1.256123708592990496e-01
2.163693068849908419e-01 1.792980186803350695e-01
2.751019535418269824e-01 1.706634400515364414e-01
2.219121464122513210e-01 1.674056155178040572e-01
2.955744670843980515e-01 1.569294342955815103e-01
2.760111764157118230e-01 1.152437678539473542e-01
2.416504975575719527e-01 1.667273267158331795e-01
2.436214162073657152e-01 1.040864234783522302e-01
2.795114769229083418e-01 1.378503477295652258e-01
2.249598975974411164e-01 1.970852684121778553e-01
2.803020677827707807e-01 1.678603087149236894e-01
2.610548342247859810e-01 1.673774617743681026e-01
2.708090112348839895e-01 1.579724738823714003e-01
2.671425501471423325e-01 1.747648101007779897e-01
2.738864078779941202e-01 1.217824824732753053e-01
2.978015806878214766e-01 1.808208451886398616e-01
2.952265666691540891e-01 1.049894764451231310e-01
2.418640396157882289e-01 1.955067080062701801e-01
2.687445593645083619e-01 1.739648969448752136e-01
2.112780475852927276e-01 1.599485172518175513e-01
2.327175331761775490e-01 1.283787112878908288e-01
2.612246378782381306e-01 1.332009522249469891e-01
2.950221333153182912e-01 1.620149580882185580e-01
2.928034100919347793e-01 1.736151373209788851e-01
2.034195764887470892e-01 1.610462097896575018e-01
2.676005006213291737e-01 1.303024497587136343e-01
2.965880157282587137e-01 1.715496318645921558e-01
2.639648076148261580e-01 1.789727545039573875e-01
2.336849419204571343e-01 1.006914239175171477e-01
2.676883603211100970e-01 1.791511361075863173e-01
2.743734482983520295e-01 1.758668697530481884e-01
2.262762551277803791e-01 1.737680049466381882e-01
2.945740543478993501e-01 1.899225982663482193e-01
2.792370923128656424e-01 1.381714260130814387e-01
2.367709964717982229e-01 1.863498371033357470e-01
2.196529426373717842e-01 1.824951480045915730e-01
2.051371943216375726e-01 1.385033468920147115e-01
2.377629622414711985e-01 1.738810971174590270e-01
2.405587344968275754e-01 1.322178844957314914e-01
2.260252915029382081e-01 1.247885138557698892e-01
2.330625419965274836e-01 1.618942228384984416e-01
2.239929484223264766e-01 1.987253605501870246e-01
2.989009251821881374e-01 1.244514805994580975e-01
2.993636671264621185e-01 1.523649026919317861e-01
2.282139421984656913e-01 1.415587157835816456e-01
2.677678392343417202e-01 1.573753851538001736e-01
2.440654421579459554e-01 1.028031473965741460e-01
2.576135635901367626e-01 1.038929514116757880e-01
2.937631622659606090e-01 1.879605068036656057e-01
2.031185046500963431e-01 1.895300395995732357e-01
2.155218847205757626e-01 1.770784394265212114e-01
2.577204349930863891e-01 1.538869457069675373e-01
2.599529736687710701e-01 1.125315873853115489e-01
2.317219817323212805e-01 1.562407323377511537e-01
2.736041503106280692e-01 1.315513637495086263e-01
2.652429009796412607e-01 1.275836758053436604e-01
2.460174833625234925e-01 1.739653067404897113e-01
2.418341250734732384e-01 1.107059951179305834e-01
2.145133768292722398e-01 1.698734558265843630e-01
2.060580222233203695e-01 1.005170789979117907e-01
2.601432865897822522e-01 1.296715949616542574e-01
2.927081513124980550e-01 1.234535804100388712e-01
2.735545903932883327e-01 1.704415317970066068e-01
2.796886260398844248e-01 1.800465851852862675e-01
2.549735148071919921e-01 1.158037854172067616e-01
2.313506012267024237e-01 1.527205621197164909e-01
2.210609918164951893e-01 1.192179020223880226e-01
2.083921565916727614e-01 1.824299700504439514e-01
2.546536578817993335e-01 1.653207504826578189e-01
2.637131969538252241e-01 1.626310119435798174e-01
2.653144089579542730e-01 1.174252591797302347e-01
2.280401898570116326e-01 1.673627633517067725e-01
2.267000182071453040e-01 1.773321803712836486e-01
2.077493292840232875e-01 1.254757925140149999e-01
2.567024944444566970e-01 1.676005502030378236e-01
2.211754786691781383e-01 1.862414323210931089e-01
2.943507530472100897e-01 1.205972450596078938e-01
2.733449107989576743e-01 1.580926178591360032e-01
2.835924729431095748e-01 1.617310097684765136e-01
2.870221644649678105e-01 1.768689133044223927e-01
2.737941853195274833e-01 1.902510125161737120e-01
2.259208810867861517e-01 1.339539965674920452e-01
2.491665826858377453e-01 1.848429313901552296e-01
2.073023549606662908e-01 1.133043102379501510e-01
2.199711980517094490e-01 1.784375877907710961e-01
2.817418217656586510e-01 1.271600585302262998e-01
2.093285268372231944e-01 1.928420102741547071e-01
2.234171212666634654e-01 1.753246408924447053e-01
2.154715514111223418e-01 1.003684616992512046e-01
2.421335313905654263e-01 1.945263992365098837e-01
2.131412452263816149e-01 1.209291650077921609e-01
2.665429985411789660e-01 1.664647659688040793e-01
2.693709497937145647e-01 1.328060732502963359e-01
2.779353298814656315e-01 1.828767437284044006e-01
2.618440058740144627e-01 1.778150568855702551e-01
2.657626777727092882e-01 1.479283566809803385e-01
2.908191104469368682e-01 1.157020750403613130e-01
2.218264132768526520e-01 1.219828290514773650e-01
2.633466602521496447e-01 1.734274863477973383e-01
2.402018756092093588e-01 1.673378779145212603e-01
2.874100867744396326e-01 1.268454374103442639e-01
2.820838679962957563e-01 1.572016647180659588e-01
2.734763099532601105e-01 1.530814245306568733e-01
2.235193679770941522e-01 1.842159280802786181e-01
2.863596686376230216e-01 1.237856461921426898e-01
2.700723381968143655e-01 1.671598085289653923e-01
2.232848380889232431e-01 1.344503237869575096e-01
2.834179821863847537e-01 1.855998051782088987e-01
2.655965319431312643e-01 1.483264912765303312e-01
2.886859203864909906e-01 1.914245745273279731e-01
2.107670956745251734e-01 1.411667293508158949e-01
2.510127607345347123e-01 1.522419290557293914e-01
2.579118206046674966e-01 1.851713258898217696e-01
2.331569259623346713e-01 1.030197705868699520e-01
2.057865351719441738e-01 1.328435281805706303e-01
2.645079644725306656e-01 1.588210805870056697e-01
2.405727356235143888e-01 1.755229460639336492e-01
2.175817606886842337e-01 1.193279673306785749e-01
2.939097473751602907e-01 1.573074783118396380e-01
2.988226175575625088e-01 1.613158755249011200e-01
2.505306830378971616e-01 1.286446995239651225e-01
2.852035796667576339e-01 1.787070046989345795e-01
2.360473663575833325e-01 1.641503203270783806e-01
2.386849724183267574e-01 1.874915437728621459e-01
2.955298806036227299e-01 1.198845135774788406e-01
2.456713005804403993e-01 1.036144504607894867e-01
2.439897247699963079e-01 1.993209790313206775e-01
2.110564421995425044e-01 1.576533347555412745e-01
2.662356026453717162e-01 1.645716775407815857e-01
2.447436707325257310e-01 1.301743210480337531e-01
2.482934863372461831e-01 1.050100505384721217e-01
2.471376665669070549e-01 1.297437201001445661e-01
2.357440062245653167e-01 1.761266640979813891e-01
2.829771747725726150e-01 1.861865129604426405e-01
2.997403375690084748e-01 1.542821411604961557e-01
2.529950386240230054e-01 1.882785092381352443e-01
2.365867443783272739e-01 1.604898222454171353e-01
2.687791211226936428e-01 1.976460850132323865e-01
2.047146939555520850e-01 1.033957459326263206e-01
2.128810314263560599e-01 1.564344592289514113e-01
2.925893049219510100e-01 1.904119130991585584e-01
2.635524485616196344e-01 1.213457092025224948e-01
2.681143063102331969e-01 1.343505862572082488e-01
2.435487730903198589e-01 1.461511382109204893e-01
2.157493110468561293e-01 1.729681147856041434e-01
2.603309477599280441e-01 1.115553698673633909e-01
2.073045554891700948e-01 1.757272560921278037e-01
2.076908167810795902e-01 1.269442713657621125e-01
2.370861117312477728e-01 1.982176213033955969e-01
2.740052041615787526e-01 1.972335741134750853e-01
2.747068836222557042e-01 1.456534199823995290e-01
2.160909606789213622e-01 1.255925655299987842e-01
2.735077886289906668e-01 1.838862431252974161e-01
2.188002207754366490e-01 1.184507051662110066e-01
2.951307921420016078e-01 1.607371592049275655e-01
2.729914282304493622e-01 1.431549294396693983e-01
2.486767895131218320e-01 1.843193059181005289e-01
2.430382876852707486e-01 1.258006446983915005e-01
2.663990033620559084e-01 1.800108240854083053e-01
2.862734089149643890e-01 1.310142942539053723e-01
2.248773335120806127e-01 1.498960701505699655e-01
2.478295362604797658e-01 1.881962557358682064e-01
2.325494626885760141e-01 1.202075879324694951e-01
2.430494591665703918e-01 1.218199372170029604e-01
2.930337830226363849e-01 1.231357703577769525e-01
2.852452873165211567e-01 1.484745441323305215e-01
2.949786042871526126e-01 1.430312181201226773e-01
2.447653124279723924e-01 1.555114900012507517e-01
2.795534738996379720e-01 1.525236952224571785e-01
2.622626900593353350e-01 1.447177972057414885e-01
2.850772841261143276e-01 1.668454830600350214e-01
2.425825988717576487e-01 1.568226913687782720e-01
2.830412419576446847e-01 1.919844858715115121e-01
2.012239817067957293e-01 1.104855753133476559e-01
2.126223145749894794e-01 1.891904342528917815e-01
2.081374367474351783e-01 1.177559502762113852e-01
2.776494426423288253e-01 1.003056615155543951e-01
2.369409387015353197e-01 1.986455715381855169e-01
2.672489635825115450e-01 1.976786950724672975e-01
2.454638952009289277e-01 1.542608266010562501e-01
2.014594477619702229e-01 1.973446582081440637e-01
2.618396349276135293e-01 1.407059400169911878e-01
2.058918029274704464e-01 1.318823409916908551e-01
2.480471530236270650e-01 1.882305786934979075e-01
2.767965596199893352e-01 1.397059958172341410e-01
2.970910912812649851e-01 1.848877796594124434e-01
2.892679502392920265e-01 1.903663868660060154e-01
2.702284468783212601e-01 1.712349100415873626e-01
2.904916906158989676e-01 1.580763308714183135e-01
2.790092202745189098e-01 1.144706072534131536e-01
2.796911998315944059e-01 1.460016227851489157e-01
2.113809576977978555e-01 1.341243463493008992e-01
2.254894243564909972e-01 1.443132489370466398e-01
2.218299115433058355e-01 1.771806368023723377e-01
2.306656057211712296e-01 1.899553436385658378e-01
2.152507426158548065e-01 1.732792887910043766e-01
2.535345048451908556e-01 1.624562178910262944e-01
2.217722266938297326e-01 1.856477108931161024e-01
2.036187048087205187e-01 1.467860661545251910e-01
2.151029617736345823e-01 1.464131039189476291e-01
2.180971291973340942e-01 1.255867873947651425e-01
2.942262009102277753e-01 1.021275364680579723e-01
2.819813501552097534e-01 1.367226749744794301e-01
2.077143481117388335e-01 1.394543295425445806e-01
2.865720916423688536e-01 1.485692058721511943e-01
2.785775369355986686e-01 1.329603763554510765e-01
2.846743778390418145e-01 1.707240943375710751e-01
2.760216413105284206e-01 1.781740481314147972e-01
2.605970577530056786e-01 1.230984179062822870e-01
2.710368003320962060e-01 1.395818315573287560e-01
2.998939589515980386e-01 1.580066471037926967e-01
2.206983090227566113e-01 1.648775884176343354e-01
2.804148810350213794e-01 1.905776933881981883e-01
2.336093667156513565e-01 1.613006460487442506e-01
2.315300220302283218e-01 1.609705209364210021e-01
2.257704022163608548e-01 1.840990482918268834e-01
2.554865801677926318e-01 1.998102482293213633e-01
2.633421322993177438e-01 1.632770414905389544e-01
2.170081883566937764e-01 1.232186311776061749e-01
2.098126370335335888e-01 1.717825822389154877e-01
2.615979132615232627e-01 1.822251033706175916e-01
2.597858626542869920e-01 1.865613048005494434e-01
2.572318009474784395e-01 1.350497298223304610e-01
2.050860743207465475e-01 1.601536761317162438e-01
2.783423086093612109e-01 1.115528146586020897e-01
2.735978087673054393e-01 1.337035467235823671e-01
2.480576145981807090e-01 1.451373801823269694e-01
2.271694817720887327e-01 1.902863148221580203e-01
2.829826503732933429e-01 1.852663774578151568e-01
2.306039337983143422e-01 1.052762635685820236e-01
2.638825764139350327e-01 1.353843710554127888e-01
2.635220594777656911e-01 1.729663618063110309e-01
2.877275561218131106e-01 1.207209904787258647e-01
2.303955763628162123e-01 1.421198593873119753e-01
2.528371246852803012e-01 1.261013282563796245e-01
2.672622268915886834e-01 1.297358054363248192e-01
2.956062339815871964e-01 1.490725062569739079e-01
2.971105825991583460e-01 1.927260771249444948e-01
2.968352491561653816e-01 1.176583498831063890e-01
2.639343408057995277e-01 1.781631280394084804e-01
2.244692065116854485e-01 1.005396987011617504e-01
2.765429710322059309e-01 1.039885776424790964e-01
2.244954401466470184e-01 1.754748204822355884e-01
2.549799377158993852e-01 1.484948194212847850e-01
2.224311703225166914e-01 1.655650827619651877e-01
2.476595354130395887e-01 1.292562320125160147e-01
2.869549331286230798e-01 1.881196000479029018e-01
2.512909207202744244e-01 1.987992222421258726e-01
2.595645867579626787e-01 1.843464964643343196e-01
2.761411476595035941e-01 1.140207334395907934e-01
2.422920739618587560e-01 1.109516018651237057e-01
2.290811243421536081e-01 1.234166072193584596e-01
2.479603693377290807e-01 1.311110128307437228e-01
2.750810930889548978e-01 1.182466699522443099e-01
2.300902841787773601e-01 1.373041069124573132e-01
2.937914692329159916e-01 1.100809400901526514e-01
2.700224015611324968e-01 1.518904792258929659e-01
2.791224036980671230e-01 1.197543492699852941e-01
2.574233087974988066e-01 1.265669148264205734e-01
2.780133317178033470e-01 1.425746668994076205e-01
2.288931715119376098e-01 1.338157434135374690e-01
2.808089743809830119e-01 1.312384230066013791e-01
2.964930561972303202e-01 1.209347760439971886e-01
2.668562298140541578e-01 1.053565890341559563e-01
2.244105178024778380e-01 1.704191832761133285e-01
2.832487300444575529e-01 1.747194210156562955e-01
2.112196080288065159e-01 1.231881464196100950e-01
2.398748481129683863e-01 1.583170612095287921e-01
2.152851162776104887e-01 1.056718387539304083e-01
2.571626453601748574e-01 1.649119055294137048e-01
2.275104545053900362e-01 1.281496955001528160e-01
2.166033177835354206e-01 1.655935711969958590e-01
2.163390034688499886e-01 1.742483006714511395e-01
2.381485314319026214e-01 1.109442613098808317e-01
2.057911006906426032e-01 1.799142099093083147e-01
2.793092624309442829e-01 1.420336991885952638e-01
2.530511019523153382e-01 1.858827219343888726e-01
2.046467582554473696e-01 1.704671972499972599e-01
2.098503023302667470e-01 1.765525330598500808e-01
2.630174033428826497e-01 1.904312011515918446e-01
2.264893129778356995e-01 1.740738996721680754e-01
2.832379359639347061e-01 1.674312506672100964e-01
2.227317754318441367e-01 1.766541770431567515e-01
2.585659010803004754e-01 1.139620448960729504e-01
2.842030258451079816e-01 1.226956491295160268e-01
2.219567456400590166e-01 1.410836170767826858e-01
2.975601469335842353e-01 1.809593484325403567e-01
2.047672319754239023e-01 1.898457316248937654e-01
2.332847529000469655e-01 1.684714584891703892e-01
2.821061996633955071e-01 1.838842002411949783e-01
2.939518602075968934e-01 1.788693132908871497e-01
2.065741158060567795e-01 1.367848884345394811e-01
2.433227294224744597e-01 1.199007784662295684e-01
2.115169322663730811e-01 1.196276960132136580e-01
2.202787564039914714e-01 1.597625560124060484e-01
2.681858287011048003e-01 1.076870239314552669e-01
2.823325707678703833e-01 1.198742464752294845e-01
2.564098162070008180e-01 1.203308888871724991e-01
2.649610290292208625e-01 1.722639663246358643e-01
2.449261991758332480e-01 1.050129475825307135e-01
2.811890717540629359e-01 1.834670817737677762e-01
2.360266654393488595e-01 1.045267630356363775e-01
2.956203024802200874e-01 1.285123577949225937e-01
2.107375458730612605e-01 1.904008912029523937e-01
2.844433485287294339e-01 1.186135715325900009e-01
2.733370500696993832e-01 1.807613968020046202e-01
2.903857421013352202e-01 1.519398365027850306e-01
2.216561875874102361e-01 1.415675749155780039e-01
2.365644653523544805e-01 1.387656230729907292e-01
2.920478943970248875e-01 1.847770150145905121e-01
2.620244288591632165e-01 1.104131113240156559e-01
2.285060897006750413e-01 1.776108000224116967e-01
2.294758978347149481e-01 1.953248483653609591e-01
2.033557801943042809e-01 1.615597659874976055e-01
2.009795359564845452e-01 1.711814010159969923e-01
2.457614588239711573e-01 1.759853872461340507e-01
2.437051969026692855e-01 1.701374516794952885e-01
2.871048782626562379e-01 1.818225515463677833e-01
2.797068038674696000e-01 1.991052083946368567e-01
2.101230789155023593e-01 1.410212233143701699e-01
2.379879752969946138e-01 1.374661618522868278e-01
2.073786352589408466e-01 1.350990314631792255e-01
2.297369302381293554e-01 1.750252050134919191e-01
2.660452404284853745e-01 1.523865007374702318e-01
2.618313292816160653e-01 1.006252323990680930e-01
2.849010672566796853e-01 1.740481871861312979e-01
2.481897060151387335e-01 1.870000662486113463e-01
2.383754731481245726e-01 1.214212178000503295e-01
2.310298687280797902e-01 1.752346028166159586e-01
2.294297642306779572e-01 1.994151532624516832e-01
2.008705427650144815e-01 1.869687583526454810e-01
2.353593759432895394e-01 1.804403659517377911e-01
2.250139332122961799e-01 1.540069243978165192e-01
2.219913424281509950e-01 1.155533385089200227e-01
2.169534576089532929e-01 1.068618797955157296e-01
2.360182669275199818e-01 1.113944988033480632e-01
2.078704644974329607e-01 1.790949547658019503e-01
2.266343520538307565e-01 1.736483975361007015e-01
2.305686320915871224e-01 1.491991897766487829e-01
2.845640590466206876e-01 1.170746682076656553e-01
2.939287244085145856e-01 1.442747285332438290e-01
2.824685902208471378e-01 1.669101261652033985e-01
2.735479560160515300e-01 1.310670264545362174e-01
2.419002728862331697e-01 1.241159418277837101e-01
2.200128699223840578e-01 1.854509650353501904e-01
2.965795106351781230e-01 1.746711133545920669e-01
2.847441276338716909e-01 1.204859059692463819e-01
2.647612461469608380e-01 1.571984170957680116e-01
2.577094928374852878e-01 1.299034281683633663e-01
2.845893616573155205e-01 1.528997203272121908e-01
2.073750959704470098e-01 1.329797732697562684e-01
2.448306211771833496e-01 1.505308062836337724e-01
2.408111754204498856e-01 1.144397306086174237e-01
2.689062746149795124e-01 1.972411885168376400e-01
2.101076789164304515e-01 1.298585570935415490e-01
2.879340284903814107e-01 1.248159344209197052e-01
