2.877278299175731191e-01 6.368445826630360074e-01
2.675049472388287275e-01 6.513312052372367544e-01
2.961875275357496173e-01 6.672495585929650863e-01
2.131530617227274660e-01 6.468553817256857963e-01
2.527280015113171352e-01 6.042760594386249462e-01
2.476460585804601267e-01 6.033389581964430093e-01
2.569817043657088851e-01 6.407410386343070918e-01
2.952010527642434101e-01 6.163044045981485031e-01
2.926877643479672830e-01 6.169479146798517721e-01
2.529768320671942905e-01 6.017975195015203838e-01
2.748303739309632121e-01 6.044106824548394208e-01
2.408834067945391788e-01 6.157142611791706077e-01
2.263869874283347405e-01 6.433685236651198736e-01
2.985982900198533296e-01 6.207263419924186065e-01
2.939482831391344586e-01 6.353926203295354735e-01
2.620174790068987014e-01 6.208933467075415935e-01
2.931012003363045459e-01 6.093262139590032156e-01
2.911574058739526683e-01 6.032571461139913938e-01
2.662326067794336115e-01 6.117708937189910712e-01
2.950758080289620500e-01 6.305842191481498826e-01
2.991768211332436200e-01 6.044872946603401243e-01
2.764722229377181151e-01 6.061527505231142365e-01
2.105958385359079088e-01 6.307130042195714381e-01
2.555378746696524428e-01 6.060348329681989332e-01
2.863088212226860829e-01 6.656006459074157444e-01
2.874239296079088568e-01 6.472161867887855635e-01
2.965733750339420993e-01 6.205044298616650966e-01
2.908875907568136965e-01 6.036370588823625205e-01
2.807883556824829485e-01 6.011195940903923951e-01
2.492094428877310031e-01 6.282766940006088152e-01
2.470659835758150513e-01 6.790831692194627678e-01
2.749313426405673999e-01 6.134149684021422688e-01
2.271352963038608119e-01 6.404942455315201233e-01
2.980106765991099582e-01 6.783185653941640192e-01
2.789136963852122397e-01 6.704941233122869715e-01
2.937525816936927825e-01 6.676060240787906608e-01
2.961652698383623328e-01 6.146514033372681984e-01
2.772492859579166469e-01 6.151906866467671264e-01
2.294107694410597587e-01 6.202663662988224802e-01
2.821513574508344169e-01 6.374745432935976508e-01
2.246441774219984366e-01 6.348429177054474293e-01
2.292198874148720367e-01 6.234907479373573702e-01
2.873613576922107726e-01 6.367122183905231658e-01
2.925886156858996112e-01 6.390005746352683813e-01
2.761836974946595413e-01 6.369093839073559637e-01
2.195256238327129572e-01 6.798899541777582156e-01
2.003984814908865153e-01 6.421721240440008138e-01
2.934458386545958364e-01 6.412572893787213957e-01
2.676261468728216020e-01 6.461408095790808215e-01
2.904825680555084277e-01 6.018853765926857058e-01
2.908783820357889738e-01 6.363426079643762501e-01
2.402919466903973289e-01 6.081624805097809450e-01
2.707929416181374949e-01 6.254035108594697689e-01
2.759105757666051595e-01 6.044273935943985654e-01
2.783310670402926457e-01 6.422361745623176299e-01
2.821092701147874804e-01 6.444281039315822301e-01
2.698349499339393054e-01 6.446127842133233532e-01
2.979713876068618150e-01 6.125128071750024494e-01
2.778504628989829639e-01 6.073540015828748917e-01
2.773149369305573098e-01 6.185965806116037191e-01
2.892219758627322390e-01 6.449850437071562581e-01
2.894321534803316887e-01 6.144409275509152835e-01
2.539654480382192436e-01 6.228005398048145347e-01
2.787081121674973572e-01 6.227340409802923915e-01
2.586200226566310878e-01 6.211341325162630378e-01
2.615564624610296485e-01 6.750084831617674253e-01
2.834189120203951529e-01 6.580839790852137661e-01
2.494778960129115930e-01 6.313693342578234891e-01
2.648001937546519691e-01 6.388282641621507718e-01
2.833512319776513855e-01 6.055102247997549147e-01
2.498493891455961236e-01 6.155763568946017728e-01
2.922761084545589805e-01 6.018336646059379014e-01
2.360684306678880184e-01 6.678830780124551669e-01
2.847878289608511970e-01 6.038637474774262159e-01
2.344331799589570164e-01 6.206899690322762453e-01
2.611196514167496985e-01 6.019501399296031119e-01
2.989078115491650700e-01 6.053390080671164908e-01
2.881886421836452050e-01 6.086187732379092497e-01
2.250332866189097003e-01 6.059049704307019057e-01
2.782613139877383457e-01 6.164521208020634635e-01
2.842167095178355085e-01 6.122324526740745565e-01
2.775125457075469093e-01 6.103747607294099931e-01
2.664311874982454587e-01 6.226630938885345801e-01
2.934356212201685299e-01 6.201404893852089373e-01
2.920508333985361027e-01 6.359114209861332911e-01
2.857127408687147874e-01 6.297009393526453724e-01
2.807627884869053903e-01 6.149953043890307169e-01
2.904418857486252836e-01 6.286947875963087018e-01
2.718856720593912923e-01 6.016234031422634798e-01
2.642181278288516788e-01 6.346170784604675541e-01
2.767169119831238144e-01 6.241331004350613165e-01
2.800443041213006579e-01 6.116462840141412283e-01
2.884025921221562427e-01 6.558136038751836150e-01
2.875678216769120832e-01 6.301870001277625200e-01
2.861664732955820911e-01 6.061152993374481213e-01
2.925655251354993824e-01 6.580951884986888656e-01
2.951326812225397167e-01 6.116117488088194110e-01
2.914766874506256045e-01 6.455852142429071572e-01
2.614326250553187236e-01 6.428664031553132929e-01
2.834378988617284878e-01 6.030427418877737367e-01
2.358404116082981616e-01 6.018577174652134376e-01
2.908565598004982933e-01 6.144569876474542669e-01
2.856080002001679108e-01 6.047670811387184653e-01
2.577863905020373880e-01 6.143928270096608024e-01
2.489248349251939052e-01 6.012120820854388592e-01
2.670651296877370462e-01 6.395983364698664131e-01
2.976761034986813437e-01 6.300208090924719340e-01
2.736131718437653237e-01 6.143317412940310085e-01
2.678646563341207654e-01 6.067361863877174244e-01
2.897186494855674699e-01 6.226901242540846537e-01
2.021877810597160763e-01 6.057364224204070391e-01
2.841993190270460934e-01 6.178392635205988137e-01
2.863911854989552586e-01 6.571367582569423993e-01
2.963963061056650306e-01 6.226062615869686345e-01
2.497133428248997089e-01 6.379448157182255885e-01
2.906192929654005663e-01 6.562436287177336736e-01
2.911809156343382332e-01 6.096918436687430720e-01
2.851175223209993503e-01 6.402330413637884465e-01
2.951335779986807295e-01 6.611909961764056431e-01
2.817284986258269397e-01 6.562685031925483692e-01
2.502131284911476294e-01 6.566668938836666136e-01
2.953503348234678416e-01 6.023485546291049708e-01
2.895636593235580980e-01 6.595423166852721897e-01
2.675329878166196607e-01 6.661486082210209547e-01
2.999905472193230005e-01 6.388224546790615133e-01
2.940577901113856640e-01 6.283292798360358145e-01
2.512838989864052963e-01 6.012611250530467411e-01
2.847077810696287958e-01 6.940677789567617495e-01
2.873388654639090767e-01 6.200255547123288968e-01
2.955948952576319400e-01 6.035021870756187568e-01
2.852816977168608492e-01 6.265562491023415337e-01
2.780530114884423032e-01 6.371503924929298179e-01
2.698881955971093038e-01 6.175535198907902146e-01
2.733938597181906349e-01 6.363247823042678109e-01
2.952183097470901796e-01 6.404032302615775274e-01
2.879513657568846252e-01 6.225689688213233985e-01
2.959676149638156839e-01 6.977109620696997361e-01
2.885413171183666137e-01 6.379054985147947221e-01
2.719126690573369087e-01 6.170488100434265988e-01
2.667312587500883514e-01 6.032850535485452248e-01
2.437736385105959136e-01 6.072734806230593030e-01
2.639620727361966512e-01 6.687703149657696633e-01
2.767248591274652503e-01 6.046648253717432642e-01
2.669198742527258972e-01 6.213473327591207962e-01
2.989210877174897085e-01 6.376989389715054246e-01
2.885740539913674296e-01 6.237864029842350444e-01
2.988541838273872098e-01 6.625638514480516328e-01
2.182349580528520905e-01 6.467235734548917314e-01
2.926457299142051216e-01 6.100461732593920328e-01
2.344004504003059930e-01 6.323190394534177194e-01
2.869967764689960732e-01 6.135515793179889821e-01
2.795235990231956791e-01 6.326907998591231319e-01
2.813435424570963628e-01 6.926297068968247928e-01
2.952109642907191356e-01 6.064953198951676949e-01
2.943657917641174793e-01 6.104315048441507630e-01
2.314624496489770533e-01 6.077633559694910481e-01
2.740086575966413918e-01 6.202918258361925785e-01
2.894956275715898641e-01 6.006477807281340731e-01
2.571968657007322467e-01 6.011980310388127524e-01
2.633756528908932637e-01 6.348716031747667632e-01
2.905218733201181402e-01 6.471912002642266071e-01
2.914345743512994358e-01 6.241801443535132110e-01
2.902564025611514831e-01 6.361022795391183537e-01
2.874754037996059552e-01 6.696272842922769142e-01
2.818369878546894691e-01 6.190335149040766538e-01
2.188000171784163506e-01 6.845248736092649500e-01
2.993891155836246876e-01 6.327456871549288486e-01
2.456091034841518805e-01 6.009558211557719520e-01
2.767729440081763137e-01 6.035142741271145583e-01
2.662327138300742968e-01 6.129298960150604270e-01
2.946282052882470137e-01 6.471191473607602607e-01
2.816207574878035746e-01 6.383407020723355085e-01
2.855258103922856394e-01 6.373680184764622947e-01
2.630410911297922927e-01 6.151396490134846129e-01
2.014130379324369224e-01 6.216538044023333098e-01
2.314533833084140846e-01 6.011966111804237789e-01
2.839454010685803498e-01 6.153839714345782363e-01
2.934306171160753207e-01 6.282927795884774014e-01
2.985305533804352152e-01 6.038973919552583780e-01
2.779665869660266075e-01 6.381479586356696432e-01
2.987159062023323486e-01 6.147085979429484093e-01
2.248615006607269096e-01 6.575056891748838339e-01
2.955395871603626601e-01 6.250091378730295855e-01
2.840280818942437779e-01 6.021882727412606329e-01
2.958987372031711138e-01 6.714083088359958928e-01
2.753145541626537129e-01 6.576147967358292323e-01
2.867419589543649394e-01 6.210700458246188882e-01
2.907305002540958028e-01 6.179045103905953518e-01
2.793918685043143002e-01 6.374766307866789328e-01
2.808124532216851876e-01 6.350219735704567547e-01
2.480201157662852429e-01 6.376438604089050832e-01
2.705084383080201826e-01 6.021563935946404600e-01
2.804684734183930939e-01 6.388421183851720198e-01
2.994397559145252075e-01 6.530688200273088162e-01
2.848469292497665117e-01 6.117502572686261963e-01
2.440469856759387435e-01 6.120615309156535178e-01
2.408394647879105732e-01 6.057602761690973336e-01
2.499384061834623028e-01 6.343411315070813794e-01
2.993323613713952946e-01 6.162094763104298822e-01
2.658969673182591253e-01 6.050956278770440733e-01
2.814312467106274696e-01 6.037253925939067845e-01
2.802561035372787002e-01 6.161608063230544774e-01
2.987342697809934888e-01 6.108208959294858520e-01
2.488162143823625660e-01 6.018795489437338553e-01
2.985578595188471684e-01 6.087934634859120120e-01
2.910566890107463278e-01 6.002345259727551730e-01
2.976668535347858358e-01 6.345104970031827385e-01
2.824783293854654653e-01 6.559356327914150908e-01
2.918942594573735727e-01 6.452183429820786964e-01
2.448359437836284402e-01 6.356834964447061198e-01
2.883171539075862766e-01 6.262047714077407790e-01
2.968245168283806246e-01 6.026987258869918040e-01
2.941218015658530471e-01 6.180079540006834238e-01
2.930576488464030627e-01 6.238203975217250230e-01
2.625681639721414995e-01 6.296723280627940511e-01
2.718536799219681832e-01 6.619922271075228126e-01
2.779996975276054494e-01 6.577229625598938201e-01
2.466273936691043556e-01 6.276830288252676082e-01
2.213700887730871147e-01 6.094449458946427090e-01
2.825919009419362027e-01 6.427218114196646681e-01
2.994451693705698636e-01 6.003749026328027982e-01
2.716291753720636581e-01 6.054264801001942864e-01
2.975891254023320665e-01 6.047847744126727543e-01
2.929580017744846110e-01 6.766282502901053153e-01
2.795135951243097328e-01 6.501316113470563263e-01
2.942459754173850639e-01 6.073245049825052311e-01
2.388963024122536249e-01 6.254861340712996043e-01
2.966694483701017848e-01 6.035540226246325357e-01
2.883129791862369951e-01 6.706659189949009114e-01
2.876547302735286138e-01 6.024452895511003270e-01
2.860854414249305311e-01 6.071057550517775514e-01
2.549975604170136578e-01 6.011573445459900134e-01
2.979443287306344779e-01 6.292471186508677983e-01
2.175008312923733533e-01 6.080145187782041161e-01
2.936165386888220930e-01 6.012347712495084151e-01
2.357683219281039855e-01 6.288451924307940644e-01
2.820581476698907908e-01 6.230351908972970865e-01
2.372886732106940788e-01 6.136473379733828892e-01
2.777347760168478175e-01 6.352761994720981242e-01
2.888369041610946431e-01 6.048385609986681732e-01
2.522187506204217056e-01 6.435451943395636976e-01
2.654778583464025843e-01 6.046401831719382391e-01
2.721710625816561313e-01 6.001264385625706410e-01
2.704841559092372449e-01 6.403848743349539463e-01
2.394462868274088718e-01 6.083253400339883044e-01
2.717436050631415467e-01 6.278381835627641072e-01
2.868266341162453159e-01 6.143816344643246996e-01
2.806055270281764269e-01 6.022177299188132826e-01
2.888842064870340565e-01 6.166358113342179648e-01
2.661715530687387421e-01 6.009036759459338572e-01
2.947379017621966080e-01 6.115201744599164657e-01
2.909932131779739972e-01 6.528843587320335429e-01
2.474955962013076216e-01 6.353224616204775632e-01
2.961652581695270459e-01 6.263894472657710599e-01
2.767052366642007710e-01 6.107271906703434228e-01
2.969998595184275003e-01 6.964556544318479814e-01
2.918595706521118771e-01 6.069673464813024610e-01
2.902659160632101720e-01 6.273515217408190958e-01
2.813751069833294594e-01 6.028166969894702687e-01
2.992962610938747492e-01 6.130373470267757030e-01
2.796918891243894145e-01 6.764949038405332349e-01
2.929256858642543815e-01 6.210294534614776429e-01
2.987301193471521010e-01 6.266818436835077666e-01
2.708017276695648956e-01 6.090615758930565393e-01
2.826377312963990751e-01 6.096630951238217744e-01
2.975674686507591149e-01 6.279288349957341531e-01
2.763170113842424169e-01 6.030248899903616344e-01
2.851091782387056295e-01 6.402820837340575943e-01
2.521730345042325072e-01 6.806253419858103726e-01
2.939663669924384992e-01 6.899892398931027904e-01
2.933937109589666026e-01 6.166938980677274529e-01
2.878946037825094173e-01 6.289518305187922209e-01
2.577882865698087889e-01 6.257978019463219521e-01
2.905189473814555612e-01 6.283878428989929654e-01
2.678740855420362332e-01 6.790436803922377251e-01
2.428950355838973563e-01 6.423745310002844100e-01
2.853926918528350565e-01 6.045757969790578334e-01
2.625284751518223159e-01 6.624698586873365436e-01
2.894417260811290582e-01 6.108233561901472708e-01
2.751657582382452949e-01 6.045032661291447340e-01
2.739710932029304491e-01 6.112855507416923295e-01
2.949483164903994314e-01 6.143164815593377126e-01
2.978472765089170693e-01 6.017663273096611753e-01
2.651734677783782468e-01 6.988802069558798236e-01
2.905805781133938837e-01 6.051762603174410948e-01
2.999779054374536735e-01 6.647985513678563718e-01
2.846505867070231455e-01 6.469974491259240512e-01
2.732701585862687965e-01 6.407801260911583086e-01
2.688625073773242002e-01 6.750588865255022775e-01
2.233264341696734046e-01 6.453010701537333915e-01
2.797771352569040082e-01 6.139808590127651122e-01
2.876478510046456827e-01 6.346141582473157072e-01
2.700807320031562986e-01 6.108311756193259834e-01
2.659310839004795923e-01 6.146890944118705846e-01
2.924537703335090000e-01 6.274191571428396896e-01
2.957536278976442556e-01 6.176628621454306467e-01
2.040115850387113627e-01 6.275922463496672599e-01
2.893118333573519441e-01 6.107391619857414078e-01
2.633771978804615999e-01 6.090049685760238196e-01
2.732476421926657295e-01 6.553773830206465201e-01
2.634901080101171855e-01 6.008068590408645049e-01
2.759308654513568104e-01 6.079977591583300978e-01
2.635466414062364038e-01 6.573435200553804370e-01
2.728561866694688143e-01 6.202734474473543536e-01
2.739946131968524767e-01 6.575760195256039609e-01
2.665108931749519683e-01 6.102318241007642641e-01
2.960268811513306897e-01 6.568313631265816355e-01
2.549936917386148583e-01 6.426334112527254394e-01
2.632460781764746627e-01 6.307921971231306157e-01
2.886720992569822841e-01 6.960106953281497422e-01
2.973435702066871134e-01 6.672182389559744298e-01
2.718737474963862089e-01 6.465880633404689215e-01
2.522548373490330897e-01 6.348043939384443446e-01
2.995947246865279245e-01 6.696077678057853477e-01
2.549904549682271981e-01 6.056801050425395516e-01
2.920273401929595058e-01 6.771564603841115915e-01
2.849358151308775122e-01 6.241463963703194340e-01
2.581647309562543069e-01 6.243772772494680101e-01
2.686032825395107126e-01 6.107657836828911391e-01
2.575533993675321320e-01 6.128772207133098560e-01
2.482333396997783437e-01 6.188317488445864711e-01
2.794051563076725420e-01 6.288264053525500774e-01
2.990655189347138920e-01 6.120622781662904410e-01
2.670777284174822852e-01 6.219346948071045045e-01
2.946295181371544336e-01 6.100298868661369056e-01
2.987474236556286744e-01 6.425676909868296427e-01
2.556872314663423129e-01 6.053128113575847458e-01
2.983091045276045072e-01 6.095458422515168673e-01
2.921985270092914977e-01 6.832523245644959164e-01
2.909816751589876516e-01 6.689793250040301231e-01
2.974508621652415252e-01 6.377597149062197435e-01
2.889941100415723829e-01 6.077826469336834458e-01
2.765717562447585487e-01 6.028955316785250540e-01
2.618453157410006726e-01 6.065772432993878915e-01
2.809942119398037841e-01 6.444368534065092469e-01
2.574747535277016053e-01 6.211791942166533520e-01
2.813154046662205143e-01 6.409414823001110539e-01
2.542288462284407746e-01 6.004597510684310802e-01
2.556963369107630446e-01 6.064443880783603191e-01
2.923959450455191345e-01 6.229620499340517981e-01
2.553963855480258505e-01 6.450947407722342763e-01
2.605903479631420661e-01 6.209878504394850118e-01
2.903104216730507670e-01 6.022803092352734255e-01
2.720092854381388481e-01 6.080923135234684862e-01
2.572597286650599724e-01 6.900298710822634352e-01
2.949430057493642732e-01 6.230481059299947111e-01
2.999194621074894318e-01 6.043540525534336627e-01
2.914246153508666115e-01 6.295656014422855717e-01
2.973804084306121975e-01 6.559328084439703943e-01
2.738866665100458397e-01 6.498160842904585621e-01
2.839267499013508056e-01 6.481584993385144378e-01
2.493249736891298696e-01 6.270690341989332284e-01
2.963532092764971093e-01 6.025699382228866252e-01
2.302480123473504836e-01 6.040988170728626150e-01
2.714323892424267415e-01 6.537702545753796279e-01
2.785855910229430576e-01 6.037071064868871906e-01
2.609098531655540953e-01 6.180249591460520442e-01
2.963966806897077033e-01 6.180314812255092161e-01
2.973400973266436265e-01 6.198775292277558524e-01
2.540795165235267827e-01 6.443341186271613896e-01
2.229693542305521414e-01 6.212618553145983213e-01
2.903685089643489592e-01 6.238532445070281707e-01
2.698615967619277800e-01 6.108174013764129384e-01
2.939185564337053469e-01 6.503623668131134350e-01
2.959185347589006754e-01 6.098379641359036318e-01
2.643430691853715930e-01 6.115701963197287538e-01
2.779122668317088873e-01 6.152297350464637216e-01
2.502887302475431675e-01 6.035827474770040224e-01
2.518841595665887723e-01 6.285966970171421586e-01
2.382569354030464326e-01 6.374284478265793696e-01
2.997320712660464515e-01 6.130454591320213531e-01
2.464134579554908555e-01 6.033629866183197743e-01
2.916758318560518370e-01 6.270351629006616356e-01
2.599153557222552702e-01 6.207179572831267311e-01
2.863284049092765238e-01 6.715904146686147991e-01
2.763804918614688466e-01 6.260357340425792838e-01
2.722576133123397746e-01 6.529655004240328964e-01
2.991516303388702669e-01 6.357077742983074931e-01
2.953219225507504597e-01 6.046446212933499487e-01
2.525866978912894578e-01 6.276301677338875784e-01
2.871399553615651135e-01 6.065255994989552368e-01
2.532173790647056499e-01 6.395167482546072479e-01
2.890056210362921263e-01 6.170232435149672900e-01
2.596388058580986202e-01 6.255372476026427320e-01
2.828881994510148989e-01 6.244871021344802209e-01
2.695001661073778143e-01 6.608595606165297287e-01
2.228055811760041860e-01 6.314897032260178289e-01
2.611923272125962203e-01 6.740248190803408423e-01
2.505089609822415131e-01 6.031749493577738264e-01
2.670471260688631610e-01 6.054621749154509569e-01
2.196830527696456148e-01 6.751109680439107974e-01
2.821575229053011058e-01 6.124138613984286827e-01
2.915280548838707908e-01 6.286515817904949621e-01
2.023705198767744573e-01 6.195085920539319391e-01
2.380185566343319126e-01 6.015709671680518067e-01
2.844783248394036068e-01 6.138542436410019398e-01
2.938066190265878896e-01 6.378673755677731760e-01
2.977263498538292863e-01 6.208652543760908582e-01
2.934656175880248075e-01 6.321666090629155521e-01
2.789058389194554177e-01 6.321348701827295136e-01
2.965467891636330844e-01 6.320998249318399154e-01
2.955721232765138318e-01 6.415400487932436668e-01
2.350696143991596876e-01 6.247566518131882907e-01
2.377156512080554340e-01 6.206295143966772399e-01
2.977947077413953814e-01 6.082348789729355998e-01
2.950082771440037943e-01 6.025544836014602446e-01
2.223497811187303830e-01 6.516417483522878307e-01
2.833316480626932310e-01 6.438803230526581878e-01
2.648490750731446464e-01 6.122519425366910184e-01
2.766309520689338997e-01 6.328224421466648320e-01
2.488080366257562903e-01 6.075477437756998667e-01
2.763225352670672375e-01 6.036004811262242198e-01
2.893339948609550127e-01 6.059063696357139817e-01
2.598424446254177789e-01 6.049084275102727393e-01
2.897130143155309256e-01 6.701464300637600680e-01
2.650251725595041408e-01 6.270200098952586343e-01
2.386698565532902605e-01 6.038100641329975371e-01
2.673005560778203837e-01 6.480256791374450209e-01
2.612074333634287759e-01 6.363807797382038389e-01
2.821298315224098907e-01 6.022284619957690710e-01
2.404532813310244488e-01 6.124384953403168019e-01
2.612884585232896351e-01 6.455775503140439575e-01
2.943238911255335877e-01 6.226798801072275236e-01
2.805066899445746165e-01 6.064461438155683837e-01
2.460903881040287233e-01 6.440668678037509975e-01
2.680079801602967549e-01 6.496942175228390681e-01
2.576526491641030758e-01 6.137383771985578385e-01
2.814170885241532583e-01 6.562880712513162740e-01
2.847343553022311791e-01 6.659118405994610690e-01
2.599491510076413214e-01 6.000446483229157080e-01
2.642264759160831145e-01 6.200382874306871184e-01
2.742829969851195981e-01 6.500385542429241159e-01
2.922785922122475011e-01 6.520641268977217520e-01
2.822528705441358365e-01 6.227933287307028110e-01
2.848616108295508043e-01 6.011716536780100650e-01
2.424182503326773319e-01 6.283914958374541282e-01
2.863256323987720675e-01 6.214469206164461301e-01
2.749425152983572262e-01 6.112858120429481845e-01
2.892926262211752420e-01 6.226793413806437361e-01
2.705585157581125166e-01 6.166354712019694873e-01
2.891874402153591928e-01 6.359721163662972465e-01
2.485350748840035595e-01 6.247070479445075986e-01
2.563646506201068265e-01 6.014089944542276855e-01
2.963289978926169077e-01 6.824543887740178727e-01
2.982614694019974921e-01 6.242488136057844361e-01
2.866131348257200395e-01 6.284796784586965668e-01
2.803983014723332445e-01 6.401197544783598925e-01
2.991945242645655534e-01 6.109484853375185542e-01
2.822682119111538657e-01 6.139786400877005335e-01
2.799460126521488568e-01 6.072408118346134254e-01
2.598144848221621284e-01 6.118455788748483615e-01
2.656248987770984393e-01 6.055525151693210706e-01
2.556758556858099163e-01 6.299981416607809415e-01
2.830689357399970296e-01 6.091836558935089796e-01
2.220175739512239566e-01 6.004153969196260876e-01
2.956699632926753640e-01 6.173707804409386268e-01
2.559547027536921426e-01 6.215378710602379453e-01
2.913964281243857091e-01 6.577636491085444570e-01
2.981962777839110013e-01 6.145290671829946039e-01
2.904866983101775935e-01 6.698604842002288118e-01
2.867327536080173100e-01 6.105997361320694150e-01
2.482038614779308872e-01 6.179647852595916424e-01
2.910235290902917216e-01 6.181604270495573150e-01
2.646268813010637655e-01 6.012997468756305919e-01
2.836573931117095659e-01 6.185527563927317729e-01
2.823140213026205658e-01 6.068890194696883178e-01
2.538540042165389199e-01 6.212864642164871443e-01
2.920028262338134617e-01 6.213169435393062212e-01
2.321937615913109987e-01 6.036890255122054905e-01
2.964212594979077076e-01 6.071723517603357934e-01
2.773630276974828890e-01 6.284605570786375717e-01
2.450142850149186202e-01 6.655655350871569897e-01
2.961804405141306162e-01 6.441819663349122038e-01
2.772982248861176058e-01 6.073142884973613542e-01
2.794608986945668061e-01 6.472672349928452196e-01
2.668658286794353685e-01 6.962592576798114496e-01
2.947822989831626050e-01 6.367009482078672677e-01
2.892052531207034427e-01 6.126600139550038016e-01
2.024148569279743404e-01 6.152724102728708289e-01
2.828999977390789233e-01 6.156976429999088118e-01
2.863717288691930984e-01 6.175171973751242271e-01
2.892823235353649269e-01 6.301280500463029011e-01
2.822343784207220763e-01 6.038752262959482531e-01
2.473733624849377977e-01 6.717255510285621289e-01
2.966599194904656622e-01 6.176487018798977324e-01
2.619727834913055942e-01 6.840079041005451277e-01
2.793470378279083177e-01 6.749967229745760244e-01
2.512869147484876331e-01 6.281269443138173258e-01
2.629114090564969586e-01 6.205392892902815705e-01
2.561768786154634547e-01 6.119792321810615388e-01
2.708782669372619134e-01 6.028633530576985589e-01
2.957481443727353887e-01 6.197334407422580016e-01
2.214541538156242773e-01 6.361854265253166218e-01
2.454376860972228847e-01 6.462267708329512139e-01
2.790406401468598085e-01 6.028175121767694877e-01
2.714067706134170033e-01 6.378244757073486815e-01
2.871374628393812412e-01 6.201273505595910063e-01
2.663164824328074776e-01 6.240320011316861093e-01
2.815648243500040171e-01 6.020354704385795230e-01
2.940354765449013641e-01 6.173954121967768494e-01
2.968108506423036141e-01 6.029563822757079139e-01
2.659372462335090614e-01 6.920362909424417897e-01
2.768400867968678902e-01 6.116722503822692447e-01
2.915549158687497644e-01 6.275455610234890180e-01
2.846913554822351200e-01 6.430922217419920983e-01
2.747386115832280429e-01 6.018452934777164254e-01
2.780665296265611985e-01 6.038708933654662880e-01
2.839142313269881202e-01 6.476267324476897569e-01
2.451430134548409079e-01 6.618625838406357875e-01
2.913665502943689756e-01 6.245500291516663527e-01
2.885207047693794657e-01 6.520396573882017988e-01
2.691454543637283869e-01 6.215483378458960262e-01
2.739513189960643413e-01 6.642148570746103653e-01
2.960433874169412505e-01 6.920945918669709762e-01
2.841989752043296846e-01 6.371417691063907540e-01
2.707656705117095219e-01 6.388376214286768384e-01
2.617527487514044737e-01 6.173473566577827309e-01
2.695560817061626313e-01 6.163190865259553508e-01
2.962808662646207458e-01 6.254388755598589977e-01
2.503762596112132366e-01 6.202086879691275367e-01
2.927737629265685371e-01 6.250761761724594745e-01
2.723503207176048990e-01 6.165362090575718934e-01
2.973799032994871583e-01 6.223732416974481207e-01
2.817487741875912555e-01 6.308839918622334286e-01
2.718588419842438153e-01 6.252946394278885434e-01
2.801860961278933582e-01 6.025699104718246213e-01
2.865099173256627774e-01 6.487817273828321296e-01
2.985684871662672712e-01 6.260541539698316615e-01
2.932412282467036779e-01 6.265077015544658900e-01
2.650150357561015801e-01 6.363005943433169831e-01
2.836128602561397982e-01 6.558378752187793426e-01
2.808411679445989018e-01 6.746974651878941964e-01
2.235202947959570308e-01 6.281572391618956974e-01
2.654122748484583072e-01 6.003804924815822064e-01
2.883625040643387205e-01 6.106996902943098160e-01
2.612826856278487320e-01 6.048761065779429957e-01
2.724383008671854012e-01 6.063277512659555057e-01
2.426108517911141349e-01 6.230015403829342047e-01
2.786934642170968424e-01 6.063017686126888073e-01
2.532592260196877554e-01 6.264961227630614360e-01
2.932688919423760421e-01 6.683745674288705807e-01
2.567513254509981024e-01 6.090906152628938752e-01
2.975852479929654848e-01 6.576213931005762126e-01
2.736552927721755402e-01 6.885214452844390376e-01
2.097163671287516351e-01 6.146934304249802583e-01
2.605657936102102057e-01 6.605402815752829948e-01
2.522887175615603494e-01 6.022098427538351562e-01
2.928752416354691857e-01 6.066961504656666060e-01
2.783947729963807127e-01 6.029339887868875314e-01
2.340863778988685473e-01 6.209321864870948060e-01
2.732029433135939600e-01 6.477752951243667123e-01
2.673181797719231256e-01 6.645475392474821108e-01
2.850454439777741489e-01 6.220283154579714369e-01
2.965065682535367175e-01 6.243561227194607266e-01
2.804352252734243489e-01 6.538989200835815252e-01
2.965670508726078181e-01 6.014283919106733212e-01
2.600849722482465043e-01 6.159077899514835419e-01
2.458902034264331404e-01 6.453053546754319303e-01
2.361888399792253512e-01 6.152222050363644890e-01
2.330965762062651159e-01 6.252922503332752902e-01
2.626722434310983512e-01 6.134195171579904793e-01
2.652745566459503990e-01 6.372556724855220622e-01
2.798340071447754651e-01 6.258816516105131234e-01
2.517825807276431460e-01 6.069796332909150882e-01
2.951238353318340613e-01 6.630396078669903437e-01
2.990051931686131814e-01 6.116504718819213426e-01
2.887295500494956868e-01 6.150319406268685007e-01
2.835506554712425853e-01 6.098168855600342164e-01
2.866533618879132939e-01 6.282696964580349874e-01
2.732213848471959916e-01 6.197694410589420499e-01
2.747805834428113103e-01 6.437710975636182775e-01
2.723531071698035988e-01 6.443848639277029999e-01
2.632172810120505524e-01 6.356363559115589812e-01
2.562666847956420191e-01 6.379767597497818521e-01
2.976608215415328385e-01 6.234648382431954294e-01
2.528051225237017974e-01 6.192029408053707495e-01
2.814987131994938219e-01 6.844941033333291625e-01
2.925118280214044075e-01 6.019781416836413879e-01
2.835672919480365373e-01 6.371565268149154138e-01
2.865419778366353198e-01 6.066389200698464323e-01
2.807097100457413563e-01 6.194892823202609033e-01
2.581346806743348155e-01 6.170766935691323063e-01
2.832749369562538311e-01 6.200497340900147369e-01
2.995781186450785505e-01 6.018391198617198956e-01
2.975204925479160156e-01 6.451369445696613081e-01
2.283354490616276156e-01 6.119691900881956137e-01
2.863820686793395742e-01 6.046253274330575245e-01
2.901033266181713421e-01 6.473204820850465557e-01
2.924841752851125021e-01 6.108742527799592148e-01
2.806476719761640259e-01 6.004219156563898041e-01
2.733923933244130633e-01 6.999270334656370052e-01
2.947214964456169595e-01 6.232127769302080456e-01
2.918466509403966347e-01 6.674269617303526525e-01
2.782260398800429080e-01 6.009358761435675822e-01
2.970420636179987861e-01 6.004729446687415706e-01
2.972079780101172242e-01 6.604831403433333303e-01
2.132283250116476792e-01 6.540234672800731008e-01
2.806504874567194996e-01 6.148542945107029478e-01
2.904260882807804256e-01 6.100019053699854421e-01
2.875473705138695268e-01 6.252833679159056635e-01
2.402228612630701865e-01 6.374096097732933064e-01
2.402633716491849869e-01 6.025002786971900282e-01
2.840197042268514105e-01 6.916945845862259024e-01
2.778581574826863854e-01 6.060123124949725604e-01
2.555951509750317707e-01 6.058227158956899228e-01
2.973256367424959024e-01 6.370673281120521336e-01
2.764605669797811638e-01 6.230377270052026573e-01
2.665188735005713516e-01 6.141963745823835197e-01
2.823030214735960941e-01 6.275146522713263009e-01
2.760248401857508527e-01 6.220000260142531934e-01
2.876156821739626057e-01 6.023643131662206329e-01
2.332522731438714803e-01 6.287825604224484000e-01
2.554689926226601515e-01 6.786603565271942529e-01
2.850438061906047649e-01 6.074522559520149079e-01
2.599587583170581695e-01 6.068284636940207699e-01
2.885638966832937413e-01 6.007027269597436936e-01
2.633264338851388775e-01 6.680628760127482746e-01
2.997916393809094693e-01 6.322525535460556956e-01
2.970024777583256670e-01 6.373732919756576187e-01
2.938388778308105853e-01 6.083089810261375074e-01
2.930318762720078851e-01 6.177883821510329332e-01
2.886668455485209006e-01 6.070495196193288479e-01
2.663777297471598415e-01 6.248509827210962930e-01
2.335409666050762834e-01 6.344682177020123381e-01
2.902497004191255670e-01 6.200626775840564209e-01
2.382960087373864888e-01 6.340102580981008540e-01
2.606726916823191575e-01 6.086590146548132019e-01
2.970457382843103566e-01 6.268017907285463597e-01
2.580744155270690565e-01 6.225678745355686106e-01
2.303362804628049099e-01 6.690440786771241211e-01
2.546911747864112896e-01 6.088306142000792232e-01
2.995106775456892190e-01 6.052910192890318397e-01
2.942017266852476887e-01 6.208978033113361494e-01
2.936892107543819241e-01 6.144567645147136492e-01
2.990837731344757611e-01 6.557144337952780511e-01
2.699302953915873604e-01 6.157245305262684099e-01
2.855731401551634407e-01 6.160086399612335617e-01
2.683196783815204878e-01 6.268755222049136044e-01
2.962395409627461840e-01 6.342407019477336316e-01
2.443281677635228410e-01 6.573587145280543886e-01
2.799573878964334295e-01 6.377179440202943583e-01
2.795066623826940044e-01 6.078438578240030754e-01
2.569445665136768087e-01 6.431868025764950758e-01
2.987450182369157936e-01 6.012635608112031349e-01
2.559507339489544009e-01 6.075670335794089993e-01
2.768731966569805691e-01 6.381703088107115729e-01
2.772179672339479817e-01 6.807729744112380743e-01
2.905690522768695216e-01 6.076489703570059353e-01
2.845511714715605045e-01 6.305962829141739112e-01
2.976635437977025456e-01 6.339043189515687349e-01
2.910578016727637385e-01 6.068280745263601172e-01
2.281258219451585689e-01 6.103372372644819688e-01
2.518426158283831318e-01 6.203702203418468564e-01
2.820287777577547006e-01 6.153606706816856509e-01
2.963846331782337140e-01 6.060318016696480958e-01
2.905559819203010763e-01 6.635050557237013313e-01
2.885393130262133288e-01 6.162827643978685543e-01
2.986614425246010285e-01 6.189537288534977533e-01
2.990214263729115141e-01 6.658476106382825721e-01
2.938981517245359276e-01 6.316900388633938102e-01
2.810135886295319629e-01 6.001781782725973402e-01
2.598824952061810079e-01 6.342159088239656128e-01
2.959399819515129426e-01 6.340336866443178065e-01
2.561559345809442112e-01 6.711846438782557156e-01
2.981180580755863341e-01 6.895099126514638854e-01
2.833717946732589033e-01 6.169363635714435468e-01
2.709768632910891650e-01 6.151005335305333999e-01
2.447526017248640717e-01 6.127008320337677949e-01
2.594498843383070130e-01 6.397119724339421776e-01
2.776088602342280387e-01 6.010682154255505560e-01
2.731850711732269898e-01 6.270021400229049968e-01
2.924501739843508030e-01 6.245359182739123050e-01
2.693885712407673161e-01 6.476535405775383225e-01
2.887820130161969367e-01 6.816689259941250967e-01
2.674228339600161486e-01 6.170259822517177861e-01
2.475263957260083747e-01 6.138351378849606910e-01
2.510495197121788702e-01 6.275707553099386660e-01
2.853934310060658452e-01 6.758881780513731341e-01
2.986424446579349912e-01 6.450796090373875913e-01
2.951987361832474344e-01 6.004361897787969804e-01
2.880251000865963196e-01 6.012318062117576467e-01
2.709017895415299915e-01 6.075688972023930434e-01
2.700784502581189406e-01 6.258881391651833770e-01
2.403799614280826558e-01 6.066632019105611118e-01
2.986092310485479739e-01 6.484524643887705775e-01
2.951859448205936820e-01 6.462744025713579310e-01
2.687452254532245455e-01 6.882365768337017631e-01
2.792912079577193896e-01 6.079426883724957653e-01
2.644360474228868441e-01 6.246682593904802072e-01
2.914698863885831770e-01 6.364291825505061784e-01
2.930986727832590732e-01 6.080942864900816813e-01
2.565118034898803967e-01 6.204823188899500908e-01
2.850419723928623306e-01 6.354736765480618610e-01
2.861161018472486717e-01 6.082933096929926675e-01
2.724122100464192453e-01 6.228578491706739939e-01
2.646545876924508156e-01 6.204406854116738534e-01
2.739086161567018118e-01 6.212830692057531579e-01
2.325970666207064497e-01 6.505463232365706894e-01
2.873106692035626297e-01 6.353653124111074968e-01
2.806144610583852783e-01 6.994203363835737042e-01
2.939375253694868073e-01 6.069012542927392229e-01
2.930984174223327798e-01 6.115240453799284381e-01
2.936887747558394879e-01 6.471960228684590088e-01
2.453323062285526768e-01 6.170382041431892173e-01
2.986017797459222800e-01 6.247669006131477687e-01
2.798473999154755809e-01 6.378711815989598355e-01
2.520901453143226112e-01 6.031363341370173936e-01
2.719479108467212081e-01 6.117303902009728622e-01
2.289581842810202161e-01 6.636676500969498349e-01
2.856175637965413516e-01 6.343054889910659799e-01
2.783849548467874913e-01 6.553286981933541533e-01
2.977619623619158218e-01 6.098843850887135654e-01
2.856089514479112634e-01 6.170324427578460780e-01
2.729134254041918339e-01 6.022923230574603881e-01
2.716739868396879642e-01 6.029582907011993287e-01
2.676136529618535209e-01 6.162000699928534830e-01
2.256042738892888311e-01 6.133111449315071795e-01
2.761273324997138845e-01 6.041167755267689010e-01
2.051198598068048606e-01 6.045645606022858054e-01
2.868639255517692055e-01 6.077099729051276267e-01
2.640345499163637699e-01 6.862504132996226636e-01
2.973882786961582481e-01 6.149460517427021156e-01
2.875686141149970121e-01 6.185445380156188167e-01
2.866513200703155739e-01 6.012131422988695739e-01
2.353468865880976035e-01 6.184826617057881393e-01
2.921030250041955489e-01 6.755399682653140392e-01
2.921573162370975640e-01 6.641733577661350640e-01
2.506553431508469210e-01 6.215411804366869353e-01
2.750414215962516673e-01 6.335583652496232787e-01
2.807717423625863962e-01 6.007351117057246892e-01
2.915208319884902144e-01 6.223258726774528737e-01
2.889015439857027800e-01 6.288039472256552465e-01
2.427957733991351619e-01 6.203888301480673384e-01
2.866481727952238101e-01 6.268201179840233728e-01
2.900725952896371362e-01 6.383292344393947104e-01
2.821189409606639220e-01 6.096602438350759989e-01
2.896568907336931620e-01 6.353830668716964336e-01
2.955084335001477713e-01 6.099282276892815657e-01
2.880689322415241893e-01 6.071691369776620606e-01
2.770544564397899867e-01 6.342276015523602428e-01
2.971463437941433972e-01 6.193532324072699158e-01
2.539957014023041526e-01 6.218175930173699406e-01
2.922168798860315109e-01 6.730390792776060893e-01
2.241214508093715141e-01 6.848315636170777543e-01
2.431995227782523528e-01 6.665954425028177699e-01
2.424578991808716832e-01 6.365066046595038163e-01
2.954275331363452328e-01 6.352581775330919944e-01
2.621156063659617064e-01 6.161675028952395827e-01
2.792245501203977631e-01 6.491251340250339119e-01
2.404157640266782470e-01 6.171396669267807944e-01
2.394218412363536275e-01 6.189761488473674023e-01
2.989953183971719719e-01 6.014522167482004855e-01
2.969705249253703494e-01 6.798711522906519811e-01
2.742308809961974680e-01 6.227679282957889750e-01
2.689989388696303330e-01 6.012566995786374768e-01
2.957507197553737033e-01 6.163807164110390868e-01
2.741742256279062206e-01 6.126657214790972583e-01
2.745670027982134442e-01 6.095300468852856701e-01
2.977697333801477830e-01 6.520759485025721114e-01
2.668314584469127504e-01 6.192972936182614685e-01
2.772857997656414941e-01 6.150805998757057358e-01
2.860935779961948922e-01 6.184189876380971063e-01
2.906726281253378952e-01 6.469642888833591066e-01
2.636010718216413307e-01 6.458821050177772083e-01
2.806760537390797783e-01 6.150879544942106092e-01
2.729910136080375693e-01 6.130927426609692477e-01
2.792051096048911996e-01 6.112728978627860466e-01
2.888162085809676261e-01 6.471515532156458805e-01
2.787251022269986445e-01 6.049128449607719116e-01
2.841739735414688939e-01 6.416578197017156482e-01
2.993415894251886256e-01 6.114710917062251561e-01
2.795927927493563891e-01 6.514633579526278861e-01
2.162357076559833224e-01 6.022545220436271718e-01
2.763673483533175546e-01 6.145737324375446509e-01
2.843107515003880925e-01 6.137163079179690506e-01
2.560891868042928787e-01 6.006742754700324927e-01
2.984073247465609535e-01 6.626311986179767022e-01
2.989977309285085649e-01 6.065472442525632335e-01
2.678242270001711667e-01 6.165315674128969414e-01
2.910005603650810402e-01 6.400044564262512559e-01
2.673641503707145928e-01 6.404734595527905583e-01
2.867782664724052855e-01 6.332847994531951574e-01
2.965687090372046142e-01 6.128782720444636567e-01
2.842447976932613862e-01 6.132830838503724458e-01
2.724761147556576946e-01 6.680836867181199068e-01
2.971269908495555723e-01 6.271209302295386312e-01
2.832448758153348622e-01 6.154519815574845953e-01
2.404430407320178320e-01 6.183167342178786940e-01
2.415585151020508414e-01 6.097676831899928596e-01
2.704678606464303026e-01 6.163988509172837471e-01
2.975474524414389865e-01 6.172974344267186941e-01
2.642323907984085452e-01 6.012832509268507541e-01
2.812099351757780252e-01 6.297562589286683776e-01
2.814359041523958327e-01 6.354099248307738534e-01
2.852331362408209170e-01 6.042372720520183815e-01
2.957891384882810337e-01 6.544085275693647397e-01
2.370147325012199047e-01 6.428778577976717035e-01
2.614589549523769207e-01 6.702954506292345682e-01
2.811065760259576773e-01 6.189179042711856482e-01
2.292341211050782368e-01 6.097410063302486360e-01
2.835931553626673818e-01 6.124766573704143457e-01
2.554934965783993706e-01 6.061292841964418532e-01
2.942924653218785824e-01 6.300596447812535361e-01
2.871115255216089013e-01 6.016025582768500524e-01
2.988502411463508368e-01 6.072473197873333728e-01
2.974345919810205130e-01 6.341481531290489304e-01
2.320541866365967154e-01 6.121700217238140729e-01
2.723704754176554665e-01 6.111401065548875966e-01
2.698217508622478000e-01 6.188603080685185498e-01
2.973399043679174625e-01 6.528566208735853138e-01
2.863841933049970923e-01 6.122877600289740041e-01
2.964876259602329256e-01 6.334506239007706707e-01
2.700539253767764714e-01 6.483297038839876958e-01
2.153317992737508457e-01 6.201040061966673900e-01
2.283269926462219712e-01 6.273645501210394215e-01
2.972268362172548750e-01 6.221129345535080235e-01
2.762536455487031306e-01 6.380175307726195788e-01
2.658526216979036350e-01 6.556305133953977959e-01
2.425394458574219869e-01 6.162181000715780677e-01
2.995231407731744899e-01 6.481368386011450156e-01
2.865560473597975610e-01 6.709596408799227696e-01
2.981277974570150091e-01 6.362148749497845701e-01
2.826171684619241398e-01 6.080666722699439308e-01
2.961785055400930622e-01 6.576323339459867467e-01
2.808539460814558075e-01 6.162830201846551947e-01
2.892501715662421646e-01 6.028667788129852267e-01
2.988020461363560809e-01 6.427830951312863972e-01
2.609274295965796076e-01 6.017684072246159976e-01
2.995409203034944401e-01 6.472068497468652648e-01
2.976002705717754049e-01 6.267830623114734045e-01
2.946747772264415866e-01 6.052155696673116037e-01
2.979270875879569402e-01 6.536540432075227391e-01
2.346875614781103736e-01 6.359625146184868516e-01
2.839913389893717888e-01 6.154990327630833757e-01
2.854138000572624678e-01 6.039286100814243996e-01
2.953264414160995943e-01 6.113974308446026296e-01
2.954457414435993634e-01 6.113044185740457159e-01
2.738433138185172311e-01 6.028624409025951092e-01
2.717350246851309992e-01 6.299968833221735176e-01
2.742586994034902359e-01 6.071050075192704343e-01
2.969329620042378548e-01 6.127717635573669552e-01
2.683777068560180279e-01 6.084070035406650145e-01
2.163755643849625265e-01 6.002749717769657600e-01
2.907119249698157382e-01 6.027039206773923130e-01
2.274685502097881229e-01 6.492024811543608553e-01
2.979669295572890952e-01 6.275937804480071769e-01
2.695087567029019748e-01 6.481216167452528154e-01
2.667406629407980123e-01 6.219721221218142970e-01
2.945353864486485729e-01 6.636547004900232860e-01
2.974348825772746840e-01 6.009689099008844737e-01
2.664523033349694980e-01 6.118282227177438415e-01
2.582551066699736997e-01 6.061207707077458373e-01
2.911766464575407110e-01 6.064154058653830059e-01
2.925612886200146256e-01 6.868882051888413054e-01
2.994827572324609277e-01 6.103822253759494387e-01
2.969210755398916657e-01 6.480361942882573167e-01
2.480941942297192893e-01 6.266090093450875642e-01
2.976445535432938883e-01 6.336925388184284635e-01
2.642374467819878503e-01 6.595027954100536327e-01
2.982222199557500453e-01 6.639389589005699754e-01
2.829044762339988917e-01 6.020391960759396976e-01
2.373578018019834590e-01 6.574345740596023724e-01
2.848219269799969755e-01 6.279272535816554646e-01
2.936801196236723532e-01 6.894966207893536980e-01
2.980803645348943931e-01 6.319744651943687286e-01
2.740144645124893419e-01 6.003419147678146217e-01
2.810713336745924718e-01 6.178827992031833416e-01
2.934906935211127887e-01 6.249541061637450268e-01
2.704280112903830191e-01 6.067298480021614537e-01
2.950107643530609502e-01 6.131333883186985689e-01
2.653657900584135976e-01 6.022983902822957036e-01
2.568611432772660574e-01 6.069652994576336669e-01
2.513667839541073867e-01 6.461693260256625715e-01
2.325336566249635584e-01 6.022760042477940390e-01
2.635630290360329031e-01 6.785373323494942044e-01
2.380752667791924404e-01 6.367065219726124603e-01
2.850185438393948445e-01 6.315075439004205204e-01
2.231443707748540506e-01 6.857058361831827042e-01
2.716490488727871244e-01 6.946758501781771233e-01
2.738711259935905362e-01 6.305350658270618691e-01
2.839589921123054084e-01 6.090224592626864997e-01
2.239303408414136110e-01 6.305131408217825584e-01
2.238195802118418953e-01 6.171122231667496294e-01
2.920734190199454905e-01 6.199769810702570050e-01
2.364321951069986438e-01 6.486241393513593190e-01
2.404905402981946660e-01 6.388411855644553494e-01
2.117990435669885319e-01 6.163093171320540575e-01
2.883695444789350359e-01 6.634605431022007060e-01
2.245311685778118571e-01 6.523803787500058737e-01
2.656145257814265248e-01 6.551363595127679407e-01
2.228185642507676256e-01 6.040393244418764684e-01
2.606895801588123840e-01 6.150405214812806332e-01
2.580903242422917243e-01 6.115518964285282522e-01
2.891929332838917843e-01 6.929861010912898855e-01
2.406743301181370476e-01 6.343805498060961501e-01
2.549083838649902622e-01 6.040554269377366170e-01
2.246120567806168533e-01 6.497242570853318799e-01
2.282303502973744291e-01 6.480333219091990449e-01
2.665081710750729638e-01 6.298838659975422027e-01
2.622872592527789593e-01 6.668946332566456636e-01
2.631148298322486534e-01 6.442931717463971086e-01
2.654886547003923458e-01 6.336848384516804433e-01
2.525201770219419606e-01 6.583413273119032016e-01
2.556063688037015780e-01 6.685306769792452863e-01
2.381768737537406366e-01 6.571415988121456220e-01
2.546137527864642536e-01 6.156009327360656425e-01
2.972365235266573591e-01 6.331916770851543363e-01
2.664404630368607529e-01 6.227560428467733278e-01
2.149147364963360785e-01 6.729842555659321102e-01
2.132594967242660289e-01 6.885726439121405695e-01
2.291343478830901170e-01 6.351119477528934798e-01
2.699840921043402120e-01 6.418628298743590532e-01
2.369497439284237172e-01 6.944870024548971399e-01
2.173193912355416701e-01 6.024097337694986898e-01
2.126338438126957886e-01 6.467120541885930107e-01
2.090898758162466620e-01 6.626364278563000587e-01
2.027291530732134861e-01 6.410214201318272798e-01
2.900313088639965842e-01 6.420014975208154784e-01
2.109516327712033790e-01 6.442260861435717967e-01
2.720784972957520087e-01 6.588049669875348791e-01
2.520485811979316648e-01 6.940165283638355387e-01
2.988339395905342810e-01 6.979809293445590201e-01
2.219594685742556917e-01 6.513250017022730320e-01
2.810523035696135263e-01 6.429112436460073798e-01
2.462813030889702826e-01 6.139608229075387280e-01
2.866305135683592797e-01 6.349684384869411780e-01
2.339383954940011945e-01 6.701220635462342701e-01
2.494922287043682685e-01 6.489572963177119291e-01
2.645824797164951780e-01 6.967237087572715204e-01
2.000629113475118070e-01 6.716061877748868980e-01
2.463591736679336397e-01 6.388362007112287078e-01
2.926001138708579363e-01 6.497431111188919362e-01
2.906762195306504815e-01 6.306654479250000112e-01
2.024010554481163182e-01 6.351763943628651043e-01
2.952157746413223149e-01 6.842470149004329372e-01
2.890871662291563116e-01 6.061452262800612889e-01
2.677236621380021386e-01 6.509536661804792290e-01
2.954419713630459521e-01 6.015188156356899851e-01
2.138302010125243124e-01 6.756593631173489767e-01
2.081022790251092491e-01 6.025808709861868451e-01
2.958043346516231464e-01 6.436366565043899479e-01
2.593200657188062253e-01 6.046395090425547014e-01
2.389157778536721288e-01 6.413321104710230092e-01
2.048289078768731897e-01 6.450629128363192244e-01
2.915641117551378003e-01 6.174191840061065140e-01
2.955870018353890516e-01 6.248639150162196287e-01
2.935715990022430000e-01 6.651415781582752373e-01
2.537923704216027421e-01 6.025323025516196029e-01
2.126554057752082505e-01 6.100366930468081872e-01
2.008627239811152099e-01 6.641374153092152177e-01
2.041845946663575218e-01 6.464016305678415009e-01
2.078550516720507058e-01 6.965099136585386486e-01
2.117184119238253448e-01 6.849641314978192064e-01
2.960676254343068137e-01 6.555431454669530256e-01
2.275468117295239012e-01 6.911102631006145192e-01
2.138958514809590206e-01 6.833287500574070084e-01
2.715884761506454081e-01 6.361387153223866386e-01
2.512280597424039197e-01 6.752578866924224821e-01
2.459536296837678271e-01 6.197558281601273089e-01
2.350424658588290971e-01 6.466655074644601653e-01
2.931096410453609136e-01 6.139469071866541228e-01
2.411053668230186409e-01 6.533791622369770069e-01
2.942677960264163395e-01 6.578646252211290957e-01
2.424639023730206788e-01 6.741628314599376059e-01
2.610428091836941578e-01 6.739819287784309942e-01
