2.832416746126077411e-01 7.075650426169368679e-01
2.998621113351663814e-01 7.351260253046013604e-01
2.890418851769623876e-01 7.135073429583442817e-01
2.976345549021601755e-01 7.452100724774899376e-01
2.884634687258864627e-01 7.652907384378767608e-01
2.732787789430889402e-01 7.256987001525498915e-01
2.419113960385556039e-01 7.168040153051699059e-01
2.657965379761298430e-01 7.520597942825185678e-01
2.900023470234825984e-01 7.047094288289077468e-01
2.447899047141833262e-01 7.042450574361369675e-01
2.897569107224858831e-01 7.297755968735474275e-01
2.908876619887710291e-01 7.072713856965116008e-01
2.985824394443875596e-01 7.718437745153524654e-01
2.948587226890169166e-01 7.433202774946030544e-01
2.722042351808544591e-01 7.351050086474796297e-01
2.738855693513639888e-01 7.316066094803133080e-01
2.788345402654752725e-01 7.098403933813999256e-01
2.633758569843553388e-01 7.264955292203139070e-01
2.928015536188959267e-01 7.778697422540239437e-01
2.974795589846588317e-01 7.345306763450745180e-01
2.684146437673477492e-01 7.861117695136420336e-01
2.340818939206590343e-01 7.385687077867828521e-01
2.695697885612283740e-01 7.432135215503374859e-01
2.159373556089475010e-01 7.160866494150395223e-01
2.526476761063487508e-01 7.331530382082638297e-01
2.661368839031337252e-01 7.577738654147199160e-01
2.721337837802151327e-01 7.685533204349648262e-01
2.560177527554505783e-01 7.951189966261419384e-01
2.602723440688461398e-01 7.168475164776558772e-01
2.698605115216480832e-01 7.345153866786602315e-01
2.997180730897011092e-01 7.128747844902580955e-01
2.558845499271844570e-01 7.943974594788009158e-01
2.784156715131813620e-01 7.980303660943335320e-01
2.340707780875055932e-01 7.703207934760691877e-01
2.682101210882445463e-01 7.909378458015606794e-01
2.869933688077604961e-01 7.800087398248409798e-01
2.884131875375717802e-01 7.058778853499904082e-01
2.586377409796592475e-01 7.888498350261740066e-01
2.904278118120097174e-01 7.077685264669033582e-01
2.922762130918241663e-01 7.809360031668222124e-01
2.425845276054116040e-01 7.215457384664850649e-01
2.417006403223950217e-01 7.535942697353312791e-01
2.921664813631151825e-01 7.573327003989817063e-01
2.989434915859708330e-01 7.549539402064990856e-01
2.914694781496233733e-01 7.925153167121807840e-01
2.123009951874382795e-01 7.274865229264670941e-01
2.851457012155839132e-01 7.368241945026952067e-01
2.929942410687453869e-01 7.025420371961306198e-01
2.558312080541449429e-01 7.952397917099142122e-01
2.973736784753807094e-01 7.052576131922814184e-01
2.913645152638613123e-01 7.935839081376796500e-01
2.294432227240481015e-01 7.141491883989613543e-01
2.669205515843753318e-01 7.490222460442426122e-01
