3.746179729845111606e-01 8.808265005459778307e-02
3.631997587899429281e-01 2.521158798956585345e-02
3.451079394306199588e-01 4.761350334481190272e-02
3.691021916133471192e-01 9.468834322268346315e-02
3.285099435543795687e-01 7.706295240004698566e-02
3.410810427114244203e-01 3.593159846771526444e-02
3.497444952799830253e-01 4.463526493232303216e-02
3.472314405057010944e-01 9.308489590996060770e-03
3.847827174730638067e-01 7.039498056620241417e-03
3.080878741773169782e-01 9.307172144276656955e-02
3.316806977736753148e-01 3.294367644620393998e-02
3.967196960643695203e-01 3.924388573322201701e-02
3.894326910357851501e-01 3.757265831122053035e-02
3.830743779215495803e-01 6.708642495926389615e-02
3.656321213725938768e-01 4.340076262566233689e-02
3.461130844281340990e-01 1.467194297739848885e-02
3.285072948918680291e-01 3.633426632443886861e-02
3.541840872324804601e-01 4.040655881076660183e-03
3.296806846688788983e-01 5.861931817102014608e-02
3.745578755340167043e-01 2.524137054634451038e-02
3.146309649946444353e-01 2.912197917362402411e-02
3.010591733891726518e-01 7.166142382120471721e-02
3.017547062371625510e-01 6.463028747161209120e-02
3.380760350107095968e-01 9.116827086523862644e-02
3.576439540150349594e-01 9.281235806281079581e-02
3.481927197168489529e-01 9.674826722380369670e-02
3.659048408056033153e-01 7.106050110423509092e-02
3.731863055840777821e-01 9.114980381465048742e-02
3.313686808063941447e-01 4.097532080710175606e-02
3.122275709811791478e-01 2.060827463910064328e-02
3.790447882459237472e-01 7.972255623713109252e-02
3.545552681441227483e-01 8.785048328964614739e-02
3.077592591762862151e-01 9.604849471275989092e-03
3.858609077815211563e-01 5.259079553230741610e-02
3.410060234913487309e-01 6.417698303348778888e-02
3.684937229593704400e-01 6.097229097724207736e-02
3.414728885620112453e-01 5.399887543803219558e-02
3.457095221112347905e-01 1.439066580142572827e-02
3.034769199553153385e-01 1.665141697208827321e-03
3.260082216213289197e-01 3.605153976956515516e-02
3.678514330255195919e-01 1.984632435271377338e-02
3.713766640023249965e-01 5.600996772668406787e-02
3.148667364124593804e-01 7.705991605591419602e-02
3.538725719303545403e-01 5.161794500131131058e-02
3.713943329237979207e-01 4.955191706926567741e-02
3.021245071364618839e-01 4.772823411179349939e-03
3.526698619628379494e-01 5.549544856228050271e-03
3.114995039207997807e-01 2.527603005992468121e-02
3.340555368650542367e-01 6.688366845583423870e-02
3.303387684255729706e-01 2.413421166940021845e-02
3.816221629875027332e-01 9.461908336946181497e-02
3.163502974849561888e-01 9.319914061598555399e-02
3.874270106076833642e-01 6.194922140346986739e-02
3.240373496622825367e-01 7.594382993171600038e-02
3.725799182471746240e-01 8.059087438896528344e-02
3.154493910835363679e-01 6.182841034156572046e-02
3.553905686394326913e-01 6.963120082977777847e-02
3.458528614486193198e-01 8.940457881279240127e-02
3.346473426931526607e-01 3.897981940715833371e-03
3.170730213430658084e-01 4.804982079305536447e-02
3.860473248528202284e-01 1.915331494921262978e-02
3.101048613979198176e-01 1.516982228879493189e-02
3.355576957231742319e-01 3.392102342569247586e-02
3.921352765780651284e-01 8.790132706601685997e-02
3.198915902058267480e-01 1.232354195246354589e-02
3.019413854763079441e-01 7.382292074114532587e-02
3.773362920653882679e-01 6.155249122182024357e-02
3.356047182585805144e-01 9.561800447023038885e-02
3.221825988318254286e-01 4.955383462490753343e-02
3.373078863788131487e-01 5.082153537281650091e-02
3.664148922715634304e-01 4.442080430505923605e-03
3.234348805206503363e-01 3.689305844869578133e-02
3.937528773983954844e-01 3.727302571316259971e-03
3.438111986621432137e-01 6.051980847298910060e-03
3.566107774545644316e-01 4.805103914384298291e-02
3.246989372299327603e-01 7.630879701634890599e-02
3.367458954926211279e-01 3.302930260504322035e-03
3.867527880758472869e-01 9.779194023787712853e-02
3.189882026173416207e-01 1.914598803982303643e-02
3.825834192368343101e-01 1.425631132206423013e-02
3.657229612172642752e-01 4.408319843898106383e-02
3.736301841855741435e-01 5.536447839411770544e-02
3.802697712793703388e-01 3.378098713559540833e-04
3.854099945713094777e-01 3.316377259091912721e-02
3.870172235513931192e-01 2.256203509898369042e-02
3.717032905883924099e-01 7.572320515954469866e-02
3.340581055064465454e-01 8.368428216621381921e-02
3.977022181216784413e-01 3.516801371586608660e-03
3.844473969477263386e-01 5.593349989202700545e-02
3.101383291862617186e-01 3.283612658595458367e-02
3.469711603205646311e-01 9.098807210240369980e-02
3.863055002756228262e-01 3.024588135700817526e-02
3.682169871332687805e-01 6.674461256970451450e-02
3.700174176373757229e-01 9.365119817063230490e-02
3.841331384985771646e-01 1.728101044667529340e-03
3.247713215312044155e-01 1.596241344682819419e-02
3.645295750313720662e-01 8.559819959298742287e-02
3.905032896059833503e-01 5.561451890270208143e-02
3.690618723387205646e-01 4.052521244740081574e-02
3.471124308976140660e-01 6.592994741427002370e-02
3.459150082776079049e-01 9.225537531377075995e-02
3.030315062619238220e-01 3.421624882618884422e-02
3.667605888685553372e-01 8.620573609231629852e-03
3.488971568368847143e-01 1.738460554548759696e-02
3.597985912134584185e-01 2.057521110304105783e-02
3.623257063614764295e-01 9.664237094587924126e-02
3.580514105274449910e-01 2.961940025888687433e-02
3.938984823016166148e-01 3.419106903298496647e-03
3.749925945110828551e-01 6.153610491295777307e-02
3.956296091215221744e-01 1.581583727080948520e-03
3.418561847289148803e-01 7.940451439892337593e-02
3.912810041781278336e-01 8.344183054572684721e-03
3.061385083713134558e-01 3.280087785954211022e-02
3.756127921884854226e-01 4.871202155134785050e-02
3.707358658913670890e-01 2.790540583256662099e-02
3.981741363460498673e-01 5.374935751050174959e-02
3.947899418039791386e-01 1.384502823705124896e-02
3.435067629930768640e-01 4.366731599909973172e-02
3.518096964515359804e-01 6.322155024931264133e-02
3.892246686117556420e-01 4.977849691933067255e-02
3.810917136443635611e-01 3.203168511971027366e-02
3.323765813516831868e-01 9.229140008164643527e-02
3.842801861547271991e-01 1.032760275545480111e-02
3.832268968108246132e-01 6.135636448016629219e-02
3.198618287727759690e-01 8.050595045658218152e-02
3.691608690676712046e-01 5.652331840226659798e-02
3.860146034367937240e-01 3.748655466758477051e-02
3.055092828338452082e-01 4.235866502278218260e-02
3.311303509487779073e-01 7.525495605094023599e-03
3.366010526520356594e-01 8.589682016703006906e-02
3.552953488585512409e-01 5.665173863659186959e-02
3.938220572938319619e-01 5.565206785935802869e-02
3.027664622133979244e-01 4.786367831289556340e-02
3.665755512578981468e-01 5.217313530538417177e-02
3.510420553704708402e-01 2.872208124728736767e-02
3.840539044174547945e-01 7.951798464295461999e-02
3.145278881946196869e-01 2.928315649060175829e-02
3.676270431247032344e-01 2.955895402795521987e-02
3.285187023554009267e-01 6.495141692065503625e-02
3.574572382926767267e-01 8.472076183317134301e-03
3.341227789089322164e-01 7.163325220509114688e-02
3.054938601216598548e-01 1.850884298728433519e-02
3.658149299915449681e-01 8.253922643545977267e-02
3.639528982081188802e-01 7.928664047786471158e-03
3.515788196798320664e-01 3.388930471371864872e-02
3.669165217873288087e-01 6.514488845157198615e-02
3.302629133675390460e-01 9.713068443625763604e-02
3.379891767416352000e-01 6.862509895270538229e-02
3.096329979748881356e-01 7.501244849091917577e-02
3.400514992749538723e-01 8.045837431552033125e-02
3.280392131746818207e-01 9.329762955676676461e-02
3.542510713652414767e-01 2.897197533885309539e-02
3.928569201593184457e-01 2.392206766777177362e-02
3.367069866266232947e-01 5.799222188180830351e-02
3.547080460939825430e-01 4.873401653190967409e-02
3.289582865295143099e-01 8.887982874879216122e-02
3.951599011814513895e-01 1.527894218721548292e-02
3.877429441737820226e-01 2.763563681129083127e-02
3.260000828667201089e-01 5.150808386689326168e-02
3.538487631226533980e-01 4.187502282575772394e-02
3.268638912705246202e-01 3.115322742517162569e-02
3.010657972211322475e-01 9.131327555909574123e-02
3.336454644930677560e-01 2.429170199554420151e-02
3.098385006709234446e-01 7.276646165571420966e-02
3.349137113404918598e-01 8.889080170438656836e-03
3.224616743065591984e-01 2.336327871709975579e-02
3.813142745602202677e-01 3.999531063837807876e-02
3.924774453711379341e-01 3.758478358778144512e-02
3.211287340347081520e-01 8.392692261034107037e-02
3.242364247029456692e-01 1.819813797209701711e-02
3.310072381559556742e-01 8.285513217646384154e-02
3.362520190821365329e-01 1.117355207785331039e-03
3.056940543422436152e-01 1.530598713838932090e-02
3.449021063265368392e-01 9.805431454823040904e-02
3.826476656180522462e-01 2.227787458742486182e-02
3.220559884309078802e-01 4.087848424842294159e-02
3.750071356824644098e-01 6.356422436918432450e-02
3.472164920460794058e-01 4.890960071170388779e-02
3.545024322394071392e-01 7.808628140160092657e-02
3.106490888030777331e-01 4.181995489811313194e-02
3.293739761498363783e-01 4.373950294223893920e-02
3.345503077085664745e-01 4.966741449828074306e-02
3.499361891501139299e-01 9.371540843857903424e-02
3.498717250452213490e-01 3.101624617128745376e-02
3.648540427958250065e-01 3.416733156644558012e-02
3.237164094121192659e-01 4.005313920264608196e-02
3.083209663260810252e-01 6.551904972770616897e-02
3.137314181039226879e-01 1.173732801480009691e-02
3.302421534039608475e-01 5.570289292956168148e-02
3.468746010126046442e-01 2.360687058021448959e-02
3.944053832746824972e-01 4.046633949854810952e-02
3.424882473825366924e-01 8.319405034312987723e-02
3.762124581574012860e-01 4.856086731688699643e-02
3.366477758159344136e-01 7.389970112518273737e-02
3.872403583661223059e-01 4.593060900451634287e-02
3.433703265060675247e-01 6.823676247653739924e-02
3.429732838545785922e-01 6.026862255017476078e-02
3.501841895303285379e-01 2.705044475967965933e-02
3.400032269565045895e-01 7.940292130127693526e-02
3.267715143524375088e-01 8.308398673142738944e-02
3.774810822309040415e-01 2.446450174365083496e-02
3.589622420093939170e-01 1.846421139550463719e-02
3.954222748304403456e-01 1.819498704940408773e-02
3.545261620933783386e-01 3.978449907861114632e-03
3.129334214438427297e-01 2.311466127156380779e-02
3.126854845375959258e-01 3.948741545333384062e-02
3.282194378093264420e-01 5.505482940745076714e-02
3.020549985020170025e-01 2.502997340546503358e-02
3.086757320713598429e-01 6.607029303038314261e-02
3.280330482873960452e-01 2.680049532447936755e-03
3.826543815028208284e-01 6.105563413500222913e-02
3.008238909100381941e-01 1.495955919238972642e-02
3.392897892590258646e-01 3.000597432294110911e-02
3.092219293574184902e-01 7.186246804386681175e-02
3.820910939085713220e-01 1.129032854442613143e-02
3.988781341440811867e-01 5.709947111508034689e-02
3.704607308265254750e-01 2.808296176504609942e-02
3.335350670149740959e-01 1.734187221941085877e-02
3.649902411352926590e-01 6.293711769475046625e-02
3.264238767965947918e-01 1.122344063793190294e-02
3.745150540042046505e-01 9.822854972659331163e-02
3.279540699063007159e-01 9.748250522687199049e-02
3.736689018691299324e-01 9.292741505303053762e-02
3.604533843480066113e-01 2.614871263396822965e-02
3.041694615265911894e-01 8.215176081385400231e-02
3.859247198967133419e-01 8.983929772147902781e-03
3.181351128386336047e-01 5.176967773831087083e-03
3.531872461218763526e-01 4.391021632861280555e-02
3.117294848402171192e-01 6.756800902836460065e-02
3.753872877671047270e-01 5.373513850848785078e-02
3.454053481433652095e-01 7.832260846762101325e-02
3.882056468189786225e-01 8.994866911782312124e-02
3.086231654072513764e-01 2.144050143466696978e-02
3.129656510653260337e-01 6.890028514341126065e-02
3.244863445400090751e-01 1.830501247401516984e-02
3.281216478451552954e-01 8.372628893165617869e-02
3.349636935447478647e-01 9.298361261338317085e-03
3.238122047541528992e-01 9.884003768193022621e-02
3.958738654938355195e-01 6.789651284558687050e-02
3.143627174722660733e-01 3.611814955098335833e-02
3.962995463105962735e-01 6.218592722756177693e-02
3.998659177822292965e-01 2.055706361615139421e-02
3.479002749697649444e-01 9.098426729113753830e-02
3.828916486109607553e-01 1.423746972470946170e-02
3.098344887672234704e-01 6.710103508118664406e-02
3.259444913469150551e-01 2.070631006449946687e-02
3.669205374557734101e-01 8.285389245208737985e-02
3.948542031266275565e-01 9.861488164962489700e-02
3.194168493885077287e-01 2.359166121976286057e-03
3.754893632957107541e-01 6.546785559997991832e-03
3.698441014773278246e-01 9.511496736282726294e-02
3.247139666809014114e-01 4.350239958722768030e-02
3.958990125310772878e-01 4.158710410392829626e-02
3.035711713541890400e-01 3.236845277855182612e-02
3.330716719288278616e-01 2.934529937956897871e-02
3.962484606319909841e-01 1.720491978807614508e-02
3.908983268403625200e-01 4.232351928541971953e-02
3.265214239930182560e-01 6.538566199588238814e-02
3.128291499512378948e-01 7.278061570690055881e-02
3.699353525008303167e-01 2.204348400037642319e-02
3.410943644572576039e-01 5.508660302006082587e-02
3.014839341011936180e-01 7.891723007372325460e-02
3.332476136113359799e-01 6.076941342018415959e-02
3.978586471029054716e-01 3.911334902911611788e-02
3.092583202910900164e-01 2.694431086700727063e-02
3.016797070082062326e-01 7.511613914809411874e-02
3.802609477983234787e-01 7.448403230006281350e-02
3.222272419410034949e-01 9.513339203228143859e-02
3.227013669658563289e-01 6.157733099598222681e-02
3.663600001485178836e-01 2.808466135853560086e-02
3.362544077393232467e-01 7.489095261163355999e-02
3.077921610309719003e-01 8.728736974777584479e-02
3.802838063673060209e-01 1.398971582774416467e-02
3.443813465019219811e-01 7.309286862486774616e-02
3.037416426817999837e-01 1.461611589790356991e-02
3.308823503372537722e-01 2.172997332882742327e-02
3.704379302594025813e-01 5.602708581918858233e-02
3.397681080843141799e-01 4.172171110905353864e-02
3.201503547656924797e-01 2.584166096877898999e-02
3.329646898468867078e-01 4.598332973355212516e-03
3.607278048932124337e-01 1.472303810037078886e-02
3.895890100692990243e-01 5.471945088575499994e-02
3.298773361274852656e-01 5.110570466360622732e-02
3.761230782332771194e-01 7.731881234571752470e-02
3.210823029121019911e-01 9.010763119040698932e-03
3.663378770110971017e-01 8.315351719935992758e-02
3.492889399162882880e-01 3.797542821036237193e-02
3.106665284392454152e-01 5.737398114339323230e-02
3.808067889872429057e-01 2.421952511929109653e-02
3.369425041088155437e-01 4.410645196913887123e-02
3.167869951789090699e-01 5.128217163931000910e-02
3.964064003919098300e-01 3.748180685535246193e-02
3.935114681734191433e-01 8.984746329835388567e-02
3.292253105341045871e-01 1.099225423140981484e-02
3.756762900760131640e-01 4.612174218797329694e-02
3.653106623480756321e-01 7.693013345702573447e-02
3.103185019271030853e-01 1.963492256114574008e-02
3.997325455583523590e-01 1.956961080024255395e-02
3.431198945081764817e-01 6.117865818244819232e-02
3.415466247752761419e-01 5.647281559417527408e-02
3.392409977967666967e-01 6.343021574887236502e-02
3.955138859041893440e-01 6.728992842092693105e-02
3.743775779262260017e-01 4.766876781642670480e-02
3.365719990938808581e-01 9.648952227357529554e-02
3.132631510486185711e-01 2.030332757071168226e-02
3.502734317731887592e-01 1.849689493346107216e-02
3.149694150234664813e-01 6.227677731520184223e-02
3.708897357299698605e-01 4.267190290732247870e-03
3.963806405207528361e-01 8.635848135000512293e-03
3.789611883250526558e-01 3.939760095718475297e-02
3.363603150134361064e-01 2.954108761915003045e-02
3.232803090398819190e-01 4.385565086740622620e-02
3.586929026111965735e-01 9.344628804010965406e-02
3.973708932129481064e-01 8.576339608151797855e-02
3.448880006356725425e-01 3.666870482289763533e-02
3.142067145810693019e-01 1.818408557321199437e-02
3.201928696525027651e-01 4.717568520654288888e-02
3.805692451749469463e-01 1.885217464609828530e-02
3.683896873162270102e-01 2.505251346305131799e-02
3.729979690266349568e-01 1.624230032125684176e-02
3.496777541454446081e-01 5.543979649249816677e-02
3.932785797006049799e-01 6.968121157141379807e-02
3.571923841566272406e-01 3.708775093996247163e-02
3.689617290093641366e-01 3.708797348630837876e-02
3.292016458187741468e-01 6.516757677546780592e-02
3.235301638753540487e-01 3.929383671417951973e-02
3.805197432639876864e-01 6.817066124956469575e-02
3.973261300926675954e-01 8.828680851435152799e-02
3.445161995063033000e-01 2.228843578772066181e-04
3.361861565277565189e-01 7.341535564924533963e-02
3.356025848339709294e-01 8.272843170933666390e-02
3.653620400363509768e-01 1.516720761522494243e-02
3.743581422195262909e-01 5.231965801925125836e-02
3.268881080008050888e-01 5.866341899223273537e-02
3.560002148424621371e-01 5.440660797499871637e-02
3.079002961369314284e-01 2.387582562243634188e-02
3.349879883148978998e-01 5.110749798646976871e-02
3.365718160977221873e-01 5.820440858683884056e-03
3.939211403683308688e-01 5.771221441893237269e-03
3.943364919119380363e-01 3.545130744126273603e-02
3.651219152049475225e-01 1.458918120488833514e-02
3.798261152695835974e-01 5.131596523815815103e-02
3.004833751776564421e-01 7.754605962053173762e-02
3.938102032044283329e-01 5.078191393980685531e-02
3.066605777910912378e-01 3.729559203398036260e-02
3.814926673796328882e-01 5.526189382491164537e-02
3.594223430770377425e-01 5.771060383328271981e-02
3.483806462088072653e-01 6.433733663521631896e-02
3.587329404096191721e-01 6.425794202932871846e-02
3.523747365376874163e-01 7.160002847192925568e-03
3.026734226900901215e-01 6.688789901595673659e-02
3.746041460379335719e-01 2.308526953122502778e-02
3.492962101301529398e-01 8.322825131839572954e-03
3.346307412992370334e-01 7.122286873098104820e-02
3.055297072644837519e-01 4.308912197563830038e-02
3.726535218777948244e-01 1.712985836888686331e-02
3.208858876301121099e-01 7.622568076505076284e-03
3.167607451278108832e-01 1.291971447511419679e-02
3.124206385152327181e-01 3.489494203755838519e-02
3.759963187674560947e-01 6.158619955715982641e-03
3.698348370613453451e-01 5.435751307551242584e-02
3.606342471711409536e-01 8.089092832302760550e-02
3.569705748967358927e-01 2.787824621948747916e-02
3.439072919237919357e-01 5.469088042456080045e-02
3.095494958378738337e-01 6.122670620941017550e-02
3.441097336128338124e-01 1.653625049433549155e-02
3.741124925461437600e-01 6.225838662387128686e-03
3.375736912772870357e-01 7.274253751740508700e-02
3.465607903845366877e-01 5.327264157198297045e-02
3.351726276305445618e-01 6.976616521942963223e-02
3.526061337912194671e-01 1.737534075572477743e-02
3.720222322496264389e-01 3.464316348886925523e-02
3.554105216690321978e-01 4.525059167539749461e-02
3.643806173355015332e-01 9.477778214473669971e-02
3.992302612702853248e-01 4.808499570545465840e-03
3.659870470104212292e-01 9.310046815543862597e-02
3.382739458015515677e-01 5.430884148279546686e-02
3.279911519078757554e-01 8.300919675183310309e-02
3.035474747993462397e-01 3.321255961126867717e-02
3.739135618954236295e-01 8.112189860363058780e-02
3.496534147597767928e-01 8.638059983045476287e-02
3.277187835765129620e-01 6.483927974632724966e-02
3.941395647078451692e-01 8.037352244281312230e-02
3.120161456841918923e-01 1.524571577029759650e-02
3.563225193577375105e-01 1.317403246015580454e-02
3.111758372022236374e-01 9.877999807212733963e-02
3.648666516909896962e-01 1.780195083979096982e-02
3.113779934036098873e-01 4.774506702457492757e-03
3.359337362306197838e-01 3.050070798008935880e-02
3.936305272592111604e-01 1.305959344279694623e-02
3.547649357568193884e-01 1.074548224578592004e-02
3.744563618479853084e-01 9.113378166070648656e-02
3.675279677477843454e-01 2.838602652271926541e-03
3.467871596799243505e-01 5.447639440965876267e-02
3.847146819533747708e-01 2.805668557013873965e-02
3.212158681468387234e-01 7.742242189394460405e-02
3.686455431704578900e-01 3.347012604083188236e-02
3.680573179271935946e-01 5.440673131387505079e-02
3.754903160794548778e-01 9.431644649884884934e-04
3.996256685827703770e-01 4.571678302388187953e-02
3.591098821416571218e-01 9.273406833094929858e-02
3.985490142865453222e-01 2.178489659589849525e-02
3.266621259181711756e-01 5.185413825471005267e-02
3.300828169092866471e-01 7.340761138099796690e-02
3.405410422399859360e-01 5.787511097728689768e-02
3.530093416552474439e-01 3.845187448676318231e-02
3.275184602340008300e-01 1.853649369773985311e-02
3.601433308917287301e-01 9.231851287932876793e-02
3.508961458759398688e-01 9.048208512673647230e-02
3.499497782406321145e-01 5.615430792762549084e-02
3.279020465090927705e-01 4.580843744749235613e-02
3.531687884602139893e-01 7.031307024566477160e-02
3.943596000595233075e-01 2.256439760546913309e-02
3.603564879477807459e-01 1.029567428840494347e-02
3.870079080860698295e-01 8.155795115989861177e-02
3.437841629479408412e-01 2.273438642468245119e-02
3.890963647860057883e-01 8.655523048792931884e-02
3.319613674902328060e-01 7.830459099829228942e-02
3.162958272747825594e-01 6.512881864710962088e-02
3.328253362836448015e-01 1.427811538588696916e-02
3.974653183879701679e-01 9.694866329088105972e-02
3.713655627646733071e-01 8.677787756593977053e-02
3.307078922119508491e-01 6.155060588363928109e-02
3.724396351583423304e-01 1.838791435046294165e-02
3.321805908730365298e-01 2.349689975144070297e-02
3.143696452894940152e-01 5.994095927956910597e-03
3.651118968949135790e-01 2.591387169466008444e-02
3.389669926568557035e-01 7.567679887885567225e-02
3.038519633228936589e-01 1.434898025030800772e-02
3.637924957801669246e-01 5.039570418158634268e-02
3.253443036903572172e-01 1.537927416814660608e-02
3.741203671450710755e-01 1.333741930269377596e-02
3.240909334476821391e-01 7.574634840424326887e-02
3.043832262671286593e-01 7.854582979741231430e-02
3.266331596646595004e-01 9.367538641736558591e-02
3.344318191603207757e-01 7.611455956984813920e-03
3.126128734434145962e-01 3.702143086366188607e-02
3.924006251268388756e-01 1.262559979105654095e-02
3.060293258173671926e-01 1.152499415630092727e-02
3.115804793635355008e-01 4.821263871136929891e-02
3.648066100385535249e-01 8.154377607227447644e-02
3.824094723982851551e-01 8.482186871334865264e-02
3.628570695508529509e-01 5.001803417960060116e-02
3.487144834434555696e-01 7.694521485776426029e-02
3.511118486506309977e-01 5.070324256762265280e-02
3.390144492764196604e-01 4.714917885946820486e-02
3.730773368228178510e-01 2.006242799623131345e-02
3.001520133182491445e-01 4.682364038973771403e-02
3.805305794760978633e-01 6.021532664596382367e-02
3.143164393054597716e-01 3.129105824549338610e-03
3.784054501735347742e-01 6.072813450776434752e-02
3.819931591766181911e-01 9.058690428836385644e-02
3.412370309865407347e-01 1.740123157240164309e-02
3.650887322251513134e-01 3.457312343518048614e-02
3.978461198144929711e-01 7.854613518864292376e-02
3.641504448318602649e-01 5.508986063896043062e-02
3.020530904258523774e-01 7.950855627890809907e-02
3.547022719705104077e-01 1.538469383250312683e-02
3.131078432951616142e-01 8.089434293260550080e-02
3.490186861113251937e-01 4.860760738217118071e-03
3.223807024270849975e-01 4.737691770783972189e-02
3.387009514994419046e-01 2.443075076021378189e-02
3.356177367945301082e-01 8.728931208727172542e-02
3.923733679467470425e-01 5.170364766083734853e-02
3.816246933236341898e-01 5.221880883242718818e-02
3.679411924078225260e-01 1.450184943926252634e-02
3.518365889484562636e-01 7.475839346018750553e-02
3.211042378450573720e-01 2.317217479530558899e-02
3.023457447478669624e-01 9.430212736506676796e-02
3.382450850548456289e-01 8.902547907985647324e-02
3.126403301901001797e-01 6.312877150150397743e-02
3.393405850048412664e-01 2.832325284575837321e-02
3.660304781428231347e-01 3.560804457622757102e-02
3.967879504421290560e-01 6.681811668020970485e-02
3.034739989484812051e-01 8.644088255145293553e-02
3.847488705264126563e-01 8.972158952313233349e-02
3.374964452167739104e-01 9.754004227951251771e-03
3.695286345072536505e-01 5.533934539295218280e-02
3.526290994857494976e-01 8.072356475223679828e-02
3.232249624779220398e-01 3.600043085277865318e-02
3.036842359128023583e-01 1.804143066133473416e-02
3.239903713962685172e-01 9.001129136142205223e-02
3.699536100209184775e-01 2.182231388137889638e-03
3.040322904705244356e-01 4.635429799231738368e-02
3.865782471130179698e-01 3.376866533511729829e-02
3.643758248335199901e-01 4.457606438981767671e-02
3.774685424577937098e-01 8.723800998300421106e-02
3.610172172928304835e-01 4.297924672577074778e-02
3.952766154025161849e-01 4.123333662608413830e-02
3.435600533670198908e-01 1.287845054534098033e-02
3.894710311078459775e-01 6.016444530661019252e-02
3.231090424798239158e-01 4.658159532579278506e-02
3.058826348878367352e-01 3.499265725324529619e-02
3.744415207023023551e-01 2.560046598893939152e-02
3.036594435592252506e-01 7.421784854659774222e-03
3.544668993641578170e-01 3.336621909062159608e-02
3.674798712221775121e-01 3.473399413231659238e-02
3.237566782350728145e-01 3.950866481108844530e-02
3.228535111751473785e-01 7.684517978103774793e-02
3.646256136728430741e-01 2.446596361839520339e-02
3.177747699271180060e-01 7.365896260862445089e-02
3.500244632969952141e-01 4.134056032037980444e-03
3.186795509274734650e-01 7.595728647746272100e-02
3.232122157315430733e-01 6.762804977580100241e-02
3.415833547032945394e-01 8.741084792689576832e-02
3.244664466219771559e-01 1.570731499803490472e-02
3.806647889874767987e-01 6.065151618518757615e-02
3.504465547891926769e-01 2.052731549261971322e-02
3.236599122204270040e-01 9.776806827056588878e-02
3.047366247279332252e-01 7.282900097190475597e-02
3.110591858894140582e-01 4.562977630771652970e-02
3.725886580127220626e-01 2.742684387819460667e-02
3.846930678119548364e-01 5.337694016624824900e-02
3.563081910444843570e-01 1.841487794448559701e-02
3.011483830444527388e-01 7.881679550261530554e-02
3.011233916437225933e-01 9.167114570251361227e-02
3.927844695006511566e-01 6.098731889054379018e-02
3.148272818909857995e-01 3.796594096076943980e-02
3.526188115300603609e-01 5.861094742271366620e-03
3.695354060863648149e-01 4.375458793080372333e-02
3.905489989724716948e-01 6.446774425915513529e-02
3.259615070586132646e-01 8.958924425302630667e-02
3.145815873945091434e-01 1.869777801275468443e-02
3.126794022440379517e-01 8.516099699345697216e-02
3.908445460683772077e-01 7.098800469615243469e-02
3.896467549952218890e-01 2.368401880370230028e-02
3.208190548755622262e-01 4.296596775350924879e-02
3.102335179747194305e-01 6.121778704475358546e-02
3.103642995580678243e-01 9.311392690538994321e-02
3.054104496851560158e-01 6.407935370732087410e-03
3.567331327552718534e-01 7.786997114567931200e-02
3.749623134411762537e-01 1.820074399977750224e-02
3.841924668512948227e-01 3.563342704257121962e-03
3.276173027216067180e-01 1.758836626572590767e-02
3.078460754996546478e-01 8.749201311944912463e-02
3.635638446714657412e-01 4.756403747196824572e-03
3.723011573231284066e-01 3.626587013090781797e-02
3.399062889829045364e-01 3.551283286351719637e-02
3.711574201368327830e-01 9.480015850329545635e-02
3.720479175960407781e-01 5.819103559349592114e-02
3.345908231046431092e-01 5.400986903344939805e-02
3.902890228902334835e-01 3.974103984003296564e-02
3.139918858129828738e-01 1.283661401659658141e-02
3.048782078887481428e-01 9.545950384656939902e-02
3.815096112742079604e-01 7.429277446773718818e-02
3.363261986576350782e-01 6.182726695207294010e-02
3.196528940429625432e-01 8.569155891576973882e-03
3.928678691772821141e-01 7.758178212265598450e-02
3.318683896817085643e-01 7.574196168244312632e-02
3.987552498005687562e-01 9.652866871987519914e-04
3.246713394985167311e-01 2.630036883294945005e-02
3.612921964586922052e-01 6.284545555108300707e-02
3.739488758244077227e-01 8.525841055552046965e-02
3.610603144803083420e-01 3.454895862895113190e-02
3.818745892408703657e-01 3.405510127289862465e-02
3.901993070284426879e-01 3.798057243160612995e-02
3.696335920138641429e-01 1.413348561159172290e-02
3.918687518008049930e-01 3.511788475307364710e-02
3.449802791695864568e-01 5.166544858181942868e-02
3.531497775615131673e-01 3.471244123357458689e-02
3.872062997507562110e-01 7.297344287921003758e-02
3.308882247566533596e-01 9.638339170682863610e-02
3.925785409676325055e-01 9.849655156438283377e-02
3.531333629333852642e-01 7.666544092073884764e-02
3.798885079727307157e-01 1.245869954805134405e-04
3.070828149101916815e-01 6.613994517715701682e-02
3.088778469470785382e-01 4.973005305106487084e-02
3.418406107964089280e-01 1.449487093439127960e-02
3.113705180166073117e-01 6.763406852254397195e-02
3.876309510168671757e-01 9.048208273388091971e-03
3.711811256270435844e-01 7.819676812070019967e-03
3.513857294621338112e-01 9.455025004805983624e-02
3.017767270702403359e-01 8.541291090975233757e-03
3.960086113942998809e-01 3.416115549803466767e-02
3.279002017321231421e-01 8.085041592503006136e-03
3.974161950677290722e-01 5.085274969876982243e-02
3.260225044477422784e-01 1.853087153977428514e-02
3.238462309333731692e-01 1.741675566681960552e-02
3.567910801031644596e-01 9.371769889063796821e-03
3.060096710873743686e-01 1.990865253364837439e-03
3.736135932044442054e-01 8.632219085932774094e-02
3.877548893292886434e-01 9.593571898890179694e-02
3.488331951229490246e-01 8.770403838089430026e-02
3.103732244018962416e-01 6.393653671119625681e-02
3.629861832935920574e-01 1.440763920293780531e-02
3.361298205858324617e-01 5.496844026822272911e-02
3.940755254658260820e-01 6.696254175966434574e-02
3.481641631970463502e-01 8.133725055142346227e-02
3.396816352217991164e-01 7.463364416049575456e-02
3.807538597241482692e-01 4.924168222894864666e-02
3.047775067439597030e-01 3.611181813407399188e-02
3.159946152115004070e-01 1.514675298010542681e-02
3.766696867058975662e-01 9.611397624064638157e-02
3.392387740006759800e-01 8.958136370010724714e-02
3.619339870031679784e-01 6.043708998004046484e-02
3.510773600652244975e-01 6.271698409842937916e-02
3.576371262156785025e-01 4.126341096723340485e-02
3.597742771095482350e-01 3.486318026854146046e-02
3.091705329818517645e-01 1.996383096249421119e-02
3.860443858326128574e-01 1.018631542980769078e-02
3.616558770192491168e-01 2.861065490535247280e-02
3.769684114802069330e-01 3.946159480803040909e-02
3.594185547041918172e-01 8.375206023679099276e-02
3.861253221826926318e-01 3.148037650298463053e-02
3.898424167538789842e-01 1.169155978817787433e-02
3.041209797095595913e-01 1.416995793339237419e-02
3.376591229470551347e-01 9.700138144652437067e-02
3.844006722590503355e-01 2.102014066792445846e-03
3.743180602605303275e-01 9.648971428958677543e-02
3.256774141868161165e-01 2.484964182378318620e-02
3.906884588333606190e-01 6.789984306769358824e-02
3.912456571180775722e-01 4.338098905813581041e-02
3.871161019831421135e-01 2.351726410604787487e-02
3.965297722455300433e-01 4.471097116526473458e-02
3.624943984654900309e-01 5.230274592293521208e-02
3.080317773794515879e-01 6.596764327238546777e-04
3.182856846082054991e-01 2.392626380223777938e-02
3.344638037241633444e-01 5.135006201012545790e-02
3.597204070146944321e-01 7.061927029719194948e-02
3.264431044658820946e-01 3.475231204940387730e-02
3.170273637665215194e-01 2.329939503238293019e-02
3.319615428704534299e-01 4.624988235760768562e-02
3.569285065637090026e-01 1.798906898138991073e-02
3.183920443548700629e-01 1.552351256701145488e-02
3.237677393339001841e-01 9.604139862611557610e-02
3.986010857936562179e-01 5.914729767860049670e-02
3.566791469010622273e-01 5.676213978798008708e-02
3.241619171056405735e-01 5.502887570587389199e-02
3.850945566398423225e-01 2.080326488192707490e-02
3.795621570939128886e-01 1.277389987718235975e-02
3.455572119011727783e-01 9.618733865179776577e-02
3.836028108078881060e-01 9.583949875863451151e-02
3.260671519168257260e-01 7.095975330189296937e-03
3.972036895820143521e-01 3.423114093962809079e-02
3.543763645723758127e-01 3.693789437932099018e-02
3.873877963487068476e-01 5.544196933558709350e-02
3.861751321829127170e-01 7.515809583708454866e-03
3.342852814022641561e-01 3.464699956438332951e-02
3.632522892990512342e-01 7.654913365179774609e-02
3.662995029643973943e-01 6.740805076644590388e-02
3.619379590512386557e-01 6.627241672308792353e-02
3.590729270483552504e-01 8.877805727895715648e-02
3.377948672717249190e-01 1.785981523920215919e-02
3.863041009214159272e-01 5.217152696755261720e-02
3.179310802535675884e-01 1.157957890812433277e-02
3.160695757423666041e-01 9.944011847661138326e-02
3.124519707286120274e-01 7.343363851141182508e-02
3.035924912725965208e-01 7.344300842250059413e-02
3.792465309125066519e-01 1.243666753817651571e-02
3.411567981158819540e-01 3.359710604998172867e-02
3.669454766488339792e-01 7.363855135757046977e-03
3.984859037427235240e-01 5.405475309845619858e-02
3.150052316003544295e-01 7.859272226449448562e-02
3.249765890106239841e-01 8.139335017434931596e-02
3.814168583889063213e-01 2.549389014758424166e-02
3.459045023240901462e-01 9.583175746125008332e-02
3.934530115880175427e-01 7.499007909310381748e-02
3.553148458821100975e-01 3.597196123279933211e-02
3.224441706818125808e-01 7.572272996784820687e-02
3.004394971388963387e-01 7.655334513566852683e-02
3.751770807225315862e-01 5.654812364275516035e-02
3.488394883513430966e-01 1.898587170915516653e-02
3.621070280925428042e-01 6.642243494760421973e-02
3.468888845749438787e-01 8.568441540999505168e-03
3.548081447170350344e-01 2.251539087429915709e-02
3.783124831115857178e-01 7.402089362800765016e-02
3.727137011253048859e-01 4.847282893141449667e-02
3.836511502986692523e-01 6.204573004938171432e-02
3.149223208202478475e-01 7.059076879623668588e-02
3.279769311203576954e-01 2.476221015947044357e-02
3.151484204418265600e-01 1.023007275629983504e-02
3.536045642640170961e-01 9.886623537502409187e-02
3.655947012267045659e-01 6.667428186419596670e-02
3.046245007203455812e-01 9.255756676763648994e-03
3.533818427077223268e-01 4.921905768425352545e-02
3.937462548927259665e-01 1.287571706952739259e-02
3.179302229499275656e-01 5.035669189112471078e-02
3.540263848242409250e-01 3.076741032375984730e-03
3.188555837393834969e-01 3.131695753190411047e-02
3.669660002965959844e-01 2.379263902203732073e-02
3.913471171269958804e-01 5.582810307573474184e-02
3.219848355978826016e-01 2.228584472206346367e-02
3.548460792423763221e-01 6.624274796806020604e-02
3.185106540333429437e-01 8.900505027697219740e-02
3.053895510825050952e-01 9.206889768656678630e-02
3.688892605708331551e-01 8.410854577602547288e-02
3.251037742731858193e-01 3.403212858398424467e-02
3.045015326552683033e-01 6.375691969803143344e-02
3.422948270231065959e-01 3.439330122311623494e-03
3.092306814894085210e-01 3.366290843875990868e-02
3.725584808208974308e-01 8.449334335447650224e-02
3.751398743799549962e-01 3.601235803423014081e-02
3.591796896023823904e-01 3.227420700943672838e-03
3.204581551467408085e-01 1.654637710601442047e-02
3.179631874972069228e-01 6.172694049157417817e-02
3.648270477780822252e-01 7.802318153197057571e-02
3.335522306539081550e-01 3.045625532303791738e-02
3.525044351846341462e-01 2.855058531399867761e-02
3.104144446205030494e-01 8.131991758942447301e-02
3.668413331878956907e-01 4.341172623460093360e-02
3.822627072365141210e-01 2.221856574383174188e-03
3.329516003547148273e-01 1.886984609303965499e-02
3.176269543025765363e-01 6.187497841810440935e-02
3.568061470258769297e-01 6.928591365153655146e-02
3.431112560841425019e-01 8.635093296490145565e-02
3.445854563111084845e-01 7.131150024614374416e-02
3.991085451937589346e-01 1.791433503738615318e-03
3.508466389151230769e-01 9.136145726243308229e-02
3.098432613399881852e-01 7.118085668144941147e-02
3.451596530557791698e-01 3.711641394967263308e-02
3.606380808048657016e-01 3.925779727893852211e-02
3.076371547415574503e-01 7.798786231388654677e-02
3.167928777587414868e-01 9.723942394455342697e-03
3.975053724634045049e-01 4.125686159550628895e-02
3.811611532105146916e-01 8.196410452871477625e-02
3.785843513763920143e-01 9.540203569299685049e-02
3.663887851595489242e-01 1.594818494964295175e-02
3.752996521856632461e-01 3.358353943407932363e-02
3.990781695703183307e-01 5.512002727530287971e-02
3.391842005371720203e-01 5.199725664241505729e-02
3.612414152533722222e-01 4.143675621074072168e-02
3.722634155750979557e-01 3.980507588058301849e-02
3.465137979557510461e-01 8.981963559857769619e-02
3.748073717430763785e-01 6.785226021520873729e-02
3.882590648691512381e-01 2.547276816220095386e-02
3.117053531426614010e-01 1.984719038950011338e-02
3.701347632595254900e-01 8.698844631669147565e-02
3.441901464892265783e-01 5.338735503787100933e-02
3.139461320792110710e-01 4.458920177218264613e-02
3.529899394958984638e-01 7.547008252039985599e-02
3.826806701529497645e-01 7.619445712535444226e-02
3.773900218432086895e-01 6.924077359895960959e-02
3.525257825133052414e-01 7.109276247270637783e-02
3.677318307270857067e-01 5.892269452855156131e-02
3.990263023847070989e-01 6.940004355279746906e-02
3.794744401450185212e-01 3.150246601802547675e-02
3.512784491712862001e-01 1.237573663789820477e-02
3.078118910497982808e-01 8.884187626068124066e-02
3.860684950948180538e-01 1.707242169981970648e-03
3.619011842670443180e-01 7.949262520940592047e-02
3.889182998093455024e-01 7.258391204322908741e-02
3.830881901036631842e-01 9.864193251067435164e-02
3.368957770605728874e-01 9.481587470849739407e-02
3.716367325996300375e-01 8.739851173774915161e-02
3.566083229143725553e-01 1.270018692478874778e-02
3.929591707161423919e-01 5.044180616395002592e-02
3.884464914618634412e-01 8.871771021995708550e-02
3.099777245674068538e-01 8.430012987305937622e-02
3.373928291807491431e-01 2.214542094361859892e-02
3.363025897270593978e-01 7.006609378283182310e-02
3.135886215991958159e-01 2.062911028397712565e-02
3.970516762403254463e-01 7.928514764678734617e-02
3.573718261392267448e-01 6.295559264051903137e-02
3.624792575288676710e-01 7.925717495186745953e-02
3.809326204165508489e-01 1.864353385742212321e-02
3.906021255436008532e-01 3.434117550304033317e-02
3.359311402473542651e-01 3.783163677754419751e-02
3.889890015346096908e-01 2.619054531346487469e-02
3.572545353832909387e-01 8.775927332359298449e-02
3.394811223349373241e-01 7.836266281549458812e-02
3.075451226382435177e-01 9.260398063347879960e-02
3.702550812766189914e-01 4.129324703035014421e-02
3.473299364430993408e-01 3.303893306742966551e-02
3.499045569623288054e-01 9.642739226969965216e-02
3.586674521767432844e-01 8.383963364550342523e-02
3.863596163892993873e-01 5.253702374531554753e-02
3.750190150400495859e-01 5.431047413789522049e-02
3.428094574994667298e-01 9.779053596013861926e-02
3.059054751820435847e-01 5.565702853092865943e-02
3.946839701123769917e-01 8.332533944317510599e-02
3.762533084704248187e-01 2.982184299134887917e-02
3.809137256502513891e-01 8.334698304024149018e-02
3.405563569431776516e-01 8.337593392070150045e-02
3.724505957867937367e-01 7.115638979966087962e-02
3.791044202823898868e-01 1.175207306072706404e-02
3.751085040334626863e-01 7.003220589823611064e-02
3.109719422089778362e-01 8.115971517628134402e-02
3.076761313624790661e-01 1.062868701619562595e-02
3.748498149684620917e-01 2.228750602417439719e-02
3.619417463180064631e-01 3.332212276568979892e-02
3.557697614233346073e-01 9.213890026109139431e-02
3.763536397600241168e-01 9.556869176240498365e-02
3.274315150445111788e-01 9.512494144293368037e-02
3.974452936960198857e-01 3.755936075097587867e-02
3.532946269004814122e-01 8.049335909999594252e-02
3.295826216914827245e-01 4.768300147205567496e-02
3.922364075515716864e-01 9.779882167387207725e-02
3.917916789899953400e-01 7.901522067261512738e-02
3.080891532274321887e-01 8.451543148182036336e-02
3.350278986252772095e-01 6.167760577121078613e-02
3.077724239450727595e-01 2.570128270444177465e-02
3.527440477883271308e-01 7.225435924578033076e-02
3.019309826756945148e-01 1.048797784357674567e-02
3.894980763054688433e-01 6.116789905190200827e-02
3.355345446120769348e-01 9.341705421591747771e-02
3.246049224598678284e-01 2.525492297393733265e-02
3.541341353557493354e-01 9.532241133048066639e-02
3.010794454271655818e-01 1.421562802501624700e-02
3.637969610713138735e-01 1.202689788362604206e-02
3.840453381688891388e-01 2.551677168185939593e-03
3.276316644631366848e-01 6.816446428908878863e-02
3.864941371143478799e-01 6.698039913239806076e-03
3.926894348042014316e-01 2.380554658026207138e-02
3.224737268833134385e-01 6.709004794073361588e-02
3.644454301984572098e-01 3.297039069332746708e-02
3.064927366516964624e-01 8.042818276551863543e-02
3.878835609096324966e-01 5.765474311847612610e-02
3.125689267109821867e-01 8.420352329675750980e-03
3.827793738757249153e-01 2.917469188630178456e-02
3.136531627760765772e-01 5.864797743514579831e-02
3.141439296449425878e-01 7.254253737596461082e-02
3.300768037889272866e-01 3.282937962841558921e-02
3.518449445887631422e-01 8.106140439261377839e-02
3.894305307744632683e-01 3.632268172772185055e-02
3.828432770867857271e-01 4.114156817395775434e-02
3.797269137352055624e-01 3.170983103926494628e-03
3.166039129219206938e-01 8.239093449120821200e-02
3.061158344611237814e-01 9.508602761755011179e-02
3.277571960484161329e-01 9.370930408217190144e-02
3.913842481771890314e-01 7.876858260468350137e-02
3.959338834127312245e-01 3.883086605476260278e-03
3.196258537542858158e-01 1.904764588769686240e-02
3.741749033324535678e-01 4.486325653874165265e-02
3.659115459603582421e-01 5.041490904685133612e-02
3.640648249552345672e-01 6.650708898945845160e-02
3.011251131059681785e-01 5.571961172140094121e-03
3.191249260251388109e-01 2.051604194906270218e-02
3.589860911166034563e-01 4.543746187442154749e-02
3.125639312520247515e-01 3.016727298167271032e-02
3.267759995441096299e-01 1.285838531277855301e-02
3.029817837969344119e-01 1.249906773121423065e-02
3.126889410960315141e-01 1.892597377486038290e-03
3.732074118543234342e-01 4.356625292437016350e-02
3.432781248090297499e-01 5.905349689215727560e-02
3.816622321521308536e-01 1.636041347205652308e-02
3.008764130732617392e-01 4.815395184455700806e-02
3.677215977214235987e-01 5.848764953223400953e-02
3.237866949594530031e-01 8.562506012992901483e-02
3.862452980244082124e-01 1.662030809149772637e-02
3.126954268286973870e-01 8.226751874665871878e-02
3.643982881670499441e-01 7.687960895732445787e-02
3.088469279497011444e-01 7.388992004251432322e-02
3.165487094288562675e-01 2.655387684287219274e-02
3.862438075206859334e-01 4.531648537415741695e-02
3.534360831011283399e-01 1.569100554388397351e-02
3.819936283239308006e-01 8.311581543798285399e-02
3.482933289264740773e-01 2.800451542481002809e-02
3.557415401029896951e-01 7.238753811472464772e-02
3.513533716422943542e-01 9.362348868184355855e-02
3.173249072348287014e-01 4.956701562562648711e-02
3.340906096089080735e-01 5.051799219529146123e-02
3.144646989348737764e-01 8.238254123167076948e-02
3.769910012872071392e-01 9.906076619706610797e-02
3.886387652977437712e-01 1.121092030313775023e-02
3.388886166727586025e-01 9.012597940887101533e-03
3.656003236599338346e-01 7.138773963322764260e-02
3.596453190482291618e-01 4.551933964722987280e-02
3.324059406835585539e-01 9.164895097127248591e-02
3.369436043317749485e-01 7.073919001678213858e-02
3.172258850501485372e-01 2.153576483009606024e-02
3.780520946252416969e-01 2.286952727738916780e-02
3.230222283136013339e-01 6.729831399372562806e-02
3.318782035701116073e-01 2.265278852863122916e-02
3.225972997518107288e-01 1.975598539937439835e-02
3.518404296045147817e-01 3.390694276283812147e-02
3.707943382210036609e-01 3.979455324333042165e-02
3.559098500331541182e-01 1.935628816794876528e-03
3.764648088410727511e-01 6.777029758215044608e-02
3.548619178120687168e-01 6.584744408584439213e-02
3.548619620850739786e-01 4.438152566277958622e-02
3.920344375977555806e-01 9.898088843048269414e-02
3.803499974528641858e-01 3.246902263864959171e-02
3.542368413722562503e-01 1.818292416207090145e-02
3.489805617481163691e-01 4.473889134603217799e-02
3.191207242994812399e-01 6.151738295327136008e-02
3.620741616408580388e-01 9.345209676200699755e-02
3.761054063609870490e-01 7.225794016784892193e-02
3.623416459574334558e-01 6.569717349812198570e-02
3.422487063950837571e-01 2.218059682446410497e-02
3.076508774321284334e-01 8.386456428003194463e-02
3.095264374883612835e-01 5.001402547938868515e-02
3.621143718573373582e-01 9.889595535263051573e-02
3.914396207952900997e-01 5.165193887691543750e-03
3.751872746743422082e-01 7.869293335557214775e-02
3.020443763803612458e-01 6.486070662419582411e-02
3.631804773094247096e-01 5.953012246330396939e-02
3.820200834157558289e-01 3.045782394341672861e-02
3.748182222357299698e-01 5.781333423235446300e-02
3.485702092693991894e-01 4.344728159459365635e-02
3.179359231512411954e-01 5.511277643611969812e-02
3.171730067389956775e-01 1.674589282169741677e-02
3.065188053000940105e-01 8.225017047310226315e-02
3.861289289324603691e-01 7.497006704996916904e-02
3.248096182113626718e-01 2.083836902235769450e-02
3.745275507846991259e-01 1.877387605787028679e-02
3.649920970442008250e-01 3.600909922172812472e-02
3.576322987455275437e-01 8.193510745233650860e-02
3.477893854590781708e-01 1.529348154482168543e-02
3.773388127139855053e-01 7.594912207156701012e-02
3.067236071127514840e-01 9.229221856300057203e-02
3.121482783687697382e-01 8.622830512362752997e-02
3.215772999999290116e-01 2.105130751946210355e-02
3.148793973225595955e-01 1.761652021406107105e-02
3.657950338433060833e-01 8.313845030265393232e-02
3.721073460230536756e-01 2.251432976924316876e-03
3.237577635275734056e-01 5.744532240650440658e-02
3.926167936732040120e-01 7.854713236649246699e-02
3.900901649753323874e-01 5.389947769554073731e-02
3.772785364254142570e-01 5.152961019972718271e-02
3.704322267615374753e-01 3.350845083921583090e-02
3.870041200879734133e-01 4.619114432139462267e-02
3.686727447013783965e-01 2.006977741045762320e-02
3.747159479868689136e-01 4.112197860620980805e-02
3.772728240268511946e-01 5.792509563193204425e-02
3.402939004347156904e-01 5.424818230882588743e-03
3.865000374046273501e-01 8.671527983445873056e-02
3.134899891456059962e-01 5.244049800391706317e-02
3.482611597564050920e-01 3.227642155877674668e-02
3.852414745150207764e-01 3.636127600425265172e-02
3.055425635057316125e-01 1.572121796762981916e-02
3.051142268133270052e-01 5.238455347325032818e-03
3.689500526224272492e-01 8.466483447146572194e-02
3.598363795839641943e-01 5.202984004192140466e-02
3.659954884575728484e-01 1.485243986325213150e-03
3.233212017925572446e-01 5.041090865773756313e-02
3.659566328253709977e-01 4.420701711287200464e-02
3.313885652670513493e-01 4.024487700992918082e-02
3.119343293766152492e-01 3.762000871470988494e-02
3.648706447312776713e-01 3.221537739166491221e-02
3.963884483439356066e-01 7.150158056655417371e-02
3.199600407772777433e-01 1.561283575712180127e-02
3.186794191638328000e-01 7.150038159455129883e-02
3.886852636333618660e-01 3.920998499093242273e-02
3.929129495225143764e-01 6.788081233104348300e-02
3.582696876279480858e-01 5.802306263288523058e-02
3.820988902967010770e-01 3.857220319543452902e-02
3.588935579763380401e-01 9.455049836499859750e-02
3.668684867591646137e-01 6.030133330288137139e-02
3.551198935757656772e-01 4.072869900778142149e-02
3.809575053256928912e-01 3.813788596105344153e-02
3.357912833194096613e-01 2.102022483643406492e-02
3.557823449093281964e-01 8.458541407995373573e-02
3.856107926422094878e-01 8.513585175294324792e-04
3.064548436635234352e-01 3.696517579267954989e-02
3.307143455546736610e-01 1.438970876404221944e-02
3.602346463169193158e-01 7.116630210594285244e-02
3.827503125119648963e-01 4.186431539125690104e-02
3.155380522348094074e-01 9.416018144124327360e-02
3.063941009566040208e-01 5.046125040047189092e-02
3.305320914123189846e-01 2.170077413397242250e-02
3.772264856026476543e-01 5.552464949203594902e-02
3.900065541942165370e-01 1.990144166823587524e-02
3.036704371910972644e-01 9.614954814543957839e-02
3.934192086611727479e-01 8.313891773992601597e-02
3.720022696015257146e-01 4.796760101435201817e-02
3.259164758873006607e-01 5.937107073013461744e-02
3.448721345881328726e-01 8.718916769817902646e-02
3.450289048005104608e-01 5.855712041272953527e-02
3.416181771858015637e-01 7.536327852060517585e-02
3.310589925949829482e-01 6.308265967759504877e-02
3.675920277282935245e-01 4.759195103834368279e-02
3.664187192548170602e-01 9.098731864377571088e-02
3.444526726291686214e-01 4.382960307678734901e-02
3.165885961492879153e-01 9.869957891509353876e-02
3.135200610836536561e-01 8.731987950769803941e-02
3.678305563146909152e-01 6.911510789544342281e-02
3.389130253190517084e-01 6.365301759883448818e-02
3.594234575959761036e-01 6.988653643633421786e-02
3.597490868256606467e-01 4.682638348329204447e-02
3.091250896140952942e-01 2.931071601855494979e-02
3.589470486505548230e-01 3.131934793341956125e-02
3.845695123345907462e-01 1.134438650068214649e-02
3.042769139960550540e-01 2.569143072948815165e-02
3.880366447798381802e-01 4.244740604995489441e-02
3.597750808963406377e-01 2.051357112910051628e-02
3.441918170915886921e-01 4.097818459344038100e-02
3.654501876636829794e-01 7.100438878776352269e-02
3.798771352728751438e-01 9.909409799760127147e-03
3.045833817457338499e-01 2.330912560421583013e-02
3.309761413690551213e-01 8.727244961235894327e-02
3.318662537083374442e-01 9.743521257828821613e-02
3.637682420678471362e-01 2.463687517918289327e-02
3.657254099814978843e-01 8.459856801885767830e-03
3.809397380836074820e-01 3.567197381589765071e-02
3.800669103601115872e-01 6.165390119101832322e-03
3.496366130201436495e-01 1.117536056359441643e-02
3.608513642903281582e-01 3.225109019095689922e-02
3.901805194539611499e-01 3.278447193188227526e-02
3.011033399798513366e-01 6.683188469258941056e-02
3.252720026831567024e-01 9.279670924121205533e-02
3.877664795211253068e-01 3.689791258012870001e-02
3.566642036312955844e-01 6.625033072516126054e-02
3.839982891855190927e-01 4.247458272684495606e-02
3.984395657901561028e-01 9.264374441833725382e-02
3.488450123162482042e-01 9.250305322393545526e-02
3.281039736622287095e-01 2.679303792615295166e-02
3.113864109917295897e-01 8.475508142284435276e-02
3.524040796461598291e-01 6.479952846638303843e-02
3.012608524844417324e-01 2.759012437646951588e-02
3.313064427130976153e-01 5.827896936471094191e-02
3.230648546719196990e-01 7.947441368633345604e-03
3.140353318117338199e-01 9.793225895269794257e-02
3.257146902986836623e-01 3.289652138114435020e-02
3.086349717040038909e-01 3.114633427943247490e-02
3.697549502971758661e-01 9.577066693432925715e-02
3.270023279457183740e-01 1.765543781638106990e-02
3.167450862280967727e-01 2.639376696961248658e-02
3.089596515092182250e-01 7.906978231196037932e-02
3.372839611124331394e-01 2.572299913409775707e-02
3.649909268349715297e-01 7.504291827727693764e-02
3.320441746488858037e-01 4.192967920021151151e-02
3.258907092150761797e-01 7.321698735166612404e-02
3.801627948197321416e-01 7.904465906211810555e-02
3.082734075635683024e-01 9.613069135645377350e-02
3.348652324949128456e-01 9.278293718240179788e-02
3.640450469651842491e-01 6.850016297762284712e-02
3.930559883818396938e-01 5.949961938396419736e-03
3.048268345879058816e-01 5.666411955829731006e-02
3.437385204381246395e-01 8.784670233317551369e-02
3.838078922663805681e-01 9.878046339231005835e-02
3.212852222439703254e-01 1.262353851895753332e-02
3.413274809893599993e-01 9.849028564520795337e-02
3.417615569720311441e-01 1.759458418794213053e-02
3.222769123278599324e-01 1.796024295360426626e-02
3.956908324677600453e-01 9.951405300897586681e-02
3.345619985766887239e-01 3.876675375145594016e-02
3.686024251446884947e-01 1.937795974607864347e-02
3.315643413258620997e-01 4.283697714399237189e-03
3.689487809457245304e-01 7.095914206839512572e-02
3.252840107949160342e-01 7.396036642568970532e-02
3.189625409495635000e-01 3.892754201810538772e-02
3.270728488109285181e-01 4.439887295354624785e-02
3.205135768691009246e-01 4.112752760097704297e-02
3.494139553640146501e-01 8.210044730770463262e-02
3.643738131556427673e-01 6.556904593910570234e-02
3.847153080731071650e-01 4.085100507032285444e-02
3.592564656918261767e-01 1.233259205115394552e-02
3.510695714119853039e-01 8.959560766985938396e-02
3.795432587325515139e-01 2.159382088080208373e-02
3.212402609772830875e-01 9.086610038636130926e-02
3.718058751484543123e-01 2.634790071586357030e-02
3.065494870172389419e-01 2.377218684042353702e-02
3.771426226620692712e-01 9.404368271538621205e-02
3.531274299221373036e-01 7.942046175734568392e-02
3.415678208711247499e-01 8.109113318394442493e-02
3.256555140391926839e-01 2.434322623081380810e-02
3.229279148365509222e-01 4.125587304851963122e-02
3.662683271689994857e-01 6.173757332198864800e-02
3.233089014605037836e-01 9.094862649524373954e-02
3.119206773340400529e-01 8.456685423566426274e-02
3.673981725109120577e-01 1.013587636990004315e-02
3.453433743883391194e-01 7.436139098938418512e-02
3.227817127805222563e-01 3.847963459784603524e-02
3.380017482108328419e-01 5.098658233456621058e-02
3.846453242672838724e-01 1.234111715726454728e-02
3.335817824439983870e-01 3.037812072831724830e-02
3.425870366288177871e-01 9.723333949745202598e-02
3.624177410572356206e-01 2.191205828241410414e-02
3.327783919039219995e-01 4.815418566165846626e-02
3.585715009792462826e-01 7.065198033878133943e-02
3.816012617017852659e-01 5.807139359804278089e-02
3.954199007428876866e-01 6.381266850466857377e-02
3.080750639279767333e-01 7.574815310963062265e-02
3.711738383109929873e-01 9.255934285135414274e-02
3.105193545011181167e-01 4.123760199385978487e-02
3.691959234719919269e-01 2.335174130351602706e-02
3.135883586753966945e-01 1.108855284880660985e-02
3.854284428213883840e-01 3.480832106661058134e-03
3.849547544067902782e-01 8.457094856270058747e-02
3.533589809034274332e-01 8.911610006124698335e-02
3.842026081700737339e-01 3.127547203134406484e-03
3.197647627699823358e-01 8.794862901397756949e-02
3.114761389260078950e-01 5.223149459909720571e-02
3.211799173838053578e-01 4.690329332551546049e-02
3.226679596675331996e-01 7.430275332904803798e-02
3.019982297285882522e-01 9.379907760579353493e-02
3.004695735560491965e-01 9.575964779991108511e-02
3.184645182892666959e-01 6.587280032598974433e-02
3.964394100078529326e-01 5.272900765844801274e-03
3.435819364815483890e-01 8.354114449710628443e-02
3.748638062394609727e-01 6.025603695338394017e-02
3.046874638698554572e-01 8.772990339108538427e-02
3.595263561387244122e-01 8.944070922910601906e-02
3.428102208212311930e-01 5.115111944234851382e-02
3.979516276845609934e-01 7.876685396116522853e-04
3.433938358702535720e-01 5.821838224105807535e-02
3.002846648795336471e-01 6.882970837604882042e-02
3.026647242092981860e-01 2.366559964826919771e-02
3.208964034822128775e-01 6.406053783389376033e-02
3.593445685558205316e-01 7.616606204631573562e-02
3.780176082715362984e-01 2.463544375065468417e-02
3.000612499447835591e-01 5.359052389899057744e-02
3.335797380525165612e-01 4.368876978036312364e-02
3.359499115001788327e-01 2.813352825846793248e-02
3.077962027897686026e-01 5.823655762651347434e-02
3.907524714940471267e-01 3.068295536133786028e-02
3.099221396419447605e-01 8.767732339011735654e-03
3.749193522366904285e-01 7.709956345263924149e-02
3.062254363751503172e-01 8.063487282035922132e-02
3.696046186628997865e-01 5.218858558700853467e-02
3.110043743720069531e-01 7.413518447934014377e-02
3.664296709538674701e-01 7.921254078788228514e-02
3.343707595733976246e-01 3.240459753310659385e-02
3.220687601145182932e-01 3.549962498209147110e-02
3.650719572391578072e-01 8.383672118337293089e-03
3.553169183940044773e-01 6.820621032564597175e-02
3.350048754964997100e-01 1.650919911630033265e-02
3.814566598867460412e-01 1.531798517864535469e-02
3.286491048088410194e-01 9.778065709504485392e-02
3.357935182691788034e-01 1.679514254280700669e-02
3.134347167552103408e-01 8.344019644911540579e-02
3.002547451059895955e-01 7.901056131892250645e-02
3.134447940714420455e-01 7.576351110901535790e-02
3.450785879672543244e-01 7.861802960750757796e-02
3.728442917420498603e-01 6.608671387099307459e-02
3.111637866880944681e-01 2.770473679669732681e-02
3.938876645775247765e-01 9.156361979882976510e-02
3.697732892387864956e-01 9.188228864363751081e-02
3.577412390744897364e-01 4.819601311969445856e-02
3.582556567036686013e-01 8.088298272749294693e-02
3.429734239686933472e-01 3.605616270313111160e-02
3.016892396241597218e-01 1.404408128517586896e-02
3.572494706423303135e-01 1.719319491466447802e-02
3.281744566769451699e-01 8.852736015782292078e-03
3.691509743830556078e-01 9.110335075489525702e-02
3.284282177833763861e-01 7.582919529143414272e-02
3.730605975340752778e-01 9.916562147354623935e-02
3.595654800587930744e-01 5.610951752744480769e-02
3.801803990343300410e-01 6.946664189899909303e-02
3.110846965206748860e-01 6.715982472364886990e-02
3.825107225306995651e-01 5.767069505458710665e-02
3.603441371143795702e-01 2.103298106990902916e-02
3.347357744635297006e-01 3.411242175559692225e-02
3.459524685239526165e-01 2.837922189963582031e-02
3.350384018924930096e-01 5.059195557193146842e-02
3.045085446349129477e-01 1.781053277241051447e-02
3.855991523525046927e-01 2.907639365940767329e-02
3.475405772246512037e-01 4.667753723571027580e-02
3.296686561077753486e-01 4.597986155328645519e-02
3.541838468871205126e-01 1.773981971420973691e-02
3.217876366560148416e-01 7.176533061514719924e-02
3.093366810793157229e-01 9.144111008109762073e-02
3.841868288424165057e-01 6.240621818172223390e-02
3.819415294906104430e-01 2.945960536290198606e-02
3.987585921347209794e-01 5.160855244831594191e-02
3.169645717117702266e-01 6.641748530940236317e-02
3.875136604104894023e-01 6.989077690194231418e-02
3.340971640128597153e-01 7.573862398884514957e-02
3.933569116089244977e-01 1.787743627390758760e-03
3.112482775939405255e-01 2.097220695606860641e-03
3.307495585019762374e-01 2.081403077225002507e-02
3.080869626405460249e-01 5.030078782297064954e-02
3.227498319215876266e-01 1.834201104173227570e-02
3.938729038942020422e-01 3.992249882199350175e-02
3.095591475187888797e-01 2.805123256343011739e-02
3.256289524507247624e-01 1.635801679230008965e-02
3.122831106610390872e-01 5.448326356339183718e-03
3.395127627218300082e-01 9.614767061010706661e-02
3.817685408962375737e-01 7.518342124483801125e-02
3.488308989091815637e-01 1.511768707299437908e-02
3.867238769976506507e-01 1.894182760987822567e-02
3.312715365838513892e-01 9.978968240704935710e-02
3.675843079716231143e-01 3.059591658680954618e-02
3.683901109671802176e-01 9.945794763882129241e-02
3.589230036008848601e-01 9.404354687612823116e-02
3.342094832953189099e-01 8.379189699059480523e-02
3.707284987508672192e-01 6.645693405098787587e-02
3.911071209969624318e-01 2.741742728674223528e-02
3.127657907689393446e-01 1.523482088146582702e-02
3.168856599607566271e-01 1.246001263662682712e-02
3.990122657705147957e-01 1.693993077056621388e-02
3.366209627864450438e-01 5.084935716285471363e-02
3.613655929665665623e-01 2.688063713302668578e-02
3.932209367019988133e-01 2.429084991767876955e-02
3.128997887331657624e-01 6.993376065389356189e-02
3.584766001517577516e-01 6.252351072474615634e-02
3.337303539875113856e-01 5.130756562305613389e-02
3.186036485050247058e-01 8.677050255105903109e-02
3.392981017977163560e-01 7.732066018506128513e-02
3.727130431003506383e-01 5.024049249359310854e-02
3.176792874030316960e-01 8.802975948912872273e-02
3.062232279198994211e-01 3.630615086641553191e-02
3.294633608332517838e-01 3.346011451993846642e-02
3.997960576085238249e-01 1.804470437862482068e-02
3.108863803442777352e-01 5.426490803160100018e-03
3.892506876811575034e-01 7.410281397483417520e-02
3.115501148006370458e-01 3.957898041860846705e-02
3.985553076758333590e-01 5.230617138285784118e-02
3.966625208215989185e-01 6.346487820359822396e-02
3.516417792231990580e-01 8.469748658042036693e-02
3.157733752235392100e-01 4.777607988752291535e-02
3.620386718540415938e-01 4.459940994127173375e-02
3.557127644060278926e-01 5.758663516223949674e-02
3.163506352163750757e-01 7.971408507768176777e-02
3.431285345376662299e-01 5.913091108680490482e-03
3.369883916568068849e-01 7.567070540712636517e-02
3.344625395302258664e-01 7.890238296927770678e-02
3.993845400976693827e-01 3.887680537567989036e-02
3.290666679679201678e-01 3.453859862187519392e-02
3.539765665790088334e-01 1.854917395905414379e-02
3.788632965344419512e-01 5.065514322532277403e-02
3.609937561166473574e-01 4.273184687085523903e-02
3.648924818645303270e-01 8.859438537638600342e-02
3.215614106578209563e-01 6.951706546704475298e-02
3.262792497887982424e-01 9.847909524166015283e-02
3.971482800291845083e-01 3.743796663152260118e-02
3.955485894217993237e-01 8.544765392651479385e-02
3.164448590078861590e-01 5.322619934548886156e-02
3.776940467325641815e-01 9.673746914673345132e-02
3.316867361434908679e-01 1.568110810372169706e-02
3.994345878303122710e-01 4.782071861851303063e-02
3.185437704066697573e-01 2.707076494173388248e-02
3.570862524173098462e-01 7.262744401583021148e-02
3.821115632328840328e-01 6.627247330661517610e-02
3.143731174180791066e-01 7.882349949083733431e-02
3.567084781547282257e-01 1.045235318768228394e-02
3.165488007184603658e-01 4.932820093828507724e-02
3.452612565490530416e-01 2.499852894008824933e-02
3.588504991998824334e-01 1.780215335082302452e-02
3.108364516946185985e-01 7.536477768871271965e-02
3.400295772111855408e-01 2.938946334664876980e-02
3.177539259099401159e-01 7.725108447294479208e-02
3.222679204079301196e-01 3.649293287968813360e-03
3.309359050615271469e-01 1.881082098051645168e-02
3.924264707178822253e-01 1.587094125610938322e-02
3.862146947348989445e-01 5.875951504410509285e-02
3.440734709662077173e-01 5.892082801394044056e-02
3.736033420612960287e-01 4.383612164217454144e-03
3.965168945335117989e-01 7.046844635638785381e-02
3.899821509676481002e-01 2.866291352321781449e-02
3.269537335005071599e-01 3.117176848208835782e-03
3.255117634488156053e-01 9.733949553678966637e-02
3.814809320006486981e-01 9.189655699264831501e-02
3.415098227261122998e-01 5.328338094794926594e-02
3.439346675927120733e-01 2.540419009062094835e-02
3.876610928784944843e-01 7.053782566693977962e-02
3.376232900217236987e-01 5.132834840114058883e-02
3.849992011093459343e-01 7.341408539619126428e-02
3.223517726491703095e-01 9.645084894092459393e-02
3.588864340147762677e-01 1.613148970727407150e-02
3.311820619721035364e-01 4.361239698126623265e-02
3.667942342226963581e-01 6.765034765905039715e-02
3.585621077501495724e-01 1.349918229096747080e-03
3.754750301746637153e-01 7.691577550193678947e-02
3.753263432811936862e-01 1.043496606005595018e-02
3.299931230654783443e-01 8.427345678974995646e-02
3.895405119309390818e-01 8.984092102068638730e-02
3.056314534279666595e-01 8.532926459132461616e-02
3.600156784712414404e-01 2.138682116056156435e-02
3.949144782332215109e-01 7.679017373736343743e-02
3.853374610515491461e-01 3.342289551647958934e-02
3.564953647401113979e-01 6.909827817747293821e-02
3.248971380744947179e-01 2.570589199699457872e-02
3.832166006296908178e-01 9.557879651966511014e-02
3.052175037362442889e-01 6.022106827151985087e-03
3.913763228613356127e-01 5.450613195695799829e-02
3.238092930068212083e-01 9.235808821331936702e-02
3.717933609555228447e-01 8.079102384310257734e-02
3.960264182860179782e-01 8.453239756455677156e-03
3.307638567246924954e-01 8.746855016023025176e-02
3.333666489146241418e-01 5.103601564269921731e-03
3.777577090043803820e-01 8.050122730846184793e-02
3.451185179927068747e-01 1.500040963975296515e-02
3.925803851146706380e-01 4.101585715618788486e-02
3.131660617593835516e-01 2.341370435716938481e-02
3.703919913270249387e-01 8.415260521144421468e-02
3.581946455700817378e-01 1.437765578917948872e-03
3.197013754989600498e-01 8.181017156144390623e-02
3.128958298817455241e-01 3.415319248644133054e-04
3.567932880608663537e-01 5.133524963335348024e-02
3.514334968700129069e-01 8.130923888719374104e-02
3.746260868125390608e-01 3.501089408210145137e-03
3.886537136234106682e-01 3.070225148086447309e-02
3.486188151009321778e-01 6.321674225364631861e-02
3.163502146226422895e-01 5.450357449182757774e-02
3.681059711238244270e-01 3.312604922669182272e-02
3.636594655964724421e-01 5.712831112891331165e-02
3.538090649371334329e-01 5.962969018046468395e-02
3.371944695699152228e-01 7.851661125220019133e-02
3.889629496500711658e-01 7.356044272573092346e-02
3.293675103175943697e-01 8.618589886951824597e-02
3.437785041564921373e-01 9.784216129047718091e-02
3.175383283231637543e-01 4.756788414728732595e-02
3.567524827965797285e-01 5.134298311944740512e-02
3.657507193096498077e-01 1.367277975642744448e-02
3.567172046345931657e-01 6.158323068516813326e-02
3.640889285749379090e-01 3.065713017108201432e-02
3.956744681794982510e-01 4.943224081513808432e-02
3.788381290813664370e-01 9.705738276805978004e-02
3.447265291833834233e-01 9.777983478590115962e-02
3.954010185281907619e-01 2.328977456965308779e-02
3.251826016854917345e-01 9.248974673798571189e-02
3.504076622113791450e-01 5.650525102889564222e-02
3.705617864197988109e-01 4.576918623950543275e-03
3.615479913664612632e-01 8.594871230230979875e-02
3.929495870071225139e-01 5.636504891660709671e-02
3.549408478958440694e-01 2.747177047850513087e-02
3.817864883251040342e-01 4.245642345881134316e-02
3.529524244624168139e-01 8.658358993096540446e-02
3.725570199696324192e-01 1.571421015367185925e-02
3.389860405817691769e-01 9.174450720070376208e-02
3.049413956552937122e-01 3.856813587725943515e-02
3.684939531336918206e-01 2.607960712061918596e-02
3.130928235722569841e-01 8.307067546316213025e-02
3.696937575592236236e-01 7.112516674882987666e-02
3.628210989134124653e-01 9.774663272896855215e-02
3.081106330357981093e-01 2.292223055750419736e-02
3.220289711590218484e-01 7.855467972062452064e-02
3.398282755423826518e-01 3.250375257337984047e-02
3.966166501138775335e-01 4.433712598264125115e-02
3.260275556317768220e-01 7.090170401798615019e-02
3.803504994732869737e-01 9.983723945369524233e-02
3.347464202548254830e-01 6.737022020793570487e-02
3.384100852480422805e-01 2.655434786138888281e-03
3.544623581351964980e-01 8.702695072751440164e-02
3.937164464669765107e-01 2.555039239436229792e-02
3.720742611510976516e-01 3.757742052755735918e-02
3.610060558873820491e-01 5.165464309722564429e-02
3.145065583900882866e-01 1.889265920655541775e-02
3.307032800921465565e-01 6.542645512182423961e-02
3.927578920212417835e-01 1.363736053087644118e-02
3.636549399658843829e-01 8.538990035968221926e-02
3.505362401854392740e-01 3.324018973075376637e-02
3.865699076768245313e-01 9.124385424421119217e-02
3.445317538704858462e-01 5.925938574105624190e-02
3.652343834825494406e-01 4.884004045782897041e-02
3.540036558285577506e-01 8.383592244397189419e-02
3.108347038035542687e-01 8.359653493786201039e-03
3.164274384070118740e-01 7.901478693172586665e-02
3.631801104435400940e-01 3.701246544302871921e-03
3.650553593013841636e-01 7.542878507028186186e-02
3.438984859390690763e-01 8.972850034660379004e-02
3.169371888376160129e-01 8.969511126253240652e-02
3.264390936834136170e-01 2.989538104793965090e-04
3.256514102183251103e-01 2.312893234564694644e-02
3.927441958501734498e-01 8.470213351360814102e-02
3.470391682646913334e-01 8.192914121989913756e-03
3.685070256947162171e-01 9.507397645212864457e-02
3.708873201687788446e-01 6.474786516256056390e-02
3.477567058912872655e-01 9.006295825397209187e-02
3.595045225760752916e-01 9.662934631191300028e-02
3.000505237115189128e-01 4.291584836939721370e-02
3.788894447678453625e-01 7.791116319560920100e-03
3.064627504067032326e-01 1.617015673746063920e-02
3.764021058061158276e-01 3.552084208331196535e-02
3.712814558091815376e-01 9.181374299101707770e-02
3.454622963187218287e-01 1.064084180721236450e-03
3.504817892938437152e-01 6.518740660722854852e-02
3.101573548024367799e-01 6.137195386655044937e-02
3.166907990499720493e-01 7.918195571222194640e-02
3.851578172589308346e-01 8.457372790047401612e-02
3.622045285530005043e-01 4.278734996522365330e-02
3.639916301920860242e-01 6.253190335716302117e-02
3.965973419401578326e-01 9.593164236329054795e-03
3.722634693649889970e-01 8.653185547038036440e-02
3.148155651221745122e-01 6.164205076849482712e-02
3.339323720398537088e-01 7.504885975968664247e-02
3.077711196772038305e-01 3.673450032624697714e-02
3.390976829997384701e-01 5.192696688074716072e-02
3.251965727021051689e-01 3.826701989231012790e-02
3.888762085358051790e-01 8.889096717112018875e-02
3.459105581807563334e-01 9.316996374011787818e-03
3.491326427823056577e-01 9.584198527447174154e-02
3.032235702297069735e-01 8.689582866930320448e-02
3.602049332629060907e-01 1.777374296879646876e-02
3.791312486042312524e-01 2.593393447202163582e-02
3.156359628181972243e-01 2.700439770708279452e-02
3.222232158904919652e-01 1.380411227586075817e-02
3.448132144766044016e-01 6.741027203307334292e-02
3.030712522298729117e-01 9.045084413010201496e-02
3.278086090176427492e-01 6.471928669851623184e-02
3.459432523370573609e-01 6.675277746869648365e-02
3.472122497971074639e-01 8.924001562509464858e-02
3.892646207854977281e-01 3.474223906333451239e-03
3.198318425952476063e-01 1.371339133538940214e-02
3.690560396704668511e-01 8.329330829352429855e-02
3.977019171986361235e-01 5.192573618362097965e-02
3.428363250777735627e-01 8.925749637496818711e-02
3.402485198686343026e-01 3.929620262529548436e-02
3.022108377656084754e-01 6.052867131702940884e-02
3.794116076082773015e-01 1.027963944700116539e-02
3.397844108232489502e-01 7.658064542794307261e-02
3.536614228223463607e-01 8.861617822954553914e-02
3.725729866442495930e-01 6.603486459017432475e-02
3.885703602294497405e-01 4.042089913101065690e-03
3.275122769607968776e-01 3.437631406666469269e-02
3.702924352914135908e-01 7.006516258962275367e-02
3.913591754005624757e-01 9.990519803245720420e-02
3.559214366966854670e-01 8.067889081835286080e-02
3.063278160839690289e-01 6.299334802777431519e-02
3.922358712157799077e-01 2.599415414437450389e-02
3.265516948409485365e-01 6.422430452951724544e-02
3.607398076782946661e-01 6.541316935739088789e-02
3.137600224149763029e-01 2.007446666181578188e-02
3.527390830176453385e-01 1.124576773098667770e-02
3.486817273059843458e-01 5.650954687506101748e-02
3.014691608226269803e-01 4.633869497597165044e-02
3.808071366259281887e-01 3.180826182331952801e-02
3.881029011604376633e-01 2.818680225614389467e-02
3.410124112315657263e-01 3.655799643234741714e-02
3.369719686405734382e-01 7.642119293708707350e-02
3.652037520193831543e-01 6.457291261223677137e-02
3.573666119601712765e-01 8.450229013320526006e-02
3.485854966603139093e-01 1.380835684000270014e-02
3.870290133923803277e-01 2.210647071115123818e-03
3.150305681659061885e-01 4.224571414377398249e-02
3.327302796336392143e-01 2.360285662717592770e-02
3.508170614689489764e-01 3.650936706051910452e-02
3.231058245137805041e-01 3.405443786170547771e-02
3.580425876572326249e-01 6.198721816724570011e-02
3.612873333374034268e-01 5.528549542615582291e-02
