3.697068088394180330e-01 1.840675072939971513e-01
3.040776000239861498e-01 1.450453977962382346e-01
3.801637412621873269e-01 1.882121786573335009e-01
3.395857057595603190e-01 1.091856269010569869e-01
3.087914054566255895e-01 1.133697581473053773e-01
3.367174916200320611e-01 1.233924028974488774e-01
3.927088721577319252e-01 1.038475832681998723e-01
3.371582631556175880e-01 1.996750902741860068e-01
3.746636474066293299e-01 1.161162575249040929e-01
3.790135085927464620e-01 1.978098234938090449e-01
3.277827633050872103e-01 1.627238713252306679e-01
3.468139972914359159e-01 1.389415334149209369e-01
3.022931740050013305e-01 1.513830713743752610e-01
3.562371951706487239e-01 1.493889397146589693e-01
3.329656377982588844e-01 1.563835995172189464e-01
3.404352681064720110e-01 1.273932965100482706e-01
3.471806213247923267e-01 1.225286367332144855e-01
3.699632534616817403e-01 1.139587683194733803e-01
3.507072306535112816e-01 1.876901611290077709e-01
3.785299144117297288e-01 1.988803432085196610e-01
3.168639741353119210e-01 1.307385330826100200e-01
3.882713883567622815e-01 1.980694856762786615e-01
3.536945816851749247e-01 1.234026115942688517e-01
3.704905722620879804e-01 1.002154069673954484e-01
3.907566671135219716e-01 1.176324590450209817e-01
3.880911977838243931e-01 1.542709076782089461e-01
3.838025523627130453e-01 1.769682674694189606e-01
3.077359271118014217e-01 1.059791540320270953e-01
3.772783974598177825e-01 1.419702940742478270e-01
3.155638905144187989e-01 1.486904920089513471e-01
3.179037231553990539e-01 1.516882171615817065e-01
3.323821536067220750e-01 1.388780513700915153e-01
3.139956508787163925e-01 1.358719197261147871e-01
3.623066784937383211e-01 1.230601829903940347e-01
3.311246437904636908e-01 1.097106297855283130e-01
3.224996866443848309e-01 1.052677054008223922e-01
3.414981939164636882e-01 1.483473548612219417e-01
3.909434451187602244e-01 1.979256970354456580e-01
3.400773310597125509e-01 1.431809750229444955e-01
3.804486136150355691e-01 1.554246747873940793e-01
3.495951843127484970e-01 1.300238414980940116e-01
3.240780269963767779e-01 1.553139689287655056e-01
3.682499518480885081e-01 1.141660254101139471e-01
3.039251474564680922e-01 1.194202850184102604e-01
3.278390897628508105e-01 1.464289944290793066e-01
3.676251710221431490e-01 1.305559435340506169e-01
3.325264958096381118e-01 1.498832888372397809e-01
3.507186612564890393e-01 1.156098078054485223e-01
3.552289219750958682e-01 1.123497393374791875e-01
3.416482123259515502e-01 1.229073555400921891e-01
3.458328177779259049e-01 1.983587362751911831e-01
3.610867489241150752e-01 1.667412093263569428e-01
3.272759766855947716e-01 1.748211756972307684e-01
3.924756055121055298e-01 1.401511734570159429e-01
3.974869087887391572e-01 1.948955758129637950e-01
3.490317062895899602e-01 1.889648262227044961e-01
3.379457995686613869e-01 1.078688070107820807e-01
3.617781131082097312e-01 1.943068793659701865e-01
3.671841937296395630e-01 1.635322066508267669e-01
3.900939437293315937e-01 1.649838791689411666e-01
3.343878309314106678e-01 1.131819015483593316e-01
3.022838960331092339e-01 1.119215921258720214e-01
3.367809544640726904e-01 1.460794551575950728e-01
3.661931056538760831e-01 1.759008245120439184e-01
3.343885849370302754e-01 1.546981651787434908e-01
3.798550073017727402e-01 1.586082552628228781e-01
3.038602614593992612e-01 1.221902811157977164e-01
3.996958159456963089e-01 1.310611402619061283e-01
3.682153547520492509e-01 1.133765093489694786e-01
3.657934224777677490e-01 1.944733446609126504e-01
3.055775423863988371e-01 1.381483497274467176e-01
3.510090035572439593e-01 1.555728955714386075e-01
3.601686411599210325e-01 1.921049893922979201e-01
3.208752157305204689e-01 1.643957097664312805e-01
3.030349204548841713e-01 1.601610979565836479e-01
3.511044461263055916e-01 1.521636024401535336e-01
3.758278475672475749e-01 1.180175838820677336e-01
3.941080343620663728e-01 1.711889513558972897e-01
3.494501625675293655e-01 1.445195834688288439e-01
3.401079159114477335e-01 1.489900516223515714e-01
3.530922016851590906e-01 1.509227559478031611e-01
3.029466527677901477e-01 1.400478972755061224e-01
3.856770134716211440e-01 1.853795104706265628e-01
3.131777829103551403e-01 1.598197530722998139e-01
3.479163572449798236e-01 1.790473723970096298e-01
3.800243617493181403e-01 1.143003837995805183e-01
3.099504726170365654e-01 1.592691275327949851e-01
3.435398284686447812e-01 1.881404299979371475e-01
3.680917140395203457e-01 1.469667045357458124e-01
3.274691896672993763e-01 1.531772291746907044e-01
3.799723484735061385e-01 1.112383082967162151e-01
3.673515623226269455e-01 1.497920308310690951e-01
3.375866067113273417e-01 1.315253091332279634e-01
3.305628876832183427e-01 1.340097267118929569e-01
3.178088368708320011e-01 1.799737269966225073e-01
3.189704954613422627e-01 1.979006156260110783e-01
3.652871736293784588e-01 1.041277145273434568e-01
3.846602922507175726e-01 1.808418876756762161e-01
3.312769794188418770e-01 1.917616221117268704e-01
3.642076077238632359e-01 1.698772224686946331e-01
3.114331792781159791e-01 1.477885010789734277e-01
3.862211709044557906e-01 1.658589451152862604e-01
3.427847744766073790e-01 1.232402436483491237e-01
3.013368109288583896e-01 1.430960586782350497e-01
3.143681254263943625e-01 1.605282549682492954e-01
3.884145522003399909e-01 1.785583579471324844e-01
3.384886921514760894e-01 1.688699512657241830e-01
3.247173131076881991e-01 1.855980208455988434e-01
3.756934157419054565e-01 1.831248755971812692e-01
3.628742402277692625e-01 1.749116834431538037e-01
3.875274910496881997e-01 1.100758547551568267e-01
3.849040996470786680e-01 1.279313295076884571e-01
3.276409732040179157e-01 1.699443952784371048e-01
3.880976423831541400e-01 1.369028065083592871e-01
3.304345390002509930e-01 1.071405129729973704e-01
3.311184866174399222e-01 1.032283180984807647e-01
3.913430075331728597e-01 1.317739691654653267e-01
3.907439320449664355e-01 1.984107074718057251e-01
3.901851727492063326e-01 1.716599631231084111e-01
3.139215091239155875e-01 1.635806299555223331e-01
3.302643658329268983e-01 1.810849572131865426e-01
3.570341298198761448e-01 1.898146431252792921e-01
3.316521624516428068e-01 1.008063590066703985e-01
3.598317808991244870e-01 1.079514492109731050e-01
3.680442055848570648e-01 1.566699715031554530e-01
3.334716738784304635e-01 1.205524376945730780e-01
3.384460551357457714e-01 1.377028412682808622e-01
3.386232066732711155e-01 1.164448766236360622e-01
3.806592432253575464e-01 1.679781390548935327e-01
3.593553498729885609e-01 1.014744414990425558e-01
3.543766243972333307e-01 1.102526556361104193e-01
3.595009082036142445e-01 1.913097871990627197e-01
3.618267472322482803e-01 1.302254162806416038e-01
3.396328708655656503e-01 1.165353753393887637e-01
3.698759365918938835e-01 1.087531739564076561e-01
3.143418880811132965e-01 1.023684170506111157e-01
3.350615645531966891e-01 1.603453578827694626e-01
3.350567604327397420e-01 1.243271259891214897e-01
3.273897356448857154e-01 1.659805577070345706e-01
3.596161436999236183e-01 1.591805319155720766e-01
3.931122707684504558e-01 1.282596262521346064e-01
3.935783835168133460e-01 1.140923669321059486e-01
3.213564677696506000e-01 1.198955867457541236e-01
3.954768585486754251e-01 1.029156267805678149e-01
3.777542298288060763e-01 1.239770040594958267e-01
3.153316317618383713e-01 1.100724870427857716e-01
3.037682655677875210e-01 1.053251606319571543e-01
3.864273248623388279e-01 1.254091139634279928e-01
3.782824617767412967e-01 1.684360602041660715e-01
3.451843243327147870e-01 1.473519912801078968e-01
3.870222617949579669e-01 1.005649922197966450e-01
3.583895209195544496e-01 1.484443238824576516e-01
3.236816186537031514e-01 1.399002387333517228e-01
3.960718933979774370e-01 1.078344286618407033e-01
3.376602146230844315e-01 1.593442748345469673e-01
3.742229577256279693e-01 1.564080710974193877e-01
3.043109765920071208e-01 1.388224310578139997e-01
3.373738373381834910e-01 1.627752182632755396e-01
3.532729394399287681e-01 1.260929131062752395e-01
3.456800415404659987e-01 1.742008456270858763e-01
3.759128525772885143e-01 1.433183152443149866e-01
3.156843744197183055e-01 1.318487917939116238e-01
3.788270048472184848e-01 1.898520882914925267e-01
3.883700999696769740e-01 1.811321350489425719e-01
3.199760464387325642e-01 1.507943662012176667e-01
3.457796981600453345e-01 1.626639235393155247e-01
3.356658776208000794e-01 1.778885256065540488e-01
3.888287763519254203e-01 1.014355120719315773e-01
3.984822156100633062e-01 1.434941229684880415e-01
3.342760031651103581e-01 1.358128935122070724e-01
3.405426341589837813e-01 1.157184464021647485e-01
3.191621493082232308e-01 1.947832709775804971e-01
3.208066554571377127e-01 1.851670105796309196e-01
3.099884834424639912e-01 1.034593119794847971e-01
3.355613462780691614e-01 1.563750897510458870e-01
3.784970583476152117e-01 1.120168701308892900e-01
3.794326439213582258e-01 1.070637724502274679e-01
3.508395230605008130e-01 1.943674123985174862e-01
3.640998237835143536e-01 1.210915847463450712e-01
3.542303584973826580e-01 1.141372098210219621e-01
3.920615266315378156e-01 1.872012337309190699e-01
3.222814000962023750e-01 1.815170284648234267e-01
3.744396022590046891e-01 1.473945685054105781e-01
3.482270275145216143e-01 1.387024918368058579e-01
3.225040832466279928e-01 1.903661321726937694e-01
3.915424106315605890e-01 1.317825995789492777e-01
3.718012084551940988e-01 1.289488298188816162e-01
3.060557118429008683e-01 1.316646171646278785e-01
3.226558749376458590e-01 1.117025583611984674e-01
3.843978168292231379e-01 1.710164395391064740e-01
3.174655538431924162e-01 1.254568696039469744e-01
3.415285547715063985e-01 1.189921266685416146e-01
3.562288661667915024e-01 1.418666059248461786e-01
3.647342030925500023e-01 1.890109468814079041e-01
3.333315451420041375e-01 1.666778679481517866e-01
3.585031659024325856e-01 1.197193361282373747e-01
3.830766282242259457e-01 1.320754622858581473e-01
3.612054821313278041e-01 1.010775274542378421e-01
3.246410366800899228e-01 1.974642943715030352e-01
3.724448935862707533e-01 1.977199122486382743e-01
3.041950078361451149e-01 1.757907228696423407e-01
3.847032676521448535e-01 1.407930051113077397e-01
3.542665596007241180e-01 1.388082011718916875e-01
3.927473806908621246e-01 1.499189415618474575e-01
3.249560696243274371e-01 1.332928695687229104e-01
3.926037305507183994e-01 1.765670553087909100e-01
3.349111703972522114e-01 1.138952397287495144e-01
3.312592666452935375e-01 1.179644218275963663e-01
3.891017031895503964e-01 1.842072672020430013e-01
3.176953359248319564e-01 1.138068065528799744e-01
3.816409597511082330e-01 1.870484163182985493e-01
3.083985419000669359e-01 1.340548756706993472e-01
3.205309339215518527e-01 1.060484987717389138e-01
3.597060697474002144e-01 1.938390773080616858e-01
3.269612074592089246e-01 1.119760136661990257e-01
3.247837077059290145e-01 1.866851192962041828e-01
3.566160092635135004e-01 1.051382942100349549e-01
3.234525952222965239e-01 1.419748661325026529e-01
3.170538944068194698e-01 1.872180163294984989e-01
3.633731924490840592e-01 1.198478249296602294e-01
3.328995643815286232e-01 1.332609208355736985e-01
3.417360468480081792e-01 1.240487959664245132e-01
3.744155464395258481e-01 1.795621407952650017e-01
3.635271708230632393e-01 1.801682902653224949e-01
3.322649460646297515e-01 1.217814607602651644e-01
3.359376806685647754e-01 1.382226587156857311e-01
3.785421389755814769e-01 1.953221953475210437e-01
3.267785916277786140e-01 1.834151548864764170e-01
3.206339019311718053e-01 1.674835932351947665e-01
3.019154700062865460e-01 1.134465025472377597e-01
3.898173809065216266e-01 1.033616465254549865e-01
3.413234056744817724e-01 1.869879333713103109e-01
3.376524730690191323e-01 1.142553059752327016e-01
3.173801129835354673e-01 1.457151378711414591e-01
3.093355012545485061e-01 1.305330964300724650e-01
3.138823198786252489e-01 1.466558892504029876e-01
3.163969691953433805e-01 1.434973746371627779e-01
3.019979313779727059e-01 1.599351604108800173e-01
3.157995243753844439e-01 1.567938522363606368e-01
3.066064285944530288e-01 1.788150125458641271e-01
3.103016687238981386e-01 1.266228431475562854e-01
3.799404187373844333e-01 1.221613094730629179e-01
3.902274554451140576e-01 1.344252681740102928e-01
3.194641569541805115e-01 1.685917580237641655e-01
3.802540488583936451e-01 1.672960179141522452e-01
3.444465979826265012e-01 1.155466716900198088e-01
3.285215549355454678e-01 1.127674618954525310e-01
3.864870817520879021e-01 1.054060015646462178e-01
3.393378112283530479e-01 1.456358800396905795e-01
3.857302534187582177e-01 1.870960513226271882e-01
3.647970873624755139e-01 1.767038280071612233e-01
3.814608962140244031e-01 1.776978992177161154e-01
3.410533203200093455e-01 1.770938253350925473e-01
3.358754608576481338e-01 1.738634997561993023e-01
3.847717588925491095e-01 1.814420625926750907e-01
3.695652316719135189e-01 1.456728594022276835e-01
3.270319639419937974e-01 1.644913754688027141e-01
3.423624062920649913e-01 1.955048265198708057e-01
3.988608638240998538e-01 1.092620202630189830e-01
3.318249006456479022e-01 1.321463959482053752e-01
3.851495944987508024e-01 1.380448377033646756e-01
3.915616627322337506e-01 1.628040632714361224e-01
3.988565529363938267e-01 1.694632701516811668e-01
3.020492738795249599e-01 1.921827380246180494e-01
3.269023470872131631e-01 1.396202373064092950e-01
3.126398770717199738e-01 1.417576702647717068e-01
3.560598694786282770e-01 1.537691072318014274e-01
3.684658959618820617e-01 1.771342630613959579e-01
3.352091737124190396e-01 1.775032681166000825e-01
3.267431607641529956e-01 1.503829533748927139e-01
3.661171857057669565e-01 1.742648770072647291e-01
3.765974810443615262e-01 1.558756988704151358e-01
3.768198962448533473e-01 1.434288938292903604e-01
3.484339639174136027e-01 1.395973619950365008e-01
3.535339424316405466e-01 1.739714308243909824e-01
3.701299721058443071e-01 1.475625404226932891e-01
3.217775793859107836e-01 1.644833539210383277e-01
3.461686601511512751e-01 1.249715513929392785e-01
3.313184701579658387e-01 1.938648002997445385e-01
3.715011720712681487e-01 1.513503058274032753e-01
3.527946140501866945e-01 1.315671627367056562e-01
3.444744460346898518e-01 1.416484417089295955e-01
3.958669203814411675e-01 1.170902284747152300e-01
3.416354823574107580e-01 1.499261199594234262e-01
3.427854396519033897e-01 1.068416454337189070e-01
3.796601915917166004e-01 1.941197185876546993e-01
3.478383695009625298e-01 1.776788059558351007e-01
3.245630771835198436e-01 1.802216538932245316e-01
3.773927458513180455e-01 1.835095251315996268e-01
3.501085991363219740e-01 1.873036742063103610e-01
3.405579393754369910e-01 1.707118526051361607e-01
3.259673572659190777e-01 1.786581278175357057e-01
3.939123110696410301e-01 1.201661863438409639e-01
3.931643567800505723e-01 1.270578216509687386e-01
3.000457452331876662e-01 1.408970260067352598e-01
3.807244071483084635e-01 1.243871239760740155e-01
3.987956030970429833e-01 1.618798809054315391e-01
3.017635534696543886e-01 1.706062294174672256e-01
3.575868007016108630e-01 1.994533301973049344e-01
3.338078093103010180e-01 1.432367237151213335e-01
3.127712192191097196e-01 1.527567861588593756e-01
3.646210775831522088e-01 1.585043765718761599e-01
3.932396578965905443e-01 1.604958565707569063e-01
3.627890832922771036e-01 1.120256461414856630e-01
3.002737465312886322e-01 1.945310214287788164e-01
3.123074672192545642e-01 1.008251487798782486e-01
3.155891387891602839e-01 1.036907656395254507e-01
3.534263138017733064e-01 1.406165908797439024e-01
3.671802512719419265e-01 1.409608691050485973e-01
3.775071632982948677e-01 1.453688662995242797e-01
3.758647850411691582e-01 1.584688100346057227e-01
3.059292067825137851e-01 1.118309692328105232e-01
3.351596961404397224e-01 1.523371134797854853e-01
3.904764608312907836e-01 1.966212909764513128e-01
3.321471702647210145e-01 1.803985275497923257e-01
3.211725246868171735e-01 1.821045782335498631e-01
3.397145810884220629e-01 1.010795856601942322e-01
3.198867390955198453e-01 1.270068270900307772e-01
3.143319023212274299e-01 1.694889287011850931e-01
3.224926829502209324e-01 1.332150494494623028e-01
3.000153604227316917e-01 1.675275254646405310e-01
3.938230286114596246e-01 1.730752387784276203e-01
3.003215806481313588e-01 1.662168648837048235e-01
3.336583538440811569e-01 1.508755578276943232e-01
3.792852100888238764e-01 1.130500016622179305e-01
3.645133753220399231e-01 1.412025288007233148e-01
3.789919370798494058e-01 1.981253062398342646e-01
3.780112930677485550e-01 1.315179554905655801e-01
3.160357023756751316e-01 1.280586174441160630e-01
3.789895552553411151e-01 1.289602883981773584e-01
3.579675106309740951e-01 1.188662181140118790e-01
3.336291841659040358e-01 1.750774723169952751e-01
3.855260727366315310e-01 1.437142224673051971e-01
3.601328494919448509e-01 1.592231399705296147e-01
3.916237391210072860e-01 1.361442172121748173e-01
3.497544471879456274e-01 1.523750562805714914e-01
3.618341707500191129e-01 1.983476050034142513e-01
3.229875447586436077e-01 1.492261337881949645e-01
3.776199075237040570e-01 1.950809040113931081e-01
3.971726099011929079e-01 1.230530711518486309e-01
3.194049369111606196e-01 1.979454993252775519e-01
3.143131779966531480e-01 1.356600592917214798e-01
3.156227482265123174e-01 1.236907490415653510e-01
3.911204457391072586e-01 1.238961721397212612e-01
3.458395496733899233e-01 1.163861016996425579e-01
3.366090171465401792e-01 1.873315265224302362e-01
3.937108129883007401e-01 1.736569951650553945e-01
3.475121239954964691e-01 1.011738321286893838e-01
3.592261971627123684e-01 1.263110451475055740e-01
3.799456434426783935e-01 1.606302049092621087e-01
3.320316446777167307e-01 1.024671049323486183e-01
3.270701816096451275e-01 1.922478935512267895e-01
3.957293197517288696e-01 1.293373155311954570e-01
3.558645943278006540e-01 1.156754826640792044e-01
3.213498090918442962e-01 1.577650695693694760e-01
3.248889716940557837e-01 1.096405451964451994e-01
3.422212752252200008e-01 1.178193769449433492e-01
3.563719663787688341e-01 1.083056646108348509e-01
3.579295936245270315e-01 1.773366701994573136e-01
3.884433701261934546e-01 1.512265090504899268e-01
3.385931193432282216e-01 1.049247462990029467e-01
3.348099126385025714e-01 1.917514380678023156e-01
3.287973981159796333e-01 1.320138048470410608e-01
3.870921866995354899e-01 1.257232749237055247e-01
3.799525842776342865e-01 1.375335393113228666e-01
3.602061838659404991e-01 1.429040245263717979e-01
3.229191886967138214e-01 1.832601485132094310e-01
3.632369505704179935e-01 1.165039558033140743e-01
3.237689807360610850e-01 1.544917870249754854e-01
3.844944653878145102e-01 1.281454467241428252e-01
3.609991662959448622e-01 1.188543964789263996e-01
3.329539642313030234e-01 1.553958372562224965e-01
3.474124541069137928e-01 1.715868069225953696e-01
3.190193970346311136e-01 1.248714837191654270e-01
3.089785215412198527e-01 1.187967012091639962e-01
3.205586185518903286e-01 1.840195991022860467e-01
3.294616681255396196e-01 1.246001267636997201e-01
3.006752417595613402e-01 1.779823220657855420e-01
3.347100542356507002e-01 1.635141226196338005e-01
3.323367350424988320e-01 1.031704234360286965e-01
3.297724135474363050e-01 1.379285122567220079e-01
3.162527639698819448e-01 1.415151485179013957e-01
3.921926428314647106e-01 1.485214339456204791e-01
3.404530415261534659e-01 1.427063836635880378e-01
3.813540153538836908e-01 1.236584781898717733e-01
3.129828500348217912e-01 1.456804932396137675e-01
3.000428740605616817e-01 1.443742739013209597e-01
3.499704271553027435e-01 1.510338816954801822e-01
3.135951805487357524e-01 1.907972165070689341e-01
3.674385797214731464e-01 1.184800561283483045e-01
3.145516157996401940e-01 1.383248283562128478e-01
3.469524995888102481e-01 1.227120440175560601e-01
3.451551628427281249e-01 1.936503109871193506e-01
3.302005567420319143e-01 1.838428530094498026e-01
3.539510186432361927e-01 1.145578492582078611e-01
3.769263278043901710e-01 1.670150214157595792e-01
3.407542974182874440e-01 1.567620167379286666e-01
3.341334750525926656e-01 1.318751532653044400e-01
3.406659551853667978e-01 1.593499294145486189e-01
3.883205406753612032e-01 1.222526603907829745e-01
3.928650500329235462e-01 1.045297234299484845e-01
3.242237330407049534e-01 1.937825585379942817e-01
3.271348711441364188e-01 1.281188484622117763e-01
3.475383457917297081e-01 1.590628514835510099e-01
3.703421757301339490e-01 1.837248457573202320e-01
3.843956726449230255e-01 1.460990608233345978e-01
3.880201937782574162e-01 1.370425030838188507e-01
3.098983196205486457e-01 1.706988948307150977e-01
3.099159207282188300e-01 1.541987353706542607e-01
3.915926469651471176e-01 1.477309289525682856e-01
3.307561601187973266e-01 1.011927839859162459e-01
3.585607539854671622e-01 1.384195340014486852e-01
3.190280013284215732e-01 1.115386892699234689e-01
3.749301061315522543e-01 1.655574823736797041e-01
3.103570169033365578e-01 1.909320078328027026e-01
3.330983245525105385e-01 1.284108002401553317e-01
3.976838371818914308e-01 1.075271918087876977e-01
3.933940880956930397e-01 1.412535482810061971e-01
3.670528158797106699e-01 1.795488473342904678e-01
3.487536971123691432e-01 1.571111590618247955e-01
3.837846640254937713e-01 1.654302060909505212e-01
3.208123902369249825e-01 1.689278775417376866e-01
3.318447782787549705e-01 1.595939744439717201e-01
3.385806941151185412e-01 1.673414569683866482e-01
3.564760145353998988e-01 1.028327500548125994e-01
3.529264887719686938e-01 1.295992263840369529e-01
3.919901128309890570e-01 1.280225867182253618e-01
3.034794769662936265e-01 1.777675648676652065e-01
3.663515156535093187e-01 1.875553434352677518e-01
3.582875900998273022e-01 1.118626336175689573e-01
3.481070878398619950e-01 1.500984875349172520e-01
3.886793920992582252e-01 1.587865833856761111e-01
3.776598600868094624e-01 1.913659896575623520e-01
3.636723069494214866e-01 1.035701532203267272e-01
3.118961264152576573e-01 1.722361632313193502e-01
3.464207471010444239e-01 1.336032628219358809e-01
3.594409465710119989e-01 1.417790112358459087e-01
3.320380832254868353e-01 1.249261334289235859e-01
3.481666697604182681e-01 1.301754763894785449e-01
3.641359950638290988e-01 1.707896820782688063e-01
3.642479716835319570e-01 1.752112727937884529e-01
3.062939206073098108e-01 1.166111564285990387e-01
3.517163018634844041e-01 1.432114642949939287e-01
3.158309711937834496e-01 1.344847717350123872e-01
3.554490697844112645e-01 1.586366286001176795e-01
3.284539049003548650e-01 1.124770539949127846e-01
3.800014855538595970e-01 1.582523754032548191e-01
3.313581326904807556e-01 1.428377083964184890e-01
3.290685769188685939e-01 1.634297188528528733e-01
3.826569930528564423e-01 1.132792405840525318e-01
3.127708353401845720e-01 1.830912460408241071e-01
3.130767258883626614e-01 1.338352596861936972e-01
3.026602020421046424e-01 1.705766865699290813e-01
3.721654147998563755e-01 1.982623338062491913e-01
3.705272845647107904e-01 1.613395227166468937e-01
3.902878577062944276e-01 1.626158713146139412e-01
3.829321554463335220e-01 1.499230574464153753e-01
3.877702991866625037e-01 1.981601224633399994e-01
3.248402333163601940e-01 1.437939135881926844e-01
3.283591596468921070e-01 1.651262025142464229e-01
3.453222482132314863e-01 1.299837685943225074e-01
3.008036957583355986e-01 1.433827745511970508e-01
3.754233782351923954e-01 1.161788131154074533e-01
3.833169312200521706e-01 1.908420480263988972e-01
3.580575690084994434e-01 1.479880499389368831e-01
3.034012468948011909e-01 1.045834362667018846e-01
3.744870179728342907e-01 1.341188833092070432e-01
3.303978118348510629e-01 1.651043704743727636e-01
3.532819235586280859e-01 1.936937881635953096e-01
3.721371362428982921e-01 1.092873150987009323e-01
3.701414385753853398e-01 1.564034634729699058e-01
3.986382722034478299e-01 1.069628656506397546e-01
3.514131873101298820e-01 1.551436319180143630e-01
3.324080044189067773e-01 1.781671606136014385e-01
3.611937386503533687e-01 1.247158914371911398e-01
3.086665324307755753e-01 1.132728995979463971e-01
3.574158799640326789e-01 1.977421387408336839e-01
3.796120432471429829e-01 1.730548588737345628e-01
3.267861349948663063e-01 1.620628045683988605e-01
3.871666666102097643e-01 1.586912378287957670e-01
3.431809664647054725e-01 1.816727703424433904e-01
3.020889950852114758e-01 1.582073729017856867e-01
3.565212567149410594e-01 1.654028917728065096e-01
3.325498237780010746e-01 1.044002010448793205e-01
3.659329507639904056e-01 1.862582024870612640e-01
3.297507161413213983e-01 1.486189855630014600e-01
3.187237779830826012e-01 1.685069871757993443e-01
3.565458772378121144e-01 1.283117740470699208e-01
3.840775094280842739e-01 1.751426711228458166e-01
3.317907221280872454e-01 1.275816605319085584e-01
3.838794042115349359e-01 1.486096029758975923e-01
3.598568079195389458e-01 1.711376190743075787e-01
3.413111987729626762e-01 1.248629457297315559e-01
3.462292788710957248e-01 1.402625288417020666e-01
3.950761841700843324e-01 1.486142607414104311e-01
3.098564754278064770e-01 1.969202375396992832e-01
3.540886973714912345e-01 1.823741725787345891e-01
3.406131577317497161e-01 1.681955599897173026e-01
3.591322900110598959e-01 1.741063496023374235e-01
3.524131197781181779e-01 1.303808178185361100e-01
3.291830607171238876e-01 1.371246227203833934e-01
3.403432288428970831e-01 1.515673363073762325e-01
3.645243878944007809e-01 1.093244700935154801e-01
3.490265735317188978e-01 1.169263249055162435e-01
3.377965032572495252e-01 1.537897191423505949e-01
3.425670624817834242e-01 1.468817727182383237e-01
3.771899601391995871e-01 1.060145058782821781e-01
3.649072002393922709e-01 1.449869866123569273e-01
3.769260487743225085e-01 1.159032568633889815e-01
3.497347339422335333e-01 1.210769294064141799e-01
3.194339397794959678e-01 1.872304767861434072e-01
3.177395947267437903e-01 1.012627800306637738e-01
3.613063665294783400e-01 1.356642428946550349e-01
3.933640742634918475e-01 1.701479961071890590e-01
3.356365527980937347e-01 1.720729303036455382e-01
3.505446659258398823e-01 1.903698128408522483e-01
3.263852655308531192e-01 1.521390828086496283e-01
3.968506472874921975e-01 1.096600492433767171e-01
3.201233262570118421e-01 1.723941475340344809e-01
3.781361806845328632e-01 1.381639553783442775e-01
3.107461045715287917e-01 1.773120339775134113e-01
3.489196736288288081e-01 1.218920034154814536e-01
3.212771009519723719e-01 1.763333717704667070e-01
3.265723260831200903e-01 1.091398108274832246e-01
3.478702609955214298e-01 1.275753669087293096e-01
3.590466543121085818e-01 1.148143999071057353e-01
3.318595656639468094e-01 1.739256943080255136e-01
3.131370392239079536e-01 1.106600754843143908e-01
3.964000544755786892e-01 1.641876025665057193e-01
3.982170912634603321e-01 1.160731667556570978e-01
3.231833361623152601e-01 1.302775853445963250e-01
3.712898940089952027e-01 1.112604179160587015e-01
3.237391620602736997e-01 1.468381532832645775e-01
3.065473472028592550e-01 1.581229252964455878e-01
3.487149878937112479e-01 1.273805505268013061e-01
3.054223458010045800e-01 1.504304946146631239e-01
3.262856330683442385e-01 1.509482398327044173e-01
3.338508002393646978e-01 1.853827570738637298e-01
3.000325163609236512e-01 1.652184275377534262e-01
3.872604993274695873e-01 1.908174923419886371e-01
3.767729116916753718e-01 1.709912939979481572e-01
3.025018895019664922e-01 1.551972681513697494e-01
3.245721660219669236e-01 1.991117341214481695e-01
3.989407116333143488e-01 1.824138202649848162e-01
3.481209273498900858e-01 1.279155391820793186e-01
3.536559984124244549e-01 1.774527387982293702e-01
3.737203918162129712e-01 1.593194209328404332e-01
3.401599447380455610e-01 1.291143788563830497e-01
3.474179889810688482e-01 1.044588784516574942e-01
3.536311727223162560e-01 1.184407981808443533e-01
3.797547656609769895e-01 1.797748844884428099e-01
3.814653529911581353e-01 1.983162012824853382e-01
3.086297236788307363e-01 1.761443219061162302e-01
3.911018330794537867e-01 1.818241001213242169e-01
3.749135585809767468e-01 1.143447191588770895e-01
3.858386044855375285e-01 1.860267118906745454e-01
3.117900389802198413e-01 1.996206613635010951e-01
3.534896598782942267e-01 1.504980625800488303e-01
3.540938141669731642e-01 1.359839423449756279e-01
3.564043961794284288e-01 1.625264535884043959e-01
3.113134556765442262e-01 1.493887907782483759e-01
3.633245175845385422e-01 1.618849529229596795e-01
3.745189634783421262e-01 1.070784302116669640e-01
3.249322188232534048e-01 1.088651999142943028e-01
3.489138938923969091e-01 1.235338984333837764e-01
3.567226031392656260e-01 1.519682200328897892e-01
3.573416097306927885e-01 1.643467719984640363e-01
3.357534275615942088e-01 1.351024315479804061e-01
3.363956635909491344e-01 1.983479011597506780e-01
3.414365837558024364e-01 1.678279444162369682e-01
3.493235855872617868e-01 1.216913808707130173e-01
3.876161375769068274e-01 1.472020970902856163e-01
3.269886038479219437e-01 1.982540598568245938e-01
3.543529214255940474e-01 1.723472609786153020e-01
3.099707345665437264e-01 1.206272216317309798e-01
3.791243599546915699e-01 1.030231864642548179e-01
3.652010937357937359e-01 1.019245234887983242e-01
3.255542837040669157e-01 1.329826157828380984e-01
3.831689857544348654e-01 1.633592073749516871e-01
3.680361241933025052e-01 1.077565985055300157e-01
3.620011772107680215e-01 1.862239014110633750e-01
3.624496182405964051e-01 1.493269385340944000e-01
3.608454567783243583e-01 1.270882185680992926e-01
3.921814149197501709e-01 1.239515323282287806e-01
3.917940254090618302e-01 1.975855179484401203e-01
3.773591493273543707e-01 1.753150951615381481e-01
3.393893896324613468e-01 1.439671778880557418e-01
3.508286013984503460e-01 1.227711517880639425e-01
3.547016113460320641e-01 1.532370712882279440e-01
3.901220381605367549e-01 1.054553837546033379e-01
3.830030892991194702e-01 1.681373012861057115e-01
3.089708022720194514e-01 1.093065097492687543e-01
3.135955641223765467e-01 1.851639337597844603e-01
3.417926400612122939e-01 1.441195387371355108e-01
3.027266113308380580e-01 1.418171345705141195e-01
3.614126678390454650e-01 1.289780308168762546e-01
3.408138970400553802e-01 1.189487708452829362e-01
3.650726703441519727e-01 1.509096391646748136e-01
3.559208516271720191e-01 1.837009964384328231e-01
3.811925120609072071e-01 1.956267038535886571e-01
3.688623327335183721e-01 1.694933221975855608e-01
3.220336491997857764e-01 1.205288156199412208e-01
3.997362443408437604e-01 1.639590715832221490e-01
3.883312552381760208e-01 1.285997184096124568e-01
3.497109975006210680e-01 1.716950709375897333e-01
3.347264653607918139e-01 1.372749711666432504e-01
3.059510379261587421e-01 1.819525222176072987e-01
3.331314540695844983e-01 1.690720882558379712e-01
3.367015802941453195e-01 1.111129028389598594e-01
3.061075826298005342e-01 1.663093666661529246e-01
3.455419725968369438e-01 1.111507098966465490e-01
3.026099584068425719e-01 1.229710751034852612e-01
3.625745916678650982e-01 1.593473177131925489e-01
3.890043912943034754e-01 1.072067717199339520e-01
3.401397793257285307e-01 1.757817633120996592e-01
3.088946598181471770e-01 1.387702459441269021e-01
3.812953253074006787e-01 1.779557702673920661e-01
3.307718492716774095e-01 1.702826375541582338e-01
3.587894118766700724e-01 1.431477501916928741e-01
3.727576448715640978e-01 1.586852618672982274e-01
3.042436012161300329e-01 1.456599208464107731e-01
3.727085940898793304e-01 1.559826819654642760e-01
3.570093806495565625e-01 1.684190326171561281e-01
3.634085125985820897e-01 1.420506236084792540e-01
3.129700855394133563e-01 1.099627844227267781e-01
3.915195371348466624e-01 1.009204718599427675e-01
3.000583147733610900e-01 1.509759757923554990e-01
3.350607914919147556e-01 1.314885309602848718e-01
3.413105819120371698e-01 1.893676178208263949e-01
3.442788165835780623e-01 1.720411594488096552e-01
3.434406720365751342e-01 1.797909007060201070e-01
3.781498754206081281e-01 1.139575177469195344e-01
3.929789340670035713e-01 1.543324022153842734e-01
3.980636229937239978e-01 1.181393830932881972e-01
3.075601679448531911e-01 1.267210303375070624e-01
3.898372671782661114e-01 1.212629329879102436e-01
3.842680543498789847e-01 1.662069966780005681e-01
3.362897611367728912e-01 1.991658903783752876e-01
3.222485886434225955e-01 1.606504339430984418e-01
3.063419538245685803e-01 1.277298023363662716e-01
3.774453245069740448e-01 1.678935749157633994e-01
3.472463412255185067e-01 1.486745295017812551e-01
3.294614901803074036e-01 1.080753505907155743e-01
3.929952492857681223e-01 1.749911838934899988e-01
3.502121407554398824e-01 1.255352930573075121e-01
3.689792003805275056e-01 1.235985129255367243e-01
3.562922101612127079e-01 1.543368514685503623e-01
3.003919263382547888e-01 1.805970795442720656e-01
3.105073289590135066e-01 1.859963556534285078e-01
3.379204098676140688e-01 1.314148389414491191e-01
3.762150784607058429e-01 1.141864695026713894e-01
3.992024872444482342e-01 1.274423599628685677e-01
3.782825611517008912e-01 1.863101548262032225e-01
3.967317338935970605e-01 1.488380508596824359e-01
3.834278542989683625e-01 1.466872841783558312e-01
3.219187525019698848e-01 1.846768412304896634e-01
3.379211031400328746e-01 1.280150331326514179e-01
3.850762070739080500e-01 1.731850120327816378e-01
3.008332810733116425e-01 1.321416157173743722e-01
3.971425315321676641e-01 1.931602047506800757e-01
3.291109638230357848e-01 1.689718494957608563e-01
3.731434474485078034e-01 1.495571194210572330e-01
3.962385418642013213e-01 1.355293641810358385e-01
3.217412749233915514e-01 1.513474508953410180e-01
3.376072379082565300e-01 1.101482206395305030e-01
3.789250656284914309e-01 1.250437412465202347e-01
3.759765666256846273e-01 1.755206959208313044e-01
3.516011499747827562e-01 1.482339836133597655e-01
3.013088545387214712e-01 1.826297353146138502e-01
3.545331872922770078e-01 1.481355521661820163e-01
3.863149682727410328e-01 1.985785139127449750e-01
3.303914081400607938e-01 1.728328849972062542e-01
3.113774273521794922e-01 1.501946487929781138e-01
3.547991441585872652e-01 1.745538049205360154e-01
3.948822003485181198e-01 1.029216683733134852e-01
3.814102568063518217e-01 1.274826802170177242e-01
3.092453714356918626e-01 1.523515742447556498e-01
3.864109073763673519e-01 1.221704799876377201e-01
3.344605914080360232e-01 1.666508217276836679e-01
3.901166826906522500e-01 1.242980799127081371e-01
3.368912794805091759e-01 1.697090977465341433e-01
3.959843025594873001e-01 1.153578715428673074e-01
3.596709948397833756e-01 1.810714153186473718e-01
3.102202454993330805e-01 1.796595803789966528e-01
3.621817244085899223e-01 1.566782582232546239e-01
3.549948897107662593e-01 1.518060946841817693e-01
3.656295362437709806e-01 1.536904490009903812e-01
3.279189014177630312e-01 1.197073686399297843e-01
3.887242799157040740e-01 1.688198825882008813e-01
3.640670141631884293e-01 1.198074708750007655e-01
3.750031148653405477e-01 1.490394234284332653e-01
3.727530684689440155e-01 1.876603556363551639e-01
3.194819746562826412e-01 1.755485009142457031e-01
3.798950440279478258e-01 1.597637590526741203e-01
3.421456535775429519e-01 1.188037558020751672e-01
3.266548472739349562e-01 1.130603386896328333e-01
3.697765925100772733e-01 1.061793407094314690e-01
3.659342766802956004e-01 1.254741280918223456e-01
3.387908015352713575e-01 1.061621919997432217e-01
3.414012535656056890e-01 1.761564015415371665e-01
3.993123800142366897e-01 1.574870188625761003e-01
3.059215638245662006e-01 1.271674497701763829e-01
3.930109576830582707e-01 1.465191215276057946e-01
3.357898689938082493e-01 1.302177397444027884e-01
3.266591645008269373e-01 1.400351840835802053e-01
3.646053728673603334e-01 1.836140803810425159e-01
3.463036200976230550e-01 1.719682379363913771e-01
3.574624200581675848e-01 1.426582237408091092e-01
3.667081930151177005e-01 1.895639269167811725e-01
3.716540204957528015e-01 1.370311929963840547e-01
3.797849969157476857e-01 1.519885724205793098e-01
3.854072601868791526e-01 1.134203659992905344e-01
3.714553898565552958e-01 1.378245640565347319e-01
3.389095264777085559e-01 1.418818643504137222e-01
3.049128183171154749e-01 1.995855416949906536e-01
3.496351635414040038e-01 1.387854139866360192e-01
3.237232507100789025e-01 1.587752221369418681e-01
3.372237133576992951e-01 1.654157102886520125e-01
3.172792189564109799e-01 1.519093938028337198e-01
3.705160833109346630e-01 1.280673707623077306e-01
3.247561991092112188e-01 1.599176425214309805e-01
3.344956682990694041e-01 1.144297844342955783e-01
3.439156575763300250e-01 1.132724984163822890e-01
3.033407319745327624e-01 1.453229008966768487e-01
3.931703416054327938e-01 1.555099419028664609e-01
3.927762250564101332e-01 1.144469150133156643e-01
3.382884740168489723e-01 1.727752107446317020e-01
3.306141711152498219e-01 1.105535460825705085e-01
3.255865204172369576e-01 1.830289885047817200e-01
3.191697879863503728e-01 1.736462885401129919e-01
3.220460478469471810e-01 1.728766706465471592e-01
3.825762918392265344e-01 1.356628625696706114e-01
3.463964687793348318e-01 1.623412111920320422e-01
3.053948090779552982e-01 1.612716317297744895e-01
3.776078928793969447e-01 1.870808346706261116e-01
3.052030028772253489e-01 1.140307660301192183e-01
3.425240168459663392e-01 1.493873373115661429e-01
3.077533802255729145e-01 1.099750393029685358e-01
3.234819903989464285e-01 1.886847301960785095e-01
3.253622102747310008e-01 1.440034510826528058e-01
3.425688796702844874e-01 1.121105346984652973e-01
3.887704277066971192e-01 1.313561929480811519e-01
3.322808167716005956e-01 1.235254314197527514e-01
3.722569242958554958e-01 1.150444091027976734e-01
3.073247390382707334e-01 1.078950877562150634e-01
3.882029109674812184e-01 1.021603703698590881e-01
3.226755536909480249e-01 1.603460374036408120e-01
3.474631683457122255e-01 1.896643915745982178e-01
3.267754280510091758e-01 1.263628055338352485e-01
3.477378293818760846e-01 1.605671030913005948e-01
3.195311876226574754e-01 1.123194351522164847e-01
3.961316888492099064e-01 1.816911631286146078e-01
3.180745323953027559e-01 1.686688558362936241e-01
3.294669314742792454e-01 1.937788423549518801e-01
3.654472470519895544e-01 1.433468853112551955e-01
3.716072686068379594e-01 1.861776975408726553e-01
3.686953586243885694e-01 1.076756630400348969e-01
3.582326072450116583e-01 1.082792000426368584e-01
3.332011106284339941e-01 1.644717313831496053e-01
3.596458893340519491e-01 1.527206306823425952e-01
3.227594845552904101e-01 1.085170112231444162e-01
3.430880773139503015e-01 1.472224364423947718e-01
3.461423438136492226e-01 1.576762645919563000e-01
3.637613126081729042e-01 1.328191455243968588e-01
3.875532112463874745e-01 1.994435647205854423e-01
3.905473128743329747e-01 1.966206757034333619e-01
3.528957342675025366e-01 1.378071834364295034e-01
3.914366433504373743e-01 1.940623986164879133e-01
3.117215576085173301e-01 1.016298442855440576e-01
3.109981085425597147e-01 1.402519941065187847e-01
3.757510569516542831e-01 1.866865603872687740e-01
3.730638132458102274e-01 1.920872063083501335e-01
3.146165254677874001e-01 1.567663485577826532e-01
3.017216762070595304e-01 1.720761374517447706e-01
3.108439277581492299e-01 1.322510136231080380e-01
3.598286364115305669e-01 1.536230909938296196e-01
3.643695616880106014e-01 1.602717443326857893e-01
3.680181718977638128e-01 1.580422830085515817e-01
3.235142786877251986e-01 1.395332598360572163e-01
3.565152207254340677e-01 1.088758517650174340e-01
3.923300529636142286e-01 1.042737365034156760e-01
3.600788593652149427e-01 1.252972399161806638e-01
3.113219390929296004e-01 1.804467176757730551e-01
3.906613605825531854e-01 1.064729996930704470e-01
3.754358200068984575e-01 1.545372009477691266e-01
3.206661320728261821e-01 1.301728659902990914e-01
3.429034473304229391e-01 1.164587948774531700e-01
3.991040715525820404e-01 1.372175738517857901e-01
3.886663113633991307e-01 1.647882283179386287e-01
3.649856840614238429e-01 1.053340742487842430e-01
3.213003527556872463e-01 1.716542375811901944e-01
3.995495159819186792e-01 1.903078052117069818e-01
3.561139245946151055e-01 1.001745747363364247e-01
3.652568643979599572e-01 1.101775547612850736e-01
3.297073835223393035e-01 1.658980824990901326e-01
3.489925857819790034e-01 1.922007901618016379e-01
3.568654776252293548e-01 1.511323516061269800e-01
3.486032316510533913e-01 1.588691061465561105e-01
3.264158778299663943e-01 1.111056559159395718e-01
3.773349799806502980e-01 1.735098973162672031e-01
3.090935100393376600e-01 1.175018898481930696e-01
3.416761710624808823e-01 1.921167201862948870e-01
3.749134694027858594e-01 1.048336086431017888e-01
3.989822862942367099e-01 1.561845279426727906e-01
3.700962822243783479e-01 1.013470449671138585e-01
3.705284887894144674e-01 1.251246316558562166e-01
3.658259983719142072e-01 1.024169942550137435e-01
3.544953484157346013e-01 1.297315040891885429e-01
3.129142549321292099e-01 1.752349309894239704e-01
3.465478050731621851e-01 1.394711834691102492e-01
3.642541221851346989e-01 1.926455927017098890e-01
3.980713805852089671e-01 1.377176901429428280e-01
3.133851894906200530e-01 1.265787718745134682e-01
3.196889416384423033e-01 1.038705997934296354e-01
3.540341284021302770e-01 1.753105368383170715e-01
3.565912649756497466e-01 1.833321242489499570e-01
3.986021096680336662e-01 1.700658761804065278e-01
3.509508665978299802e-01 1.445509243315346859e-01
3.607828896203099656e-01 1.840883675547222431e-01
3.154160788116042724e-01 1.031393380051175701e-01
3.381325651360505002e-01 1.290894783392104728e-01
3.422010703677180743e-01 1.832194355436579103e-01
3.654023717779853464e-01 1.851013792177171047e-01
3.950020590680016763e-01 1.425372869092335348e-01
3.178250559936739994e-01 1.655821764992651268e-01
3.824396267441157460e-01 1.551589599686103438e-01
3.381810754805724684e-01 1.856726417519924954e-01
3.175951189394827789e-01 1.459905222759347587e-01
3.905092120725872640e-01 1.715738243645199279e-01
3.702660380687586295e-01 1.992038089535063672e-01
3.847829491575194827e-01 1.124156826595839598e-01
3.481826363600360463e-01 1.865506071725339110e-01
3.839196730897663778e-01 1.136354868934487949e-01
3.463432321922707557e-01 1.132941076770767885e-01
3.215842140273739713e-01 1.575602700196474804e-01
3.987240715541799374e-01 1.172544224970611948e-01
3.327533685179513423e-01 1.600459508055586677e-01
3.737031548022027860e-01 1.019712271335873055e-01
3.141053356111523920e-01 1.655760623043837643e-01
3.991312617118529249e-01 1.272897155044622475e-01
3.309381101479555998e-01 1.798138125427425071e-01
3.754380849805457609e-01 1.286452373487895207e-01
3.653030320110202678e-01 1.093949148768688373e-01
3.544062051733440355e-01 1.537132200522872139e-01
3.914547390347954403e-01 1.799824766081256910e-01
3.010705646899343169e-01 1.166585246799176634e-01
3.336091085551525781e-01 1.759983913288488688e-01
3.627972495767719519e-01 1.627971473089025733e-01
3.215062616697514364e-01 1.260768840655361878e-01
3.887439170771976316e-01 1.262069175552599232e-01
3.626954320717311608e-01 1.539103321778185207e-01
3.503076853200005614e-01 1.767023197791906530e-01
3.829957102114710521e-01 1.879399586580667858e-01
3.048987670912424730e-01 1.572703236485380740e-01
3.781031616428331410e-01 1.498759915073200055e-01
3.631433176106295679e-01 1.808382859870772130e-01
3.274961887802956273e-01 1.273118438363644023e-01
3.167639227860199469e-01 1.845694366728713454e-01
3.355016841014061280e-01 1.752281272495290199e-01
3.924961320720338764e-01 1.130833412236455782e-01
3.499533757593082384e-01 1.072124783289232219e-01
3.131744922662133557e-01 1.999531391279729675e-01
3.805103435538920165e-01 1.762231677573110056e-01
3.071596838635634596e-01 1.711302378789808509e-01
3.776906072395221359e-01 1.373204286062756074e-01
3.890394628802681387e-01 1.764327889699097152e-01
3.556915741030832190e-01 1.566129031070040145e-01
3.517360797211506185e-01 1.651509742909051670e-01
3.593960505274566009e-01 1.054230451556431858e-01
3.951405487765856095e-01 1.284246564852769834e-01
3.338587376179774635e-01 1.293572325643334853e-01
3.643673303772957395e-01 1.162815040276192757e-01
3.897465403415827367e-01 1.337585965063868287e-01
3.719294081195895219e-01 1.965605593101761306e-01
3.724496369210333335e-01 1.605386456962573372e-01
3.063148715205730177e-01 1.429939786848038741e-01
3.625384448170452800e-01 1.047061483098547519e-01
3.643323923575473855e-01 1.600732641034881276e-01
3.665011126392112573e-01 1.446176595479353733e-01
3.158978886302545308e-01 1.278139038244933967e-01
3.559751211782402613e-01 1.746606915104194635e-01
3.131030011855964190e-01 1.885812446179746804e-01
3.079159788439068124e-01 1.999688146915888365e-01
3.796729780596847514e-01 1.331374643869209506e-01
3.862830046164992814e-01 1.802902111997546908e-01
3.619412741233546393e-01 1.849532417533761020e-01
3.804617492893080377e-01 1.496963397731987944e-01
3.209627997188156945e-01 1.929049702946413480e-01
3.991328361899249000e-01 1.740255675801275492e-01
3.154727995856118627e-01 1.087590293545937226e-01
3.991798212337021590e-01 1.351440330222976050e-01
3.978689452525751014e-01 1.619821818322056961e-01
3.983948607367732708e-01 1.040842136637170068e-01
3.236368608727297480e-01 1.663156518309208132e-01
3.541737076502803894e-01 1.533303398458945865e-01
3.706908749854653795e-01 1.230665064231658556e-01
3.332498121765964938e-01 1.142957407584827001e-01
3.805881331420143954e-01 1.555902197362861172e-01
3.972604818135855864e-01 1.961184311555804749e-01
3.696490275322947272e-01 1.551247718526766461e-01
3.618275789617353411e-01 1.857559333422971748e-01
3.008811853141125092e-01 1.777453773546106564e-01
3.267296307136817735e-01 1.216441389983367316e-01
3.191366111153410290e-01 1.606936495035436174e-01
3.210697521485059713e-01 1.069151516521208156e-01
3.550481564490345909e-01 1.112862922109318919e-01
3.467841288023955637e-01 1.035142365390944452e-01
3.219854435402467185e-01 1.956744447755079108e-01
3.481637417896574771e-01 1.187061499742810555e-01
3.305493858496326154e-01 1.983565414835751217e-01
3.125491679280618107e-01 1.320809337583695453e-01
3.626968818987493237e-01 1.386368491254632573e-01
3.888631190876561949e-01 1.220279273106100459e-01
3.645382075842462655e-01 1.732835174609393680e-01
3.164967812093231192e-01 1.652559079482206761e-01
3.636057043310193526e-01 1.825406945361789934e-01
3.202899378520748241e-01 1.594499408152256492e-01
3.304833257155917470e-01 1.790096734659047950e-01
3.475459377922343607e-01 1.957320129002161901e-01
3.874436960250825512e-01 1.694258191546178516e-01
3.775742252328082027e-01 1.289493907269515793e-01
3.218154882209608991e-01 1.169369148156980953e-01
3.300364535820053402e-01 1.326754981981410064e-01
3.562865061442050396e-01 1.068762036670520832e-01
3.123133459495884279e-01 1.263141225050165573e-01
3.370083951346587448e-01 1.618784288004973815e-01
3.958377121492550610e-01 1.082838194460825632e-01
3.579134098203476944e-01 1.074781797563867103e-01
3.515006383252402000e-01 1.136446058245520474e-01
3.055154721855457556e-01 1.269887917394328103e-01
3.262265331478317321e-01 1.546430539892086342e-01
3.801825939903875073e-01 1.131193950672933768e-01
3.296328129555496367e-01 1.564297370980018975e-01
3.369990446505169435e-01 1.693367465504281855e-01
3.715107440701724273e-01 1.039854090119147478e-01
3.220462689048140259e-01 1.604277324748311362e-01
3.535909216326915683e-01 1.328350119569325916e-01
3.092166947542411837e-01 1.171738977596596398e-01
3.359693718295513887e-01 1.511478710871642928e-01
3.649950085545494161e-01 1.975922867476481715e-01
3.079942685587404583e-01 1.532513103248550335e-01
3.765695134954451517e-01 1.012856514022351384e-01
3.500884333383286195e-01 1.350312752516061310e-01
3.109585596114384787e-01 1.630090764288253669e-01
3.545676904444019506e-01 1.675191561631986237e-01
3.129345763984098250e-01 1.986274784806556226e-01
3.510777390016265320e-01 1.025680566369126245e-01
3.289613555730487859e-01 1.484897875863853689e-01
3.285987811376376855e-01 1.505558318096425485e-01
3.809283969952141913e-01 1.633076402262433335e-01
3.431355860840351601e-01 1.285057785805548136e-01
3.040223358799907794e-01 1.060922436167929528e-01
3.259595472705300589e-01 1.291033061901379064e-01
3.493466734282999475e-01 1.703934805016884546e-01
3.896042703278286279e-01 1.291809506916293815e-01
3.598100770962754380e-01 1.255572989472767409e-01
3.622794835416118242e-01 1.264561087015506624e-01
3.177517128695028781e-01 1.492635824920621745e-01
3.563499801758676089e-01 1.357419428660331384e-01
3.219759608038204601e-01 1.177057834676608072e-01
3.761696216785564983e-01 1.114698277451164898e-01
3.946196493232097535e-01 1.407252406019297575e-01
3.648400728316771313e-01 1.632495505386687973e-01
3.808152392722366497e-01 1.154866317097051620e-01
3.539712135331505860e-01 1.262073152650265151e-01
3.146201987570577674e-01 1.844305471920990591e-01
3.457326475440708480e-01 1.801329069204387068e-01
3.754377466308040923e-01 1.635630237060486381e-01
3.229785488796771964e-01 1.419031152723335132e-01
3.905498946571289154e-01 1.990215002985207815e-01
3.499255171564820688e-01 1.320600740142666429e-01
3.516877564481334928e-01 1.983107232064193481e-01
3.600374218066869636e-01 1.550959123072268853e-01
3.701342348793821846e-01 1.559591083562275604e-01
3.896844096190780760e-01 1.059926460578512752e-01
3.734039958126555425e-01 1.434198937004744212e-01
3.820633264422837461e-01 1.682441328693186910e-01
3.431544217368857619e-01 1.788557501358692958e-01
3.810215488385896299e-01 1.121369080905749438e-01
3.721689841963682355e-01 1.019369467128233564e-01
3.433320089871232939e-01 1.319350521841562152e-01
3.889056001622394065e-01 1.893315606581940369e-01
3.356836227062082179e-01 1.981347678202462215e-01
3.032930007659777605e-01 1.955185754236525297e-01
3.792968889654012576e-01 1.893915648285876552e-01
3.821412198148044226e-01 1.985301313529388989e-01
3.386294771948612503e-01 1.667966012129114273e-01
3.051851892410889500e-01 1.147279485780860475e-01
3.942942135577645058e-01 1.704664165166767109e-01
3.334094879524198696e-01 1.106209238933196504e-01
3.521745800165781426e-01 1.261144967405237460e-01
3.119566185454474283e-01 1.242358220326786333e-01
3.185421499880219387e-01 1.409776752862992866e-01
3.685795040045419246e-01 1.284329783852484197e-01
3.837524832408799047e-01 1.420903520765833539e-01
3.781474431362169542e-01 1.234954888674520690e-01
3.237572572766529988e-01 1.587109323380234693e-01
3.247491081688402281e-01 1.945721754903418921e-01
3.779856707184636733e-01 1.015500860398522720e-01
3.819503421534587440e-01 1.484146725758921648e-01
3.278726474414679348e-01 1.650437811487194539e-01
3.992832616925318656e-01 1.162738929148312839e-01
3.960986067163196345e-01 1.123506657092775973e-01
3.858133902900397483e-01 1.320068482423272516e-01
3.140266574630676821e-01 1.970954558833222792e-01
3.998931048126060928e-01 1.932116531784424940e-01
3.910801527621091123e-01 1.160495556315725429e-01
3.609637800331687574e-01 1.176992168529376326e-01
3.136904334647461767e-01 1.864416471706933365e-01
3.026018363023302293e-01 1.686222575732841122e-01
3.556725373286884762e-01 1.461534037406350683e-01
3.321801324042993886e-01 1.753390393886447018e-01
3.221802368621626278e-01 1.980082047488087027e-01
3.625327985747966442e-01 1.155062064164494584e-01
3.990528311116742777e-01 1.655210344786923748e-01
3.622627730639056409e-01 1.732852336641975688e-01
3.076911657196776950e-01 1.062278332567046790e-01
3.462203647399381135e-01 1.688919535799410510e-01
3.008029625669053631e-01 1.703462638210088975e-01
3.630388341280559317e-01 1.386415149532397306e-01
3.472663303986603389e-01 1.254012052083277595e-01
3.964077704877637109e-01 1.012761266793734960e-01
3.405550961453558956e-01 1.294035819097055784e-01
3.022376181989175903e-01 1.654969275282499597e-01
3.975917825475976386e-01 1.673536184813080308e-01
3.924021178800835008e-01 1.046560201864679129e-01
3.803031060716146050e-01 1.452493340967005442e-01
3.005650878578233764e-01 1.859669358753880397e-01
3.753932562541709150e-01 1.234097270618269571e-01
3.445769814772668416e-01 1.595699485822902608e-01
3.362451138524955585e-01 1.795338576499327932e-01
3.539993698203781070e-01 1.695408397497067399e-01
3.669262258878522864e-01 1.360801752729249303e-01
3.640510957577650641e-01 1.342772090366543547e-01
3.891140899220343896e-01 1.736764565797474513e-01
3.334892138872825318e-01 1.285671451396802611e-01
3.825151509834145425e-01 1.022728442843828522e-01
3.278710330436893083e-01 1.236467238483617004e-01
3.188119681360416235e-01 1.966958330457019011e-01
3.531249493657047100e-01 1.272244012539333335e-01
3.981443739191394826e-01 1.185466868572215560e-01
3.906445230674151503e-01 1.853421601467597490e-01
3.933811131480668966e-01 1.853793783411578633e-01
3.820976471212491066e-01 1.430421717813288307e-01
3.462865721199288038e-01 1.572868725232151599e-01
3.731595043177847182e-01 1.513385381839999488e-01
3.856568004332746047e-01 1.332446103557884953e-01
3.750213753314122767e-01 1.782554055383877012e-01
3.969664910505994460e-01 1.807230088691647862e-01
3.800530512275206996e-01 1.550554986805667557e-01
3.427884819260550442e-01 1.627248997183352863e-01
3.303950397482295354e-01 1.232563545894029278e-01
3.002499403648559162e-01 1.154590335188677430e-01
3.788278566148409188e-01 1.276796810025422890e-01
3.940421170965300868e-01 1.414780298726669994e-01
3.896393984574131331e-01 1.758318359713826884e-01
3.777055652089341686e-01 1.684750558216768501e-01
3.461484855193776577e-01 1.412768509714006360e-01
3.042634999164607335e-01 1.675219296186059859e-01
3.596131715537924656e-01 1.287445579232567860e-01
3.790164607454323820e-01 1.684723226304881971e-01
3.104662035920562890e-01 1.280080453242564142e-01
3.931552586299809082e-01 1.850765267018434079e-01
3.393681935839821806e-01 1.814193673339152268e-01
3.575838468301623108e-01 1.457018332968445518e-01
3.211266448940830465e-01 1.729563782064575395e-01
3.989703456145592964e-01 1.228741649544838610e-01
3.599172574069273711e-01 1.110049066884830349e-01
3.909308001526005105e-01 1.750549082084856822e-01
3.874765807321204902e-01 1.203725883258804918e-01
3.127496374327533579e-01 1.105090523201470720e-01
3.800470361301842570e-01 1.967083316317835839e-01
3.312507223357365471e-01 1.188637675853747300e-01
3.849564890680349238e-01 1.984245138958372345e-01
3.322859954574257646e-01 1.404831700200526723e-01
3.413532090283702414e-01 1.145942324443188498e-01
3.629728760779110663e-01 1.513387355133026801e-01
3.102926539879385937e-01 1.417847310914895631e-01
3.106240778768069588e-01 1.681339982122395937e-01
3.824835928222145576e-01 1.978310998693681988e-01
3.222871586222375018e-01 1.243002419349993892e-01
3.925036805614156576e-01 1.676619876593592739e-01
3.266079695932380678e-01 1.811547230407250242e-01
3.141584466593669855e-01 1.809331479363883444e-01
3.726103322040060783e-01 1.965513670317202699e-01
3.761046747475211283e-01 1.922656591185233910e-01
3.690546162023777277e-01 1.082777582802325333e-01
3.159755939115592160e-01 1.375917351715070236e-01
3.736413632734350565e-01 1.441527621163385398e-01
3.839994202773925891e-01 1.174926902317250110e-01
3.035601369521006010e-01 1.764899324851629259e-01
3.298572821079105433e-01 1.300579927343636921e-01
3.181834773666945004e-01 1.475770127499342887e-01
3.988929176458971826e-01 1.641733218810150219e-01
3.703804697975487947e-01 1.152169368562946661e-01
3.304251728122638565e-01 1.353916454232628186e-01
3.175393107337115550e-01 1.891428333275663176e-01
3.041215342007295708e-01 1.491660872559059381e-01
3.942072277090189480e-01 1.889731066354176647e-01
3.901754878006493121e-01 1.428605737637706763e-01
3.484706487635513827e-01 1.371810236693141727e-01
3.638300915763923449e-01 1.164117479576092518e-01
3.821663434546995197e-01 1.589123551969744419e-01
3.999326207484520390e-01 1.738219880052915278e-01
3.435688179636580131e-01 1.967686293946665776e-01
3.349015375972536623e-01 1.289143376199483049e-01
3.928685030680457713e-01 1.293143167117717929e-01
3.296326784828236822e-01 1.767025931876431977e-01
3.011093088413124286e-01 1.299121945966870695e-01
3.734963134825620146e-01 1.195986328818522959e-01
3.646385387628813257e-01 1.912239808106321881e-01
3.645242646636682737e-01 1.346704240353562287e-01
3.205788103707125081e-01 1.812579164425779099e-01
3.578528159676292453e-01 1.650677320897299127e-01
3.240666081429172118e-01 1.956834581008701501e-01
3.314188006014850973e-01 1.122255645640691524e-01
3.239326091345891556e-01 1.000563951975926569e-01
3.660752275510733011e-01 1.847459641857601698e-01
3.098275553824858530e-01 1.523045414813369580e-01
3.314076158258450477e-01 1.743461405810530773e-01
3.955429888027801044e-01 1.136413852373141797e-01
3.670512564703546921e-01 1.488260524206432567e-01
3.860850760893916322e-01 1.986856563182102242e-01
3.231660371631977502e-01 1.113932883202166102e-01
3.884905383157773451e-01 1.809836320991796144e-01
3.371714983732451154e-01 1.688669790379053182e-01
3.401111739406631473e-01 1.841504451847660873e-01
3.029751687873946664e-01 1.133899790783040318e-01
3.599050812827578327e-01 1.255139226657514540e-01
3.098488444227826544e-01 1.053532606168806340e-01
3.930422380414324013e-01 1.555208743264916149e-01
3.757389171750655787e-01 1.724736461944805788e-01
3.375686128446926948e-01 1.869233451348184250e-01
3.800757362549331830e-01 1.796786465321344450e-01
3.044617779317853601e-01 1.067823490662440367e-01
3.809609573905257673e-01 1.693659068736221851e-01
3.791582076757048503e-01 1.354354142894636515e-01
3.358156904663399667e-01 1.781979977381467628e-01
3.416675634374821691e-01 1.872298176970857708e-01
3.888269211910470591e-01 1.279528556679717932e-01
3.101516155458647339e-01 1.510054608833797107e-01
3.711084739232030638e-01 1.742246559795650740e-01
3.931818338684101022e-01 1.951490086997194062e-01
3.143993581864595876e-01 1.094210891071582537e-01
3.723537318407064145e-01 1.674795975012394189e-01
3.831253019068772692e-01 1.584535783106184592e-01
3.936145432409627887e-01 1.434604507662427808e-01
3.470211013281360168e-01 1.044954294290428298e-01
3.158133296541195678e-01 1.391922156141872646e-01
3.005737772455290280e-01 1.467883985312866957e-01
3.052653855533343230e-01 1.124981061649131531e-01
3.661223560379526787e-01 1.891027691401900301e-01
3.620165012703465690e-01 1.486727030056766430e-01
3.325375777946392719e-01 1.993992568239708330e-01
3.721536760133810628e-01 1.684070685652249433e-01
3.195269669028381054e-01 1.289020896772960778e-01
3.891463841522861955e-01 1.012900169150870999e-01
3.720922035815845685e-01 1.908269096683920252e-01
3.747945020502969071e-01 1.898473179297122670e-01
3.809336400846169979e-01 1.308699366902082994e-01
3.591272191743977715e-01 1.631779367047260509e-01
3.161339190341650451e-01 1.637330378312699675e-01
3.689391080291625213e-01 1.627286417694256415e-01
3.513097084224280908e-01 1.199148995843493382e-01
3.348987697238735572e-01 1.959802073043996895e-01
3.464792075694093643e-01 1.407717671158933981e-01
3.766780289726636699e-01 1.532835362197479123e-01
3.290911922227278685e-01 1.983656145656442771e-01
3.335899365167789843e-01 1.728050413468708302e-01
3.324664729166011967e-01 1.913367207224809241e-01
3.450510199136985201e-01 1.152262963839348620e-01
3.585244660128463767e-01 1.319388237719512358e-01
3.065039139078357122e-01 1.743107611762127751e-01
3.077627892143449118e-01 1.924868325404843483e-01
3.296730012311286928e-01 1.542611067445334994e-01
3.320495668301870484e-01 1.328537301487212885e-01
3.264399168230551207e-01 1.352952129212466603e-01
3.064386366249029492e-01 1.104577169074840715e-01
3.076560172483275846e-01 1.189813049146240531e-01
3.808701492975130609e-01 1.015000590093060040e-01
3.851054441550949003e-01 1.582813364704716008e-01
3.688264886081586424e-01 1.524349806087535453e-01
3.235396764901600219e-01 1.787828756966208243e-01
3.591432276803500079e-01 1.540080516462975224e-01
3.209638432082121962e-01 1.427212896959647870e-01
3.494266918134009692e-01 1.406685952351575397e-01
3.727341458039132860e-01 1.194066327258479498e-01
3.896797447963307737e-01 1.699407294323914130e-01
3.434096684778538133e-01 1.959696869492807969e-01
3.743288516703637825e-01 1.815591962342753551e-01
3.613084892233350276e-01 1.978590215326251900e-01
3.184638135913955281e-01 1.280609224605373520e-01
3.593639046873740583e-01 1.742133432663812986e-01
3.933735853984695607e-01 1.872409560598606304e-01
3.607362812709218880e-01 1.891784847474514142e-01
3.514169358500214835e-01 1.092713195075818433e-01
3.759497204832620842e-01 1.623525209719086926e-01
3.616187791440072519e-01 1.394177853350297980e-01
3.933987755415799814e-01 1.581394986364960953e-01
3.172863685342190432e-01 1.469985843980374796e-01
3.926408781679789906e-01 1.536267240879722606e-01
3.616511563651623185e-01 1.614322060774076584e-01
3.472671901565316244e-01 1.404892981110847372e-01
3.230871211284948585e-01 1.549804386189953254e-01
3.500543023828902034e-01 1.388310423410350214e-01
3.171548151678018068e-01 1.304042440777776479e-01
3.642465235702146420e-01 1.981079453078799513e-01
3.576775613439458490e-01 1.774029445674462080e-01
3.836024266544036387e-01 1.173521431436080342e-01
3.751987145355210607e-01 1.012379587914618295e-01
3.541603693352442517e-01 1.473368880450907636e-01
3.609669621645797966e-01 1.289954544095388567e-01
3.644839189059047024e-01 1.784309759646489080e-01
3.681469038116911840e-01 1.128862430364535041e-01
3.359716144823379214e-01 1.088670247804609803e-01
3.602492179510081161e-01 1.316993162422722963e-01
3.022864434247510279e-01 1.295101927012546339e-01
3.293847504599846654e-01 1.345657093879389921e-01
3.468003381419604292e-01 1.912414129037420807e-01
3.688475233896467143e-01 1.765844520081027436e-01
3.838253377718663928e-01 1.502671000156598213e-01
3.817032786901491392e-01 1.304161319667514196e-01
3.425986738809438381e-01 1.052561733363572560e-01
3.131843126669006661e-01 1.833509590970147096e-01
3.063734741885648094e-01 1.222151699732883789e-01
3.780300139854983477e-01 1.151501058730843574e-01
3.932455666215451395e-01 1.652202405519826445e-01
3.670832230700051824e-01 1.128483067552140673e-01
3.575310724415689534e-01 1.472514377988450307e-01
3.282611061642206618e-01 1.193624208973357859e-01
3.633824002381406126e-01 1.397169056066836224e-01
3.835270166196700359e-01 1.527983743599353461e-01
3.217032364652274712e-01 1.831451723197734527e-01
3.067518273369532200e-01 1.034516791810294323e-01
3.703904073973304789e-01 1.057727941229260060e-01
3.773207941989772385e-01 1.303187346320709428e-01
3.052466088004365807e-01 1.599948809523114024e-01
3.286758373179773374e-01 1.099746959259872980e-01
3.670198690585969037e-01 1.019842169242407004e-01
3.843866797843908945e-01 1.004118076162431872e-01
3.854120391126334977e-01 1.774924454410938823e-01
3.446082487613787437e-01 1.019835895141998627e-01
3.385869965421367533e-01 1.773510019195654874e-01
3.712640175041058699e-01 1.754125000800850764e-01
3.765505237565455743e-01 1.341953876200023543e-01
3.491210195529716453e-01 1.481807347800658536e-01
3.960554704187027042e-01 1.313290042919592338e-01
3.661340124798396212e-01 1.526847953009142500e-01
3.631994298770485630e-01 1.276046830446533331e-01
3.837327676184751901e-01 1.950919268107099147e-01
3.509189579951444982e-01 1.520512867553083236e-01
3.718348625421546982e-01 1.297332659125937926e-01
3.529221206227069474e-01 1.064829273576054502e-01
3.945537918436833325e-01 1.630612218087286180e-01
3.084399519515982346e-01 1.393986514115564956e-01
3.208039070072464249e-01 1.890783522462579636e-01
3.734323247117454780e-01 1.447529179155875867e-01
3.498543631929132425e-01 1.263377564858642055e-01
3.866194196701166486e-01 1.558534376826347101e-01
3.535530255175405867e-01 1.518109261731699633e-01
3.427004279716729940e-01 1.569223486947033397e-01
3.835542488136498562e-01 1.229549050848914582e-01
3.057788356869234336e-01 1.907704686663219684e-01
3.938125376306263470e-01 1.254191198428735721e-01
3.501408438603725304e-01 1.014634507576696043e-01
3.288642321966324111e-01 1.614507591664081920e-01
3.888089146515360528e-01 1.047434836388188850e-01
3.703170633214473706e-01 1.814819865090924744e-01
3.811165630030017848e-01 1.281826241211785622e-01
3.082296502008912142e-01 1.983436679768698641e-01
3.941130748109427651e-01 1.931533832599759970e-01
3.664833717801203594e-01 1.411271753329994549e-01
3.940389657496476405e-01 1.984552838754183313e-01
3.806205517254973025e-01 1.635698733515512371e-01
3.902841816522979457e-01 1.134528236179039307e-01
3.749796735276059167e-01 1.039493479743489601e-01
3.321820935362028160e-01 1.686613300283318906e-01
3.362302551728244548e-01 1.315298161364874818e-01
3.182700721472158656e-01 1.027334967135916932e-01
3.324832853120649467e-01 1.736970116670867870e-01
3.168465699394026336e-01 1.969397146660919473e-01
3.849815837621541892e-01 1.637580097702339699e-01
3.423803609769038858e-01 1.781343554640245630e-01
3.790323250017484380e-01 1.137120161866886081e-01
3.095463700860460188e-01 1.255851103230543608e-01
3.837988736502744302e-01 1.809426228591486663e-01
3.563558071630230639e-01 1.803767641607200711e-01
3.098341504973635141e-01 1.693920598689592771e-01
3.636570614263465728e-01 1.809030699624367411e-01
3.534215917016865216e-01 1.056745390848642385e-01
3.077436634686834815e-01 1.620213122607126466e-01
3.626235479723427524e-01 1.012575535609196442e-01
3.137370739787396223e-01 1.496941744015068687e-01
3.009385688981695561e-01 1.433466850488177569e-01
3.613179773920051074e-01 1.670967724859876713e-01
3.522593775516184023e-01 1.020361169212729568e-01
3.562405656917834729e-01 1.341506249380883808e-01
3.703546733859156004e-01 1.255902482625188554e-01
3.066532524486982325e-01 1.869301858096140967e-01
3.781195932126585335e-01 1.748528913656637873e-01
3.509585575103701394e-01 1.166659581588545547e-01
3.850678005425563488e-01 1.879608240313746792e-01
3.546179865289999511e-01 1.241742800353594078e-01
3.458393403408705491e-01 1.349949874431518038e-01
3.017166723815887241e-01 1.782328356595331009e-01
3.888525162114552791e-01 1.826727833507919008e-01
3.297495721200670582e-01 1.086822798289865943e-01
3.323568235070181731e-01 1.746661827593511129e-01
3.512201383301470914e-01 1.262946080022778195e-01
3.452577520245621034e-01 1.329434643320755727e-01
3.626438734919557039e-01 1.312631995352502301e-01
3.335857130055535080e-01 1.627585166927293103e-01
3.063494302521860835e-01 1.237349899178449841e-01
3.049465112806696854e-01 1.393861070597306739e-01
3.495255155039503348e-01 1.193841584051982818e-01
3.864281396261262658e-01 1.981291581689918757e-01
3.006352376098460066e-01 1.459481554596109287e-01
3.525945803069239770e-01 1.021458148031036406e-01
3.816506106013320410e-01 1.572423505351560891e-01
3.585137159953610819e-01 1.779018342661669028e-01
3.727670027779318440e-01 1.034863104277369272e-01
3.617224505415605473e-01 1.385267923429962522e-01
3.861704279365835712e-01 1.419886205291256420e-01
3.258971691597156162e-01 1.353226645482343560e-01
3.015523742899156590e-01 1.013532756526729917e-01
3.018120508237538413e-01 1.636267406517412093e-01
3.930593924018657703e-01 1.271586969622774677e-01
3.858826424613332473e-01 1.665010922069140586e-01
3.396743977266852288e-01 1.612710588763452968e-01
3.747620023224463859e-01 1.288384204553026657e-01
3.772450198818643186e-01 1.090050125884349241e-01
3.836924186469395925e-01 1.633524994969061950e-01
3.175607387675877802e-01 1.764534870671148614e-01
3.736641076294678343e-01 1.480317105334419958e-01
3.867507542611676175e-01 1.563489257012564415e-01
3.174883071724023398e-01 1.767868405900347994e-01
3.299269338204246504e-01 1.983426231759469749e-01
3.314813844119531838e-01 1.079531343259248211e-01
3.771686801385199517e-01 1.804143499421543007e-01
3.718908747607777565e-01 1.818606939932028710e-01
3.278385114976897774e-01 1.181448541773673921e-01
3.789990587574320058e-01 1.187504393967873106e-01
3.103511959482679328e-01 1.238182231326657168e-01
3.165675128189789911e-01 1.418953895154680955e-01
3.493092845997754492e-01 1.498963583333746130e-01
3.584055945896189033e-01 1.858877238352173444e-01
3.708071277096481322e-01 1.712428233654810783e-01
3.523431751085552288e-01 1.017585030731976148e-01
3.588616611939348111e-01 1.507049022787015080e-01
3.240323518540327852e-01 1.997460263963490579e-01
3.045451942598995099e-01 1.463185240121979702e-01
3.981113354344951172e-01 1.162980719717709444e-01
3.901156934114625163e-01 1.601394418373104367e-01
3.077841365394227147e-01 1.735274177860789135e-01
3.635782218518513464e-01 1.753081786464150971e-01
3.942964944258574578e-01 1.213297264157191524e-01
3.756517738427712083e-01 1.197760276242414990e-01
3.161758042391209500e-01 1.210939941072811665e-01
3.257174283006106230e-01 1.219290239049738156e-01
3.997669324417540415e-01 1.883257857469163299e-01
3.663301389029669508e-01 1.850270429023386232e-01
3.898605525536619210e-01 1.247431897573091086e-01
3.013663460839151598e-01 1.899839653326453326e-01
3.534663053781638142e-01 1.488748165767555531e-01
3.844224220475732645e-01 1.137543830950761281e-01
3.625037908581280055e-01 1.149454927315668451e-01
3.751437151083352739e-01 1.175023613021351221e-01
3.662313068767096280e-01 1.184480985791004082e-01
3.118847251324426417e-01 1.103072246553423175e-01
3.866293277907001946e-01 1.569750897300772607e-01
3.930958229543213833e-01 1.433782532243884911e-01
3.815147199946167800e-01 1.182464944158621856e-01
3.216436595856347336e-01 1.557664681660886341e-01
3.213053342925586420e-01 1.813277574380288693e-01
3.368681193873455659e-01 1.856361556814832281e-01
3.911574910830485918e-01 1.445851198252545433e-01
3.859025881113890555e-01 1.320102628736444794e-01
3.995721457080032568e-01 1.842235427079877419e-01
3.723390837389185526e-01 1.317953724286009543e-01
3.456973361396336597e-01 1.564658865254717202e-01
3.667835549003244933e-01 1.700625582514138090e-01
3.405973044887015688e-01 1.442137969212864967e-01
3.031279925864600600e-01 1.772979054248678410e-01
3.049021480256908223e-01 1.655660997809384749e-01
3.609861048700720998e-01 1.619130202452825351e-01
3.981331160668060698e-01 1.975739114058775170e-01
3.920130420304285823e-01 1.143767719754009149e-01
3.861737986297933412e-01 1.339125103346533729e-01
3.377421708287477453e-01 1.985417558375419667e-01
3.989041414483024406e-01 1.371306319091183390e-01
3.430383565868070916e-01 1.495603297597326575e-01
3.306368045921654342e-01 1.227218647250960526e-01
3.072278615590684492e-01 1.540135248606458174e-01
3.217578385637838712e-01 1.764852435857856006e-01
3.128054003301470321e-01 1.130183135112898252e-01
3.209603044048841558e-01 1.899177671783449650e-01
3.093749957570856024e-01 1.153131302818920789e-01
3.071465362299640733e-01 1.995690984247635580e-01
3.433961964149024326e-01 1.757749591622820018e-01
3.005814148452075618e-01 1.373480455081129981e-01
3.754191634540156586e-01 1.583746796503456289e-01
3.820064813094771194e-01 1.870406551752641922e-01
3.358747648700183275e-01 1.125097721659891192e-01
3.204262705031521996e-01 1.315586074902204972e-01
3.498972935250789784e-01 1.711463062815471448e-01
3.819185506306091438e-01 1.069286244792958251e-01
3.129013716184050886e-01 1.943772730562153828e-01
3.208358740525870112e-01 1.017223175908135713e-01
3.473096437089784327e-01 1.026107267416653535e-01
3.715607635086877192e-01 1.197961354375179088e-01
3.663343495297303742e-01 1.070642399662072308e-01
3.768568461436825334e-01 1.346463385876030538e-01
3.924190390590520661e-01 1.882735748410687415e-01
3.913384360917355753e-01 1.992933970117294895e-01
3.896052416271762464e-01 1.174151659356099109e-01
3.228528167874445409e-01 1.885603612821194486e-01
3.686503306420125248e-01 1.097128004623549591e-01
3.020189669141802313e-01 1.412264944888403373e-01
3.716111706497919331e-01 1.328481548562757131e-01
3.647872550447424644e-01 1.608762129188568146e-01
3.575742467606502495e-01 1.435372410370737706e-01
3.228507636696871241e-01 1.440974985071085124e-01
3.903725022858470228e-01 1.931816757339416268e-01
3.549158284220205184e-01 1.129666878691819309e-01
3.352904499845450470e-01 1.859522526560025146e-01
3.794661046332831744e-01 1.592842462576963547e-01
3.761153956512182095e-01 1.939985154170112136e-01
3.364940856219020837e-01 1.072239496233957923e-01
3.080312953984291613e-01 1.396491629158360670e-01
3.102915326925502204e-01 1.429759239827751716e-01
3.834075854674037220e-01 1.634302229825456143e-01
3.611757282601384955e-01 1.684506617667430872e-01
3.094887117571795132e-01 1.475651376798326198e-01
3.687871467659219471e-01 1.089714538705137403e-01
3.789732559138874746e-01 1.437107057009840982e-01
3.060970883541248577e-01 1.621686748845479475e-01
3.514037313303162713e-01 1.940071184287464057e-01
3.216397244074013506e-01 1.098127491915171228e-01
3.810469047476711113e-01 1.829365584642500264e-01
3.709618829675666585e-01 1.616128485747342913e-01
3.222076773548091522e-01 1.586894251683081680e-01
3.696251131978139370e-01 1.145610849279454502e-01
3.028663388383838195e-01 1.399692675603144976e-01
3.412351179192200656e-01 1.814142470597077117e-01
3.279470325442641054e-01 1.686238401668402331e-01
3.267708729916833366e-01 1.417428228633746401e-01
3.668039963598715980e-01 1.868583863606811390e-01
3.814145916494103838e-01 1.086214855696238102e-01
3.301406090377858038e-01 1.645100439330112740e-01
3.184041161350464333e-01 1.318751020808302254e-01
3.326193634134636534e-01 1.306333628601550334e-01
3.332175453964092982e-01 1.010750930323479901e-01
3.265280935619920832e-01 1.490215284466364087e-01
