3.172725863322383710e-01 3.943711476096582458e-01
3.378073770885626215e-01 3.824862905891976417e-01
3.073748094863962277e-01 3.644767400123071766e-01
3.175253107772353367e-01 3.853002281917631278e-01
3.173400901084429959e-01 3.994270450341506073e-01
3.131840083780678130e-01 3.980082449083325313e-01
3.288814310575032818e-01 3.727276191103337522e-01
3.049225418285403388e-01 3.987198828151745644e-01
3.182951139444316624e-01 3.805529304630611009e-01
3.929386731531555599e-01 3.939135716178450708e-01
3.343702579377226258e-01 3.705984011635517494e-01
3.092495005190794566e-01 3.898018847623536676e-01
3.021847748740770778e-01 3.923577938764261641e-01
3.650734641703881067e-01 3.727888719999776224e-01
3.080475579093542304e-01 3.424443699756004045e-01
3.419627783644264007e-01 3.985716151725037792e-01
3.197324697999206489e-01 3.939671486542076773e-01
3.030987289319279077e-01 3.889822312138575544e-01
3.057000643190640465e-01 3.841764997975153917e-01
3.266787962624990715e-01 3.714192178117092236e-01
3.126753800020551366e-01 3.715305848989982063e-01
3.210376443896054699e-01 3.995839099191929034e-01
3.073374750216374962e-01 3.998723131087525973e-01
3.201132915947795810e-01 3.170300564987255654e-01
3.241537193550118046e-01 3.596995757802061711e-01
3.211855167968710734e-01 3.631288634397781268e-01
3.479066881266218991e-01 3.801475835842177409e-01
3.562554667738362935e-01 3.908006040956954474e-01
3.042005432725339298e-01 3.212402909147441532e-01
3.273221475951098025e-01 3.526745831898888683e-01
3.029620981047422834e-01 3.307375834217406441e-01
3.677625039376619109e-01 3.260761133008983625e-01
3.283296828446907734e-01 3.111563221158978876e-01
3.245069203426957927e-01 3.721569814627053163e-01
3.745002105435923379e-01 3.115273602348557769e-01
3.319188779476131002e-01 3.587027119572614442e-01
3.574488631509717962e-01 3.008505410805206726e-01
3.796815840210349680e-01 3.759781822194314671e-01
3.779074933982398132e-01 3.613026768726775861e-01
3.072484999716876830e-01 3.604203318046295124e-01
3.390925862019286696e-01 3.413805944707823392e-01
3.524257796910953977e-01 3.622267885941605203e-01
3.118027711947415903e-01 3.490670765605381476e-01
3.269544022874200095e-01 3.449298002447285794e-01
3.903919921529727666e-01 3.298303176618515575e-01
3.823921127602550873e-01 3.651180432006889132e-01
3.687103387632977847e-01 3.039332368979205667e-01
3.128436498000720101e-01 3.951070097006711968e-01
3.257918602343682912e-01 3.439745406707898079e-01
3.457978242782844269e-01 3.405506305119800903e-01
3.501598069548577108e-01 3.444966118068122363e-01
3.342139137383072223e-01 3.573145375008528468e-01
3.209065156618702841e-01 3.838306373107454039e-01
3.529085316555826135e-01 3.343211283982975290e-01
3.377297359422086753e-01 3.874282476024758504e-01
3.748664264722020856e-01 3.821704607661840503e-01
3.165315214599797589e-01 3.012151822410893409e-01
3.446328821329397996e-01 3.455145758118701727e-01
3.458894152149594725e-01 3.389644742197311933e-01
3.358633472231828954e-01 3.075385831424856109e-01
3.550304280515621524e-01 3.752239848625592566e-01
3.643049573316616274e-01 3.899002367122729740e-01
3.118579185377995389e-01 3.586679188667060147e-01
3.622635837747897325e-01 3.188164629471335054e-01
3.266342867544034800e-01 3.095522823463370821e-01
3.622102343360060206e-01 3.842377273659587367e-01
3.438333374705259127e-01 3.066731124836337696e-01
3.009636005857624919e-01 3.902828009762572270e-01
3.747095927115196012e-01 3.578745111542082080e-01
3.836807935965717009e-01 3.238948930926052738e-01
3.034562731861789597e-01 3.340429516790597297e-01
3.476241848025070080e-01 3.912827165089879378e-01
3.146004970726193339e-01 3.917470779992466845e-01
3.104500928111634250e-01 3.997672494435188240e-01
3.862594426019832494e-01 3.495328425446708742e-01
3.599817272030436111e-01 3.421324886470103466e-01
3.555577208543421186e-01 3.922509725848054574e-01
3.761869445169760962e-01 3.232065359449538544e-01
3.124498154447219456e-01 3.725292922050664757e-01
3.596851122530575484e-01 3.508459640249049771e-01
3.829000075249961443e-01 3.091622966403462236e-01
3.923596680778744239e-01 3.480202985122692327e-01
3.514079978385601377e-01 3.867743228389585175e-01
3.810570812764309534e-01 3.530789199576171433e-01
3.688316908448904807e-01 3.886554168569050782e-01
3.868998574848532823e-01 3.249691785960908685e-01
3.540356186931102878e-01 3.683214830871534007e-01
3.862715743811529490e-01 3.471911323456196019e-01
3.231374875707921368e-01 3.166064601820248181e-01
3.426004086963392870e-01 3.638516594231425705e-01
3.199869698631436221e-01 3.885528744713422356e-01
3.565480264787108111e-01 3.430331525004742810e-01
3.981988695111370880e-01 3.427626815683550987e-01
3.780472972104346741e-01 3.673389170487919575e-01
3.105854301381180682e-01 3.550672857165005358e-01
3.881781037403029821e-01 3.200653952005728109e-01
3.407415765199588442e-01 3.560674158134843337e-01
3.294717858938170374e-01 3.002006484490518101e-01
3.996957937490781543e-01 3.046305875143488495e-01
3.796631452673428497e-01 3.873845859484402743e-01
3.050466473495340725e-01 3.180977374534938451e-01
3.719690011797832652e-01 3.452363815849818773e-01
3.919000247431853046e-01 3.745638559880203888e-01
3.356497535103926677e-01 3.275670682571099612e-01
3.216579183943449882e-01 3.256019108170903342e-01
3.149420873138111809e-01 3.741598908526891920e-01
3.465990435396589242e-01 3.125004118573254108e-01
3.182864684033050451e-01 3.289787510189278175e-01
3.649753672733140331e-01 3.115950951403005931e-01
3.683491286030259881e-01 3.113630235872706375e-01
3.820334554410285133e-01 3.906670117898093375e-01
3.529326234035579102e-01 3.638976823670415084e-01
3.649680537725676910e-01 3.664687276414436701e-01
3.351594175227027295e-01 3.286023424798186210e-01
3.125556256932838783e-01 3.814543283374604021e-01
3.397268333171536425e-01 3.599631995038490850e-01
3.291150923522536131e-01 3.462579012864182570e-01
3.539744530046877724e-01 3.762112392605283517e-01
3.815618584921849910e-01 3.376341331356363940e-01
3.043003963430775949e-01 3.263174197372922802e-01
3.873789342954939152e-01 3.540984818639336118e-01
3.392100858890467752e-01 3.099073643472786133e-01
3.971377893812842452e-01 3.163575534860347815e-01
3.467041260030285788e-01 3.970407712725341765e-01
3.903577651408011717e-01 3.064798659653030222e-01
3.245735893934103000e-01 3.261087374538233497e-01
3.862182663633185187e-01 3.646152305286637918e-01
3.907724167681388971e-01 3.264683063775400962e-01
3.702764283782404853e-01 3.509889348063205405e-01
3.920261210976900279e-01 3.561691538047762617e-01
3.538097063224677208e-01 3.823307564594029540e-01
3.288158518408658693e-01 3.394968164309656866e-01
3.807661196889931543e-01 3.655356077418272509e-01
3.162855328095943164e-01 3.261756666859720322e-01
3.412973697180072818e-01 3.691777158616194598e-01
3.225459470363810643e-01 3.071261835568019349e-01
3.755432417755347752e-01 3.658966144386757158e-01
3.655589419145893193e-01 3.854589241880534978e-01
3.446320581964651408e-01 3.428037082796204227e-01
3.231492093006233524e-01 3.650183362692056566e-01
3.401271199182745453e-01 3.798417730237423351e-01
3.616900815293095928e-01 3.198682210111483126e-01
3.664748389507694326e-01 3.569363133537799548e-01
3.461454993425892579e-01 3.380291250679317017e-01
3.910175618103049477e-01 3.021379860015855345e-01
3.220661133149111399e-01 3.279596640826255016e-01
3.120015141914724288e-01 3.814935659627328168e-01
3.492903716233551337e-01 3.890220645791915288e-01
3.982939900857613291e-01 3.433861020931525676e-01
3.774138135713367981e-01 3.316661398704588981e-01
3.801030177947885558e-01 3.204227379966200218e-01
3.404205406468623907e-01 3.012955189030830927e-01
3.636228621800773886e-01 3.275158451240893775e-01
3.586092081634355000e-01 3.260591235750069927e-01
3.058903309276497784e-01 3.782288647799421644e-01
3.179601251491926961e-01 3.700443207093213616e-01
3.510453594246252251e-01 3.074305791080144679e-01
3.271583669734557387e-01 3.104246668731105996e-01
3.720856958641600154e-01 3.914620665143807021e-01
3.208528022114808254e-01 3.961378945724541301e-01
3.940097505005764611e-01 3.034393625894721280e-01
3.650052930596222600e-01 3.300366423035868135e-01
3.831019411305584543e-01 3.326971119194947479e-01
3.249580621577814465e-01 3.597169916315587912e-01
3.684443268937541704e-01 3.485734860996214657e-01
3.699653859768628483e-01 3.924494467916105345e-01
3.777679606229280007e-01 3.964720070180622891e-01
3.495689143969666346e-01 3.335660956126216270e-01
3.355477601427748757e-01 3.400837528025281720e-01
3.170487485962598662e-01 3.475942472253003013e-01
3.208158723116348865e-01 3.219897306049264718e-01
3.233924292272675749e-01 3.590965431132749353e-01
3.370947606000350150e-01 3.500949566015646996e-01
3.491483457342059449e-01 3.028134790613151162e-01
3.785370815522203225e-01 3.268237204626256998e-01
3.955389207673776220e-01 3.676814378993049082e-01
3.953675894257721590e-01 3.202350651721007635e-01
3.288869665319186786e-01 3.877617897755351040e-01
3.326276611342133815e-01 3.955039191439349011e-01
3.206943899897157224e-01 3.770472866618646002e-01
3.589741261619605606e-01 3.647409468534001387e-01
3.671309140049648922e-01 3.602727986179420361e-01
3.967828563025952993e-01 3.306150444416855461e-01
3.792842608535527682e-01 3.640999921298262443e-01
3.838598737229627633e-01 3.612774905818303406e-01
3.943821858913575396e-01 3.793229860696426536e-01
3.514126714450450106e-01 3.277651024618389308e-01
3.710104661000947490e-01 3.860714835317298754e-01
3.795132248269494357e-01 3.402549015679166566e-01
3.390806885053070929e-01 3.333578946955993438e-01
3.490993519632898945e-01 3.462990755617798566e-01
3.159472151319038247e-01 3.233749288825434332e-01
3.241436786886516819e-01 3.706492781671999470e-01
3.224272296333979826e-01 3.079593403852600719e-01
3.888886537013089839e-01 3.766314651699083083e-01
3.439870525624241782e-01 3.873529676728027504e-01
3.348218148627595814e-01 3.118603896955478016e-01
3.786522013109226426e-01 3.274130543409027316e-01
3.101857156456687692e-01 3.491804301508174557e-01
3.847979024149673077e-01 3.153077234569171550e-01
3.943874069132148885e-01 3.519445360459191874e-01
3.680098361232833071e-01 3.070095479326366283e-01
3.284728155239549086e-01 3.632496559089803956e-01
3.904359171342937640e-01 3.751228158412721614e-01
3.350891326654930613e-01 3.941161763480907076e-01
3.844216562593559816e-01 3.651197541612574149e-01
3.015479741606563180e-01 3.479425077747125838e-01
3.895570888279420996e-01 3.634234805441844407e-01
3.625623157195677626e-01 3.826954644724642751e-01
3.560863043233268299e-01 3.574555746797170586e-01
3.624461327470584471e-01 3.489590435283138614e-01
3.701893697617895107e-01 3.129685878452569403e-01
3.137512314375928146e-01 3.742992581832046417e-01
3.241053749328815514e-01 3.697846780321073501e-01
3.290948916518782186e-01 3.594237765900398229e-01
3.453374779327294530e-01 3.169462742969854641e-01
3.434618846893316424e-01 3.135664479334749344e-01
3.841479129551508276e-01 3.233837269206233378e-01
3.993113125750697434e-01 3.249010462650048225e-01
3.600626671301953019e-01 3.368195542646018059e-01
3.568471537051489673e-01 3.008635529636388140e-01
3.451698660756166714e-01 3.780981788419206513e-01
3.237963891850243470e-01 3.591624618368121080e-01
3.813525128012102972e-01 3.626434005880700417e-01
3.034976904633208128e-01 3.844647857808494718e-01
3.558940469368017112e-01 3.929340412117505732e-01
3.211163172468265437e-01 3.501803409407115431e-01
3.807215679949227938e-01 3.884989797105911635e-01
3.507337338094486667e-01 3.298985759589746491e-01
3.305840447746851152e-01 3.543086660322504189e-01
3.534079476561976518e-01 3.032033271830466559e-01
3.450620093168146885e-01 3.618895352042650337e-01
3.177583867679034668e-01 3.001497395332685114e-01
3.970209477296093303e-01 3.025528218211000486e-01
3.486421344960548563e-01 3.187115747723865411e-01
3.656289573200761645e-01 3.568631441346378774e-01
3.971867857595368645e-01 3.132009950979759427e-01
3.301353468419585546e-01 3.755598458219940872e-01
3.191574256898530582e-01 3.722027573716245596e-01
3.335401427279334197e-01 3.373983072789763504e-01
3.936543839454029192e-01 3.816643747202733139e-01
3.938290679656826776e-01 3.829368686833720670e-01
3.604440630783905530e-01 3.228338445619275410e-01
3.804623699987393359e-01 3.311135810624117326e-01
3.688959060651186839e-01 3.287435386844094198e-01
3.549976211778817503e-01 3.948074123565722959e-01
3.850071192881044380e-01 3.623458829182827357e-01
3.548279470386142553e-01 3.321916953196654143e-01
3.800523083490496279e-01 3.836330620891145182e-01
3.625194506512106618e-01 3.867376701518581705e-01
3.229191077905126384e-01 3.041837208695408190e-01
3.022787442898245414e-01 3.166998791427391158e-01
3.550874302459904874e-01 3.261273644547208472e-01
3.881453628532836042e-01 3.868454373933745138e-01
3.801583044211320206e-01 3.833008922497519455e-01
3.958878476177856709e-01 3.162196694206150238e-01
3.947273172919832929e-01 3.918367389570430737e-01
3.135012694066072192e-01 3.370211994140827616e-01
3.966513471410169078e-01 3.155980393393031935e-01
3.405127749297560125e-01 3.659008318647624103e-01
3.713116325549562502e-01 3.686669898160880310e-01
3.752215968693724535e-01 3.643649871612986146e-01
3.148117247353796611e-01 3.174090171584722508e-01
3.069523017221792993e-01 3.095780628726707562e-01
3.586791952952342877e-01 3.141546249514798328e-01
3.267151363928073593e-01 3.149768668829612261e-01
3.075904354207791291e-01 3.168943253601798626e-01
3.604286321963343087e-01 3.549019278213832451e-01
3.573421047759302027e-01 3.882840431245359603e-01
3.403671502245374514e-01 3.983073250792676379e-01
3.322389822393224112e-01 3.440425443785034565e-01
3.827077527882685737e-01 3.200454172729422231e-01
3.379531651455222052e-01 3.628271143937445986e-01
3.079465938942006487e-01 3.289910766815302701e-01
3.598842023851520078e-01 3.808640612578469975e-01
3.679553459120025738e-01 3.497224202847342145e-01
3.633399635116506543e-01 3.448870729103454824e-01
3.212447321412574275e-01 3.252063592949762105e-01
3.891849966807174321e-01 3.500754672312016980e-01
3.512029417075921423e-01 3.191737881477047512e-01
3.326978722021595170e-01 3.144790153924952869e-01
3.079223628067299101e-01 3.937267176696535587e-01
3.846335547750669992e-01 3.218608531745371648e-01
3.866484541068053171e-01 3.442974908432446246e-01
3.915206764444005838e-01 3.501193280690672038e-01
3.712166005897650223e-01 3.533307297082151632e-01
3.377097209602633043e-01 3.348684641174156096e-01
3.756766876404608602e-01 3.411661818657499290e-01
3.246690499832590726e-01 3.068176081621691864e-01
3.691427534635389751e-01 3.977135477244329587e-01
3.860071438763249541e-01 3.353807203453721963e-01
3.663287064060921638e-01 3.865912802335209064e-01
3.362809423983102453e-01 3.201687294179001442e-01
3.161742043607008168e-01 3.979924980231270837e-01
3.241189341376779498e-01 3.025926258417604986e-01
3.948493808375105329e-01 3.881763144855381320e-01
3.586515566845417946e-01 3.631799367856681227e-01
3.824785660720144143e-01 3.949859709270939767e-01
3.348325410737828522e-01 3.309974971185848380e-01
3.716590378792812843e-01 3.326639507332055934e-01
3.621704256343842854e-01 3.438506662485403265e-01
3.461368212795453703e-01 3.334013077117310986e-01
3.823846215547114791e-01 3.312077519175803397e-01
3.242222705695275708e-01 3.564174228821473389e-01
3.869653863688211071e-01 3.525677773170425300e-01
3.064415084686438195e-01 3.032269283543340688e-01
3.666801809617178387e-01 3.373627178944361149e-01
3.609995579603391680e-01 3.364251943021925872e-01
3.078038752255902732e-01 3.625907134214665928e-01
3.223410487345452213e-01 3.687072836362789707e-01
3.188866094904265203e-01 3.611857356865721957e-01
3.498835301880462434e-01 3.358346111442602755e-01
3.823167713108666654e-01 3.283061755726097153e-01
3.907610300736146236e-01 3.191725388924591122e-01
3.600299137698160234e-01 3.693814792097111499e-01
3.321160275513613813e-01 3.848681117667995810e-01
3.547915229370632861e-01 3.089076097318302905e-01
3.437411630736400547e-01 3.471388974953325546e-01
3.867727755792945699e-01 3.214436395331299323e-01
3.522940777942193402e-01 3.835222219233840324e-01
3.648272934887969998e-01 3.086019000577077120e-01
3.128474716714440551e-01 3.798302015926715014e-01
3.458806116318868806e-01 3.489660419487746190e-01
3.554444591524871244e-01 3.322650691101005083e-01
3.240992383466818061e-01 3.002973114440237734e-01
3.804182852822355354e-01 3.079393137293084948e-01
3.919833147735752310e-01 3.011000357019842921e-01
3.779231700202670408e-01 3.265097193915255103e-01
3.017269816438262198e-01 3.079783211256559849e-01
3.124410234452936752e-01 3.791759873064141639e-01
3.270713003907884664e-01 3.311796300148719951e-01
3.848324081946753461e-01 3.928808719899343771e-01
3.544872136134176177e-01 3.116075502558035004e-01
3.075439300460787728e-01 3.465195764403402046e-01
3.415190428514490728e-01 3.435785694647331412e-01
3.002282955042087642e-01 3.602930348780915004e-01
3.804564605969200097e-01 3.787408064220210147e-01
3.364047056036053029e-01 3.980384166995301065e-01
3.026326543467326990e-01 3.899651454017250551e-01
3.966737728871738144e-01 3.883074212708738093e-01
3.318874004266758604e-01 3.948893351847566624e-01
3.688686379568723583e-01 3.658373523544075079e-01
3.406480093926305130e-01 3.410979706432374359e-01
3.004892626892821106e-01 3.356489544683012860e-01
3.606842307502396427e-01 3.272817196211402768e-01
3.667232058867176403e-01 3.628446478198114611e-01
3.474471291146804530e-01 3.330116400768454721e-01
3.405425058721925913e-01 3.639431564677637065e-01
3.021407417956821773e-01 3.015295301617413881e-01
3.660947195066296400e-01 3.924527222214191369e-01
3.510415558431806415e-01 3.081884656956123125e-01
3.815833409402399901e-01 3.306788721909152962e-01
3.300341623565614113e-01 3.442523628292974980e-01
3.010335727769842817e-01 3.378872568450581593e-01
3.825818034923840760e-01 3.335186819618282672e-01
3.264462982122081081e-01 3.979557779305745724e-01
3.907338194232276019e-01 3.190857731687668508e-01
3.317677832146690431e-01 3.430378343275974351e-01
3.396263644052218145e-01 3.448680490584585812e-01
3.323130774723641601e-01 3.627126856156997481e-01
3.356443188472886807e-01 3.944190804713251230e-01
3.405278813231726320e-01 3.760950657507869943e-01
3.881427077630794087e-01 3.156563210789178897e-01
3.084201429717943199e-01 3.394135830973576406e-01
3.380003183235934516e-01 3.828318957209158047e-01
3.756715424466224307e-01 3.633147831182880205e-01
3.730177018290053992e-01 3.869362431356593302e-01
3.276059458500806820e-01 3.895489745790802760e-01
3.002943807728388204e-01 3.428603461532650498e-01
3.780471309124421864e-01 3.022190209790761029e-01
3.307447189553847089e-01 3.953340397020164709e-01
3.364082373327343944e-01 3.294627917860116773e-01
3.266268922615040426e-01 3.000349587472900814e-01
3.767525169730982504e-01 3.609914989302490662e-01
3.839670112797355928e-01 3.441279830940416340e-01
3.295770814426690065e-01 3.851649946904456834e-01
3.915561253591119395e-01 3.411701882536132269e-01
3.151724767082714207e-01 3.370433717230071347e-01
3.952167818809986799e-01 3.592783032619233374e-01
3.778226143772870915e-01 3.616591548957442948e-01
3.750284022165402686e-01 3.650957205506712433e-01
3.893461979479659330e-01 3.757607379440732753e-01
3.216356935959385210e-01 3.756762860711943541e-01
3.668210192291549987e-01 3.739561873604581588e-01
3.558409058723033258e-01 3.700510239452456940e-01
3.098180511951783567e-01 3.383516386849385604e-01
3.232975804013888954e-01 3.821458238499746418e-01
3.251140127812675584e-01 3.181361631226068964e-01
3.378747392264920268e-01 3.096913476597124570e-01
3.128633545928346527e-01 3.006301964322136144e-01
3.659781528482768942e-01 3.044204787430480619e-01
3.032119642037833795e-01 3.672137700545652361e-01
3.072682586617888623e-01 3.298959828045386899e-01
3.317455234189508051e-01 3.314717088149432556e-01
3.244185545745124633e-01 3.899452575089311090e-01
3.192437130955946278e-01 3.022811589489918793e-01
3.362530344988530207e-01 3.193413278827429425e-01
3.585835564897132399e-01 3.880550419808959095e-01
3.721438654435137994e-01 3.575893192880532645e-01
3.460280481998476709e-01 3.016509619425699062e-01
3.337959503153886676e-01 3.447275107239762271e-01
3.712402980003998709e-01 3.219871290966188626e-01
3.420162454740032776e-01 3.009809737045033295e-01
3.643698227880505236e-01 3.001268147824193711e-01
3.725995211451951783e-01 3.448060470080037687e-01
3.902890435653533774e-01 3.743750680515338658e-01
3.755354558129270215e-01 3.060588464019890487e-01
3.904626374933589106e-01 3.016931717498564924e-01
3.821300748944144732e-01 3.655059660862920445e-01
3.189137779608555712e-01 3.351109361211475068e-01
3.252491690780794920e-01 3.393056212518167358e-01
3.374414752664798844e-01 3.694088976050997619e-01
3.825614554339391571e-01 3.017980671099082524e-01
3.837735395335187816e-01 3.787086193116443456e-01
3.871247761361965023e-01 3.999447388674371440e-01
3.710340754835556032e-01 3.436479867027781854e-01
3.362597066888721731e-01 3.170136083964660290e-01
3.812248774630265791e-01 3.526853641918542004e-01
3.219263039754732270e-01 3.731238463430743280e-01
3.630864588154078532e-01 3.957145088526092258e-01
3.095695682888538469e-01 3.473834434390308257e-01
3.656783582994479476e-01 3.557755279304345986e-01
3.341673982186514347e-01 3.631938343352004717e-01
3.223752105349697028e-01 3.604161587198853600e-01
3.164600273174271727e-01 3.933060687252126764e-01
3.074532517885416039e-01 3.289069654381993058e-01
3.801488877538670708e-01 3.106803914744511452e-01
3.873015450320075326e-01 3.041610720468104767e-01
3.314956634041492101e-01 3.851489122006591659e-01
3.149071760148831611e-01 3.771768561002180054e-01
3.983097445968050154e-01 3.385519144040398110e-01
3.612861120578086394e-01 3.287012254814525303e-01
3.618709259451325377e-01 3.262534152718502001e-01
3.740850604046229155e-01 3.313014094972388524e-01
3.032975945334279166e-01 3.627245287558165110e-01
3.207962172350340979e-01 3.158843704714218714e-01
3.894501625139816237e-01 3.689157965333114131e-01
3.746956567948757644e-01 3.301070611414527178e-01
3.566549619619551748e-01 3.860232701735257232e-01
3.131781254780870993e-01 3.287655923814632453e-01
3.387303009890794137e-01 3.730109872696708573e-01
3.484296842474967071e-01 3.531097075870235913e-01
3.781642534889074758e-01 3.250368004895485274e-01
3.738175581851909124e-01 3.642872395710564648e-01
3.801321114101580689e-01 3.594591693675421862e-01
3.980440946427057369e-01 3.019617275618909358e-01
3.162734556367887140e-01 3.504816599135134325e-01
3.168603556136308508e-01 3.105569756852628593e-01
3.750627952842334745e-01 3.278634002320017227e-01
3.128745655511434021e-01 3.872335174320093998e-01
3.057653512385802297e-01 3.588573927890907900e-01
3.084453043578795350e-01 3.348114524847032869e-01
3.878341037500788735e-01 3.127652644508713276e-01
3.154811072375488523e-01 3.480049005479804447e-01
3.131616399347582624e-01 3.008127634131071981e-01
3.630273281457299106e-01 3.056431705380824870e-01
3.117616567357700541e-01 3.374875215042449916e-01
3.557463978098929780e-01 3.936535979642920013e-01
3.289932962476831979e-01 3.485833285501276357e-01
3.838281239807433964e-01 3.634623212672049020e-01
3.523559952198398459e-01 3.447273362246267570e-01
3.635307346929169681e-01 3.592729580306602277e-01
3.127087773519334757e-01 3.977205170901244036e-01
3.610055385848894294e-01 3.553643977935113663e-01
3.255831224523370593e-01 3.525412810284045961e-01
3.620845167659782482e-01 3.670451860237070041e-01
3.247649868194812384e-01 3.199330718956815423e-01
3.778421298731394762e-01 3.162144024707934653e-01
3.174469531297851033e-01 3.624920107390922075e-01
3.716322550695080329e-01 3.160626090370216579e-01
3.338642494226329860e-01 3.931531551428837368e-01
3.470576919657173409e-01 3.195421115004489221e-01
3.383850303480087085e-01 3.593260757362206070e-01
3.277724274815624339e-01 3.574308470800596771e-01
3.452438337170343763e-01 3.535081461219349297e-01
3.867468428797841695e-01 3.606544393764339329e-01
3.775325627980510856e-01 3.085180204804387483e-01
3.591198435750470042e-01 3.159094007901321888e-01
3.571352953811996467e-01 3.453692984635159391e-01
3.732005178597762596e-01 3.927884717175406104e-01
3.183264818775486393e-01 3.066053605610099542e-01
3.811843686374062345e-01 3.508466933878095495e-01
3.412085165080249727e-01 3.995429568777058571e-01
3.393276332803066286e-01 3.056358872275293792e-01
3.328136128357609413e-01 3.328825092475770075e-01
3.874070900789781668e-01 3.282051864852345568e-01
3.168917943330911702e-01 3.964446946339547639e-01
3.939159409957115332e-01 3.375258352435186460e-01
3.225707096506656990e-01 3.987724291424105116e-01
3.134495549221617550e-01 3.168092652328393100e-01
3.554700156213987938e-01 3.124168929344213197e-01
3.162656523758083371e-01 3.840447567878643720e-01
3.375896446428527931e-01 3.312795570687951940e-01
3.512184421402351209e-01 3.974239614565974743e-01
3.360994000319701969e-01 3.147604188122534730e-01
3.004524203258426840e-01 3.255500159882232514e-01
3.981432391264038695e-01 3.202932891649671321e-01
3.554110295165757716e-01 3.289193193807194993e-01
3.524867018126706664e-01 3.307211565569998513e-01
3.095072657941118077e-01 3.838662058868527183e-01
3.402832354003804682e-01 3.372073020119454867e-01
3.057292145705431397e-01 3.544880537366713047e-01
3.349428809668513751e-01 3.891657488219069649e-01
3.811473658507854023e-01 3.237875796607543322e-01
3.588391005484987129e-01 3.579368625430894291e-01
3.248646145413555120e-01 3.852773394340877622e-01
3.076718470369885217e-01 3.946665827666285264e-01
3.120903840711972133e-01 3.642664543567024071e-01
3.985610222310508877e-01 3.689607405036624543e-01
3.862485417232923157e-01 3.124117782616269712e-01
3.858008409736425337e-01 3.104759851470918486e-01
3.759612250693671887e-01 3.180023016838364747e-01
3.816162808486488478e-01 3.814653145870467998e-01
3.307176916596826777e-01 3.691806845623146760e-01
3.930342321851990062e-01 3.259505718508639571e-01
3.767486299171886044e-01 3.747331429273858538e-01
3.201351021587935386e-01 3.233926692175094209e-01
3.437061502750642927e-01 3.058485065344842546e-01
3.050301844408993546e-01 3.467618652595690909e-01
3.614865067736915960e-01 3.140311596542174621e-01
3.150096610803894692e-01 3.168491864391931867e-01
3.299582442705131236e-01 3.320287614810690235e-01
3.649101468127682324e-01 3.479048469741311544e-01
3.768087864020295275e-01 3.636143307666471203e-01
3.126215476204786126e-01 3.471413539009932103e-01
3.282980180454411201e-01 3.140017771118475132e-01
3.087380331365261465e-01 3.545415894225787956e-01
3.836012858610431953e-01 3.410137015015413109e-01
3.028013271072319545e-01 3.105051078769956452e-01
3.679998670213538992e-01 3.557536561399151087e-01
3.723992504237477186e-01 3.358565595574765084e-01
3.890989605803348850e-01 3.144098352396846319e-01
3.619665982611413035e-01 3.506329715830971416e-01
3.373755362818713355e-01 3.377344501747676642e-01
3.222426003568041319e-01 3.518576345021383056e-01
3.215709221356466418e-01 3.814795430845261404e-01
3.251888574935345999e-01 3.254734078076043091e-01
3.799992308792082274e-01 3.348218421214995133e-01
3.369203853190771425e-01 3.006783631065684803e-01
3.188086260057559351e-01 3.658799528445129123e-01
3.616620743837757890e-01 3.321431275124169802e-01
3.587462397317016660e-01 3.325819805465556334e-01
3.749584835073676015e-01 3.676308001494973388e-01
3.818803231998332826e-01 3.193868498832818092e-01
3.115366249001009225e-01 3.137113349512715144e-01
3.166954281418729589e-01 3.572314342761249151e-01
3.591542833013823266e-01 3.084852533472078329e-01
3.637821560218034711e-01 3.215617950511814871e-01
3.644540652158909655e-01 3.668618542813351091e-01
3.325939936228876626e-01 3.969923994392737243e-01
3.608503513112066852e-01 3.320264687164574680e-01
3.946895540187603801e-01 3.360166612285488963e-01
3.780273271268183022e-01 3.768515348559716149e-01
3.384228812370027040e-01 3.947561553769155518e-01
3.547596073659906590e-01 3.996226283561090664e-01
3.922815396874917426e-01 3.451021383483109384e-01
3.382773317385878165e-01 3.792862626757002031e-01
3.209696406000438484e-01 3.396326993830182106e-01
3.790669315284216356e-01 3.570733670505838453e-01
3.915961251070644855e-01 3.938871182748696631e-01
3.160619228475448073e-01 3.280763570394520934e-01
3.493487997755566066e-01 3.873995712686393866e-01
3.720787423694017493e-01 3.305491381910026782e-01
3.735733753109423128e-01 3.123872435610609566e-01
3.393827713031496440e-01 3.575157426557398210e-01
3.654218356116415989e-01 3.809600002304556199e-01
3.513967509442812998e-01 3.155432970969789808e-01
3.433772435424550240e-01 3.429662372211096932e-01
3.296051634385354090e-01 3.130313902066985676e-01
3.875225621239255513e-01 3.547882866858275142e-01
3.132725835706305917e-01 3.112763719317678812e-01
3.117516687359718208e-01 3.983014107967831618e-01
3.094332979430279851e-01 3.580946346171969275e-01
3.931246052235281563e-01 3.344727692305052846e-01
3.477041648421736464e-01 3.346431707236021680e-01
3.378495684649860387e-01 3.262734169073620571e-01
3.417121495642642115e-01 3.096982951127516537e-01
3.780691136107577344e-01 3.230373979372345161e-01
3.650587170998399467e-01 3.880247585707363167e-01
3.402924672979267817e-01 3.811515544726670202e-01
3.167769145704611988e-01 3.963676088505302397e-01
3.196410943101908320e-01 3.660221277568169729e-01
3.433214448461559543e-01 3.938676642693919594e-01
3.027799096227694609e-01 3.549429150222783713e-01
3.972271302283506555e-01 3.203249938582861112e-01
3.674364387949451416e-01 3.576002745446177356e-01
3.669702232179021806e-01 3.063197088450434480e-01
3.015858277499897100e-01 3.544579707805461388e-01
3.335814955567207307e-01 3.251651933527788807e-01
3.609767911771296078e-01 3.243338854813216932e-01
3.096409582031736107e-01 3.004660054152799575e-01
3.982505978044476591e-01 3.283246217749460349e-01
3.111337870912814219e-01 3.130487890007079832e-01
3.872322850186623588e-01 3.749851579783268773e-01
3.759079661405158035e-01 3.140654188753236875e-01
3.695531489400120662e-01 3.462877708254769593e-01
3.041765517776279237e-01 3.378559887769170822e-01
3.786096281059241897e-01 3.437075454241114714e-01
3.933797606865248597e-01 3.573288139085927240e-01
3.247023011850775354e-01 3.101014008489072493e-01
3.709144078954760837e-01 3.839835021893990286e-01
3.211906236344083121e-01 3.032840365966745222e-01
3.669410822342992762e-01 3.295760873034954686e-01
3.740210679141918737e-01 3.864991132345020342e-01
3.210914752782599302e-01 3.300707043190906909e-01
3.781026023713826567e-01 3.487800947716270805e-01
3.748391360180639564e-01 3.231824562404188583e-01
3.591108552312036739e-01 3.248736813789667166e-01
3.401450252003527241e-01 3.080443646028614424e-01
3.519550270044399798e-01 3.133184268763074543e-01
3.289567659391389176e-01 3.238492747243098546e-01
3.690713866776204055e-01 3.960547854186788896e-01
3.049103719196175621e-01 3.007608005649294314e-01
3.142729968171967259e-01 3.252458220830697355e-01
3.652618525503281144e-01 3.488211523545521886e-01
3.321362806712577220e-01 3.431473014999554261e-01
3.445877379835708965e-01 3.226576826024715183e-01
3.105863776672013188e-01 3.751723421614404641e-01
3.916627779955687561e-01 3.285438528607525499e-01
3.331089585295266553e-01 3.117991108483518237e-01
3.650237972630605565e-01 3.830848708725851925e-01
3.604502690577116031e-01 3.222798394170948155e-01
3.724836962826664766e-01 3.120622656242197923e-01
3.832355788585756762e-01 3.812600208368014942e-01
3.787721930483438637e-01 3.285800434889598609e-01
3.097039004735783752e-01 3.496164899043259777e-01
3.680767289693125943e-01 3.911943066906621858e-01
3.149558481415921096e-01 3.406012340727297971e-01
3.844266399372713305e-01 3.717440510476780480e-01
3.734185983739336523e-01 3.095764846839608175e-01
3.631665305126397514e-01 3.541337803254134275e-01
3.581377999996577799e-01 3.168092703872434357e-01
3.979399132134648909e-01 3.163673786291202328e-01
3.984150902197662325e-01 3.775282857095982325e-01
3.644036761619627862e-01 3.625996397452045938e-01
3.743032057510853328e-01 3.814002696345238363e-01
3.387257436520799692e-01 3.815906579424845901e-01
3.499089408418046832e-01 3.319385384045773768e-01
3.417456704322255345e-01 3.035298523488318412e-01
3.927731785074589643e-01 3.767638893183763438e-01
3.352100969870527303e-01 3.568629234464953393e-01
3.413695488129484534e-01 3.381287847973007965e-01
3.137728595315267821e-01 3.402851889072853186e-01
3.578830647000286191e-01 3.167141248192701375e-01
3.015517979718637664e-01 3.717547080560021922e-01
3.023408737706965166e-01 3.157039004876177057e-01
3.013117557240999056e-01 3.488373244323494937e-01
3.703817707206440435e-01 3.979760632704412715e-01
3.934300878923249201e-01 3.239212808419485445e-01
3.426132516715892917e-01 3.160319169528512107e-01
3.032571024514809643e-01 3.765491757174080911e-01
3.667626767891531969e-01 3.428228533187566152e-01
3.713692793550316673e-01 3.570421900200672072e-01
3.820570225869136527e-01 3.222172616766853515e-01
3.760434912793568785e-01 3.187838203363866363e-01
3.402372605507565928e-01 3.836790538076396140e-01
3.204038898563542626e-01 3.614284710678138390e-01
3.676738107444020298e-01 3.345191123402784239e-01
3.968270663618912453e-01 3.338395316591104001e-01
3.113238478803560527e-01 3.417156679059294433e-01
3.263559840679323143e-01 3.504387507573091254e-01
3.980125462880779175e-01 3.397404527547397968e-01
3.166707724517197065e-01 3.572014046568128265e-01
3.782041076909963828e-01 3.972909259641508317e-01
3.294028750239484382e-01 3.953701899718146673e-01
3.570586406096467602e-01 3.681311297088588619e-01
3.936443523918234377e-01 3.226551236546361667e-01
3.909888856145500302e-01 3.014213166875925332e-01
3.518494622006765327e-01 3.328379377184147447e-01
3.266458859348120858e-01 3.025750459106942847e-01
3.538451910117005328e-01 3.694153607574609532e-01
3.945150105041235755e-01 3.203608038587041351e-01
3.576107117151287595e-01 3.258612252256926078e-01
3.989629118468220326e-01 3.662956492549389043e-01
3.083219758315253189e-01 3.347543169810096586e-01
3.405151119738622500e-01 3.579224026391414348e-01
3.740174868504769767e-01 3.971029392997165175e-01
3.439761348577545785e-01 3.095774325644323199e-01
3.476204845836405877e-01 3.065500348275056464e-01
3.732700298682556372e-01 3.600393068948379849e-01
3.324538451972098851e-01 3.953672313676226402e-01
3.368053835294426146e-01 3.499745828691218086e-01
3.974612869567589746e-01 3.495316691656603636e-01
3.484369255662491116e-01 3.327390884657014380e-01
3.526377318050762377e-01 3.890648588568625943e-01
3.421620588205549485e-01 3.657110479160189387e-01
3.891920048387303432e-01 3.686087357272203602e-01
3.023288112453036414e-01 3.556110884795687377e-01
3.252293438377283352e-01 3.790398464965545333e-01
3.391287715655202373e-01 3.819539040690332898e-01
3.743997142598243233e-01 3.295144322495002775e-01
3.944627427938992570e-01 3.560906763883109893e-01
3.951229649574126146e-01 3.448101552221209398e-01
3.131458580202531872e-01 3.107716122136159886e-01
3.602358822579927455e-01 3.179466395903640663e-01
3.141085455491784417e-01 3.892299106843178924e-01
3.781527710714713830e-01 3.793819430519410618e-01
3.885789710841682232e-01 3.929267301812743307e-01
3.014802432390985554e-01 3.188092121551793778e-01
3.074782153534805218e-01 3.150141747250589930e-01
3.931215669077710029e-01 3.440585633250191622e-01
3.234363911419980142e-01 3.223235764084402821e-01
3.960710185201228861e-01 3.412156521242559748e-01
3.223221291546372602e-01 3.388905991745290724e-01
3.375400142465052600e-01 3.647755808733290639e-01
3.422628771284274563e-01 3.893927561395019721e-01
3.380330386362289663e-01 3.629623192479345395e-01
3.585507286098927882e-01 3.334568423476473864e-01
3.535039106258125452e-01 3.657569678294971260e-01
3.880812738756049263e-01 3.421281210783240212e-01
3.951901784505239545e-01 3.114492851614384938e-01
3.683621859442124391e-01 3.323194389694388295e-01
3.399028460527757645e-01 3.531791346898758288e-01
3.585057293800980038e-01 3.801149209937501050e-01
3.493719598261497139e-01 3.764813562570931138e-01
3.965090047438109555e-01 3.321751971395358050e-01
3.504256881210352503e-01 3.155606696452920579e-01
3.424744130989754720e-01 3.010414448987238090e-01
3.833833538150132059e-01 3.335924031349496999e-01
3.219593746275915547e-01 3.284956198478874434e-01
3.978443206049842584e-01 3.500610723406198943e-01
3.678778641094856416e-01 3.640733147457236862e-01
3.302003941236270057e-01 3.630473185342628639e-01
3.256264651509179764e-01 3.316653699028883073e-01
3.347912990556657364e-01 3.451659237669657543e-01
3.048061778700284497e-01 3.546097710479820253e-01
3.235048467239548531e-01 3.548510075047587309e-01
3.407454425240681317e-01 3.949807332618772149e-01
3.038155335135319657e-01 3.044188888369527834e-01
3.531550537145639046e-01 3.304732067693589848e-01
3.297588024680768726e-01 3.521713188132423733e-01
3.878254732946203043e-01 3.029850409530234767e-01
3.498760165030009861e-01 3.588016405571026191e-01
3.621616843935903662e-01 3.492487838547647661e-01
3.641611659345919128e-01 3.983146852408270266e-01
3.752153349891311218e-01 3.124977770311588854e-01
3.435696625711412988e-01 3.169746802485325365e-01
3.974620551446457206e-01 3.117617858842571810e-01
3.257414986096607845e-01 3.643655820506961907e-01
3.955649209991568549e-01 3.893180210289369225e-01
3.241696335133930629e-01 3.281880326496257605e-01
3.449981024408902419e-01 3.348738872374004139e-01
3.427491918534389947e-01 3.598868279868364661e-01
3.978677612757056115e-01 3.982429008658982528e-01
3.314895571168791633e-01 3.164312940095226345e-01
3.838376025144061843e-01 3.147471770093047683e-01
3.050051888651353349e-01 3.683138458396074122e-01
3.326211438303953716e-01 3.724150651679745683e-01
3.975572989312958216e-01 3.046063711339722646e-01
3.704756415934197245e-01 3.131969852055264125e-01
3.408077572798429156e-01 3.899141398377861667e-01
3.142496546027585547e-01 3.292683134163985059e-01
3.347647098780667241e-01 3.223342601101541471e-01
3.663943138007050848e-01 3.467077475766427441e-01
3.457723303089401123e-01 3.037448854094807471e-01
3.884813722983258000e-01 3.771054402634095304e-01
3.172190280984860666e-01 3.249125214304297571e-01
3.859274705595978627e-01 3.657727968970465593e-01
3.923717409167715719e-01 3.318620394817909380e-01
3.955402713574570073e-01 3.300532485534400928e-01
3.918631667156182163e-01 3.537993500046313633e-01
3.657213276853705231e-01 3.270051230871729442e-01
3.296052175067908929e-01 3.438707416705009123e-01
3.359495876064173547e-01 3.229300071517564041e-01
3.206723201168997228e-01 3.491372879312175104e-01
3.778535845124052495e-01 3.764440578406260673e-01
3.267375899504063042e-01 3.041914548644915617e-01
3.138608931455721951e-01 3.109468224336939812e-01
3.171096319369955951e-01 3.439172443055714123e-01
3.168691722734390814e-01 3.548910429735377403e-01
3.595825531865963764e-01 3.744479627377714781e-01
3.020144071186784962e-01 3.256589817418593658e-01
3.789583213466813372e-01 3.227449148698719461e-01
3.595252069664568451e-01 3.786621263845508234e-01
3.162286860969366620e-01 3.081163068716687436e-01
3.786186130874149014e-01 3.294444709634092860e-01
3.046078254132253971e-01 3.585206264170680002e-01
3.255859790697913647e-01 3.248591919428433505e-01
3.971797786566886868e-01 3.151720966303184768e-01
3.108983801520206480e-01 3.628865998777133783e-01
3.739968400217600908e-01 3.543574568314686868e-01
3.119655364176616152e-01 3.112037604655757406e-01
3.885880078590864262e-01 3.635166072187279163e-01
3.244457663078592069e-01 3.193316936383180371e-01
3.232348110475373182e-01 3.833295076720459882e-01
3.631901880092863188e-01 3.968953319364727506e-01
3.315853766168007088e-01 3.984119124416590219e-01
3.477107280226751085e-01 3.803075134345884067e-01
3.689048316717685738e-01 3.323502603438520664e-01
3.151764676506797480e-01 3.910146647298147204e-01
3.364550646419726121e-01 3.369938704958229669e-01
3.225957866162105780e-01 3.622907464081346340e-01
3.626951814556041431e-01 3.721682819285708210e-01
3.338383595280701166e-01 3.091463539790529902e-01
3.377154607933189889e-01 3.472251638450061240e-01
3.089468841122451348e-01 3.965903342236285489e-01
3.258006089600095634e-01 3.655120777466051574e-01
3.360503136469716323e-01 3.694465655934799919e-01
3.384368797042135446e-01 3.827317913901816526e-01
3.466057010213144385e-01 3.073331155585175556e-01
3.053349004217734142e-01 3.133580150013629551e-01
3.283119844779257557e-01 3.867532508891454168e-01
3.216019054065399341e-01 3.430040995205563270e-01
3.497160575780907665e-01 3.660476552820647322e-01
3.985987889860194699e-01 3.263891190540230691e-01
3.237531084714828644e-01 3.723574068049624319e-01
3.773891529200384398e-01 3.399123889958302058e-01
3.697245190420674898e-01 3.181205760642593638e-01
3.946147042716337539e-01 3.424827120877232400e-01
3.524396035039589203e-01 3.182728376667348646e-01
3.617010563188616246e-01 3.324495463083466107e-01
3.514482878083224349e-01 3.051828135600533343e-01
3.406210233208182281e-01 3.038787504567877495e-01
3.811737945657081572e-01 3.590046700274879266e-01
3.664144370471197898e-01 3.679657767866236218e-01
3.602748136282241664e-01 3.550066946931807466e-01
3.514890403547089592e-01 3.628187597516421836e-01
3.554968378884937885e-01 3.717283673429450097e-01
3.092749396515311888e-01 3.763302888646097855e-01
3.105140788507463889e-01 3.370655423362743930e-01
3.130131587001649951e-01 3.030149864606003218e-01
3.313959254492016560e-01 3.882903059217921449e-01
3.485159200517464195e-01 3.243293180063130388e-01
3.374682947985931381e-01 3.052094425150878032e-01
3.058782006567543066e-01 3.415623714339782735e-01
3.292106842894747532e-01 3.519356558918346756e-01
3.857314478649859768e-01 3.648258188986521766e-01
3.972436642470092427e-01 3.799028624893346917e-01
3.588989960846508120e-01 3.128205146619195687e-01
3.354096482446555783e-01 3.823066833634004569e-01
3.748957816975909130e-01 3.697700527972552775e-01
3.934263091218058173e-01 3.178067040797001308e-01
3.976178889008907258e-01 3.632375400524214260e-01
3.393077872776712467e-01 3.237933998693621751e-01
3.155508910701206871e-01 3.030754737558403744e-01
3.080928132674463082e-01 3.309218862206724232e-01
3.180699568983978431e-01 3.404576349070370656e-01
3.367908498733926392e-01 3.958736679412050430e-01
3.991154695827759946e-01 3.547427779621535326e-01
3.288881465926734027e-01 3.372963733424486632e-01
3.580502480033147528e-01 3.903336661285577436e-01
3.265769447139310611e-01 3.366236147287787750e-01
3.599789415594617514e-01 3.324033983714172469e-01
3.103714794578143477e-01 3.859377723976420982e-01
3.845479923012419254e-01 3.675169622989062912e-01
3.936651942274428384e-01 3.890804422695634535e-01
3.327223315395714254e-01 3.934587964565685603e-01
3.947585694348544894e-01 3.294760741588333430e-01
3.215045685948471621e-01 3.921208886172469210e-01
3.112872504583948374e-01 3.425458003615152736e-01
3.607051240379633983e-01 3.254204985342630807e-01
3.874432437439692678e-01 3.558681691920813073e-01
3.781974147420880672e-01 3.342850928496259866e-01
3.144269558202001380e-01 3.698594146126599203e-01
3.555655175663561263e-01 3.851950502221382910e-01
3.438297574569009196e-01 3.717888813799558045e-01
3.800966500097996970e-01 3.290258924425602527e-01
3.013121269295719884e-01 3.057847168965548423e-01
3.843541434358556663e-01 3.646477952983545601e-01
3.743213229161935773e-01 3.509146697547684268e-01
3.922081454689489433e-01 3.587550894774119148e-01
3.369120357603644367e-01 3.630107930382830972e-01
3.499702575164553853e-01 3.155928561075507233e-01
3.603970990258763551e-01 3.273618864985320953e-01
3.024124078680694439e-01 3.098764517871402946e-01
3.909461155873126814e-01 3.348347910909891256e-01
3.739064492229252079e-01 3.193133705285972068e-01
3.383161028705468643e-01 3.915394553223762175e-01
3.806802772309859639e-01 3.964540796698843850e-01
3.467186278348793893e-01 3.601619787095230452e-01
3.189436910305623596e-01 3.092134058389192641e-01
3.592133122354784769e-01 3.858673420941928223e-01
3.515351181105997869e-01 3.167682979363712903e-01
3.830699256899758876e-01 3.164208689512245098e-01
3.867268405510644880e-01 3.386810731911646943e-01
3.942883022999609799e-01 3.952600152881611262e-01
3.729971100538373441e-01 3.014397873976363273e-01
3.305847781355560899e-01 3.418612390509206955e-01
3.234092796507010981e-01 3.259999764412055412e-01
3.105540599441311000e-01 3.560942553740720218e-01
3.567827659959662001e-01 3.731989704285690324e-01
3.727832584584882536e-01 3.646260126766169285e-01
3.032112569505127642e-01 3.229588874174457724e-01
3.509058412256482185e-01 3.643628907470211620e-01
3.117001328366017510e-01 3.193172667074977711e-01
3.429287791438423438e-01 3.653042218148211395e-01
3.755562406297572875e-01 3.630020703200829146e-01
3.340456036256154726e-01 3.667054106183780804e-01
3.225369478189469286e-01 3.893636372986621352e-01
3.146781169386657639e-01 3.207636305605225391e-01
3.505222673715538417e-01 3.480419195055034498e-01
3.247545211970291335e-01 3.914040752125679257e-01
3.996127979267360963e-01 3.191841499902919321e-01
3.892684875011874213e-01 3.823910694193033422e-01
3.597458226891299682e-01 3.612164719896867604e-01
3.423649694983168512e-01 3.528272989263578907e-01
3.707692126231245666e-01 3.100159993290484972e-01
3.019395492663225489e-01 3.330795956436032879e-01
3.537038461947601964e-01 3.452769667343243976e-01
3.998768132109010165e-01 3.270636473798435029e-01
3.588560071077517843e-01 3.469876915980435461e-01
3.807809439542603758e-01 3.748893501148159446e-01
3.566631093869598867e-01 3.993205658222325205e-01
3.238048697179682356e-01 3.520186906515416214e-01
3.437476591041295770e-01 3.456252271930557174e-01
3.565081184532167269e-01 3.650479701244652708e-01
3.953779890004695541e-01 3.715116755192746090e-01
3.253842167018843323e-01 3.697244703296002077e-01
3.985130397839378169e-01 3.707560005552463234e-01
3.543579185247214269e-01 3.844138790512070525e-01
3.609885577550626667e-01 3.191534706971518864e-01
3.902438042108053451e-01 3.751992664998755056e-01
3.913541062346540533e-01 3.446314858355931654e-01
3.772012475414083243e-01 3.899328531999602387e-01
3.654746242580616533e-01 3.844752233353986859e-01
3.877870199593021483e-01 3.918990846260249072e-01
3.987596439351135391e-01 3.378312556457690463e-01
3.841823762790999575e-01 3.746709566652639545e-01
3.999505117741640192e-01 3.573097300744932925e-01
3.696565609406766151e-01 3.512399337251496112e-01
3.721809209571043109e-01 3.176649294726308637e-01
3.422481045635285546e-01 3.335891549719763871e-01
3.702791219856756966e-01 3.269254266586587576e-01
3.751102583234594001e-01 3.859047733740990083e-01
3.009830172628298883e-01 3.031589431212104446e-01
3.228417897032026529e-01 3.759924689243977491e-01
3.478375230130677509e-01 3.024130048282080985e-01
3.699326456913420436e-01 3.563228986005707033e-01
3.543797290428878366e-01 3.203697142602320302e-01
3.222133957272463323e-01 3.278582442290005616e-01
3.939789737493682997e-01 3.644288303107808824e-01
3.891987219196850756e-01 3.409312347652624919e-01
3.634851176014940455e-01 3.043246822218441117e-01
3.884355673508033124e-01 3.865608735787644523e-01
3.277733927252302060e-01 3.754919292053106594e-01
3.973053382834877967e-01 3.435167422862364095e-01
3.329273334878455337e-01 3.579505189635466822e-01
3.471553959382668308e-01 3.624271282984884435e-01
3.477938837028454744e-01 3.675094378595553657e-01
3.678540857675809406e-01 3.172139091418680334e-01
3.608013733544443991e-01 3.102451928807895554e-01
3.587521385651031847e-01 3.756273236797047499e-01
3.555054964391971550e-01 3.387336638805862887e-01
3.907109952678327613e-01 3.029452235690348605e-01
3.654857145165276155e-01 3.620643413811910905e-01
