3.665995286382729423e-01 4.908113009245899661e-01
3.228352232139140576e-01 4.994613854387471297e-01
3.603400855980932738e-01 4.863412131636405955e-01
3.319604982279515948e-01 4.948545510060367025e-01
3.887579364666970960e-01 4.997021843261018059e-01
3.046853316033970582e-01 4.993579180193548628e-01
3.052279841412208761e-01 4.463141304798681763e-01
3.042241087891628393e-01 4.307916107681871720e-01
3.137321319340494186e-01 4.881727529876396243e-01
3.934810884468714076e-01 4.923236294590951356e-01
3.347937992608625013e-01 4.994043475897173567e-01
3.003165447389617437e-01 4.667265925388478509e-01
3.000704227923779444e-01 4.284481036953933231e-01
3.312672170993359311e-01 4.967868364993919261e-01
3.197284504503637992e-01 4.711291642980511285e-01
3.061465204266531348e-01 4.914281987003569774e-01
3.529663212784245330e-01 4.839189121337501009e-01
3.436531905195178149e-01 4.716482742356483127e-01
3.331823941207930906e-01 4.615772302202808541e-01
3.038142794648074352e-01 4.941927682105584640e-01
3.089642365256587420e-01 4.697778319513077894e-01
3.001658496248107433e-01 4.862241978982772550e-01
3.802429838144716912e-01 4.945345941215837926e-01
3.015739181870183971e-01 4.696534001041441364e-01
3.010660256259701795e-01 4.617359864532849523e-01
3.095540512866539196e-01 4.404517222377863361e-01
3.406673175435053214e-01 4.616466864061045117e-01
3.062061635100952195e-01 4.906635177188484742e-01
3.197343750966862297e-01 4.200455000316696275e-01
3.265418419523985483e-01 4.655963688494498265e-01
3.076407729427991233e-01 4.985015476100299048e-01
3.136634182750767108e-01 4.222987597230987711e-01
3.455121895746057770e-01 4.521199092611173920e-01
3.402051738505889045e-01 4.946524454949131622e-01
3.451602194128705614e-01 4.666784151945946868e-01
3.502823573018775116e-01 4.834457500159470844e-01
3.019248667555624044e-01 4.957654014592545177e-01
3.353547767885898256e-01 4.109379112145473689e-01
3.328504814599773098e-01 4.779995692354822023e-01
3.103183363207996370e-01 4.146285702955311847e-01
3.122802143159014721e-01 4.955428045523276315e-01
3.135477846219500986e-01 4.884638752345821788e-01
3.183411794380102133e-01 4.429249718398882707e-01
3.267709788534388649e-01 4.912671159635167428e-01
3.108404783992962939e-01 4.562378867843204788e-01
3.070798735929087808e-01 4.210000476285046256e-01
3.082969435140200387e-01 4.979125889978168740e-01
3.242024320912124669e-01 4.900517321692572925e-01
3.040236758024755792e-01 4.788976463286900853e-01
3.173065822993821339e-01 4.613039358468094542e-01
3.024583317236247959e-01 4.521424703650842036e-01
3.158279257483451175e-01 4.714919303746789025e-01
3.146135974754634690e-01 4.535447235673568667e-01
3.338748734328638168e-01 4.697932540324908923e-01
3.115908758890507668e-01 4.522723012926307962e-01
3.378761681552555074e-01 4.726626023572085278e-01
3.233882310228206602e-01 4.650729422887796005e-01
3.097811026300708037e-01 4.476550406514338554e-01
3.011887073100603662e-01 4.114365678298375628e-01
3.468623033003092049e-01 4.761672130743703768e-01
3.358706011940741920e-01 4.548201449065301105e-01
3.135270240283123400e-01 4.819916515297760773e-01
3.979794431095289853e-01 4.852765866579300535e-01
3.424994330755430361e-01 4.923585178754965597e-01
3.219079295806126506e-01 4.496036396190911666e-01
3.305392823228673893e-01 4.987224098150530582e-01
3.056965672286689473e-01 4.872410706277882086e-01
3.276649827232944734e-01 4.748654656861402978e-01
3.128440904758335028e-01 4.408583420326656066e-01
3.392264220695747068e-01 4.197281277941726785e-01
3.012554859726244150e-01 4.741418779664487992e-01
3.551911563726204424e-01 4.543906770623834523e-01
3.410946428100857242e-01 4.873900462890535246e-01
3.115305785990701293e-01 4.693599470829366571e-01
3.319463079787257076e-01 4.891503969616652348e-01
3.231852158566216882e-01 4.838990434572784105e-01
3.524970366191773063e-01 4.958815708986787918e-01
3.481224748140654413e-01 4.933395692131044563e-01
3.048788463646684987e-01 4.966180550660934667e-01
3.341916590168256818e-01 4.802029248467486466e-01
3.325826066459448560e-01 4.602291635817091220e-01
3.231628690550381044e-01 4.970412850149176220e-01
3.022831695777788985e-01 4.957514618851195931e-01
3.731861544784442764e-01 4.897730639246541950e-01
3.692501193606422261e-01 4.882993116480323637e-01
3.172715022543054486e-01 4.870180488016345177e-01
3.215809452186302875e-01 4.251508607371345394e-01
3.772315814406355661e-01 4.865856860116544169e-01
3.179857592300406322e-01 4.735122743761439046e-01
3.021488821856623819e-01 4.843855519894855743e-01
3.048302200824029584e-01 4.202090231473868953e-01
3.353495127860591229e-01 4.871166022839390486e-01
3.010655023706891309e-01 4.973699896526020403e-01
3.933899974130827260e-01 4.830133120594758411e-01
3.044426885568562446e-01 4.955404951518507239e-01
3.161292042525902790e-01 4.991498717327389478e-01
3.317124610569946452e-01 4.174397284928831886e-01
3.270402003217872666e-01 4.924416834601892945e-01
3.356376676582539798e-01 4.946797616030225164e-01
3.283532542335066973e-01 4.115983248161804164e-01
3.389585219210853317e-01 4.463646378133261372e-01
3.654296102971807958e-01 4.930261587276065782e-01
3.267548465077103059e-01 4.852721183504294933e-01
3.613623741302772752e-01 4.489038291694126270e-01
3.419663658499385028e-01 4.882061498339347883e-01
3.063185934529079613e-01 4.667191448242060670e-01
3.081117931318879677e-01 4.719350492821518528e-01
3.100742825318438811e-01 4.874898821801880722e-01
3.409328623130886138e-01 4.879472532485432112e-01
3.015849382364894637e-01 4.580557102653014523e-01
3.149535143192346842e-01 4.835835962823797352e-01
3.696608283605558043e-01 4.428905255451378031e-01
3.196273151652740951e-01 4.204631620077359244e-01
3.314571347002035484e-01 4.361312077866090764e-01
3.037100303007155278e-01 4.340116413809783080e-01
3.370808061719318127e-01 4.755675557735550840e-01
3.259960827568797459e-01 4.910339824003669973e-01
3.157015987717345928e-01 4.501788831999516405e-01
3.123979599800307816e-01 4.877351366053842563e-01
3.565313354265362555e-01 4.574402617043386576e-01
3.340757763954717019e-01 4.776389620624660326e-01
3.273994814247472851e-01 4.763404491312415168e-01
3.559960473538542058e-01 4.507635606457994215e-01
3.892374346927612860e-01 4.851748629643590771e-01
3.243601346608690483e-01 4.011975764645054898e-01
3.039861359860239753e-01 4.136528250925695649e-01
3.323936946428660000e-01 4.555883820567286913e-01
3.330688233603030790e-01 4.868673395504092838e-01
3.319212567357764376e-01 4.654829337787186883e-01
3.461828567791485622e-01 4.897218277232420203e-01
3.237836034695946719e-01 4.817612991078994988e-01
3.331707396917056307e-01 4.869634790718967432e-01
3.562512901244302421e-01 4.961529643262845846e-01
3.086451102502222321e-01 4.558685906537150445e-01
3.055478677901501960e-01 4.706985127834551474e-01
3.625847842520427688e-01 4.774720698868925028e-01
3.552404069944384846e-01 4.980526091974714076e-01
3.776403085555822270e-01 4.714446125336290150e-01
3.360227995342021656e-01 4.842203506285133741e-01
3.185788778396373422e-01 4.699006837176886719e-01
3.325662322763011103e-01 4.999843447501360338e-01
3.155582386088524594e-01 4.229580104865656720e-01
3.251606435702782405e-01 4.665066286291069675e-01
3.488225671507545478e-01 4.794618867600022871e-01
3.821391414824526489e-01 4.657825427001121565e-01
3.618519895733887659e-01 4.878199189725471174e-01
3.059159249130559144e-01 4.302761456909736104e-01
3.837683674710522519e-01 4.936520911542359724e-01
3.638438435306189933e-01 4.834559551649862397e-01
3.076383255307099662e-01 4.549128314250079907e-01
3.026680479493012443e-01 4.698240749237538871e-01
3.602854376442252704e-01 4.945719689799096819e-01
3.481229973466748451e-01 4.817228935650988975e-01
3.078702951242999197e-01 4.840888358952067372e-01
3.915218448484915070e-01 4.967811406174481026e-01
3.445262671871106575e-01 4.659387122183037411e-01
3.536663374108711122e-01 4.966012652662938898e-01
3.098168109908850942e-01 4.344146527568188421e-01
3.002874447261064117e-01 4.570264930321069063e-01
3.745203823216822769e-01 4.987767365309933587e-01
3.015616231732726193e-01 4.655038129064648089e-01
3.054326417891652379e-01 4.798901296966623375e-01
3.169151933875866689e-01 4.851045661045392254e-01
3.039789285808580654e-01 4.175171290811913183e-01
3.364657709949782083e-01 4.338398037080179459e-01
3.135414710950576445e-01 4.158363479830407550e-01
3.091318344943806418e-01 4.774597833765034105e-01
3.070958143794391138e-01 4.692544079007741065e-01
3.103486646851320030e-01 4.668735576264506637e-01
3.768415340985495909e-01 4.979356218256607014e-01
3.372707966878945030e-01 4.163990197843439600e-01
3.008331628174827910e-01 4.859987646130237704e-01
3.234777748070936099e-01 4.849230647048702880e-01
3.311111447931071039e-01 4.706451095797012929e-01
3.174236236297636182e-01 4.897063408160632347e-01
3.438498368731183197e-01 4.424294128339907872e-01
3.142366109861973733e-01 4.743193536694573775e-01
3.679189305414675704e-01 4.920006352287367712e-01
3.521778004421149966e-01 4.986326228773669822e-01
3.455108209726501789e-01 4.978716513071452243e-01
3.574571343668129231e-01 4.530597324925190739e-01
3.767990208615116243e-01 4.788297072994308623e-01
3.338713877374418493e-01 4.593750449764820165e-01
3.392465677790019729e-01 4.593418091008664716e-01
3.335484155244202720e-01 4.329616811137704802e-01
3.437440525613422171e-01 4.203025508532723387e-01
3.005014650247387342e-01 4.318860921022631416e-01
3.268254247856595684e-01 4.930058986347595207e-01
3.324917421821923513e-01 4.850410719904400536e-01
3.146657715693690349e-01 4.892372583851906098e-01
3.926620808986582833e-01 4.861169752016987755e-01
3.011947721932509703e-01 4.632660377552926811e-01
3.691515742319445015e-01 4.885175910262754551e-01
3.543343265142823717e-01 4.885368323864033302e-01
3.394289133582376605e-01 4.885981907001104019e-01
3.156923909854439936e-01 4.915979298462568869e-01
3.073492833795529178e-01 4.915152204359334864e-01
3.449516253962925383e-01 4.717334125262805933e-01
3.274209903447868331e-01 4.997362232948350802e-01
3.176542872818580721e-01 4.911992477100529109e-01
3.231433185847835676e-01 4.438530119525513351e-01
3.063091622752580623e-01 4.930040813312484560e-01
3.251099460991208057e-01 4.753432912821249912e-01
3.256864402921355595e-01 4.986414391229525567e-01
3.141658272774005001e-01 4.813632749930323307e-01
3.521557264253234454e-01 4.832766969345773655e-01
3.069997678442799582e-01 4.427428028310073649e-01
3.604236903655375635e-01 4.638361085285335750e-01
3.134147409536820472e-01 4.651601556914327640e-01
3.181188592302618412e-01 4.596203962317411129e-01
3.106630419590514780e-01 4.977331648373928275e-01
3.912869214423506659e-01 4.648514710466681854e-01
3.513996882922332254e-01 4.887232894825697116e-01
3.637177733790420420e-01 4.666153632610405833e-01
3.408696631611473071e-01 4.899430906727891277e-01
3.317340040338823126e-01 4.903961432119149921e-01
3.464519075016173622e-01 4.719891018717438103e-01
3.000272034364244167e-01 4.858387481845048428e-01
3.134404582521901350e-01 4.459239664749446996e-01
3.152576120366364920e-01 4.909429291657127492e-01
3.520601166821075712e-01 4.854561713505357590e-01
3.840655994578685561e-01 4.953444712916048043e-01
3.312144875095470731e-01 4.671021327212519503e-01
3.387654107538279336e-01 4.933508412940262877e-01
3.056608019570890011e-01 4.803737093111434819e-01
3.917942601906911348e-01 4.813727875365013675e-01
3.206771637873329084e-01 4.721738712620622280e-01
3.182075663990223680e-01 4.618634292753897586e-01
3.057396922410912099e-01 4.655629893120497576e-01
3.560107283876845496e-01 4.686425087289404767e-01
3.213034756484161591e-01 4.433201920555683295e-01
3.665629069848801436e-01 4.765448126420872010e-01
3.104666874750017236e-01 4.921257373284935177e-01
3.305240872869695812e-01 4.620281603038176588e-01
3.283639711150797003e-01 4.527832317527021866e-01
3.014328401331362040e-01 4.654867814036963702e-01
3.301540277733790996e-01 4.910856119218204863e-01
3.115924362290435345e-01 4.679665970378026341e-01
3.938416559115320847e-01 4.887216100104168626e-01
3.430863418038633261e-01 4.969258832467379206e-01
3.057324698921495276e-01 4.590360562551895618e-01
3.810607591446535380e-01 4.792210989162167256e-01
3.425727728017798901e-01 4.883630147861426907e-01
3.407869733848671867e-01 4.807397470758925651e-01
3.164238992336798617e-01 4.530753353189503896e-01
3.245917756250509822e-01 4.490685808084343145e-01
3.324237852685737460e-01 4.970759793847582819e-01
3.093430177584758911e-01 4.828274941482167959e-01
3.131036972203188329e-01 4.868558725568989942e-01
3.018300323868348123e-01 4.982007024233261472e-01
3.013405828789423868e-01 4.824888876405855620e-01
3.007833251786961037e-01 4.069989045876771239e-01
3.061745823005844191e-01 4.399043910125852719e-01
3.094331230387610265e-01 4.730411629800793660e-01
3.273747423119952593e-01 4.774671635468481501e-01
3.192848825632920162e-01 4.831216540173261520e-01
3.009664248169476863e-01 4.946411303783354585e-01
3.291309785442216862e-01 4.937680951032284438e-01
3.118794045632602430e-01 4.671401870654902089e-01
3.250349456897702605e-01 4.760142701058647785e-01
3.136641504974881922e-01 4.943670141411397601e-01
3.372800811582832292e-01 4.757141331636545734e-01
3.165187811063226997e-01 4.694320479432936843e-01
3.024164638745205358e-01 4.855255660790161465e-01
3.926956125345512083e-01 4.980640038805071446e-01
3.052757192029590949e-01 4.915743242782160682e-01
3.116876218187992764e-01 4.797293847452197557e-01
3.177622322173331293e-01 4.911530257179790304e-01
3.218112695605805929e-01 4.357104683514143595e-01
3.216569679817830041e-01 4.949415397287093565e-01
3.183512763734860362e-01 4.721979561490881605e-01
3.204550371829575361e-01 4.837130230222219107e-01
3.473275367875804931e-01 4.838125932589434908e-01
3.184600069225213548e-01 4.955616425316974882e-01
3.853440483098304892e-01 4.922405695727583574e-01
3.588338248919936690e-01 4.813072015819475635e-01
3.345003429933218753e-01 4.989954632040319860e-01
3.502905993744527269e-01 4.914837446431239987e-01
3.108463185028947362e-01 4.740753745555134069e-01
3.936780579425562809e-01 4.690847993969867180e-01
3.571566765628360063e-01 4.868416637499842770e-01
3.332594111919254809e-01 4.971440043392050256e-01
3.206017856253956522e-01 4.630436017786675462e-01
3.285963282475670155e-01 4.787514065951464226e-01
3.210273360381686869e-01 4.900311761462683435e-01
3.271670945001858843e-01 4.696503111378345086e-01
3.229004778878683535e-01 4.477361510783657295e-01
3.034711485018488641e-01 4.925620330032781102e-01
3.040684933834247872e-01 4.444453833089332950e-01
3.288017397057911850e-01 4.938044273593897304e-01
3.361948663402545834e-01 4.915452169657971160e-01
3.341950762814537290e-01 4.694675220992112208e-01
3.248182513751673994e-01 4.671828543334625161e-01
3.437198709989998102e-01 4.902740239973661929e-01
3.512090509854282061e-01 4.985982227499201058e-01
3.117485886580360077e-01 4.304173294693687812e-01
3.000851307470334683e-01 4.911788184331082330e-01
3.621299029938912506e-01 4.827850707282703713e-01
3.158236094155536522e-01 4.522102727556186474e-01
3.222624780410855427e-01 4.651358540344510684e-01
3.734816274774884759e-01 4.666971850996477489e-01
3.036570865569609978e-01 4.807579740631412468e-01
3.478409482121282981e-01 4.674146391298530379e-01
3.769982399049034427e-01 4.911175882539607351e-01
3.045249726564943638e-01 4.677482342112651570e-01
3.049728706570488668e-01 4.471526485723994471e-01
3.331999441918295224e-01 4.915429667129588842e-01
3.525911415010600791e-01 4.764177467131969768e-01
3.067364004091891472e-01 4.671715531123824539e-01
3.924495079427952060e-01 4.897914395244521435e-01
3.215099159187839728e-01 4.942672083690266005e-01
3.854498835167069481e-01 4.772044681809656241e-01
3.073273414832794481e-01 4.368512643015697305e-01
3.096893740526905359e-01 4.840440091123067723e-01
3.112446497769866260e-01 4.970660387754694542e-01
3.694674396264389094e-01 4.600080274854462248e-01
3.039934416911630466e-01 4.996133717774940419e-01
3.724303205402503814e-01 4.957047424456868523e-01
3.081453114058432252e-01 4.875563633083319082e-01
3.016132562618151214e-01 4.792459939781056333e-01
3.166199101214677847e-01 4.581643189042409747e-01
3.101234626405223738e-01 4.702146487502475991e-01
3.090435639675979118e-01 4.891255515577466184e-01
3.084817903985871412e-01 4.884687787684962035e-01
3.149643034154027132e-01 4.911724556482511272e-01
3.029668904252063033e-01 4.286150933330061807e-01
3.313298527179587838e-01 4.979901739219583234e-01
3.582206053200887030e-01 4.877851374436034115e-01
3.983982866339061402e-01 4.969984719925493177e-01
3.307350624366158232e-01 4.566684907280268990e-01
3.079677075323776214e-01 4.828764247139003540e-01
3.111867234557143536e-01 4.764634483282292332e-01
3.021519139657160569e-01 4.909284000701760187e-01
3.056200078324608493e-01 4.477729621426290163e-01
3.191217607418206925e-01 4.559557673600063699e-01
3.814499334149187293e-01 4.881112287282067808e-01
3.148005760655608887e-01 4.620982496278810414e-01
3.051581995140670855e-01 4.524030206298432222e-01
3.161150101750541674e-01 4.727777950761438697e-01
3.268836829792686194e-01 4.654007644910115316e-01
3.310116261167827534e-01 4.680672562015612548e-01
3.454475161481105339e-01 4.777053011628881740e-01
3.076331134544720847e-01 4.914242785950661552e-01
3.422499945719545966e-01 4.873359858353444873e-01
3.482914643590140913e-01 4.901290817782922860e-01
3.004932448954600321e-01 4.291692780792096817e-01
3.582201011837415905e-01 4.281077405825809978e-01
3.626550921943006989e-01 4.640853208982705369e-01
3.660189294738075416e-01 4.859249593910047182e-01
3.145491351876334996e-01 4.466303663074371322e-01
3.102296086463024460e-01 4.943766422368074398e-01
3.817978011955551754e-01 4.967256637679619558e-01
3.285374867435007507e-01 4.591013733164772681e-01
3.110295259795109457e-01 4.523622438030658888e-01
3.312631190748068777e-01 4.971840075350550392e-01
3.166168989731728556e-01 4.644774915240587054e-01
3.361566035130697516e-01 4.837850451695163145e-01
3.159398251706232452e-01 4.930627634894950151e-01
3.511703628325498205e-01 4.999867792134755073e-01
3.292611869303009309e-01 4.975798694868425742e-01
3.435072168744356946e-01 4.960267053146408256e-01
3.350138996158846250e-01 4.896504066392324828e-01
3.028308623749644823e-01 4.877587693806448854e-01
3.143221377842330133e-01 4.591495996905051169e-01
3.476974760483506621e-01 4.984528028392464227e-01
3.043237945888425111e-01 4.944876918925780740e-01
3.471557608803265138e-01 4.778337670129874093e-01
3.387948114777951658e-01 4.881188686012319922e-01
3.220748682814911223e-01 4.550291837950715679e-01
3.691961183785856249e-01 4.966214042785143667e-01
3.243638769931665999e-01 4.809045701486475144e-01
3.128960156169903750e-01 4.783515057631816947e-01
3.027663087642054052e-01 4.763287385392831474e-01
3.079783449670904782e-01 4.783061466748377843e-01
3.189435601366923390e-01 4.735448210354080145e-01
3.124164075598901413e-01 4.978697337152074298e-01
3.359675010952790641e-01 4.582965063282513629e-01
3.260477390132966447e-01 4.862891616681071505e-01
3.110127937347290095e-01 4.917706951896662626e-01
3.183791826834705407e-01 4.860091758394176065e-01
3.662436017541971234e-01 4.971392235832693407e-01
3.126230014271316193e-01 4.897262665277198890e-01
3.400086939436376965e-01 4.508966105279274550e-01
3.088989358438662958e-01 4.421825954911154932e-01
3.551866488219460605e-01 4.605497525951076643e-01
3.025432568068857631e-01 4.724824063964583321e-01
3.077956478232178328e-01 4.988094212087533785e-01
3.194473164897066453e-01 4.484942891556304989e-01
3.171686799268763624e-01 4.499180747978136496e-01
3.513968674175152462e-01 4.503274874154972185e-01
3.135993038253114262e-01 4.944056793242013192e-01
3.030479086998269511e-01 4.536494765414543218e-01
3.458448287020345902e-01 4.598513070142049020e-01
3.421240761223413585e-01 4.911136059187476977e-01
3.066831124008774223e-01 4.720900545510746116e-01
3.196715996890110434e-01 4.999604298956633608e-01
3.180292667468257450e-01 4.417634395792261470e-01
3.801956903046573855e-01 4.847760515917460267e-01
3.311750740930314296e-01 4.762668747917201961e-01
3.102714923909819511e-01 4.552460482692491928e-01
3.273084388361665042e-01 4.881916456077267652e-01
3.252825922742603737e-01 4.909940940749843996e-01
3.240825051130374890e-01 4.953806991048425590e-01
3.155565675500162648e-01 4.825575766872873262e-01
3.169190584670983357e-01 4.538491129739595231e-01
3.847995921132381647e-01 4.990007844586599739e-01
3.109064350997955417e-01 4.762479229271097125e-01
3.146865713428077527e-01 4.507001413808789381e-01
3.341081225168076596e-01 4.460790208048265870e-01
3.265563398892239455e-01 4.826519061972589508e-01
3.002249312431882755e-01 4.899207216669090315e-01
3.526964328011550354e-01 4.460416469753056834e-01
3.309513216437965921e-01 4.778792884040433675e-01
3.045795595209174755e-01 4.794520960026502077e-01
3.040592782456181808e-01 4.964820280481847536e-01
3.436559732647693211e-01 4.805734994426366091e-01
3.499658474253750651e-01 4.934666320510615045e-01
3.176358686901097350e-01 4.619722263852274469e-01
3.686422306096667212e-01 4.323438155725329857e-01
3.155527712502875781e-01 4.049245105714724402e-01
3.153921679783758814e-01 4.538347250533843469e-01
3.087904862328099131e-01 4.947999480580586584e-01
3.233751397424550200e-01 4.874732621658751652e-01
3.686927184192118623e-01 4.985759243244826111e-01
3.173566181759336358e-01 4.686294859213709363e-01
3.350483723888565413e-01 4.386959473933074172e-01
3.213005576656555728e-01 4.355628465987241293e-01
3.137833157413425500e-01 4.462785831069530085e-01
3.281204887444727492e-01 4.898623859657143531e-01
3.358551031327868808e-01 4.978086935407262104e-01
3.225928579501929905e-01 4.728984472392829819e-01
3.028001020373409791e-01 4.987526143166745030e-01
3.170980315459220877e-01 4.971277722401576393e-01
3.524155455216396726e-01 4.608224162593299589e-01
3.672296632544012063e-01 4.888517538217088676e-01
3.187924703266749038e-01 4.766918459475470993e-01
3.180462246778242852e-01 4.972627534059761434e-01
3.037342658930772821e-01 4.204559871621544320e-01
3.451726102463036350e-01 4.419754791469558963e-01
3.010075771647615639e-01 4.992733946116313382e-01
3.122264361880640604e-01 4.570164293454341831e-01
3.000526950922161595e-01 4.609447980794841859e-01
3.093698677347592740e-01 4.727319010633572738e-01
3.128890523504611609e-01 4.826203091080635832e-01
3.472505720970488485e-01 4.478852677566956264e-01
3.937868833686296033e-01 4.474647188995511948e-01
3.266506210237344332e-01 4.903847273935263984e-01
3.118933020797939881e-01 4.644356578674940783e-01
3.397215663619675974e-01 4.803418873817067447e-01
3.145576826173689389e-01 4.893250999176753657e-01
3.050275422523825997e-01 4.509654457053385301e-01
3.095365689009256238e-01 4.792351324554252612e-01
3.903386156862210798e-01 4.901179068994516719e-01
3.932077538733514954e-01 4.753193951625071523e-01
3.004842055417042967e-01 4.520494105575368349e-01
3.145308746170368819e-01 4.881644445928717269e-01
3.119186262913427043e-01 4.798602701949462035e-01
3.169276945127830203e-01 4.540486684119960370e-01
3.459504548688150383e-01 4.560549901217517688e-01
3.838986661778260867e-01 4.675242874072849664e-01
3.503183121520906385e-01 4.311139267688521848e-01
3.056548604584267137e-01 4.371901651623815166e-01
3.285867256384522594e-01 4.567061083124764331e-01
3.178402153808463915e-01 4.950807772806556928e-01
3.471695821501546986e-01 4.950421985886911957e-01
3.005893173007824770e-01 4.914972633765737897e-01
3.008526104139007673e-01 4.825001624187820748e-01
3.088435143602960009e-01 4.680198529543902475e-01
3.453018459594763279e-01 4.896717739465465957e-01
3.212083784228715322e-01 4.868136605402159089e-01
3.211764273544478465e-01 4.937847298263756679e-01
3.124273706497626701e-01 4.777050135536975994e-01
3.450566493238750310e-01 4.845722270803498599e-01
3.157570918517283443e-01 4.436292687879201946e-01
3.113631222567525003e-01 4.617424155566829391e-01
3.187269632390909990e-01 4.850463455563632231e-01
3.171044442196093716e-01 4.666178933160300413e-01
3.140359157054297135e-01 4.771681222358065133e-01
3.384117446684307140e-01 4.658007978750750566e-01
3.149559646924481315e-01 4.923562051755725477e-01
3.350645993007087542e-01 4.495122737102913990e-01
3.199145503519695843e-01 4.493951004347129796e-01
3.410665504028163042e-01 4.296255826861432037e-01
3.877244256476458650e-01 4.708840991482227123e-01
3.152266931265743088e-01 4.507419036219492137e-01
3.888605911051309372e-01 4.731064271742240201e-01
3.118402245808042372e-01 4.616810640182961722e-01
3.426292297355959526e-01 4.842265837556460339e-01
3.238687772544291965e-01 4.360574127249686183e-01
3.527422178748307324e-01 4.915196464716016234e-01
3.078353591206460793e-01 4.772254207234711276e-01
3.143788455975173868e-01 4.926954274766822683e-01
3.635177667025486503e-01 4.418100608450709621e-01
3.420928235156964203e-01 4.962422935363891008e-01
3.926153826137123160e-01 4.870648813804399069e-01
3.307890006680102579e-01 4.471883240734728648e-01
3.346763661357535780e-01 4.400184280762320377e-01
3.348310098828668480e-01 4.992936764045398101e-01
3.406425549143947684e-01 4.767074764434292566e-01
3.861496190443572951e-01 4.879649105993693614e-01
3.402549111052236563e-01 4.839430655956590832e-01
3.281376380169365170e-01 4.887952198463663134e-01
3.805583231531020072e-01 4.945951444352714166e-01
3.375602153665224758e-01 4.959167299135384122e-01
3.503874877996325243e-01 4.945167595200364863e-01
3.114438522803080200e-01 4.774196919853612164e-01
3.377630239567952497e-01 4.889161239953575544e-01
3.686896518604354522e-01 4.851184910545403017e-01
3.499780986688909024e-01 4.679239802486572786e-01
3.292000703493128677e-01 4.843796536854582113e-01
3.391958145344523001e-01 4.859322263089065896e-01
3.314918362181306088e-01 4.873170353999936033e-01
3.340430666509125457e-01 4.829519025558847711e-01
3.294320743254406381e-01 4.301234235406418693e-01
3.341498842584795792e-01 4.641606218127204420e-01
3.322558784321297809e-01 4.873854158635357869e-01
3.171486255903707696e-01 4.600223726260280754e-01
3.326223713767834100e-01 4.901975357685234846e-01
3.041573233899115269e-01 4.757006538203678581e-01
3.250839189772449234e-01 4.964832163934065901e-01
3.040821500026713586e-01 4.540682751253669602e-01
3.114098872069317459e-01 4.767079399445155463e-01
3.414182979255356853e-01 4.984761885233647827e-01
3.168565445718687368e-01 4.620772119600636829e-01
3.289265192975081575e-01 4.229619799050071127e-01
3.285802848640538842e-01 4.974980842076289211e-01
3.056036451665626874e-01 4.504042535009826209e-01
3.317778575086808290e-01 4.508376321838596379e-01
3.357920462284554319e-01 4.794736371689244381e-01
3.675337634337439430e-01 4.959104329376133879e-01
3.029679523113217310e-01 4.691373150316600626e-01
3.560001480845579325e-01 4.868488310026529708e-01
3.216389833125962716e-01 4.636336200904329630e-01
3.661913344229441591e-01 4.870627486105444381e-01
3.341760729457848855e-01 4.848969538687635805e-01
3.072924970362992392e-01 4.055320980098229278e-01
3.031260635247330359e-01 4.914870393635860091e-01
3.059512139537483577e-01 4.489415826891215988e-01
3.498069952926710080e-01 4.911101162187896385e-01
3.039404033318554577e-01 4.891388822018271076e-01
3.095035606919674387e-01 4.980770215631540876e-01
3.446222297072435992e-01 4.939828957845092683e-01
3.518122191992610892e-01 4.883749266602316896e-01
3.241069039924575623e-01 4.708649650111952911e-01
3.328119142948402498e-01 4.843777263441364500e-01
3.628733723165132319e-01 4.666005478631815584e-01
3.218677069621537767e-01 4.417375955663310205e-01
3.015884985207039626e-01 4.931489077273412125e-01
3.104764145621369820e-01 4.836289450547239799e-01
3.275337966391143052e-01 4.449112695574072296e-01
3.501103408469893874e-01 4.582412335803531245e-01
3.003091172190744951e-01 4.522791814260866960e-01
3.419708419954596845e-01 4.373813523819876092e-01
3.322269141235981160e-01 4.558791886308578012e-01
3.389273537906016265e-01 4.868302202570248816e-01
3.236150812098051444e-01 4.155032823894505012e-01
3.001850625091900815e-01 4.345173238092071566e-01
3.445182044318208514e-01 4.505951119388827419e-01
3.583048955872608077e-01 4.996426194311561764e-01
3.680430099177233183e-01 4.680684554299670563e-01
3.051369368502953039e-01 4.314257609573555752e-01
3.312739276268955591e-01 4.766115621838635241e-01
3.049723650311998990e-01 4.725688438347518949e-01
3.161804053016599170e-01 4.394656991634122156e-01
3.885024347105227038e-01 4.982290626371966291e-01
3.225033574792310898e-01 4.641754720065295325e-01
3.093416887082099387e-01 4.706628279083304167e-01
3.353218142432919935e-01 4.557232051488450120e-01
3.015749287043160143e-01 4.851092133828088238e-01
3.140045848026855047e-01 4.651815984283559913e-01
3.124400401665497484e-01 4.963649689442256596e-01
3.291099197748171279e-01 4.907487377407937501e-01
3.020109156290101127e-01 4.626392815888679677e-01
3.379010081351583872e-01 4.631640764130861010e-01
3.423758158030275611e-01 4.975421876773848395e-01
3.205891164237538726e-01 4.785723086845668495e-01
3.002514458869038894e-01 4.685694330975270216e-01
3.163942220184470244e-01 4.620645070702136259e-01
3.189865047944021037e-01 4.594742651865440508e-01
3.977234112260548682e-01 4.871091906163849683e-01
3.106707552107353942e-01 4.975887765968660115e-01
3.340824775286794779e-01 4.636505075414043553e-01
3.895126666072252775e-01 4.974573108964741031e-01
3.110854576066519606e-01 4.595580362721446432e-01
3.003493959667216107e-01 4.911100317567421158e-01
3.071674635905723982e-01 4.326130713781199955e-01
3.034515919039137977e-01 4.937134246495974987e-01
3.162751563516310038e-01 4.994982008824362385e-01
3.989977384083872591e-01 4.919555004084821270e-01
3.079534074726021364e-01 4.478498702131695208e-01
3.165188796868842469e-01 4.038869993575923134e-01
3.110958347738266849e-01 4.768505905603665496e-01
3.355424812358701048e-01 4.719260924450904282e-01
3.660466451731581028e-01 4.987456815537043564e-01
3.036431547891965677e-01 4.800392306433335365e-01
3.792343604408870972e-01 4.468204328621962484e-01
3.189007634481743070e-01 4.710015889542890632e-01
3.083628377045013469e-01 4.992482953915232113e-01
3.876083788071575942e-01 4.933785843837008578e-01
3.383744764039413599e-01 4.866082247726354892e-01
3.124246600567069931e-01 4.582834929462135665e-01
3.053111328778267408e-01 4.181349358508997249e-01
3.066479217164429505e-01 4.867984771698236623e-01
3.077256179201802722e-01 4.612244740340256111e-01
3.076194592274238415e-01 4.938885035056119754e-01
3.310641651130381002e-01 4.925810688068923415e-01
3.136804039717547843e-01 4.908901169405943676e-01
3.410191770081334450e-01 4.848176079289522877e-01
3.002066666851403443e-01 4.584489830149297007e-01
3.190804411883610969e-01 4.915597160647637298e-01
3.125310551573177720e-01 4.788258397005688560e-01
3.103532003183693266e-01 4.153094658470886102e-01
3.031067780409910650e-01 4.968463315047018103e-01
3.239929740938056746e-01 4.586924963412258305e-01
3.663694806254658154e-01 4.972115060518716434e-01
3.070595821771177070e-01 4.988133065863146198e-01
3.181803772773826866e-01 4.442811143660099216e-01
3.099047953068796435e-01 4.491640190012500811e-01
3.073585773268239230e-01 4.234310087404075662e-01
3.239423481581316100e-01 4.766693377390596176e-01
3.034262962482317527e-01 4.510359545319335139e-01
3.258383567453877472e-01 4.958616469601160315e-01
3.334943316972547867e-01 4.622365399921968820e-01
3.364223678559379316e-01 4.605220101684081579e-01
3.332315491115417361e-01 4.452785718953837790e-01
3.471346085046606023e-01 4.285848947127650077e-01
3.031869376455388343e-01 4.805131186736312232e-01
3.192525700397346178e-01 4.970371960105932074e-01
3.012188333015374253e-01 4.847172150296705229e-01
3.340544278359669494e-01 4.953820880141895922e-01
3.725870077947455172e-01 4.207676208780979366e-01
3.323806848249820645e-01 4.035102023717168640e-01
3.128482649134655680e-01 4.241163696932336302e-01
3.051600937341060749e-01 4.687308990534135855e-01
3.038037587920621174e-01 4.914427903910594808e-01
3.400548787216759461e-01 4.777067791606451341e-01
3.340290774329162105e-01 4.758617907061956087e-01
3.228606776506061649e-01 4.130861635531157261e-01
3.604409553424668955e-01 4.884588062246909002e-01
3.144141725603622484e-01 4.579109769294238408e-01
3.015605149724394085e-01 4.975607656844545090e-01
3.551411083518100642e-01 4.723982848821518532e-01
3.124345423027518054e-01 4.947087668440708907e-01
3.049237628175159864e-01 4.650888798544395297e-01
3.214179161507034754e-01 4.947654933885616280e-01
3.337493202558605709e-01 4.765870251899546606e-01
3.215906638025124442e-01 4.700276456911549605e-01
3.462590996104797370e-01 4.844189142055140840e-01
3.192518316425846381e-01 4.882047426238459997e-01
3.160736377058024349e-01 4.725236713783263487e-01
3.259070052942663609e-01 4.782165725338837770e-01
3.348719597976841378e-01 4.827896455070864179e-01
3.149666897290840373e-01 4.738512913786054881e-01
3.189688021907846616e-01 4.881791651212585847e-01
3.681812326573329353e-01 4.890234286240751627e-01
3.344153988898960206e-01 4.982917982794006773e-01
3.324891035643893211e-01 4.981053260152447093e-01
3.043885378713326872e-01 4.831205344246969347e-01
3.126246468245034160e-01 4.997253380779086429e-01
3.732174434890511705e-01 4.993280041807618974e-01
3.273877096703650125e-01 4.464656399561154898e-01
3.158811141379943010e-01 4.948190220054576871e-01
3.167415677447986688e-01 4.897317255239765355e-01
3.237441076488943859e-01 4.932274696124152036e-01
3.009901099494122767e-01 4.952436196959913439e-01
3.510498461299492168e-01 4.972636492910902928e-01
3.001490928618572029e-01 4.610010055257168782e-01
3.220187091702492177e-01 4.813576428756702330e-01
3.001968717259852482e-01 4.531388682042411520e-01
3.504545260720949296e-01 4.468626923160536335e-01
3.449163518910385307e-01 4.960948128687891479e-01
3.051083850996980651e-01 4.959368596427162768e-01
3.577654104679010016e-01 4.891881573780108572e-01
3.098695491234443877e-01 4.850364352539400237e-01
3.184476460709653733e-01 4.999486990580334078e-01
3.389057239257813325e-01 4.398323795492680155e-01
3.272981937742484027e-01 4.238263560257193863e-01
3.744650628850310636e-01 4.539397506503030089e-01
3.367273539357838463e-01 4.781763404137060469e-01
3.570136963273662367e-01 4.920367726353018778e-01
3.020700197717442470e-01 4.824698348800498526e-01
3.786312527260107252e-01 4.811116312763208946e-01
3.157696482252060344e-01 4.192992776454666504e-01
3.014836926136885698e-01 4.736996348944010893e-01
3.116427742359905717e-01 4.541372518674757219e-01
3.349422321073000086e-01 4.379116743170040627e-01
3.581323078709043317e-01 4.977967306137121017e-01
3.154719996851313990e-01 4.943662356212453202e-01
3.069189093281576852e-01 4.068765971050053998e-01
3.170624647833414911e-01 4.193397749589628520e-01
3.526277780120720684e-01 4.739041937911088742e-01
3.368528483885629976e-01 4.791247916337928459e-01
3.024184211880159845e-01 4.791896442036212012e-01
3.032320906490555967e-01 4.675026923382735733e-01
3.355356634891095702e-01 4.616542110584436198e-01
3.194749722126715152e-01 4.790388752092618607e-01
3.159912643962378143e-01 4.651834252626971811e-01
3.307514656024130306e-01 4.748278594125622809e-01
3.463621740215404587e-01 4.864464349913482644e-01
3.381757511633755597e-01 4.785218177359877867e-01
3.790388028097950168e-01 4.670909669170655865e-01
3.075077013774536461e-01 4.744759068813515501e-01
3.472105814640357169e-01 4.898284235788206709e-01
3.263306525578197337e-01 4.695968967300772623e-01
3.168429603285984886e-01 4.811111868388697199e-01
3.062313647222226209e-01 4.842871684515279718e-01
3.225311136065586171e-01 4.146899592820863512e-01
3.060333046415063540e-01 4.800680552268056789e-01
3.586265495625272637e-01 4.716752232498655495e-01
3.606430477321734829e-01 4.999511879216609889e-01
3.752758239107289451e-01 4.763937559423622181e-01
3.394482221109266784e-01 4.718350460531191559e-01
3.381054285861417319e-01 4.686616235619997517e-01
3.742606358049704873e-01 4.239824134582966253e-01
3.323847587581256757e-01 4.776848113609172830e-01
3.141615129431152287e-01 4.642605636327999941e-01
3.146945559415570415e-01 4.479128061220953305e-01
3.437799072924125898e-01 4.699430591389407996e-01
3.831480101858242837e-01 4.885343692245435743e-01
3.126002641550537087e-01 4.518202969509983458e-01
3.091925300024217504e-01 4.501269252711874169e-01
3.141481732526306136e-01 4.946685696182078207e-01
3.459496668129944386e-01 4.966174866845621816e-01
3.303814392171989800e-01 4.933762996431204639e-01
3.146240078543263152e-01 4.664323421744581699e-01
3.343923354120509339e-01 4.818091989391372620e-01
3.340334106655111768e-01 4.333103068651706913e-01
3.336972579063132160e-01 4.914598857315644054e-01
3.377877390681213177e-01 4.880884427985293095e-01
3.247560142199877875e-01 4.490586654503446185e-01
3.604404290492543295e-01 4.984995308228468147e-01
3.344484542465234744e-01 4.909219527062833044e-01
3.935188989901456380e-01 4.994395792413204305e-01
3.035002222199025823e-01 4.758762230889127531e-01
3.656470210360308615e-01 4.709510457607556377e-01
3.031369220387210017e-01 4.525105122127253687e-01
3.023537370109251610e-01 4.128332238256990361e-01
3.306088473248598447e-01 4.698324821838759657e-01
3.336233929394269992e-01 4.908175845391934411e-01
3.119226973303539374e-01 4.259147773717542607e-01
3.187301963550606132e-01 4.941113479417074683e-01
3.232206976979492552e-01 4.973140199026486186e-01
3.294824439777093161e-01 4.414347790408343908e-01
3.435946602697257379e-01 4.204601008162662246e-01
3.127849004383247422e-01 4.996709022498891928e-01
3.290816816099885189e-01 4.750918969580590900e-01
3.125708099894211056e-01 4.849217628438688421e-01
3.722848757361669758e-01 4.728064907839433229e-01
3.282068576405956506e-01 4.512571602863462705e-01
3.621202163170211819e-01 4.322149377597267472e-01
3.932821843227273795e-01 4.685771161705378218e-01
3.712310568128569521e-01 4.998495486367672269e-01
3.068601785030583562e-01 4.915990919299197404e-01
3.223278436833349470e-01 4.910835492685354797e-01
3.447602083821317276e-01 4.978926459567196150e-01
3.149914049377074976e-01 4.890792250746550107e-01
3.013151626353312573e-01 4.822805637739827622e-01
3.315880985117340973e-01 4.094376820870750944e-01
3.387095394233251566e-01 4.715959188699997973e-01
3.316466709915469879e-01 4.796161405046125981e-01
3.231259069151132257e-01 4.753264935596264174e-01
3.142272085969923801e-01 4.873465795672376477e-01
3.399326458276041296e-01 4.920869478494368510e-01
3.587864288757139919e-01 4.906579106731406292e-01
3.277731229148209691e-01 4.792568648723816160e-01
3.519324583674986462e-01 4.976002683910745183e-01
3.058220692823390152e-01 4.841719796713965795e-01
3.615749422112799483e-01 4.876025623769182360e-01
3.645912735948949601e-01 4.728815569861603563e-01
3.391574059923959661e-01 4.022750086016521620e-01
3.066250096173735451e-01 4.904060589836854445e-01
3.646373282941003935e-01 4.860931029993600938e-01
3.055165882943228772e-01 4.176435336451511104e-01
3.076638249208677456e-01 4.686449434711994488e-01
3.047334216276952890e-01 4.977272358856473788e-01
3.016948132023716811e-01 4.600483145458631462e-01
3.005230093996678065e-01 4.375267953697683510e-01
3.002481377063292989e-01 4.519321169237438540e-01
3.141996417443258527e-01 4.872509917201156004e-01
3.728748752141752831e-01 4.241362425526694624e-01
3.024074009429618126e-01 4.879976898624597270e-01
3.391973863878529061e-01 4.901698208234623877e-01
3.035152133676358166e-01 4.720103484143678418e-01
3.039553307150164030e-01 4.670510095964981456e-01
3.147989397468863304e-01 4.078762546392008526e-01
3.353424037417738202e-01 4.899277057265783442e-01
3.089617272430330019e-01 4.520484644490629922e-01
3.485727658501974746e-01 4.945877488555678880e-01
3.066644674005027382e-01 4.595810927940527923e-01
3.448696649987030849e-01 4.319096975206123123e-01
3.330917190630072744e-01 4.549018961326012356e-01
3.235498239163637768e-01 4.880157297202590838e-01
3.168381846981081496e-01 4.806979199209078235e-01
3.053779847840942252e-01 4.968147489401880113e-01
3.052294352482216588e-01 4.649296001590733085e-01
3.156922668230350282e-01 4.656406332196143527e-01
3.461393151262841528e-01 4.774163093073061637e-01
3.269082465181498698e-01 4.472822762520278772e-01
3.175416712889608806e-01 4.922229750619975808e-01
3.420746951895604626e-01 4.921083542173038672e-01
3.967165235055036820e-01 4.669527269372693024e-01
3.680257626330567522e-01 4.478052362863148006e-01
3.117613213337921962e-01 4.806683328654473009e-01
3.358630553686045017e-01 4.290493398446714179e-01
3.228719150532020632e-01 4.651986190898120266e-01
3.813138102137621499e-01 4.942353453414656261e-01
3.080969342323689464e-01 4.363613328668950464e-01
3.153304126403905783e-01 4.970140785526017679e-01
3.340306880676845447e-01 4.482768006428053953e-01
3.639526858236534768e-01 4.917243417768074054e-01
3.737769288595440553e-01 4.401902393052746221e-01
3.759436657167730678e-01 4.958125366687132773e-01
3.131439796756096960e-01 4.823986614885205637e-01
3.127208884704570924e-01 4.341993889182642063e-01
3.574603250114608555e-01 4.660597405108566349e-01
3.652216238881991206e-01 4.994623878019691099e-01
3.191956175846015209e-01 4.742955632584402448e-01
3.734737498900344010e-01 4.344692754910153831e-01
3.220867649732409577e-01 4.805517612589222942e-01
3.350206478539002886e-01 4.948192230189893404e-01
3.114426569505340803e-01 4.533455732484507061e-01
3.632434082594830915e-01 4.820413166100216973e-01
3.313597821550025579e-01 4.390426918708011939e-01
3.050628501292231842e-01 4.430241982283190660e-01
3.348607819687494658e-01 4.911179507953716827e-01
3.151855092888339316e-01 4.619512828783310376e-01
3.267819983012172358e-01 4.980294588637092512e-01
3.028456139517632373e-01 4.723538546552141226e-01
3.049572257447950574e-01 4.566955316750557214e-01
3.191272663587286784e-01 4.796218894485423379e-01
3.407061190113114257e-01 4.882666727074023716e-01
3.025463230719094287e-01 4.972648600593731483e-01
3.108295193386581556e-01 4.833032429899771776e-01
3.839963801062397653e-01 4.868585676377003568e-01
3.094977354820421800e-01 4.596660738689607451e-01
3.319939503836030759e-01 4.222476185086865841e-01
3.077214219307916609e-01 4.997605940475376984e-01
3.402961404649731958e-01 4.914108446477533643e-01
3.012309877059693997e-01 4.487234701411499382e-01
3.188061500713957885e-01 4.910861306991668451e-01
3.283706007201306898e-01 4.812705412475017930e-01
3.250443791126529369e-01 4.911657061943541236e-01
3.002744907122192330e-01 4.037127418526836875e-01
3.172306190747423704e-01 4.681636362797195750e-01
3.251485811863106812e-01 4.769978188403711239e-01
3.448727018825028523e-01 4.315984550271115272e-01
3.362678300342908377e-01 4.729708244927836591e-01
3.036188910355099857e-01 4.617029873729268652e-01
3.782503616550438319e-01 4.974654881703141629e-01
3.156465188742696437e-01 4.797261785655304589e-01
3.714583604472735390e-01 4.796117121636557235e-01
3.174972774911696272e-01 4.588095524993912044e-01
3.298330735691299420e-01 4.922481951417688739e-01
3.437141684595980684e-01 4.844893020562082153e-01
3.918262975278562488e-01 4.942197691873461696e-01
3.048513317230648889e-01 4.234231159079573370e-01
3.154133103237920510e-01 4.950249828388922912e-01
3.662099494634841190e-01 4.878189942690621117e-01
3.658013462065406451e-01 4.994573743005792377e-01
3.129271260563885049e-01 4.814932659130654047e-01
3.219000697303793235e-01 4.779991485744939927e-01
3.010835652655919903e-01 4.856163507301017868e-01
3.332013094516355078e-01 4.706537103888729368e-01
3.345078948072794378e-01 4.792979431885128205e-01
3.135611542341872338e-01 4.717911041980195619e-01
3.049613504612018744e-01 4.525155387752661240e-01
3.270031291548519681e-01 4.967001293859729105e-01
3.114624209897950968e-01 4.358518364369103337e-01
3.299896220976739070e-01 4.833545533748651035e-01
3.708553702742740654e-01 4.313222573371050528e-01
3.405446905659352819e-01 4.586712617134847680e-01
3.596512273697734519e-01 4.830789763370914036e-01
3.256944000343413026e-01 4.991956151776479333e-01
3.560898164530489352e-01 4.583972749043802586e-01
3.389658342174783900e-01 4.824472378422354768e-01
3.422929577619976405e-01 4.923864767524452901e-01
3.372204310998151433e-01 4.727419094144347245e-01
3.022050897559677152e-01 4.747690724429592390e-01
3.289613094377740188e-01 4.951116040615936575e-01
3.984249639961853773e-01 4.666581473224605259e-01
3.455962840134169656e-01 4.606861334043005907e-01
3.189189881073348776e-01 4.555635397763235783e-01
3.732975015822920795e-01 4.955641363675679645e-01
3.224438024253408752e-01 4.146096361852057433e-01
3.659917488585232581e-01 4.964335452706491458e-01
3.637219658182506143e-01 4.937923161567663866e-01
3.513617365075562549e-01 4.686175006926705522e-01
3.431530714321658904e-01 4.345593216974389383e-01
3.109710040742688641e-01 4.579794367097035912e-01
3.121412486181887602e-01 4.984735219604487511e-01
3.365347017699369392e-01 4.948355760165390471e-01
3.180848437574292920e-01 4.890001516621053645e-01
3.012774971929688128e-01 4.593963875704386579e-01
3.160843429664066395e-01 4.821154642822560454e-01
3.105973357045547223e-01 4.826760995979149649e-01
3.022206921854934114e-01 4.519735446334325335e-01
3.059369594857406227e-01 4.842099938001162562e-01
3.797160350001296258e-01 4.902170760764422153e-01
3.146694271017218547e-01 4.761448925707157942e-01
3.038685343846536657e-01 4.124137812006160031e-01
3.177321301493759576e-01 4.739270708929600451e-01
3.534303641102816695e-01 4.110083028944846451e-01
3.886765190260138003e-01 4.998888329166025768e-01
3.170949411041714683e-01 4.938297881145464752e-01
3.016029070604825391e-01 4.826831563561791993e-01
3.005297692357528638e-01 4.747834381979544327e-01
3.430863436574067560e-01 4.585803803460646866e-01
3.522126542775978475e-01 4.789085867620682668e-01
3.076769751122020446e-01 4.530944575666244756e-01
3.202646375803602230e-01 4.556541502733479909e-01
3.203321863381669021e-01 4.904207724297916515e-01
3.746214156268531381e-01 4.719306339376878601e-01
3.193727053725469167e-01 4.885445135372656900e-01
3.077844553176460884e-01 4.847677508970739679e-01
3.397432611454044293e-01 4.689702679650894490e-01
3.683605551925518973e-01 4.797570550395729994e-01
3.133781408793862022e-01 4.915918857627037397e-01
3.303934964172948741e-01 4.802236499107456202e-01
3.617879161472266070e-01 4.638684239030705925e-01
3.515222465524917572e-01 4.653872514171918384e-01
3.114173730338901658e-01 4.704624121135703718e-01
3.012052668688689483e-01 4.723566611681567773e-01
3.269757401835562405e-01 4.552416678411437823e-01
3.007678952341860112e-01 4.357426802203701599e-01
3.206725266640162442e-01 4.974451369570263570e-01
3.010995831289154934e-01 4.904668587285385128e-01
3.160995937367170328e-01 4.290768350711037793e-01
3.397328569996430625e-01 4.345100549012549385e-01
3.381076034060442881e-01 4.884183197545831079e-01
3.964298310343093990e-01 4.978091558739631273e-01
3.462644660442781852e-01 4.540958329729451459e-01
3.724854804602941716e-01 4.729212285263004190e-01
3.062249945211881208e-01 4.578698787815204119e-01
3.104163507755551277e-01 4.633526122885665566e-01
3.296610089201839067e-01 4.910082086427005610e-01
3.446347875012900630e-01 4.870763992818424315e-01
3.433280032485123701e-01 4.793423929003148842e-01
3.090300022774595812e-01 4.662819494026101963e-01
3.157626396000589031e-01 4.875391482970274359e-01
3.447408615773394081e-01 4.935400973420249748e-01
3.629320519452836624e-01 4.988627184867246989e-01
3.279035031499721864e-01 4.387698144157811120e-01
3.613713245425127507e-01 4.959133149610183144e-01
3.200568936051229052e-01 4.687866488930668152e-01
3.211445050723318317e-01 4.631508198802588572e-01
3.294496823898831472e-01 4.727843349247020655e-01
3.464747148014768463e-01 4.813544291874669590e-01
3.310233818748406498e-01 4.755993453219571898e-01
3.501903085898466772e-01 4.524332543601032319e-01
3.006196293031390132e-01 4.808106690288164176e-01
3.633076995834849110e-01 4.724789063405902545e-01
3.605472372839009232e-01 4.984699352586600130e-01
3.042119123093554034e-01 4.515015990426478054e-01
3.483554295674793355e-01 4.328751343806205854e-01
3.327744109885826806e-01 4.904027981820581750e-01
3.234164280843764838e-01 4.787322360565944290e-01
3.215303097727011394e-01 4.741218757510589077e-01
3.134189228578161401e-01 4.622377234624653886e-01
3.291515932146033552e-01 4.821109643044438897e-01
3.228799038333817206e-01 4.208326242601290179e-01
3.172402749284241041e-01 4.824559999912196306e-01
3.025954097778252305e-01 4.931841618857548126e-01
3.170249361430466095e-01 4.726328251525881430e-01
3.284306091255747018e-01 4.948043656457610795e-01
3.158551544882585160e-01 4.827327797178911362e-01
3.004466404679389524e-01 4.715979760244699559e-01
3.034274738014878792e-01 4.522615671651444846e-01
3.274598265908051919e-01 4.246986353671999836e-01
3.027208675103624236e-01 4.659506523787456111e-01
3.192497061826051752e-01 4.604924972863098098e-01
3.064536118465240877e-01 4.282899927810160379e-01
3.290235780597396409e-01 4.846072771953480185e-01
3.090418399491301482e-01 4.876363336635212153e-01
3.026219131358994785e-01 4.732540157176765017e-01
3.570004301269964486e-01 4.678325166624234255e-01
3.209225061014885361e-01 4.781783383316708380e-01
3.117736365215113548e-01 4.752680852146406454e-01
3.251159435235059236e-01 4.781625807767055925e-01
3.153602068222837174e-01 4.968624177162856426e-01
3.078501855843707724e-01 4.755667007713871297e-01
3.532422213526358323e-01 4.873594004344022346e-01
3.026135288443612126e-01 4.895008326598099258e-01
3.515493179413069491e-01 4.694825553865537016e-01
3.612182721164850507e-01 4.689345379122449864e-01
3.828095429645543835e-01 4.691668079586545081e-01
3.091348022549750274e-01 4.677957933176133398e-01
3.220421989127022488e-01 4.876962512268599448e-01
3.202953697900073893e-01 4.760875865508411575e-01
3.040444275683547026e-01 4.763761089173848551e-01
3.305082519495370352e-01 4.910096672398373552e-01
3.106625615370551818e-01 4.371122121397728044e-01
3.172747006392953040e-01 4.780341914662628588e-01
3.164178873618587184e-01 4.951829114707537727e-01
3.134798398525540652e-01 4.924549802126059195e-01
3.049664721339123696e-01 4.791978893854482724e-01
3.347009044476677020e-01 4.722765435799727851e-01
3.565094571566275738e-01 4.671786081101038657e-01
3.538894137294483766e-01 4.850683212987595971e-01
3.300711163745730925e-01 4.267953573636878994e-01
3.507555772638464853e-01 4.862940152210673550e-01
3.357813476713966683e-01 4.999676979475364824e-01
3.171002553138660973e-01 4.682854854424311486e-01
3.223039320441790090e-01 4.096166330270601397e-01
3.041468785229310967e-01 4.726515164903169475e-01
3.330278680760420107e-01 4.603456586695360286e-01
3.093779294277717584e-01 4.863421439527920720e-01
3.301716741743453420e-01 4.306938161015601563e-01
3.443135151314001829e-01 4.788328189265849133e-01
3.177527568927098756e-01 4.934107602384265046e-01
3.569114101506444259e-01 4.736246575444981732e-01
3.055119326313899819e-01 4.839164973863135932e-01
3.245157204720277022e-01 4.926429121558853486e-01
3.116502052016287827e-01 4.821311852522857655e-01
3.006821478977819151e-01 4.552403629418361186e-01
3.385850074608806048e-01 4.127862608213276885e-01
3.124701403510111719e-01 4.914548169357036422e-01
3.041043994053144184e-01 4.926343481763377219e-01
3.553651857679399617e-01 4.849329296895611985e-01
3.162657807069703675e-01 4.386268154365320915e-01
3.058960675247987537e-01 4.940060785227096685e-01
3.134048989845900079e-01 4.929072641204378380e-01
3.572255742261183920e-01 4.606520738968684636e-01
3.137488897178369873e-01 4.517790548730589717e-01
3.070940106532982217e-01 4.603190302520933641e-01
3.487651301146428295e-01 4.891889359388276182e-01
3.307098587586957406e-01 4.686027167793669901e-01
3.414882670556625976e-01 4.565677859470307909e-01
3.116740342376472794e-01 4.877214104258376648e-01
3.001393500827225225e-01 4.602421100355252870e-01
3.350654172332002689e-01 4.969985963060120637e-01
3.242742419298429990e-01 4.383226066396537779e-01
3.180243321417183244e-01 4.917131806429315688e-01
3.294785765775838371e-01 4.691296790127209571e-01
3.395439426157810248e-01 4.534628118435570787e-01
3.630773044276747741e-01 4.628383591885128490e-01
3.142718059537688013e-01 4.854742752378520820e-01
3.236216954181710959e-01 4.918598617862396938e-01
3.916716460839192449e-01 4.530463094015954595e-01
3.743588589894516483e-01 4.624147516338769082e-01
3.727250274164194410e-01 4.898552803431733271e-01
3.154706889070456599e-01 4.526089025389272713e-01
3.408291749281411320e-01 4.814853809460568068e-01
3.423253152024913204e-01 4.508694025110904779e-01
3.520726270745519471e-01 4.511377234759103017e-01
3.369220590329292109e-01 4.492367316841885949e-01
3.962966809609049235e-01 4.934395177000219235e-01
3.170407997270725531e-01 4.942465844849059375e-01
3.136469755381456892e-01 4.376738421409258617e-01
3.529237483802515341e-01 4.941585357213222895e-01
3.235065802766762255e-01 4.709271273140792635e-01
3.775441593433398468e-01 4.650680741441063359e-01
3.724360464297373774e-01 4.967748680141415019e-01
3.241124165441086058e-01 4.108565783032707697e-01
3.068033028387323058e-01 4.949933581610039268e-01
3.305523425172692820e-01 4.993306931829030737e-01
3.125583990787146327e-01 4.568796716764153554e-01
3.226165943542121384e-01 4.901612063121837393e-01
3.471994917132953384e-01 4.936345588682690133e-01
3.303506440950501610e-01 4.193500953075962601e-01
3.523597610179095563e-01 4.918733265487156836e-01
3.237237678126049234e-01 4.581455061734617806e-01
3.025473562926961346e-01 4.809610840936379139e-01
3.280316815403087061e-01 4.353415501995150927e-01
3.393448098072625596e-01 4.855843502410467361e-01
3.446551662391298398e-01 4.781911090993523628e-01
3.064301144845769098e-01 4.673959530250830219e-01
3.329986630184750274e-01 4.655927805662594121e-01
3.179024834243251441e-01 4.422942442644887673e-01
3.032907120614487528e-01 4.736862724988054052e-01
3.980000834393329634e-01 4.993471362536016089e-01
3.294250921552742684e-01 4.883600598302410556e-01
3.304157820979145566e-01 4.912890879185875526e-01
3.253980561326429988e-01 4.723138258695371849e-01
3.883454545865261398e-01 4.018564532783108767e-01
3.547165881867714310e-01 4.765392249566106631e-01
3.042066861101604403e-01 4.634432883810691295e-01
3.110144449986769200e-01 4.916248953260591303e-01
3.047170989477047121e-01 4.745093398146426056e-01
3.205112724390350998e-01 4.296526860460284647e-01
3.005963833974585331e-01 4.659556412265028480e-01
3.667574455115407139e-01 4.644557174944810019e-01
3.087726873320844612e-01 4.128338898288346215e-01
3.132411219016499881e-01 4.713463825816452402e-01
3.543856931173301472e-01 4.734229918348808464e-01
3.033780425292362803e-01 4.365770176940608205e-01
3.739315520514601698e-01 4.878589257635995713e-01
3.279338210034772327e-01 4.980672406879291247e-01
3.164961562478145196e-01 4.841109496876345730e-01
3.138196431653491603e-01 4.765847461894547332e-01
3.793058758297257471e-01 4.843914112385870885e-01
3.182188235949304222e-01 4.488721653551925872e-01
3.295001508587254713e-01 4.228845157157986034e-01
3.263102141569078629e-01 4.896091303691682550e-01
3.000969425985894334e-01 4.912834079883172111e-01
3.275343973912818174e-01 4.384282656539109091e-01
3.648931782018678405e-01 4.338184557344810788e-01
3.053252398581736138e-01 4.494854460010840325e-01
3.297162885920774111e-01 4.887408462025673028e-01
3.155397377240903301e-01 4.085489766679329948e-01
3.458700077856177169e-01 4.877953940470404204e-01
3.389009008034963299e-01 4.997031235834996643e-01
3.060405829460292049e-01 4.907051612840012678e-01
3.095719151918812084e-01 4.944032574521964318e-01
3.904223697859507958e-01 4.866201681125794654e-01
3.127764506377314069e-01 4.972645087874362768e-01
3.709648722274069277e-01 4.280995015259023706e-01
3.071804625321138960e-01 4.318699182394012959e-01
3.583878392941649005e-01 4.311237548043798662e-01
3.689577457576097563e-01 4.027192165973905169e-01
3.546220913561416443e-01 4.042001154839731103e-01
3.184214295910522963e-01 4.823212014095991096e-01
3.738615707617973238e-01 4.815794810943239135e-01
3.347143630397180214e-01 4.627316775396336790e-01
3.667846758062751622e-01 4.072150546332989896e-01
3.926593946796624879e-01 4.955552376007422155e-01
3.365034529080820347e-01 4.178922942363861304e-01
3.964498824203203098e-01 4.055545410832983588e-01
3.924261053037844671e-01 4.006908669257213118e-01
3.051041781694595056e-01 4.105710568207574518e-01
3.942268883969570203e-01 4.373220289546277950e-01
3.550010508015618571e-01 4.132766126269099005e-01
3.263967471097022899e-01 4.009403702493741783e-01
3.245746155535761401e-01 4.758977269875790950e-01
3.840436778593536160e-01 4.182262651474334403e-01
3.458535231786749042e-01 4.564495895390898728e-01
3.297647175123483709e-01 4.645982745767620048e-01
3.138909026053439133e-01 4.586690082595420437e-01
3.682760442239205734e-01 4.089665581097107205e-01
3.630946115104846661e-01 4.394216473887201380e-01
3.668342505650488139e-01 4.475727281659866996e-01
3.103859777623719229e-01 4.101153572866753638e-01
3.542999372732964503e-01 4.757629612538700759e-01
3.020875709914622176e-01 4.109262741107811423e-01
3.494536137589083769e-01 4.147877122591040466e-01
3.122683191304773676e-01 4.960143215341799028e-01
3.390825021831495034e-01 4.536834734346444908e-01
3.865373556372902475e-01 4.741559353628040929e-01
3.959213231778915265e-01 4.585682189786852714e-01
3.895003151691919241e-01 4.607384196735809789e-01
3.953070075473706368e-01 4.186451792952491369e-01
3.734616255933519424e-01 4.881996791796919255e-01
3.335394170657174917e-01 4.128173246395125395e-01
3.060146008159819186e-01 4.544564879095900345e-01
3.115079450955199336e-01 4.390068154229015418e-01
3.852289060780773600e-01 4.153944994524050860e-01
3.340929392488851124e-01 4.237186053786660134e-01
3.573510800347566851e-01 4.417223103027720921e-01
3.893783518275231170e-01 4.483441043041891394e-01
3.405035071374630795e-01 4.218571239466131217e-01
3.669882763198393238e-01 4.768035015941325394e-01
3.074127673731819055e-01 4.422724401946742656e-01
3.750811052358899444e-01 4.692885798963707944e-01
3.614399097619507839e-01 4.919192124992702864e-01
3.904275247236890789e-01 4.368223376699846838e-01
3.019823298110904108e-01 4.255236082758871996e-01
3.843253307559184040e-01 4.576263549766868555e-01
3.660936898767733760e-01 4.596094889881838785e-01
3.077933252318730273e-01 4.314428773900999547e-01
3.130227512688639746e-01 4.321469700686603743e-01
3.189398253551061213e-01 4.218615076864745683e-01
3.291449654602841002e-01 4.783805098491726859e-01
3.211357719728975546e-01 4.876000798184801366e-01
3.029817375522986245e-01 4.331452312333838872e-01
3.302715837994627535e-01 4.354658830098175892e-01
3.358329448586727661e-01 4.163908417001109807e-01
3.327446083785604580e-01 4.977577762994925825e-01
3.706824097081339309e-01 4.603502487328418047e-01
3.904320416416200423e-01 4.174747916743696829e-01
3.325960428766509547e-01 4.979424756463566859e-01
3.113925368805256499e-01 4.297044224376967980e-01
3.514420381480408695e-01 4.021894376379567815e-01
3.364205327608199569e-01 4.518312272048571332e-01
3.678052557488455387e-01 4.678393090254264752e-01
3.502251654197156006e-01 4.932649810987774774e-01
3.201253767314088394e-01 4.966963241329522827e-01
3.834950130622906128e-01 4.079445525169877462e-01
3.139116905304760174e-01 4.591430958624473924e-01
3.007909814935266213e-01 4.562418455660172123e-01
3.807788101795211433e-01 4.013677934099576516e-01
3.278026853228787618e-01 4.074503692884894335e-01
3.460128859382353705e-01 4.401197424987776108e-01
3.045079991252889196e-01 4.317308947932327889e-01
3.419166243234036950e-01 4.448408413357179958e-01
3.299336990149795978e-01 4.937687599955489226e-01
3.020947061447239457e-01 4.160558643459672523e-01
3.923116817502058096e-01 4.122033155643821112e-01
3.480957476446205900e-01 4.534361741448070804e-01
3.605469344008925270e-01 4.014754084987274818e-01
3.076606859830018914e-01 4.993931977938269595e-01
3.861567214983442908e-01 4.004432654225166810e-01
3.770143394263095749e-01 4.719241377885808331e-01
3.459229936548592899e-01 4.240535868325474578e-01
3.882258481980795373e-01 4.791134458122485729e-01
3.331632290637176474e-01 4.576309232858841725e-01
3.452344393236981834e-01 4.953882768380690194e-01
3.549121178511601138e-01 4.001524881201852235e-01
3.533685765008683366e-01 4.313077798388297301e-01
3.604929859726036523e-01 4.675853566393739502e-01
3.804879506339054474e-01 4.983330637956946418e-01
3.945562092042855240e-01 4.485738314249104741e-01
3.330656171275980793e-01 4.825232504485174601e-01
3.497852053103236436e-01 4.032840494914173290e-01
3.480458273978526695e-01 4.757657514869320092e-01
3.440775622832126235e-01 4.062614685420850580e-01
3.469321952966804568e-01 4.661259923941607486e-01
3.777525719223113199e-01 4.493433073454301541e-01
3.064890330937613538e-01 4.556743754080583853e-01
3.484820900855774006e-01 4.648210325273488541e-01
3.582225041406342236e-01 4.729215584753936885e-01
3.173412919586882652e-01 4.387916715627480091e-01
3.278986127053999944e-01 4.239409312265102758e-01
3.810235325796336170e-01 4.453621868071545031e-01
3.832349540210697736e-01 4.879502657605077065e-01
3.015651404448850825e-01 4.981224314284549148e-01
3.259356618044018661e-01 4.334290846922889129e-01
3.505592721308600779e-01 4.157086534354655916e-01
3.568007271252372492e-01 4.399574770643647215e-01
3.815708268926095714e-01 4.842265227012415574e-01
3.880954057966126691e-01 4.641367806511897953e-01
3.327093589193722001e-01 4.717046436202082527e-01
3.950793444254463438e-01 4.139436132022745740e-01
3.228510331451022175e-01 4.151712974560114455e-01
3.757485022158206789e-01 4.999973770274503404e-01
3.148424172264093213e-01 4.310367600213752537e-01
3.869131723718349791e-01 4.277576411400153544e-01
3.471678843401920789e-01 4.578247250179585115e-01
3.226998580603615552e-01 4.409169313824471415e-01
3.783747697100658947e-01 4.160242181241801118e-01
3.063604696295623708e-01 4.957296704750414063e-01
3.443875816473095375e-01 4.600351327268946688e-01
3.275160442930258320e-01 4.868295973004189703e-01
3.756242775022660130e-01 4.638706157913539130e-01
3.972531076127781557e-01 4.084410734316067382e-01
3.283402462356629914e-01 4.717467364373668093e-01
3.462696735719587027e-01 4.140517390927569985e-01
3.528664047621096200e-01 4.437580722294585667e-01
3.530353165402849713e-01 4.442479231995357658e-01
3.868360562062500563e-01 4.545585181902374594e-01
3.553017925600432392e-01 4.956389784648633778e-01
3.633096117445562823e-01 4.148320466220057345e-01
3.649633997286416132e-01 4.349397790211191328e-01
3.888191265259547391e-01 4.581116604839583495e-01
3.436561230962945079e-01 4.606223160451773380e-01
3.384287936769547200e-01 4.431966375974747407e-01
3.869349420183073596e-01 4.400719040911914570e-01
3.144143804134608700e-01 4.566774467303038598e-01
3.425329950334228268e-01 4.333844202345133456e-01
3.137030714705871803e-01 4.117270659236617614e-01
3.391128161630727611e-01 4.219365034361700628e-01
3.112776776194604578e-01 4.097687603807060874e-01
3.589407933514787152e-01 4.169335151927574534e-01
3.880290109770110907e-01 4.249476346950288308e-01
3.859501201794235392e-01 4.574564716638860329e-01
3.264953314665627326e-01 4.878055894761842426e-01
3.448738961020368365e-01 4.035725135286749587e-01
3.569616085494546343e-01 4.096947082122436301e-01
3.276447290822893099e-01 4.199154622625504985e-01
3.559928835790679980e-01 4.058719119503363393e-01
3.359175069573160366e-01 4.637643843121150855e-01
3.635324667901510542e-01 4.393681496027265210e-01
3.166480755632299360e-01 4.863788480626694000e-01
3.063843060084031622e-01 4.655072617213711350e-01
3.906289127986563581e-01 4.378091499999373637e-01
3.895263821860140974e-01 4.201958234002123316e-01
3.222645662437023106e-01 4.142131489946135892e-01
3.849660096787359542e-01 4.112925790592425468e-01
3.210451394960925353e-01 4.718981615508848759e-01
3.372516269230259600e-01 4.502469523520549188e-01
3.103428622002051274e-01 4.519776114644706855e-01
3.560580520979551578e-01 4.111993947120000659e-01
3.018008974265108391e-01 4.936838136378621789e-01
3.449925845361012655e-01 4.988483044839998048e-01
3.024654540880287179e-01 4.166999522551257384e-01
3.071388185378264302e-01 4.035218921069584908e-01
3.253334432717313596e-01 4.006710341486013904e-01
3.438149939526578547e-01 4.859106014656536798e-01
3.223099303812235195e-01 4.284019880711746886e-01
3.891945483423357999e-01 4.241646813794489601e-01
3.366809148202701274e-01 4.980521456614049880e-01
3.641906882747890650e-01 4.208183532169235685e-01
3.251632164829754701e-01 4.831558530975715859e-01
3.468989120994875330e-01 4.069162226214849687e-01
3.692540172691189948e-01 4.867016263588183622e-01
3.852058134935344436e-01 4.044996860556964169e-01
3.878752267317196467e-01 4.101727483669020402e-01
3.874826801627820339e-01 4.053561029209659661e-01
3.101697881889647346e-01 4.977975974338012533e-01
3.464653705950921370e-01 4.450908793673977737e-01
3.763459655833416573e-01 4.815961891958397412e-01
3.307029014347479534e-01 4.182837589684140767e-01
3.130773347018389052e-01 4.286816413974074980e-01
3.902763693916519450e-01 4.839763445824405430e-01
3.492552464670700130e-01 4.297616862581439823e-01
3.877838318398550421e-01 4.690148569282672764e-01
3.959520081371715183e-01 4.893970746845440756e-01
3.635755449989621635e-01 4.927620909294301299e-01
3.241220878281808049e-01 4.943801921630474050e-01
3.858216500197266252e-01 4.574666481111188121e-01
3.746101615454613398e-01 4.854264806653946773e-01
3.845238191046343457e-01 4.635323607543094804e-01
3.292745504135345946e-01 4.173149372259465362e-01
3.269846922097215947e-01 4.652611949623248755e-01
3.462987189677653177e-01 4.148860882120980476e-01
3.730766891446304911e-01 4.030835011931060974e-01
3.471487581874447281e-01 4.805906872854203149e-01
3.680020938877782699e-01 4.488378828435564682e-01
3.592102523620284704e-01 4.063659038716530558e-01
3.472972041343316274e-01 4.870724931752228870e-01
3.497265450458928449e-01 4.313393773387136365e-01
3.579975130301520370e-01 4.053337674935347246e-01
3.380544964912190475e-01 4.847711636547558656e-01
3.455734694653658789e-01 4.211273091138352243e-01
3.630541238878939869e-01 4.646142981645673409e-01
3.027958130307656925e-01 4.969863888249251849e-01
3.312068711175878977e-01 4.170516749407633394e-01
3.299499106892712086e-01 4.331481224650870487e-01
3.799415714376632169e-01 4.503872558283249505e-01
3.610115179327939017e-01 4.014665623642315606e-01
3.800835773094813907e-01 4.833738717195430468e-01
3.428066201735781582e-01 4.586496120620540129e-01
3.542182454939298841e-01 4.055228559118620457e-01
3.027360601864060308e-01 4.712061742894956273e-01
3.481150117658505794e-01 4.981179199517702938e-01
3.391784620669868189e-01 4.433137546744239099e-01
3.362787338516930458e-01 4.067487582957473036e-01
3.721207805147782599e-01 4.504160078403647294e-01
3.989406563961340746e-01 4.570629578095178891e-01
3.750546902219267231e-01 4.238431692534445072e-01
3.232925024911192935e-01 4.559458542803588865e-01
3.949994032697070612e-01 4.337542412307597850e-01
3.070165867125252968e-01 4.151951461047738157e-01
3.822593868883463197e-01 4.491102401402616850e-01
3.990593501328680293e-01 4.126107558286092880e-01
3.029664668793409787e-01 4.794819896091515599e-01
3.821554753174096208e-01 4.757808189561190115e-01
3.735758080789809976e-01 4.036387402505189348e-01
3.030853533541797984e-01 4.885602855328022853e-01
3.565470780934483774e-01 4.004251676930064008e-01
3.441051012195158743e-01 4.351305058836923978e-01
3.541268802852124975e-01 4.197659116343547270e-01
3.782325065719267521e-01 4.594925505052984693e-01
3.964645228048109815e-01 4.728648290964506673e-01
3.070789834181282263e-01 4.173353145882695014e-01
3.060038455631977072e-01 4.176374957352546047e-01
3.359496360136464133e-01 4.550004089363369753e-01
3.792093916038379864e-01 4.822904008830686817e-01
3.962786032963327432e-01 4.915366553123352578e-01
3.215128081725449061e-01 4.096215496837136705e-01
3.694623033952429414e-01 4.119838408525043350e-01
3.718824687532558682e-01 4.621700764171501885e-01
3.670213891249649030e-01 4.485532099905439885e-01
3.844113138248915207e-01 4.075866697711020281e-01
3.820319322790283190e-01 4.745572154126522779e-01
3.676100682261188579e-01 4.154359665176741157e-01
3.419118743848423292e-01 4.239933359270245949e-01
3.716242558184493783e-01 4.270409396320418161e-01
3.826496884870272397e-01 4.000102054233421467e-01
3.762096858649161546e-01 4.334471711837321051e-01
3.291386023743244627e-01 4.109613265104697932e-01
3.273557527385285715e-01 4.395519439075364909e-01
3.800699868782935198e-01 4.090194030051350627e-01
3.852525673723050659e-01 4.944063674966399091e-01
3.706370264747542720e-01 4.517154884680300020e-01
3.003125780050681648e-01 4.857812395713094755e-01
3.369083121262752001e-01 4.699324440274195713e-01
3.931159009442987129e-01 4.169079941755738927e-01
3.675050287717896436e-01 4.675873128883782370e-01
3.926866642373778027e-01 4.150943138100796626e-01
3.881776440960392760e-01 4.772781373578512953e-01
3.727017355667110454e-01 4.189015690490633381e-01
3.488870040708239584e-01 4.943802011666593166e-01
3.451937362531359299e-01 4.202925670847519890e-01
3.972803776077143412e-01 4.012284881422789606e-01
3.795950868061401251e-01 4.272802270203177044e-01
3.987719893745880761e-01 4.983892533683499937e-01
3.737649184320215312e-01 4.786517994358981953e-01
3.621516423527978423e-01 4.982641976935532901e-01
3.359476531503794439e-01 4.565796634269194687e-01
3.395251711637186087e-01 4.280878675052195437e-01
3.908798279171385448e-01 4.844554835274412774e-01
3.510160677092369896e-01 4.114632924898635191e-01
3.434839453986172075e-01 4.464176807484917520e-01
3.214266788301823885e-01 4.291287401621281528e-01
3.766759820081541643e-01 4.234790229739212597e-01
3.866262251968153874e-01 4.848183908437984080e-01
3.844336496368708223e-01 4.342468875096073266e-01
3.345171752996629611e-01 4.598873359367172675e-01
3.194520729076682497e-01 4.175199667380961044e-01
3.297211027191230270e-01 4.903330301342228026e-01
3.574302005715934705e-01 4.585054722447547970e-01
3.176275461347544127e-01 4.910942596016719675e-01
3.864726001912914821e-01 4.694123233566214193e-01
3.934959634771902914e-01 4.539631699664543052e-01
3.730584476238782421e-01 4.756761811807659335e-01
3.587506649798142266e-01 4.759601703500544456e-01
3.611143624191418544e-01 4.803102780576909425e-01
3.539329534164332713e-01 4.198002938137593842e-01
3.543690123543768444e-01 4.133371063365137710e-01
3.128968580744911354e-01 4.283132972443431941e-01
3.945352666267445407e-01 4.087877334300137333e-01
3.454816187994099730e-01 4.283470937257517486e-01
3.509039127196394992e-01 4.668052054832520503e-01
3.997072660428804824e-01 4.386698697024432603e-01
3.545696154898134722e-01 4.935178270079790264e-01
3.225209119715922168e-01 4.954856733722812212e-01
3.542071623716538387e-01 4.460393799551040095e-01
3.917306849188112450e-01 4.868532551650593954e-01
3.454103050254900276e-01 4.379884759400549665e-01
3.052577560743265361e-01 4.486267757379174270e-01
3.830014503258573066e-01 4.606732377465883044e-01
3.835065448290777002e-01 4.452905144737130394e-01
3.785329905134383055e-01 4.053734776972826026e-01
3.711618227248156265e-01 4.358479086346483955e-01
3.220981301576328337e-01 4.187480672498689049e-01
3.923492501102461283e-01 4.542936470492277001e-01
3.369935702914810260e-01 4.678661014909643034e-01
3.382370267645581907e-01 4.930782929722593577e-01
3.190787565230093215e-01 4.949203547768197264e-01
3.886468335231662019e-01 4.058811215417327256e-01
3.361691523878215793e-01 4.571683916230863121e-01
3.600884686495343656e-01 4.138127907531237160e-01
3.545722653970933558e-01 4.053731217467347325e-01
3.900119444645985256e-01 4.099055841129121136e-01
3.607484248516962810e-01 4.455574115247770139e-01
3.902986415217373772e-01 4.387502263560033589e-01
3.757315930948116889e-01 4.703806771535570808e-01
3.239224630602429156e-01 4.089749698876477546e-01
3.295095812921819411e-01 4.077294829088453088e-01
3.958745371981371441e-01 4.023947043475647467e-01
3.131699353411641629e-01 4.079343380000662878e-01
3.573946907879737567e-01 4.124846562939920580e-01
3.556878589579983707e-01 4.778308801306091480e-01
3.434381276760233859e-01 4.932071247428654326e-01
3.104859512745091199e-01 4.085081891645490071e-01
3.918277841980939424e-01 4.984534739930110980e-01
3.295966684761197918e-01 4.107942176930250433e-01
3.589008954633487458e-01 4.112856402690882041e-01
3.454488832958828026e-01 4.705384428562280341e-01
3.541718415969209444e-01 4.347444889931610934e-01
3.024262129225532836e-01 4.393946774845812753e-01
3.640058437280087045e-01 4.868226706927187841e-01
3.841598650186793251e-01 4.202404040911925653e-01
3.244525810524293008e-01 4.108584137961618921e-01
3.222549737825389782e-01 4.430208171436172959e-01
3.009248701562534656e-01 4.336703193870841133e-01
3.900732645768474338e-01 4.915911819405182070e-01
3.813318719246243660e-01 4.397817504567168023e-01
3.662047586178007186e-01 4.223470636956723201e-01
3.026142754164392046e-01 4.435448428511181151e-01
3.034492344406396480e-01 4.127390043890691307e-01
3.401326876135847832e-01 4.661484552419925542e-01
3.869233096064499944e-01 4.055996489630123714e-01
3.362907142610935263e-01 4.421204311534167042e-01
3.854354102083515365e-01 4.161482889357288606e-01
3.455842719337028912e-01 4.433740082356447676e-01
3.698869886773826221e-01 4.454878810029300751e-01
3.161262907396893418e-01 4.827378462599876130e-01
3.457563929738534103e-01 4.689529262666160547e-01
3.588247671881691914e-01 4.194424595384931287e-01
3.063094148665234107e-01 4.944824337351354515e-01
3.415600384638786124e-01 4.060281076318866256e-01
3.122830492420147208e-01 4.960004691959564727e-01
3.914728985078934631e-01 4.127543583643911718e-01
3.948402287442795977e-01 4.130972198533037210e-01
3.552621311339161370e-01 4.153799880409115852e-01
3.027168557219931389e-01 4.288314355632600328e-01
3.250536961853074391e-01 4.835017498792952839e-01
3.701117307255288313e-01 4.085665968795235137e-01
3.944096959577945150e-01 4.168878966678904452e-01
3.981880553983017657e-01 4.237566339614942112e-01
3.852081839245838912e-01 4.621966486684274678e-01
3.697366056072423635e-01 4.807622316575732024e-01
3.027538713220865874e-01 4.131833787451362205e-01
3.777941183486001053e-01 4.479536874175126249e-01
3.092604747975568613e-01 4.055078105553522883e-01
3.337509723333011435e-01 4.968946901166916286e-01
3.371563446103301165e-01 4.768224885056500106e-01
3.528633519275163333e-01 4.725981018420033486e-01
3.643497855215696579e-01 4.178741706939316236e-01
3.517086432412355745e-01 4.302023946627244744e-01
3.677758099564878425e-01 4.623490284949750007e-01
3.283388400845020927e-01 4.545601317885737958e-01
3.835500064360848338e-01 4.094223598836116418e-01
3.113815473851136995e-01 4.965733153780559350e-01
3.169078566921180728e-01 4.788261025555992090e-01
3.100417624917710113e-01 4.983969644781209296e-01
3.361624623408073775e-01 4.632241681294465563e-01
3.665020075452756765e-01 4.321027209741951092e-01
3.765443933775861063e-01 4.285092666382348536e-01
3.204390729718965547e-01 4.851174670173258319e-01
3.132335319971500942e-01 4.498095397283717878e-01
3.046142957580583732e-01 4.473919619837207762e-01
3.677118068845260934e-01 4.061064484764204674e-01
3.960922006482758273e-01 4.182866008655763967e-01
3.864476897034161418e-01 4.747890241780188259e-01
3.609415883028846972e-01 4.848780102755209098e-01
3.553703221198942219e-01 4.475897096987159207e-01
3.606518880588215903e-01 4.333512089447636995e-01
3.868981215625375003e-01 4.146603179920916316e-01
3.797156073436272483e-01 4.200822045546366845e-01
3.764118117334185332e-01 4.485282325092517786e-01
3.183239634231290194e-01 4.222631421269853469e-01
3.789274518561339677e-01 4.663892930861510133e-01
3.163080139498439247e-01 4.684466795735349742e-01
3.202450152067114475e-01 4.735388069872895622e-01
3.887654535268662004e-01 4.183553948175426362e-01
3.954193074165906485e-01 4.339685017810200884e-01
3.631801320226027974e-01 4.326459635415746963e-01
3.540431508307216868e-01 4.689799697623581176e-01
3.848914292694953776e-01 4.912164922914935561e-01
3.164532537828825820e-01 4.681751045236746123e-01
3.465974103510904847e-01 4.064657582074606701e-01
3.454764424527397293e-01 4.186022844061436099e-01
3.563050440867470692e-01 4.437895697659145489e-01
3.218937653102817986e-01 4.650260928508416214e-01
3.283479714252663384e-01 4.182098577323189459e-01
3.568070119394049500e-01 4.763269555671377775e-01
3.843013806335593419e-01 4.945460270093099409e-01
3.078941988285979758e-01 4.110432396278715927e-01
3.429117869249850292e-01 4.948526864685126592e-01
3.673226150621541897e-01 4.718976691243240706e-01
3.989245355057999820e-01 4.991034882596147026e-01
3.848025184515379560e-01 4.301432566191398799e-01
3.141891558304394372e-01 4.925074634235380167e-01
3.285935849550651322e-01 4.477603615496464906e-01
3.684675232790127763e-01 4.644582472743915003e-01
3.134014849454740403e-01 4.044221278606880965e-01
3.596054706032454362e-01 4.011797081008064425e-01
3.899329987212238335e-01 4.925800801279909269e-01
3.311911821256972033e-01 4.348022431887189621e-01
3.116566481935657551e-01 4.119364523294258285e-01
3.157581240059791905e-01 4.083635134446255144e-01
3.298248568432682326e-01 4.614998692461904084e-01
3.474157539688649821e-01 4.289588779214712488e-01
3.080049320776326316e-01 4.322836083500354309e-01
3.883233640666271524e-01 4.446468811903525054e-01
3.343525413335824981e-01 4.797494915410187577e-01
3.938023330590650350e-01 4.034531246445774988e-01
3.397664757774614408e-01 4.986010284490828282e-01
3.833932629509761436e-01 4.256880175105403064e-01
3.895504824177539183e-01 4.494883108354962298e-01
3.497557030052239058e-01 4.984873159393051756e-01
3.822126318045021565e-01 4.418465937010616074e-01
3.923082579886555399e-01 4.475535073637258998e-01
3.642466828796873668e-01 4.399267551073025029e-01
3.274581377537694737e-01 4.209296913348021807e-01
3.968312464043144971e-01 4.064024042409241644e-01
3.718075925894334111e-01 4.249343001538226083e-01
3.039803561151386835e-01 4.335820605526140570e-01
3.203668814485149396e-01 4.970406239808463633e-01
3.289202526619241507e-01 4.836615305521831942e-01
3.969708116912211149e-01 4.960090848549824072e-01
3.085062608627510694e-01 4.646590457095189364e-01
3.523595796436313488e-01 4.281415216106035371e-01
3.834774152505686651e-01 4.417122684194195736e-01
3.864158706753345607e-01 4.201771362283526212e-01
3.751310558893770630e-01 4.623279200025796065e-01
3.076564350785213620e-01 4.786491907862768791e-01
3.572487305823776049e-01 4.285544821622635503e-01
3.985850849764544512e-01 4.173019959021043168e-01
3.418840163604384697e-01 4.458091528520473634e-01
3.651009619242086002e-01 4.488059900683492587e-01
3.815196125802585714e-01 4.777235520831469850e-01
3.601717447911438330e-01 4.140904407613970051e-01
3.011615488527766837e-01 4.152677546425407873e-01
3.063562140189299843e-01 4.331660933929583068e-01
3.955111256252550334e-01 4.484042872392406398e-01
3.093293205227570786e-01 4.831204124636524488e-01
3.356884503602249326e-01 4.537466931064946252e-01
3.174845701045052038e-01 4.347816852289331235e-01
3.924920464026760425e-01 4.030972273125533190e-01
3.586090148507034003e-01 4.613415657061129549e-01
3.550554752826546312e-01 4.248819740850935389e-01
3.509513003486375848e-01 4.991874196521236540e-01
3.092098221122400181e-01 4.592251911413462451e-01
3.968245950650787779e-01 4.957366776353191451e-01
3.601763670501761938e-01 4.979441963406544547e-01
3.586045767663657569e-01 4.581324355186103259e-01
3.636734435267382493e-01 4.691888813167708339e-01
3.714466037706904977e-01 4.244645550268979495e-01
3.929042940726588107e-01 4.208746795671275409e-01
3.523353235791924498e-01 4.454290149394283804e-01
3.533987048303089962e-01 4.366877457192400169e-01
3.353907266578266544e-01 4.678061269682654566e-01
3.634273486076874393e-01 4.889284086117794415e-01
3.355846848234086965e-01 4.456090364229486900e-01
3.513023571319905947e-01 4.012423020476937885e-01
3.644875209978066799e-01 4.603124926350429247e-01
3.274605466321266478e-01 4.588940403261563272e-01
3.887273191408716633e-01 4.950692846540387659e-01
3.826566713455809010e-01 4.724873095924839728e-01
3.825729025471555911e-01 4.694274321180120779e-01
3.552067565645476432e-01 4.599614140281345076e-01
3.332367502264411696e-01 4.214689001358830067e-01
3.714110469693877592e-01 4.317082733986729592e-01
3.797366350182460604e-01 4.210570255616179480e-01
3.445560585521924568e-01 4.445968732825308911e-01
3.329600754333376655e-01 4.048676806580085996e-01
3.272707350280970040e-01 4.297196417917811817e-01
3.384879979103579406e-01 4.511280236649052311e-01
3.115639926753107081e-01 4.630725149873526902e-01
3.402662894337398214e-01 4.375156745016499649e-01
3.128290741731113433e-01 4.738340979736253011e-01
3.788718555290531143e-01 4.015514008439875493e-01
3.779159858163930186e-01 4.649156552683910704e-01
3.887418101497975287e-01 4.053205099274223011e-01
3.246510728613191121e-01 4.941603284695658682e-01
3.387174735717636276e-01 4.650219772151000797e-01
3.317385515978381050e-01 4.395275243153090594e-01
3.324511070181183081e-01 4.113595073320793216e-01
3.132535334424803586e-01 4.620480879797079776e-01
3.947290828417245878e-01 4.253163305947753603e-01
3.880170969003068904e-01 4.555368526186759359e-01
3.369640599140002468e-01 4.715061483628963934e-01
3.991098020556943515e-01 4.070461844033826937e-01
3.025747592839865274e-01 4.523508460184446078e-01
3.196826632023067050e-01 4.903192932902911139e-01
3.890844395162468272e-01 4.409789666685544063e-01
3.073690283697523284e-01 4.846546415622061676e-01
3.596097441426217012e-01 4.352810896296839260e-01
3.460519149496913971e-01 4.215153405053676527e-01
3.560754873500286966e-01 4.693337364114884558e-01
3.999309455082614151e-01 4.252383319822675145e-01
3.362231453752358434e-01 4.190534077556760106e-01
3.414066897861410266e-01 4.736665607017632729e-01
3.567970576966533192e-01 4.783055485678061047e-01
3.603284606794157074e-01 4.687297529809372199e-01
3.763881835071790083e-01 4.751486453916160535e-01
3.072054281066297632e-01 4.697738846867420826e-01
3.352649449702688744e-01 4.003857124011725999e-01
3.210945313104299759e-01 4.389318595290141456e-01
3.492706911144171644e-01 4.624642870621826773e-01
3.885115765241770047e-01 4.961270119097667131e-01
3.755579276234140562e-01 4.033443042989398042e-01
3.246881695351591657e-01 4.247820429449802870e-01
3.439694369833583565e-01 4.024749920819639115e-01
3.650222085458988408e-01 4.468456888779139824e-01
3.156372371818063072e-01 4.877901048463201272e-01
3.789681859351528015e-01 4.225785588314769914e-01
3.044575782665323027e-01 4.173288733262588979e-01
3.548964738331005231e-01 4.570757907430499367e-01
3.563392947394525279e-01 4.908147845801288378e-01
3.709923468350842524e-01 4.051320733093473625e-01
3.270519216663533291e-01 4.033234900251778665e-01
3.425779840524045272e-01 4.732086051139746674e-01
3.561160031728072273e-01 4.685122829994786686e-01
3.656417880753279892e-01 4.414801450084800960e-01
3.771995853468911308e-01 4.717572412635809842e-01
3.780817240978016636e-01 4.694643452469493550e-01
3.626844733253909436e-01 4.720501598583542457e-01
3.061223322415380643e-01 4.048844142867786267e-01
3.373855436731841850e-01 4.199913447468949235e-01
3.733129465444345318e-01 4.694725767763832103e-01
3.333931356244544397e-01 4.939992513327057244e-01
3.302730276725337477e-01 4.656734715685508785e-01
3.068998038829895969e-01 4.484132939741979906e-01
3.767211448659109618e-01 4.540265307118897531e-01
3.256646022098329540e-01 4.442259724702541934e-01
3.479033684960002870e-01 4.633600319304553850e-01
3.645183379839915250e-01 4.337492310835536768e-01
3.349812198262024920e-01 4.086918572358509971e-01
3.949013993392316291e-01 4.085295623221226746e-01
3.834879258278677261e-01 4.184778486262048514e-01
3.039503808384247940e-01 4.713897106737922060e-01
3.034864434215463480e-01 4.243242938559563249e-01
3.619550903088142868e-01 4.442091016853598751e-01
3.949265941228878307e-01 4.806203075434593019e-01
3.743597619084687023e-01 4.651124083473667792e-01
3.362298508009345377e-01 4.854641929402552236e-01
3.442439187594760197e-01 4.121546687390515995e-01
3.417588844747698196e-01 4.645354714251337946e-01
3.726852761998835084e-01 4.600480250220726486e-01
3.733250748736289260e-01 4.763343434643220187e-01
3.136843962491476789e-01 4.009715423240767240e-01
3.306659981970720419e-01 4.800630960735595698e-01
3.752654362004924637e-01 4.288634160490940594e-01
3.799800346503679482e-01 4.172796008692889469e-01
3.178249856858747502e-01 4.562866968719899718e-01
3.595693716899358572e-01 4.253904490159959306e-01
3.431333726500645498e-01 4.614782373365939883e-01
3.002195115885630816e-01 4.160330366083443421e-01
3.757869084632619039e-01 4.185700361961444127e-01
3.046279587298229008e-01 4.185703329466922140e-01
3.490958720858677866e-01 4.243352385489965739e-01
3.863382419224828945e-01 4.313788884175080440e-01
3.636507512980047263e-01 4.857523369691207349e-01
3.579238815314027544e-01 4.502314430324530492e-01
3.862923044737287537e-01 4.269434558896132437e-01
3.935420154173790985e-01 4.019510977410304386e-01
3.926055708176107717e-01 4.431977007585358175e-01
3.735892547487317805e-01 4.099971389457660043e-01
3.226086043973667161e-01 4.057593137268556971e-01
3.579238750530134849e-01 4.250395702018042732e-01
3.502541811501602154e-01 4.998663514584778533e-01
3.168057239994171437e-01 4.122217404264587048e-01
3.022537590926603901e-01 4.846280424729580982e-01
3.309723064609234600e-01 4.025498424625791327e-01
3.616170168840934229e-01 4.056750030195136469e-01
3.075655648473711867e-01 4.384643305760293486e-01
3.443475214565211440e-01 4.035585402206474659e-01
3.015437520688585282e-01 4.023904776106059789e-01
3.576125234691639454e-01 4.457594389398604751e-01
