3.763734847494983882e-01 7.038566292530469282e-01
3.943525048316279813e-01 7.095551754658209198e-01
3.922765621820941684e-01 7.775220674669081067e-01
3.937941641868941689e-01 7.404914913322337977e-01
3.882213270365136304e-01 7.982560205692573740e-01
3.694278579439703170e-01 7.138266855264221444e-01
3.618541752164950998e-01 7.138322886616927931e-01
3.557665904647677735e-01 7.089344582566986519e-01
3.852894639240512231e-01 7.210184483226880214e-01
3.890966462883678756e-01 7.146060530421500800e-01
3.607577057298678724e-01 7.449980858033895537e-01
3.295558510616894976e-01 7.309939386306041342e-01
3.841270230753411896e-01 7.252375129418207056e-01
3.420435729267602420e-01 7.082117152516171910e-01
3.894190032952949965e-01 7.478242073097713938e-01
3.645115182788662977e-01 7.221523651616200690e-01
3.629557378912529608e-01 7.106423764052907099e-01
3.732693377073976748e-01 7.440571838540077643e-01
3.916857885346470836e-01 7.275664724418984264e-01
3.822220628562544853e-01 7.044067171677560468e-01
3.961439604680729865e-01 7.060604812797206531e-01
3.807383997932179964e-01 7.456808566588124521e-01
3.287241690147616469e-01 7.124671239609778883e-01
3.973855000141937044e-01 7.448434011503149987e-01
3.591119463467713491e-01 7.141886945441290324e-01
3.909452353483683362e-01 7.048341653985946698e-01
3.829449473269877502e-01 7.043756147817941127e-01
3.858661873283101285e-01 7.024619937159066740e-01
3.837109323287467566e-01 7.053757228220054465e-01
3.516701110292590471e-01 7.485241041376242688e-01
3.859750829864810884e-01 7.190843449744587224e-01
3.701547028655921556e-01 7.106197263501587980e-01
3.813749093951666058e-01 7.110697796108051971e-01
3.733600234838700960e-01 7.000591020920323704e-01
3.546660642614491987e-01 7.055509754896522878e-01
3.957826139933050547e-01 7.523400986920045774e-01
3.857920690619213167e-01 7.864727880311367381e-01
3.522439619700741265e-01 7.000050415099300372e-01
3.187688497271602417e-01 7.030689215059346964e-01
3.868360517000978271e-01 7.933259618755625908e-01
3.594917516905554722e-01 7.480936935595935422e-01
3.677431443788532484e-01 7.206671837330833608e-01
3.544102006277358163e-01 7.402773921098760868e-01
3.591838499527963968e-01 7.245880309995532675e-01
3.500424872168118595e-01 7.382054415362530042e-01
3.871566744445634756e-01 7.313704015859830987e-01
3.859439215044612181e-01 7.912631765917808035e-01
3.941834320605148156e-01 7.008227369637283211e-01
3.543979411117512690e-01 7.634788643175353107e-01
3.790860284240593625e-01 7.780618718312475313e-01
3.962231658763861741e-01 7.057318580940926678e-01
3.781539055199585331e-01 7.330504759475755527e-01
3.850626921186475760e-01 7.662702533345889799e-01
3.550838155813895725e-01 7.013014338974398187e-01
3.774145329737391141e-01 7.248146981246134102e-01
3.462635707135148233e-01 7.225025623908780670e-01
3.836036027899489831e-01 7.101054246300469996e-01
3.717187492393983494e-01 7.043643327541694310e-01
3.972948191373050220e-01 7.945283040235995298e-01
3.651765639668395069e-01 7.477428871802820343e-01
3.628436502654919238e-01 7.579675071943240416e-01
3.843004536262861759e-01 7.010385077835301626e-01
3.364116688733556626e-01 7.180609427076830587e-01
3.511005989041526831e-01 7.172818517150507667e-01
3.878208925220729131e-01 7.103767207805400385e-01
3.947314048000341580e-01 7.019732793460204956e-01
3.914630329694923083e-01 7.005623088943219168e-01
3.997613063369939157e-01 7.652643526250544337e-01
3.957434271670142722e-01 7.457834855096193705e-01
3.672512960443176100e-01 7.358705660757658418e-01
3.122406499905598931e-01 7.035055021185374624e-01
3.934861184701320402e-01 7.266832579911970402e-01
3.655477592196266778e-01 7.429679821700365672e-01
3.700065472041188519e-01 7.345592216856722256e-01
3.912150773805789239e-01 7.439729790015022770e-01
3.478608439923315254e-01 7.269078950292072738e-01
3.563522538873137302e-01 7.171162027668049888e-01
3.735493901204695044e-01 7.410290889823754057e-01
3.323514901999631288e-01 7.071514510269208964e-01
3.659864591391641109e-01 7.447405119338026402e-01
3.789476897989142445e-01 7.533876282464109231e-01
3.710825241538515673e-01 7.241366610473631837e-01
3.852453689237863577e-01 7.112136789433711748e-01
3.789164913809437429e-01 7.530363096887306984e-01
3.396521514103890693e-01 7.754971791328983954e-01
3.883741831229001740e-01 7.218083197672027218e-01
3.901586933490258646e-01 7.214192056316053314e-01
3.225354341663830837e-01 7.374413269407293914e-01
3.378044113234317525e-01 7.143404162703308469e-01
3.136481115803168018e-01 7.200849844442631653e-01
3.848529293311458988e-01 7.119764526231474600e-01
3.999710339973762130e-01 7.784493840249224750e-01
3.664176807535299285e-01 7.069040715373520190e-01
3.502782709423436502e-01 7.118522148730684895e-01
3.754903142755111056e-01 7.305287432788921675e-01
3.640960759694862325e-01 7.340086831608727547e-01
3.760673494322829269e-01 7.285830264331423223e-01
3.473305338220814553e-01 7.127065508491161605e-01
3.828026401989820249e-01 7.111835825613920248e-01
3.929508795782638564e-01 7.369807550597644585e-01
3.974216094838547431e-01 7.249563285450248973e-01
3.646623445897670956e-01 7.142366054469690972e-01
3.626711627286255402e-01 7.021939476473154640e-01
3.948477781800900366e-01 7.027557380012036115e-01
3.964660334675517706e-01 7.330129348416901669e-01
3.455838888877251214e-01 7.298588407628939789e-01
3.746524081515669180e-01 7.130363217780879559e-01
3.500560275901730689e-01 7.236033376122007477e-01
3.456982141898236049e-01 7.341865886970627697e-01
3.536685543689704891e-01 7.240377186266795384e-01
3.728401025620731168e-01 7.691001215280021119e-01
3.914470735385588984e-01 7.084286381736780713e-01
3.754896351829215551e-01 7.218427221284140494e-01
3.668963562914159815e-01 7.365749576152520461e-01
3.869824846044654931e-01 7.225007547765945892e-01
3.626831765363883742e-01 7.322766959575046641e-01
3.598456516858029586e-01 7.218781714465725141e-01
3.513893693760200554e-01 7.122315850446562235e-01
3.896335384590996487e-01 7.254145350928956626e-01
3.761727856976988527e-01 7.236983847900138045e-01
3.945697208661975153e-01 7.277827040697135708e-01
3.855444113717430565e-01 7.151422748729311385e-01
3.849050897258859405e-01 7.259688276315782174e-01
3.921103431815006202e-01 7.102291937250301279e-01
3.766499918418922954e-01 7.096096380408195570e-01
3.753641072070264539e-01 7.005449858915355765e-01
3.728505431157432826e-01 7.023528993833770828e-01
3.873092371783559695e-01 7.077447188243413123e-01
3.978861144572928277e-01 7.217833190120589437e-01
3.815336281812478081e-01 7.037278610461357164e-01
3.887981981544970100e-01 7.075462882684121491e-01
3.826551731364513653e-01 7.329348774386128529e-01
3.737117645017258294e-01 7.272537990192556867e-01
3.499447856321462602e-01 7.438445255535534040e-01
3.779590339404281796e-01 7.273649113369339281e-01
3.963879270102009245e-01 7.820790453065217251e-01
3.640145905771751678e-01 7.036948728622515192e-01
3.284115125652475875e-01 7.860941894185767831e-01
3.745850071406013337e-01 7.134642303228866389e-01
3.789745201075214176e-01 7.490633674941488129e-01
3.648976508872044944e-01 7.346464885938968070e-01
3.877837728312726329e-01 7.260862739155639067e-01
3.104834760947089989e-01 7.099882048630635767e-01
3.980369375677260679e-01 7.424286070915488978e-01
3.591972119558003440e-01 7.387043198171827640e-01
3.602439323774986879e-01 7.069140463404968155e-01
3.168221922174006555e-01 7.086391398231638439e-01
3.791836910113075554e-01 7.216019183907773638e-01
3.978858497966726304e-01 7.160405345295209889e-01
3.948004584367250103e-01 7.178946865363332597e-01
3.720141310886529995e-01 7.022561030499334667e-01
3.982735256897322884e-01 7.272389468012603331e-01
3.947075369411577328e-01 7.423076967692832095e-01
3.447464571337944816e-01 7.642700828939620328e-01
3.654607618858110585e-01 7.010896610150588737e-01
3.944002618785115155e-01 7.554681372673676121e-01
3.408394550115464439e-01 7.087804470630576503e-01
3.874495454618130941e-01 7.519882735489695769e-01
3.778612963822098325e-01 7.472965365528586590e-01
3.702583174461833160e-01 7.001456213008666607e-01
3.712436622974808476e-01 7.698039460105164933e-01
3.449072593058056801e-01 7.401878286505331195e-01
3.410165165509470020e-01 7.547059615298369328e-01
3.709807462931997701e-01 7.181738272758462216e-01
3.919941722801463801e-01 7.661442233864007578e-01
3.525521359916534148e-01 7.258941004834527089e-01
3.430301335381469308e-01 7.304284813917050201e-01
3.638186625017286735e-01 7.715128478634643017e-01
3.432405431899263060e-01 7.143273782819717921e-01
3.009357737365222496e-01 7.304703260202374260e-01
3.356183163397217228e-01 7.153391197687193337e-01
3.835393636828537955e-01 7.277817761680157593e-01
3.558777260313190083e-01 7.194808506184233732e-01
3.951642662443457521e-01 7.064050762312764631e-01
3.424985860187605979e-01 7.123598968137843102e-01
3.918046890460257226e-01 7.548614357542947628e-01
3.986226359757907289e-01 7.538138702907954958e-01
3.933881522256801877e-01 7.094706871670098947e-01
3.951009687741515730e-01 7.485216615922885008e-01
3.933838708307360599e-01 7.198591502832544231e-01
3.848795897498873408e-01 7.025814339109375251e-01
3.812612285448683247e-01 7.128892724332343001e-01
3.313083856256209270e-01 7.018636183637887438e-01
3.646987325175741756e-01 7.028982948551767418e-01
3.024844515208582330e-01 7.050690017650099728e-01
3.661450026970493044e-01 7.272119578142788310e-01
3.974647427707612146e-01 7.937734314182375295e-01
3.632851917780409723e-01 7.183987859112961338e-01
3.886885273190472390e-01 7.278248271337721675e-01
3.422267078029924692e-01 7.061853868920281441e-01
3.758584711348037510e-01 7.161948016348015367e-01
3.509109613997363208e-01 7.109182801157882814e-01
3.916117830681465906e-01 7.370069769938957238e-01
3.886298146032349798e-01 7.369960317831772967e-01
3.892219957424649102e-01 7.189703840356216347e-01
3.944572596806578679e-01 7.100847095431338518e-01
3.726300868384546106e-01 7.496869846976539353e-01
3.694991086921879386e-01 7.221011911463948163e-01
3.901650407190906944e-01 7.018234264845070181e-01
3.889160568600739665e-01 7.051049414694190443e-01
3.889426409131722107e-01 7.066936715247073009e-01
3.856201217974697393e-01 7.060663215060173359e-01
3.542441080899564887e-01 7.338571249474721281e-01
3.748324236135637255e-01 7.101626234308179297e-01
3.916238827698582670e-01 7.505828822891881247e-01
3.754199982941379132e-01 7.001819372705683220e-01
3.406100013860540732e-01 7.133671976438513695e-01
3.986123230048982946e-01 7.087442674511340579e-01
3.524134196105884742e-01 7.004975679395153421e-01
3.943836575651986087e-01 7.574610326064313837e-01
3.594354260812271384e-01 7.230007919070603473e-01
3.923224207919338014e-01 7.049457626918944619e-01
3.869216159149242995e-01 7.232894706790143902e-01
3.604845100657807500e-01 7.030337802220407717e-01
3.837305264070985933e-01 7.259187590878631857e-01
3.904072408159142138e-01 7.027856733746932205e-01
3.932319793084042003e-01 7.328887152053330523e-01
3.580181954309704651e-01 7.609095631915574476e-01
3.741143202640158094e-01 7.366941876949902879e-01
3.123812683557098957e-01 7.475639299523137993e-01
3.569848775837067834e-01 7.518148935370729813e-01
3.905297554155098827e-01 7.060792290987241149e-01
3.773250724103759945e-01 7.776701902161440305e-01
3.793829363029314061e-01 7.018900387573826505e-01
3.687701792106315990e-01 7.154746889417484823e-01
3.866664753233600704e-01 7.602030443081928546e-01
3.620104614595390791e-01 7.047979061474692886e-01
3.423935503974446792e-01 7.158743559980387250e-01
3.788850901437968988e-01 7.115132805826316353e-01
3.901390199706482598e-01 7.332746082271826005e-01
3.430758667977243936e-01 7.188467066752005641e-01
3.603285485374293495e-01 7.342149863940594656e-01
3.096304716906562726e-01 7.039092934744966001e-01
3.436354920879896024e-01 7.216110883967665757e-01
3.222299939534339352e-01 7.215666504354677491e-01
3.821974736780747728e-01 7.070466370679341361e-01
3.277988592004404400e-01 7.205625767850082353e-01
3.254247123521194496e-01 7.618115269942694612e-01
3.905844993406526466e-01 7.395106890186941007e-01
3.872388940835531645e-01 7.472774400717762111e-01
3.993152392452330446e-01 7.530384982274674899e-01
3.925227451830640146e-01 7.071318833006566829e-01
3.342675267545309747e-01 7.383348988806140989e-01
3.794375829923675170e-01 7.145797844585498604e-01
3.972323315386195874e-01 7.708398139978753782e-01
3.838658122400990802e-01 7.162674398624802041e-01
3.689883221998740970e-01 7.051491762396857599e-01
3.822529855058113268e-01 7.347399829195169207e-01
3.973347286810490209e-01 7.822792236095832408e-01
3.736994383453853819e-01 7.374915910749701986e-01
3.921039600038220274e-01 7.450727788925304296e-01
3.868408687738642548e-01 7.534012723927814292e-01
3.981976949983649372e-01 7.806508174959490010e-01
3.421915076985910242e-01 7.588094565430452132e-01
3.552368106883747600e-01 7.080945138608505385e-01
3.728153797871909259e-01 7.021553666642070812e-01
3.997239685849384161e-01 7.039789845209536434e-01
3.842448953862092065e-01 7.193991860225178447e-01
3.232856793232392612e-01 7.035211417367926989e-01
3.710317183089639759e-01 7.368363858451232318e-01
3.492846879752977696e-01 7.050144100736783770e-01
3.949331501523666854e-01 7.119497488208516023e-01
3.944029412185525718e-01 7.416571395153584989e-01
3.996540036984136401e-01 7.277707447850793043e-01
3.797301298884813159e-01 7.159164482766580129e-01
3.876863339905955996e-01 7.262013422213596803e-01
3.954183887111151208e-01 7.052953183128136683e-01
3.686066149628346444e-01 7.440993421179949996e-01
3.871656237153401348e-01 7.160356244008282411e-01
3.726208908022965449e-01 7.161671818832632264e-01
3.846343287390550647e-01 7.067273231402514400e-01
3.703977544959242696e-01 7.096470528139682266e-01
3.796841580870640165e-01 7.764418936360951706e-01
3.942486499206223627e-01 7.149059057406683682e-01
3.552588205408058197e-01 7.347078945341398715e-01
3.945617892837379737e-01 7.154208520979760122e-01
3.370496547367074491e-01 7.796498077646341063e-01
3.658756658328767841e-01 7.034702997904650479e-01
3.445508382159065408e-01 7.123743041988817026e-01
3.177906150871144808e-01 7.246033763615913337e-01
3.451647030984156261e-01 7.272408579604523471e-01
3.886056428312882893e-01 7.382292924324059813e-01
3.825788926512592170e-01 7.267621405505659826e-01
3.177817568919147906e-01 7.444468425839648740e-01
3.945240057459684646e-01 7.053974962252681502e-01
3.581468466349505553e-01 7.652510132670079512e-01
3.950551527247275763e-01 7.080652066459499627e-01
3.995846221540105825e-01 7.391246013056846920e-01
3.866286147528676942e-01 7.119738108247379849e-01
3.642491032233017290e-01 7.204167891892768738e-01
3.910183285874404557e-01 7.094043716121427590e-01
3.951819695153510059e-01 7.060727201390355479e-01
3.762356005474445375e-01 7.094547125514311103e-01
3.545780351830589705e-01 7.035112677092034694e-01
3.689233526693362908e-01 7.007287231865931831e-01
3.881225144274270678e-01 7.671806798130732519e-01
3.384641507348497003e-01 7.385710221448458235e-01
3.788981854459412268e-01 7.114703102625470343e-01
3.868578621948933760e-01 7.575624591917143880e-01
3.757153152130296436e-01 7.083240939621727739e-01
3.723022077379762873e-01 7.102588569696373089e-01
3.051823109594046790e-01 7.518522910791882730e-01
3.558389289873000738e-01 7.367906773087826711e-01
3.926666788464935332e-01 7.308150077930481991e-01
3.817995333932713287e-01 7.452818540554226878e-01
3.639474450822848262e-01 7.180597807914446129e-01
3.927518705659009401e-01 7.491502959816085383e-01
3.124629551081366530e-01 7.035587154585656311e-01
3.763628093008997144e-01 7.500379431758769089e-01
3.981280185894311985e-01 7.399436867437640952e-01
3.801252492811363348e-01 7.379433507554771232e-01
3.853206163835514175e-01 7.920369252977798036e-01
3.621871406758364609e-01 7.088558601726947517e-01
3.879033292771673080e-01 7.130296458173921437e-01
3.840788302271269661e-01 7.050003644916230661e-01
3.506325875381584023e-01 7.307136656608479441e-01
3.617523511851825635e-01 7.489489578046290008e-01
3.265737314771614552e-01 7.820857997296637443e-01
3.540549862904992517e-01 7.487946112356067552e-01
3.781237172321508799e-01 7.611513050564351346e-01
3.742671889772532512e-01 7.416017774094667558e-01
3.944973725910025930e-01 7.739900555411424188e-01
3.872171381044485772e-01 7.025941821758847627e-01
3.997991044400689420e-01 7.060122064196039382e-01
3.791769596479106497e-01 7.670396174768376873e-01
3.608601786452674265e-01 7.052723206710674875e-01
3.610160938715684109e-01 7.291144174022576863e-01
3.284137558402286938e-01 7.403510097833745363e-01
3.437209382357975240e-01 7.058980676873408688e-01
3.963099725873686641e-01 7.380547980408795894e-01
3.913388304889328650e-01 7.021113622208184912e-01
3.918144493953116814e-01 7.590879193588907503e-01
3.504563654572415698e-01 7.281792876338595288e-01
3.609696328397115073e-01 7.030396658444628688e-01
3.883073258952314810e-01 7.852087218284261594e-01
3.979921079259959860e-01 7.216013440422839320e-01
3.573677125700373547e-01 7.331832258010354542e-01
3.959821970639550992e-01 7.305441889711609127e-01
3.231686970829619199e-01 7.090816132177305553e-01
3.776766907369717985e-01 7.302233655299902315e-01
3.880888927216341600e-01 7.607234657892552043e-01
3.923707548100662246e-01 7.372401036297440147e-01
3.990179608055443583e-01 7.299269891770444607e-01
3.656476846626404154e-01 7.262408022005790720e-01
3.890019504900279479e-01 7.325323963821641637e-01
3.977553005719934864e-01 7.244272613291796725e-01
3.924815725912563780e-01 7.130056798531967388e-01
3.266090379753353590e-01 7.199521620075556294e-01
3.147224864888358287e-01 7.341826021984005912e-01
3.556084389430938519e-01 7.064965625200283483e-01
3.890737548599428886e-01 7.212204672021671481e-01
3.985299664712273482e-01 7.042072251760252977e-01
3.743416863778774584e-01 7.262075649881364336e-01
3.903070329880347078e-01 7.053702247586141061e-01
3.966057062817627821e-01 7.562240633155133951e-01
3.885547084483789715e-01 7.674081581462919299e-01
3.738472799848752137e-01 7.477844899460894812e-01
3.980931051354186789e-01 7.152892861194600771e-01
3.817120774152565899e-01 7.333623357899468065e-01
3.527099477931954219e-01 7.251565817451925966e-01
3.930955628205643482e-01 7.075403221745283355e-01
3.622368008906355907e-01 7.226910862704454264e-01
3.140690515987032971e-01 7.122025768764842502e-01
3.845083514422000803e-01 7.187724010965704791e-01
3.962270324648632935e-01 7.314690530286260817e-01
3.956768022333520540e-01 7.772615346097929701e-01
3.713257902575762825e-01 7.027397414414653376e-01
3.539584872150355888e-01 7.221910437500093094e-01
3.996769698111113933e-01 7.064444391911607335e-01
3.487484353430287953e-01 7.221006872086606077e-01
3.442592308304435189e-01 7.174849463669807914e-01
3.492769540574648390e-01 7.349406759123439103e-01
3.878725633782554305e-01 7.040477843274051128e-01
3.540442848100043838e-01 7.245934254691765997e-01
3.829544121049456296e-01 7.147127795702188369e-01
3.841648840667114539e-01 7.389580304750622552e-01
3.993385339403421885e-01 7.088962428653227121e-01
3.863025746769125357e-01 7.859904798980097418e-01
3.528920386818042987e-01 7.399853775242412057e-01
3.844864057098958399e-01 7.509509404502395791e-01
3.684623720035422600e-01 7.499756856204404798e-01
3.866033764433804421e-01 7.266641295778891729e-01
3.484752241729900391e-01 7.492056420433151898e-01
3.935324402917684816e-01 7.539796756692652702e-01
3.979947726369336136e-01 7.014535072935520477e-01
3.289424001393665420e-01 7.095721904822985815e-01
3.871517988500656759e-01 7.334431680405011367e-01
3.958385327875576509e-01 7.092017969234272190e-01
3.451698215046563600e-01 7.122103068076036658e-01
3.770654289830586148e-01 7.569685969883430676e-01
3.950914414008867559e-01 7.377547267389328312e-01
3.410438471788930226e-01 7.261779253523238387e-01
3.841468903607159202e-01 7.052355241800658536e-01
3.954762014026017569e-01 7.026501961592276357e-01
3.881297709652436478e-01 7.010746057825972821e-01
3.836523171200416638e-01 7.151306619688160282e-01
3.874061405556449289e-01 7.865138380255156658e-01
3.780763475578494681e-01 7.328378550465445285e-01
3.163483504801298807e-01 7.202001872802389348e-01
3.982478300721319364e-01 7.291105397965319534e-01
3.783476023862674120e-01 7.151190802082155740e-01
3.987752479672100892e-01 7.053427032411938580e-01
3.088527117582777204e-01 7.024747669999776845e-01
3.727501410580607022e-01 7.404565365977915370e-01
3.985571821795994563e-01 7.034709548973867577e-01
3.335495300379096584e-01 7.200158533410957462e-01
3.866903434406627760e-01 7.247079818101523907e-01
3.437193178705206797e-01 7.226280131013440577e-01
3.697646641228415909e-01 7.192094253712663088e-01
3.215901003138700309e-01 7.024859579784775709e-01
3.635310115684737831e-01 7.330794981981093583e-01
3.091678386162253211e-01 7.252343697689314084e-01
3.714456335472040571e-01 7.034778772501159017e-01
3.845205105910207699e-01 7.494823335861995339e-01
3.972211734449024867e-01 7.248290520387081770e-01
3.912744433927554111e-01 7.223746319494002144e-01
3.185498562448423887e-01 7.048065832344355686e-01
3.828363730560094824e-01 7.561303157362480043e-01
3.733121659504855527e-01 7.155529823391438837e-01
3.226314018444997878e-01 7.349498596124601768e-01
3.346098160240406627e-01 7.007135427887727364e-01
3.948129008046026289e-01 7.121179643656998515e-01
3.921629369285231093e-01 7.320174850306961911e-01
3.889264620220146407e-01 7.065167862090279138e-01
3.303194584361117681e-01 7.268489539924936071e-01
3.772171210710219547e-01 7.014121952101689539e-01
3.696778805476235163e-01 7.119646572619459102e-01
3.855353204761486352e-01 7.123473999900343800e-01
3.993512417546063453e-01 7.038833996097566548e-01
3.667231467424855174e-01 7.621872811464163178e-01
3.941092427004616594e-01 7.268962260408349252e-01
3.950106460805261621e-01 7.102797564041259948e-01
3.946433203850499005e-01 7.250195077116086129e-01
3.998504740868638052e-01 7.245216208815163927e-01
3.785054402886735003e-01 7.329891194411995992e-01
3.282315254539389104e-01 7.694304915412165657e-01
3.581111541343893201e-01 7.527083503989526747e-01
3.918367156223295789e-01 7.001197218818613344e-01
3.992509738651517370e-01 7.011009023226179027e-01
3.832563406616549262e-01 7.065392048782012102e-01
3.705466332495890303e-01 7.334761160344456243e-01
3.350430415974316456e-01 7.099444504879957041e-01
3.915449316426820592e-01 7.236534397611097402e-01
3.978153847392061349e-01 7.261734000308062154e-01
3.787570057460882267e-01 7.294170861196481725e-01
3.795342085087144435e-01 7.696485253921173664e-01
3.957665582437886465e-01 7.274813442494785232e-01
3.799557206871324033e-01 7.216798469513707737e-01
3.883392404959863375e-01 7.074325088186357302e-01
3.963431556280780366e-01 7.733804800238330834e-01
3.938269781300079431e-01 7.350190235029070429e-01
3.704032809981762653e-01 7.332350801162761389e-01
3.851791135362198637e-01 7.034319518627673018e-01
3.959293934669868564e-01 7.202410502548661775e-01
3.775071567888891311e-01 7.037205451820165436e-01
3.988364220619359801e-01 7.374075804988161620e-01
3.705984437471180892e-01 7.131332207142221380e-01
3.717061743511576033e-01 7.577147340457920377e-01
3.866762247457926627e-01 7.481912375697722384e-01
3.963375236841627514e-01 7.263516865593829808e-01
3.196144245119553196e-01 7.391937864879541964e-01
3.425748667465087216e-01 7.073561477640247785e-01
3.441246653740549499e-01 7.102937465529638450e-01
3.486294815360704291e-01 7.003387676175965026e-01
3.754585188342962065e-01 7.156404234000238729e-01
3.764260766531570823e-01 7.301198313350312219e-01
3.621132291027400196e-01 7.958541855664603704e-01
3.991856168428867813e-01 7.012513936120899904e-01
3.577287606107840134e-01 7.304055734828825974e-01
3.690639735054084269e-01 7.302710518571232656e-01
3.706393472432966130e-01 7.320750071274477744e-01
3.671707854354798184e-01 7.358383163426477358e-01
3.969190511168735891e-01 7.182463578340327892e-01
3.899549911521039691e-01 7.208057190312644469e-01
3.677430574451904799e-01 7.451810806427054956e-01
3.946490233163861827e-01 7.475233010072133144e-01
3.675549377955663610e-01 7.237441764336313144e-01
3.989677977383261354e-01 7.104796008654485906e-01
3.522151231668222415e-01 7.023492208040225115e-01
3.685257578540159784e-01 7.109289928379658452e-01
3.761604000943580828e-01 7.202194981671302676e-01
3.791595920700474576e-01 7.343047724138226373e-01
3.747794630601591348e-01 7.086578664099755231e-01
3.841930933125631831e-01 7.315308240785738381e-01
3.967343544059896976e-01 7.257938652310077510e-01
3.988396492693640494e-01 7.371233568944537407e-01
3.740524361816551790e-01 7.267490847334990844e-01
3.852121945123467839e-01 7.112380922874013134e-01
3.977282865532252298e-01 7.621091456561681632e-01
3.821247014937229070e-01 7.191432749928107215e-01
3.551965809233629257e-01 7.052872863234064260e-01
3.614712485155937571e-01 7.167081331013381851e-01
3.851301358907610606e-01 7.168751205160693862e-01
3.193469233928747375e-01 7.083516469137132177e-01
3.881710940053485492e-01 7.121403522232078176e-01
3.844851419168991979e-01 7.236359924927610043e-01
3.961979937752270198e-01 7.330478032565784785e-01
3.413017395141922927e-01 7.306373519950085660e-01
3.780065784430070019e-01 7.029077970589344693e-01
3.898521683230704582e-01 7.078866087623336689e-01
3.849187987506704767e-01 7.065150073493803307e-01
3.888117085718181265e-01 7.059147908802166915e-01
3.958820806512916568e-01 7.568153400313837320e-01
3.282151812992953888e-01 7.232093133361059412e-01
3.999246336392588974e-01 7.311792490412165613e-01
3.883911506324200236e-01 7.012072882038798971e-01
3.932787890577127410e-01 7.127296256498194538e-01
3.805733661939905699e-01 7.206869545936244181e-01
3.875495694362295351e-01 7.003364274917954768e-01
3.998655363001009655e-01 7.299869095610038716e-01
3.948313151374863716e-01 7.032283457784130887e-01
3.973446782010350287e-01 7.717937075896452725e-01
3.731165338120566166e-01 7.194818065580892430e-01
3.425142058523015232e-01 7.383257916555147071e-01
3.548269084840549592e-01 7.114694031604471558e-01
3.767219885022177195e-01 7.123653711499176033e-01
3.447974089006400344e-01 7.535365434357841341e-01
3.837415102547128143e-01 7.134061669894122826e-01
3.856281413323057183e-01 7.155276884106177571e-01
3.949576202214793996e-01 7.016141430668185741e-01
3.981379507119845451e-01 7.071028037713182890e-01
3.274099147961339051e-01 7.221964502573491318e-01
3.931838891463766972e-01 7.020844217561164058e-01
3.950197776803163752e-01 7.332098310372925365e-01
3.168163271878477460e-01 7.007267750057986078e-01
3.190001029659672582e-01 7.023365710200463186e-01
3.817931623731484203e-01 7.036476097933055396e-01
3.749821309736880437e-01 7.579104727846821543e-01
3.794531318732792258e-01 7.075598912836660315e-01
3.742977466099603467e-01 7.236608443494917386e-01
3.610674229696655413e-01 7.906485689371053338e-01
3.904824484610446844e-01 7.258257898576165879e-01
3.911452802574551524e-01 7.378368838494993032e-01
3.833328125334448666e-01 7.575315132661041284e-01
3.585412738562812063e-01 7.049876903489740165e-01
3.926458448688957548e-01 7.081086154538152044e-01
3.962384891072178728e-01 7.610605235986040995e-01
3.861073771757297934e-01 7.072284108216388976e-01
3.703897585662876413e-01 7.274789388516993416e-01
3.915264668726680664e-01 7.017899975954554614e-01
3.208412717312200679e-01 7.577544796866804155e-01
3.993460025501207600e-01 7.612710540515279511e-01
3.830081512633481955e-01 7.185981163151078377e-01
3.568926447270405200e-01 7.131392824675365505e-01
3.610349375179657816e-01 7.103695083108926278e-01
3.585317238751810076e-01 7.176208267234527316e-01
3.582189416179334951e-01 7.427281458594011676e-01
3.796669773614778087e-01 7.078746999871942114e-01
3.302907964367648441e-01 7.113810920879137800e-01
3.866524028395520451e-01 7.046261782143476982e-01
3.716774854835795394e-01 7.260250063524913422e-01
3.778000404493703224e-01 7.477917677284154907e-01
3.529032988607314070e-01 7.047134566387502908e-01
3.673631057101944819e-01 7.307995167555904059e-01
3.723222569004039917e-01 7.185234981604580184e-01
3.867346170616547951e-01 7.233588408041449203e-01
3.831037363746161439e-01 7.129012158060658022e-01
3.502720221163421743e-01 7.532091087034252785e-01
3.585284335700490987e-01 7.108335347853875774e-01
3.736310869304517723e-01 7.145769465043200208e-01
3.236128178846300885e-01 7.238701538599191521e-01
3.868540611408362029e-01 7.246513252004448402e-01
3.729705640801280198e-01 7.295751922062910788e-01
3.584060711960895818e-01 7.521585829755027541e-01
3.975464044209539027e-01 7.480850586060362462e-01
3.883451011995223134e-01 7.413465170895611189e-01
3.715120498408713834e-01 7.230261981743409949e-01
3.875802944523457083e-01 7.116888108868637541e-01
3.920642532167809557e-01 7.138979829835925273e-01
3.639105614523532872e-01 7.114808767415823354e-01
3.479777198411442285e-01 7.125648158293840240e-01
3.784503257649939334e-01 7.422733324373929076e-01
3.271191472610714968e-01 7.386353544805840388e-01
3.753290778297628805e-01 7.633061631219568710e-01
3.559646799215716584e-01 7.309810476394231760e-01
3.921686842436098441e-01 7.230298803065968727e-01
3.834152953550582499e-01 7.554554144095918522e-01
3.953123999037975178e-01 7.820233607940778597e-01
3.944021169149394268e-01 7.311964630630605200e-01
3.627936125552970181e-01 7.040728177532785681e-01
3.954667151681081072e-01 7.329154171981191457e-01
3.896134426697346331e-01 7.020550098143581996e-01
3.265351333538660805e-01 7.333056315337506126e-01
3.823488653883803101e-01 7.208661961339856150e-01
3.932799830402963215e-01 7.941126393106031633e-01
3.901367633995284079e-01 7.496998389046820588e-01
3.586226430470722537e-01 7.522968800910319054e-01
3.996350509801159245e-01 7.265617734777289893e-01
3.675225665541139719e-01 7.140200196726858017e-01
3.662065847874114155e-01 7.005427193105295824e-01
3.628969639536878677e-01 7.167214059287032590e-01
3.903756640278978063e-01 7.369472940154948581e-01
3.650206699213511818e-01 7.073557163274626358e-01
3.883594796830683316e-01 7.324619052262488772e-01
3.825029980187050205e-01 7.163701560405438817e-01
3.768034059973609518e-01 7.030667803089374335e-01
3.986696299477030525e-01 7.099884915148063635e-01
3.702299951601372707e-01 7.364460580704110804e-01
3.758477151207916256e-01 7.148614434088238490e-01
3.861669386344656063e-01 7.624497420036218109e-01
3.916472565070610590e-01 7.138300474359020598e-01
3.849445312193179869e-01 7.332489653652295436e-01
3.597005345106772389e-01 7.771123279129127370e-01
3.843967996796952558e-01 7.287517380999848360e-01
3.941000953686091823e-01 7.086101134134427104e-01
3.571273377054566822e-01 7.884255566830992157e-01
3.562809753557577008e-01 7.340553588661726803e-01
3.957697678356006388e-01 7.093906970295623671e-01
3.821148151733009812e-01 7.527548309673994797e-01
3.971415656289094542e-01 7.739846578024139889e-01
3.926796565005605810e-01 7.919356177463715563e-01
3.312933437431743178e-01 7.023044380069520809e-01
3.206548194029581467e-01 7.200071444606360727e-01
3.952885616505537048e-01 7.005864984088536751e-01
3.869639110310495456e-01 7.028791718453184512e-01
3.444536498827782678e-01 7.111058393963214375e-01
3.595384800245301493e-01 7.515797985599149689e-01
3.888155098953864353e-01 7.060122668520676381e-01
3.925594140958041933e-01 7.267100336670599958e-01
3.805840031717163674e-01 7.365534607861483618e-01
3.518147249136202581e-01 7.159168757449725362e-01
3.573245656729304720e-01 7.091092463944983493e-01
3.685952683444621569e-01 7.239713321558826076e-01
3.531063155813624621e-01 7.054525287146341528e-01
3.710990257417930982e-01 7.056957985958374202e-01
3.729219290081197125e-01 7.018731521192593803e-01
3.631177909229165168e-01 7.300751948192811813e-01
3.805218057932007181e-01 7.388786935920594878e-01
3.852367577603186266e-01 7.591232354567486462e-01
3.593511620309681742e-01 7.051016598683421677e-01
3.907177421811578455e-01 7.228156200972681855e-01
3.955222125464012417e-01 7.798857212681952200e-01
3.841794349022865651e-01 7.648520235591831362e-01
3.812309791664488245e-01 7.275003816329460582e-01
3.439372233642108423e-01 7.222951106272380573e-01
3.769495583801671934e-01 7.150705511374836343e-01
3.998495751526544018e-01 7.553752341418538130e-01
3.727411176523275360e-01 7.376664161015250576e-01
3.739301537099070649e-01 7.109495193079096165e-01
3.747053894964292864e-01 7.191355325370502038e-01
3.487103098492414510e-01 7.532425730180384305e-01
3.601746102656002702e-01 7.133024923434029274e-01
3.886196428944152514e-01 7.164975097608574650e-01
3.934311143917977871e-01 7.041178759894057837e-01
3.753847412359551106e-01 7.202073940146831443e-01
3.452414389964215680e-01 7.064214062153020279e-01
3.760641869822688999e-01 7.468501532946215660e-01
3.462064553095544617e-01 7.122852983391370074e-01
3.899893653055012122e-01 7.613436620548239553e-01
3.972274229298313197e-01 7.214697544702455279e-01
3.283095202823920200e-01 7.210723596231431998e-01
3.179013299264258352e-01 7.058467489280592089e-01
3.916356840830155228e-01 7.955988561812119553e-01
3.964417266360333314e-01 7.224848473927260040e-01
3.916732575775016545e-01 7.115442392369417668e-01
3.900525006074576639e-01 7.146572177830367023e-01
3.427407232759375200e-01 7.247600218872407574e-01
3.695089580704697951e-01 7.164284631314848939e-01
3.968961337350745411e-01 7.409439536379467395e-01
3.522299142695406449e-01 7.206726647108467887e-01
3.945621582345817391e-01 7.264916592592516320e-01
3.803041034631570172e-01 7.015517088445699656e-01
3.955234469358192007e-01 7.053980581039112074e-01
3.920849777100973155e-01 7.020882698782976439e-01
3.711119332972312446e-01 7.389179985206897339e-01
3.355998518649355167e-01 7.023558123631485905e-01
3.883322730319563321e-01 7.114007061576247404e-01
3.811197414432507813e-01 7.222574894345856755e-01
3.531941226437832482e-01 7.521479732897765613e-01
3.925758991606042025e-01 7.203420063557222086e-01
3.935807821198976653e-01 7.561093251704067431e-01
3.506957703841490082e-01 7.112847604344593178e-01
3.945987019634003556e-01 7.127087742152096173e-01
3.627128146221259009e-01 7.111686250113368191e-01
3.985884712886302306e-01 7.040903229507484706e-01
3.574875314234474688e-01 7.199789554607688435e-01
3.746510016339079652e-01 7.564492213172370194e-01
3.723816005621267688e-01 7.160137643683076591e-01
3.826022846316217141e-01 7.485587644313881350e-01
3.914381624553118222e-01 7.326295870855265013e-01
3.867692952572178156e-01 7.243989596211167781e-01
3.823330555660258701e-01 7.556221156178989373e-01
3.899118056594160775e-01 7.410755316231922851e-01
3.942913801832050313e-01 7.291813429392215440e-01
3.855966825641758966e-01 7.046908203752725308e-01
3.647768457500211170e-01 7.221915538155287972e-01
3.640212327645818702e-01 7.346006237438227338e-01
3.982753416119838574e-01 7.106804722892486881e-01
3.835672349255689895e-01 7.326872131365222973e-01
3.376419929785109963e-01 7.406235895967279159e-01
3.042844293127216493e-01 7.094715573890330029e-01
3.109172260886027273e-01 7.053516950698623944e-01
3.967037034254788375e-01 7.983234657602971129e-01
3.946766815728537936e-01 7.957565138065889609e-01
3.984248618143821918e-01 7.195694003881529799e-01
3.895753310504421751e-01 7.111028370135754617e-01
3.990469003345138432e-01 7.120356220336664377e-01
3.694960422406419198e-01 7.115872805714283933e-01
3.627374392537138226e-01 7.730685154551962812e-01
3.561699398029443131e-01 7.424340688836027491e-01
3.647603217843893297e-01 7.262823540906233610e-01
3.644339751768295166e-01 7.421841698483880867e-01
3.716146013051735419e-01 7.133025838910117544e-01
3.941722904159929985e-01 7.286720350168996996e-01
3.996097376714597971e-01 7.285492375356572570e-01
3.673942719100181664e-01 7.049992949003599518e-01
3.810369075575357756e-01 7.064561302900539408e-01
3.354400340193266494e-01 7.207032287817731753e-01
3.450087065092698468e-01 7.085892446692867441e-01
3.947896752810980958e-01 7.320196503991855952e-01
3.872526658085886919e-01 7.721815790609087848e-01
3.803860126214858028e-01 7.215690479571590377e-01
3.443570693924985493e-01 7.201785767745503275e-01
3.860124361598924470e-01 7.495101366336603954e-01
3.731027416738818547e-01 7.027514357458980454e-01
3.966228513618919593e-01 7.172777431295425110e-01
3.352848779491333087e-01 7.028386591237700820e-01
3.147883587147917162e-01 7.195947214069852160e-01
3.421663733684974229e-01 7.182778058033284507e-01
3.819876998091733533e-01 7.128802886535440253e-01
3.850313321469704952e-01 7.082909959612182504e-01
3.822312651094856295e-01 7.318900019043406147e-01
3.849191451842673972e-01 7.437761770054917010e-01
3.968681330889003989e-01 7.169135060722509056e-01
3.715472725671749021e-01 7.280525012312020205e-01
3.692194171883983467e-01 7.850425689770540449e-01
3.668841881934290505e-01 7.029197382234765312e-01
3.565390673050908843e-01 7.000965214154961647e-01
3.544658578752039046e-01 7.091275597177383316e-01
3.834943091042835039e-01 7.225307806480998352e-01
3.803761975460747680e-01 7.016458871441740852e-01
3.995065254688200396e-01 7.343389417734114133e-01
3.839210282516407613e-01 7.267094964842882865e-01
3.991172305780932295e-01 7.147572817577555471e-01
3.965336696789661941e-01 7.607214950212495275e-01
3.896346988931183586e-01 7.084076924359991034e-01
3.101457934370518421e-01 7.266792052412303082e-01
3.406394621457418115e-01 7.059564668517273045e-01
3.945586163719475570e-01 7.139296035583634348e-01
3.754723916409655748e-01 7.938662500289181967e-01
3.967443846969433419e-01 7.018784049730946162e-01
3.930135087158964646e-01 7.796115314031919485e-01
3.978936809145865450e-01 7.298504438644521919e-01
3.607212792225089615e-01 7.690527237780642178e-01
3.441229856351954997e-01 7.128445350941824410e-01
3.506299937646099041e-01 7.035097831398373636e-01
3.989956101355872642e-01 7.196802349390436504e-01
3.537022762875595694e-01 7.252660516105950972e-01
3.649788572528108177e-01 7.065915200001584573e-01
3.725579163139552952e-01 7.027252054605180875e-01
3.791776901530797828e-01 7.832322049671880393e-01
3.782662928640377897e-01 7.008721577406022973e-01
3.995830306387036512e-01 7.728562562404931446e-01
3.838843862348558789e-01 7.133088289336220189e-01
3.843305564420211873e-01 7.080748976793711513e-01
3.146328673039621160e-01 7.027627594822547508e-01
3.978174165237768345e-01 7.171548199520533240e-01
3.967670391188780621e-01 7.037410175817125912e-01
3.991098783146723727e-01 7.113751425886442048e-01
3.878221994403741046e-01 7.338200108188676074e-01
3.686318159448936926e-01 7.014467586833135204e-01
3.352800270716176367e-01 7.338554017120566542e-01
3.856815175773217752e-01 7.018062743332994513e-01
3.935275271743211012e-01 7.014538173925779496e-01
3.467449783477972725e-01 7.328141897997570986e-01
3.986503742143197027e-01 7.754553320912088710e-01
3.541465179613366709e-01 7.808963447774111000e-01
3.548170878467046263e-01 7.582370454012049565e-01
3.955430203460564842e-01 7.224622643093242536e-01
3.484897614102160368e-01 7.116328237886599961e-01
3.339080036101842452e-01 7.031109159091896155e-01
3.465021082039879685e-01 7.052211593954426094e-01
3.996638511329931309e-01 7.192312651511303390e-01
3.438715921816261067e-01 7.090965518845881999e-01
3.952219066986106255e-01 7.481324226883442341e-01
3.856692980892842959e-01 7.851007371195320994e-01
3.851788864051634009e-01 7.178138332003792810e-01
3.525711644265515088e-01 7.243517731680303440e-01
3.924522987597413026e-01 7.814112203916976362e-01
3.791086995268639903e-01 7.711395473126411160e-01
3.484351832868938237e-01 7.656826270486204455e-01
3.998348172251483534e-01 7.469615050733862116e-01
3.785471092285067618e-01 7.446977484381782642e-01
3.964677733297260476e-01 7.057643012722020215e-01
3.767068448459364727e-01 7.293438490393077123e-01
3.525738587670603774e-01 7.416150415185596145e-01
3.710283332247943378e-01 7.846005899869921141e-01
3.642778178325465355e-01 7.250994205259227998e-01
3.873423729748011191e-01 7.599362603573889263e-01
3.980105698884283671e-01 7.224678779289466224e-01
3.950490829879794719e-01 7.285325884061157886e-01
3.925896128789746475e-01 7.682297972067135827e-01
3.809805813415680920e-01 7.091042634085934493e-01
3.856176091723145793e-01 7.008692740719799641e-01
3.989750251835719186e-01 7.248253247913497566e-01
3.969014730159973192e-01 7.308317454012953629e-01
3.688864644942525528e-01 7.100344070142388109e-01
3.660129140681210314e-01 7.227328307343861002e-01
3.386873566711873229e-01 7.591268020829603502e-01
3.981304391497466066e-01 7.131747795963901959e-01
3.766574403572860441e-01 7.280282347942433896e-01
3.629189525233028624e-01 7.463152107058811380e-01
3.591197686844950776e-01 7.095947119982077833e-01
3.647232907772370303e-01 7.511400455065367909e-01
3.814770464537965422e-01 7.437661150627057349e-01
3.473646383893887468e-01 7.127459895213241747e-01
3.865398527569254838e-01 7.485369027562016608e-01
3.920547991104204044e-01 7.859703863685274516e-01
3.764969309317569568e-01 7.563690269177881786e-01
3.845272816865989984e-01 7.194275713292891394e-01
3.785870484517642187e-01 7.009717873836590618e-01
3.238529220710391066e-01 7.001599604203589955e-01
3.920534368279767756e-01 7.429035014172761242e-01
3.314537647219288341e-01 7.147436187047170320e-01
3.557243557389571098e-01 7.553337166461026042e-01
3.815107952283766091e-01 7.094855140579334751e-01
3.393664326664103670e-01 7.096725777296547522e-01
3.509042481636337474e-01 7.093362035744338323e-01
3.980644897828649054e-01 7.272086974407889759e-01
3.885021764250362608e-01 7.289309625291028327e-01
3.596056741115922772e-01 7.419735384894727837e-01
3.723159420270732989e-01 7.414813561440030121e-01
3.573091319616130690e-01 7.157626786272083264e-01
3.407151054437396187e-01 7.049087783970542365e-01
3.892644079147158376e-01 7.993101929786867732e-01
3.425617714259019952e-01 7.484068944654135302e-01
3.597850225977558547e-01 7.979892775877783784e-01
3.700312309445144554e-01 7.140471470330485015e-01
3.139852032716491381e-01 7.844854621867163313e-01
3.896236354038177252e-01 7.929879407746711628e-01
3.751090031659881086e-01 7.142526855452615564e-01
3.328850652866410242e-01 7.297070192485525242e-01
3.734723016198545076e-01 7.025726489969301714e-01
3.298786828951174588e-01 7.000912380064341356e-01
3.600118055592841371e-01 7.509694369171655559e-01
3.384390570151925015e-01 7.767828617244809664e-01
3.210244336839941925e-01 7.388048398497139013e-01
3.814975391043177733e-01 7.508326647423433364e-01
3.742829408816384928e-01 7.264647536068280509e-01
3.946521929243043125e-01 7.199536042053693574e-01
3.509330372669918208e-01 7.966506749797430675e-01
3.989534974080143903e-01 7.917664776110597824e-01
3.816849882830959384e-01 7.865635968406791134e-01
3.723794336235218272e-01 7.502153478727664471e-01
3.959297846434818302e-01 7.395286344951150781e-01
3.083425358852692200e-01 7.297973464253724174e-01
3.566936333816215221e-01 7.753142642781627458e-01
3.678505907375684281e-01 7.189263472656068910e-01
3.795062913514705705e-01 7.594993925752318020e-01
3.580546229685263038e-01 7.866985291729304830e-01
3.319344516400172806e-01 7.133082820852933992e-01
3.741851771519856817e-01 7.988019663112977398e-01
3.067062169757451273e-01 7.641466503622875717e-01
3.555486108504148923e-01 7.504322535927350213e-01
3.867570205853022580e-01 7.076586229005905615e-01
3.788718826541304097e-01 7.416676134481920979e-01
3.064893416385772174e-01 7.178390959828577778e-01
3.859222026861038879e-01 7.070215565230966170e-01
3.757390508360985981e-01 7.459012457200080437e-01
3.903232830335646164e-01 7.880071095699097139e-01
3.964586611833445517e-01 7.225028420817509733e-01
3.519644132957910343e-01 7.929930318512348197e-01
3.252910175868794496e-01 7.007981737514288323e-01
3.514522643843706051e-01 7.140018799289307161e-01
3.618595438586226232e-01 7.818847545840275082e-01
3.106230201972682292e-01 7.082430603917970746e-01
3.923719115824277903e-01 7.007246700948231988e-01
3.919030568399828884e-01 7.817895562933349085e-01
3.737496331821932860e-01 7.855984574813350552e-01
3.095143192379594121e-01 7.042630000814017466e-01
3.716550479724083922e-01 7.016968909948413380e-01
3.163299691261309832e-01 7.035542931686512569e-01
3.640355869581005099e-01 7.738914515231956059e-01
3.534661606515764332e-01 7.978955475730324931e-01
3.015720101442198597e-01 7.081146520750938311e-01
3.553295587673693801e-01 7.485920968877647352e-01
3.596631588816845970e-01 7.379161839282615265e-01
3.930850657076416788e-01 7.184201796549096741e-01
3.229180154635846733e-01 7.013258908609929509e-01
3.191042076536049765e-01 7.074392107752722758e-01
3.848619256358697394e-01 7.534815668918907194e-01
3.783135493184142661e-01 7.395676485518429821e-01
3.304945608329399875e-01 7.549156631769320391e-01
3.630487569509199819e-01 7.444350540436254215e-01
3.159513234896666467e-01 7.460056112714579246e-01
3.865466571008418506e-01 7.309643383454280663e-01
3.756464840996304733e-01 7.508200533332913817e-01
3.193473321878012583e-01 7.775477412584097525e-01
3.703334927181663461e-01 7.641574248123004232e-01
3.633438469545238192e-01 7.190935303713029692e-01
