3.635508472883440256e-01 8.446097987462720669e-01
3.808806230943084792e-01 8.185176315047708595e-01
3.961986152353972335e-01 8.081744987100000222e-01
3.803982748768581224e-01 8.274491005531077192e-01
3.145842759075038186e-01 8.081985417101172908e-01
3.789550082058599223e-01 8.248039106204697601e-01
3.903491698668151155e-01 8.304872041681248263e-01
3.946260158268296014e-01 8.128240744146665309e-01
3.787457501825609585e-01 8.185416924515140913e-01
3.705559733208811934e-01 8.004830169076688762e-01
3.882397730914995959e-01 8.317103507160963360e-01
3.434118599190489896e-01 8.027160532039371299e-01
3.985714930988492055e-01 8.135455514737731653e-01
3.897929114392520988e-01 8.073226136700658584e-01
3.552430778654094290e-01 8.707757645651396095e-01
3.642940847007836713e-01 8.122172920440976496e-01
3.140764906759915820e-01 8.146997672336394603e-01
3.684380779397873340e-01 8.835384448054749429e-01
3.417785667003225836e-01 8.286194340168386852e-01
3.836761758709064107e-01 8.059187370678261297e-01
3.336494370937174714e-01 8.354785395988897356e-01
3.916874233913385517e-01 8.397089158445385504e-01
3.405069515311555106e-01 8.007835285045389329e-01
3.620272588558381965e-01 8.006699488990427493e-01
3.358840033832515282e-01 8.052855223061197165e-01
3.698993369106085560e-01 8.500773340003906497e-01
3.062917783821874074e-01 8.155180537365667170e-01
3.457339604386301390e-01 8.370436371983456247e-01
3.781795874677703617e-01 8.506499141975316647e-01
3.082997628316317962e-01 8.268336509317913974e-01
3.769255703157394777e-01 8.314341044987744178e-01
