4.251657285920980578e-01 9.011876453393888320e-02
4.441175187793770518e-01 6.399967737900200127e-02
4.446400224233474363e-01 9.819342505519709774e-02
4.235763566772589028e-01 3.468318982649831739e-02
4.010468188527430144e-01 6.635098705859115986e-02
4.767778093404838047e-01 4.709881973441840119e-02
4.581359562468070301e-01 2.793094289145592324e-03
4.702579771180402379e-01 2.545597027813928381e-03
4.825601867085289598e-01 7.435269539995895127e-02
4.275936316714930574e-01 6.486586894571927386e-02
4.251362748295243188e-01 5.704089283408342315e-02
4.789441615978849986e-01 6.995835524664939520e-02
4.916412114889783247e-01 3.054895035771248990e-02
4.704267723620208508e-01 2.822255199509038359e-02
4.577354187011510311e-01 3.263056400546748836e-03
4.832072789756468034e-01 1.262543862594633914e-02
4.492305966341507140e-01 2.834630777901803178e-02
4.101225254264184161e-01 6.635756347447319126e-02
4.755504912422988673e-01 9.486305108261922081e-02
4.934118145705510550e-01 2.036644576942892026e-02
4.917127413836896999e-01 2.989590550006909764e-02
4.991212845646697538e-01 9.450565847984657153e-02
4.936954529813890602e-01 8.820596759067986237e-02
4.049565608941662620e-01 6.983376539617019985e-02
4.873262663981171583e-01 4.136402791912396903e-02
4.880019240379800949e-01 9.044288495213650969e-02
4.533293652741401947e-01 3.229080351127910919e-02
4.049958571444043920e-01 5.037032942574279359e-02
4.935431423038388887e-01 7.141954493236518653e-02
4.305455723171033311e-01 9.856134602173871606e-02
4.457337228380688909e-01 4.554644350779371575e-02
4.850717697520867677e-01 5.037499403166120771e-02
4.396275646090712641e-01 2.362278116581489895e-02
4.327856659463478750e-01 9.442143606964240043e-02
4.779803235557674168e-01 3.966891940685113305e-02
4.739006842923776386e-01 7.855603880441919262e-02
4.961058664318014344e-01 4.692088618916279152e-02
4.615744587859999526e-01 5.719088051763288050e-02
4.906140284543700769e-01 8.973152769510694959e-02
4.145375443824856343e-01 5.365490280638735010e-02
4.802190086889298604e-01 2.019653857984082812e-02
4.770961621359617877e-01 6.904575113719718660e-02
4.710786294425208798e-01 8.560851204568636907e-02
4.321750763057145561e-01 8.778607577871955225e-02
4.596008171558532696e-01 8.738103912811601148e-03
4.357463088027972997e-01 9.772412788821022156e-02
4.315348279805161780e-01 2.533768223993604352e-02
4.753605164306909936e-01 7.923205455217099957e-02
4.034177113367002909e-01 4.733157293851009140e-02
4.665822524310138664e-01 5.806603333083026897e-02
4.741642838674122729e-01 9.561058954871906601e-02
4.925537793547748455e-01 4.566290103731948657e-02
4.587051791352342311e-01 6.710614140628073931e-02
4.839975197974385468e-01 5.373389253251922848e-02
4.664365057575818874e-01 3.891346064703005148e-02
4.069941045982664596e-01 4.046635064422227090e-02
4.505344769851373776e-01 7.850500249701436450e-02
4.815773675241047380e-01 2.356880804220379266e-02
4.728681771970671965e-01 9.208057324974636138e-02
4.873419551442892961e-01 2.146697378841411208e-02
4.184323081824162793e-01 8.657315404015217264e-02
4.803896703214215469e-01 4.624122983508088813e-02
4.779932754144783358e-01 2.259333464943519276e-02
4.397185217174989225e-01 2.286157813264205751e-02
4.556714218248796300e-01 6.797721558217487137e-02
4.897159172258642723e-01 5.194505041477026630e-02
4.340462269969373454e-01 5.651146352501473791e-02
4.883660638991185188e-01 5.901271504671362633e-02
4.963149073943153300e-01 4.153282920696133029e-02
4.804290616823093663e-01 1.408973730531437596e-02
4.990431706866146344e-01 8.181128520435584917e-02
4.566595359879224159e-01 6.956846218999548914e-02
4.542059405185834287e-01 4.008260804971380820e-02
4.153802053534735861e-01 4.771876571361144403e-02
4.165195517316745422e-01 6.642280489696641976e-02
4.654552073059330941e-01 2.531402570184748679e-03
4.649927711255361640e-01 2.623979483283034320e-02
4.469268523368770119e-01 8.868231234719017864e-02
4.267230355060041003e-01 6.361782294328405252e-02
4.032976626966178757e-01 1.990043048375061963e-02
4.035605461715576214e-01 4.327496871195585237e-02
4.015218184807694546e-01 5.087268701870217846e-02
4.155280099904094526e-01 9.938725687064839387e-02
4.826887390321918936e-01 6.891908807332222664e-02
4.679650493083508112e-01 2.699431138761143600e-02
4.396304648815432814e-01 7.242305671420301572e-02
4.241299447910769072e-01 9.604002476668535571e-02
4.464999390299660975e-01 6.845932432842125048e-02
4.090705549094729165e-01 7.816359753550838896e-02
4.461926872896361806e-01 2.371005571428108638e-03
4.718078287420359729e-01 5.385901582113716834e-03
4.042946870897136669e-01 2.006505179924422677e-02
4.589329813331616270e-01 2.612743448638404908e-02
4.784773645883924620e-01 9.544108830819489353e-02
4.416836450628990884e-01 8.217536888259335814e-02
4.843395836643381580e-01 6.804185430495046649e-03
4.263372202070278560e-01 7.606149537549330986e-02
4.217271084434241479e-01 3.273767496049440062e-02
4.015580093908530102e-01 3.289220073089049734e-02
4.374462341430265244e-01 4.232034311055199449e-02
4.560886374532258092e-01 6.957780527664214620e-02
4.963318057465730959e-01 9.913160790820230162e-02
4.780823546205907881e-01 6.428211345871459592e-02
4.566234602185611502e-01 2.019721013259528908e-02
4.386396579192304856e-01 4.218897396744730743e-02
4.792248421473213615e-01 9.901089385122965880e-02
4.769859842064891886e-01 2.488779717278505332e-02
4.368571899266702196e-01 4.649602818737014198e-02
4.735183573375366106e-01 3.785898451708463730e-02
4.738058300264640366e-01 7.829095091668181183e-02
4.617510460755698265e-01 6.539345234885921010e-02
4.361541387022372929e-01 2.363815053391438159e-02
4.760673542158868621e-01 8.656763242951195925e-02
4.771981804046494524e-01 1.028397700026628669e-02
4.271982369113287437e-01 6.108481359820408518e-02
4.102036566849361354e-01 9.862906734548726462e-02
4.186150008149101542e-01 1.238793048030861765e-02
4.219587169934179705e-01 1.637140370452960791e-02
4.958352886088339684e-01 1.635973143973462607e-02
4.592437384079043339e-01 6.063517476768215397e-02
4.589162557268748888e-01 3.415628569009460103e-02
4.282148855877930260e-01 9.243101015929652831e-02
4.976378212956229508e-01 3.702996008320458277e-02
4.582724795059879286e-01 2.570197015300451637e-02
4.818629244236899423e-01 5.735044001246356049e-02
4.772302860724023654e-01 6.064763900966557708e-02
4.931577575441782324e-01 3.216217069840415776e-02
4.113953405608994363e-01 7.847132239067877713e-02
4.830637006148776891e-01 5.973704412076397130e-03
4.232604592605143656e-01 2.385392817628662065e-02
4.047787635960677921e-01 9.374453340407498669e-02
4.610601325205032630e-01 8.227940959769639018e-02
4.784210685111859318e-01 7.350030185841568975e-02
4.255956721389700936e-01 1.157117338043950339e-02
4.016157238485574266e-01 8.992952281993210617e-02
4.234076400308406929e-01 2.939562363102382614e-02
4.653464585026590994e-01 8.842960017404558060e-02
4.412688741618656096e-01 9.414009633135825283e-02
4.215938288487471319e-01 2.548961129198118458e-02
4.022702302842915412e-01 9.836234439872526547e-03
4.113606118712301307e-01 3.972600969601602916e-02
4.968426530323657997e-01 1.629842277384907501e-02
4.370455873636081567e-01 2.903257325380925735e-02
4.499252515465396729e-01 7.945277661572655581e-02
4.800887369925919135e-01 1.587546367968345473e-02
4.501835499028437049e-01 3.146334919540122455e-02
4.649800795218036464e-01 3.393521128643289808e-02
4.220817197185542380e-01 6.249129962252719661e-02
4.753210472681197452e-01 1.264033250856055890e-02
4.874548245026952276e-01 2.191752365336541164e-02
4.407802612874969217e-01 8.935602385534796577e-02
4.177399420260920482e-01 4.756049474394699605e-02
4.145521567577648558e-01 2.065510474689974396e-02
4.988050404855225439e-01 3.509833388701022461e-02
4.493590843597400908e-01 8.599264478881610274e-02
4.545387467397081771e-01 1.737391047716341230e-02
4.342217539848445274e-01 2.172716287726933482e-02
4.702659113109286526e-01 2.458847865202518079e-02
4.994885581300680943e-01 1.086576212023537824e-02
4.268387709248005479e-01 7.112928400960966124e-02
4.742516289019653164e-01 9.801137530971809619e-02
4.639479392156816706e-01 2.255230481359599137e-02
4.509428036137473894e-01 3.411866558591086784e-02
4.774285007383635149e-01 5.586911446783474067e-02
4.121787997354411370e-01 5.679147780304882875e-02
4.371958905884864022e-01 7.764603180939827487e-02
4.136251959168486536e-01 1.247755783901599580e-02
4.659516973762581893e-01 8.122216045954172570e-02
4.863290158786016670e-01 7.446989787677224526e-02
4.847680117675278177e-01 6.717177162513171540e-02
4.426836545874779372e-01 5.428809374045398539e-02
4.298244997070664875e-01 5.586934488312986224e-02
4.519217128670252048e-01 6.008151833184122159e-02
4.079069157725683237e-01 4.850304088288437399e-02
4.821742829169273215e-01 9.735093965058028154e-02
4.533817630894974582e-01 4.497738138984355705e-02
4.680671672894977098e-01 3.351584060351786576e-02
4.391901025242944678e-01 9.979098318100412812e-02
4.116519264728699667e-01 9.299815397691063579e-02
4.527886687317120296e-01 5.424719071144934457e-02
4.601557808499281421e-01 8.755394928594570358e-02
4.646058697098490176e-01 4.467975872246951474e-02
4.740592351305114027e-01 5.311284126644985615e-02
4.098987071191996789e-01 8.855247939322308248e-02
4.186810100790733236e-01 4.846578172622353908e-02
4.312793281328161088e-01 4.730507645742121348e-04
4.300151486707597948e-01 8.144152765668832838e-02
4.912822339007818506e-01 2.245958582156759586e-03
4.855737728713889756e-01 4.930943830679385131e-02
4.359178469024423963e-01 6.338739105028820542e-02
4.233419147621388379e-01 6.217052860929350722e-02
4.521936177519477740e-01 3.714653687059493725e-02
4.556379501362279871e-01 9.486834281709571881e-02
4.882579468796436339e-01 9.750064921706677601e-02
4.511910590811608612e-01 4.876472888399205341e-02
4.393834330877171568e-01 3.775217818545800741e-02
4.790715933602905929e-01 6.201286411028261725e-02
4.628388906927269897e-01 9.539776594542145882e-02
4.123003757007582815e-01 8.058322480578125613e-02
4.892365275082305454e-01 1.386839381947396754e-02
4.124514784659368272e-01 4.244380474863940211e-02
4.518470459418452156e-01 9.900677955932093988e-02
4.369513709507492627e-01 8.768950426604554815e-02
4.739055270266858688e-01 2.012835747432123457e-02
4.290178485253022256e-01 8.881948631813990636e-02
4.957274365651427317e-01 9.950984488450234644e-02
4.150150269906169864e-01 9.550505355061164603e-02
4.949983817364906336e-01 7.865578946749179901e-02
4.212406298028265605e-01 2.579047281692387061e-02
4.869152643072445774e-01 3.050605161591324332e-02
4.399292764430525748e-01 6.922800384449681599e-02
4.519658427655949828e-01 5.106584421219767522e-02
4.229894401145924410e-01 5.363728374227660911e-03
4.910857279031706213e-01 5.062881665095170236e-02
4.924794055620533850e-01 2.877017798320802289e-02
4.387496305057951296e-01 7.472904144855188613e-02
4.424380632607525232e-01 2.025513046548610419e-02
4.478408719732351329e-01 2.324969222853356943e-02
4.304618819573860500e-01 8.800520613725842933e-02
4.646531622960354269e-01 2.801380274645220991e-02
4.958817691423352270e-01 6.959331796109580193e-03
4.362777539343739019e-01 7.110935272339410917e-02
4.638047534097758939e-01 7.317549857282829029e-02
4.937988156372762338e-01 1.208312615166357018e-02
4.050679143147145056e-01 9.315037062347494845e-02
4.812892125303682711e-01 7.268943448430786880e-02
4.091128786560674913e-01 2.857054718048013253e-02
4.424403840905974938e-01 2.935037002034740494e-02
4.559067393847858751e-01 3.086533577942363049e-02
4.376486127542185134e-01 1.863356606407573501e-02
4.156014201581660350e-01 2.386239413288765432e-02
4.446689388061418891e-01 1.653023980997869735e-03
4.575314436403420948e-01 8.181274947359121197e-02
4.436534611686315799e-01 4.307016093783255783e-02
4.282236115823446765e-01 7.067658663219167359e-02
4.076609282635936804e-01 6.363671791685154844e-02
4.310175888609160122e-01 9.383715875241407933e-02
4.749170287869307616e-01 6.576269042295437850e-02
4.150520385297045700e-01 7.092963585913325542e-03
4.407651134547087568e-01 2.438333039098777855e-02
4.720008779483828576e-01 4.982983447880118266e-03
4.211313860803160281e-01 9.139798962844986052e-02
4.340704099317058140e-01 5.346368849882843222e-02
4.038405301822774462e-01 7.645522528747206170e-02
4.423317475626700745e-01 3.364441503801246514e-02
4.328560217000458898e-01 1.050897454372368145e-02
4.478742620112647899e-01 1.722462994372286893e-02
4.394920214775797085e-01 3.060113522742774483e-02
4.992002122938539177e-01 5.211190542470062192e-02
4.036853949194937341e-01 6.195561294482335168e-02
4.271681886340005785e-01 2.305908269164386182e-02
4.148734843784497861e-01 2.808022875607163460e-03
4.795457999055255938e-01 8.639479755198012367e-02
4.435971143733649091e-01 2.976023515070419512e-02
4.383327659464225645e-01 7.201641877627115718e-02
4.076568097646997568e-01 6.293980302034260510e-02
4.717151439650038025e-01 9.354709624030446702e-02
4.380685939772240300e-01 4.271599559871802620e-02
4.116870913596979986e-01 2.204550645820663179e-02
4.422275455321063031e-01 6.857524181905252925e-02
4.875019895377715740e-01 4.966607032993511361e-02
4.182903570604853405e-01 3.691190941385918967e-02
4.556930620455438286e-01 6.174897462314704599e-02
4.856238170518616393e-01 6.910869927983967487e-02
4.933336344205417334e-01 3.381319921832509623e-02
4.342294857276489117e-01 6.786437511128287636e-02
4.400640776661342013e-01 7.135132405199096084e-02
4.927925484900160247e-01 8.064139703398623404e-02
4.077268702274943202e-01 1.711737991685946536e-02
4.922960598010429067e-01 6.811549120129745116e-02
4.278974734584527484e-01 8.442028404447673995e-02
4.296838418441937812e-01 3.119511300691546474e-03
4.749286752831974878e-01 6.574382806848816374e-02
4.058504584912301927e-01 2.460270271737624581e-02
4.602670542016270572e-01 3.650617521487725670e-02
4.645930451339485567e-01 6.408598072343585361e-02
4.862814279519722116e-01 3.438244510376881058e-02
4.703891460063498453e-01 2.897137263881555125e-02
4.713922690921664715e-01 5.667900283128923800e-02
4.337048530849867967e-01 5.370629987610561762e-02
4.482950535214308418e-01 5.976595495827435878e-02
4.588817129690083707e-01 4.981347589323717462e-02
4.446131884415909230e-01 4.842883307325665521e-02
4.615612019600975335e-01 7.311628533129113650e-02
4.018809790071485311e-01 1.283336959451714110e-02
4.145429030799401282e-01 1.835575908734637940e-02
4.831937737785998443e-01 7.250316064657644222e-02
4.200137680099125803e-01 2.588072265749230549e-02
4.093970535046309034e-01 2.561873354589189189e-02
4.085217407429376224e-01 9.961434146487654906e-02
4.487403685046424950e-01 1.174190022496046648e-02
4.710950996717263584e-01 7.773301490326658958e-02
4.807731581947671806e-01 9.533924794179113316e-02
4.742434090445169503e-01 5.492830007338839193e-02
4.596921378547594861e-01 2.595988688039341241e-03
4.605569986791860360e-01 5.727595612728073049e-02
4.738120370863964093e-01 8.136887129030637156e-02
4.688302157223662725e-01 4.546074085911733231e-02
4.687554930311614299e-01 6.963184622883344943e-02
4.280513713573410040e-01 9.850969773036466481e-02
4.325671788294510045e-01 1.585424478357422284e-02
4.945843101874481396e-01 1.708273616819239171e-02
4.710253426368722351e-01 6.461653072282080856e-02
4.275093790387552439e-01 7.507104299415870430e-02
4.116052107063949972e-01 2.044749253230537800e-02
4.915737903057361136e-01 4.962214287874774921e-02
4.357831656682636945e-01 4.352518723071241435e-03
4.091559365766348488e-01 8.790270650674233965e-02
4.528235756242575127e-01 6.683909978922641937e-02
4.926200821343423852e-01 6.380982655413347526e-02
4.536340944650621987e-01 5.114834293028017176e-02
4.352341117577141483e-01 3.283409597198233554e-02
4.138383504335444441e-01 5.526848438217871196e-02
4.926346021397886021e-01 6.370255013952219603e-02
4.411225648433647617e-01 4.928962517075308192e-03
4.808067594394951905e-01 1.376133081960095872e-02
4.583817512308776543e-01 2.550357779721673657e-02
4.892321216058834743e-01 4.375683627322374258e-02
4.266862603866783954e-01 5.016000805826392739e-02
4.781190259131951059e-01 7.776900736491548782e-02
4.364011013456844390e-01 6.860414760510658017e-02
4.378745904455789151e-01 2.366594329092869264e-02
4.123800665688565070e-01 4.099024466220912988e-02
4.974317119320074143e-01 9.416026985429429286e-02
4.126675575232859328e-01 1.606271368376155362e-03
4.138197811568372075e-01 9.720039275804395751e-02
4.947543326382560225e-01 2.747249443602067798e-02
4.586418684188711126e-01 9.675168382276833068e-03
4.345787738704398606e-01 3.007106145089299964e-02
4.016723658217390969e-01 9.595215383504726581e-02
4.051735343524174304e-01 5.707191270166236952e-02
4.778149441056793179e-01 9.585086358647698646e-02
4.352061189548023235e-01 8.066090574731557550e-02
4.727982393730507660e-01 7.737248783165009969e-02
4.823954931031171345e-01 6.800440492250697799e-02
4.450887093711102249e-01 7.418390042137690266e-02
4.482523109908511660e-01 8.023561210162735713e-02
4.443217003993252812e-01 8.577708891547730641e-02
4.929638832841915508e-01 3.933362399396789222e-02
4.022908786666669623e-01 2.907756158163710136e-02
4.780642164050282750e-01 6.895981404479556431e-02
4.977708931963352734e-01 1.115499410059278551e-02
4.687079350247675968e-01 1.487841899471586959e-02
4.722411164756665225e-01 1.550801527086115295e-02
4.609710480706180058e-01 3.288645094696107662e-02
4.737481832440709750e-01 5.564553634887389744e-02
4.677374802634966522e-01 1.078373987785735677e-02
4.102564931557606265e-01 2.984599411207888853e-02
4.542536500815507750e-01 4.211225038501426043e-02
4.354014469956831168e-01 8.801566063378563065e-03
4.141696507987633336e-01 6.863967308675186785e-02
4.339428130141561035e-01 7.745668393073992797e-02
4.448296592494223045e-01 9.881292989772383351e-02
4.281760488532632691e-01 1.637809764394848600e-02
4.505245922626281985e-01 1.024747690633687203e-02
4.286327910160704358e-01 2.783709230801562073e-02
4.860126405548592654e-01 1.988017600694030884e-02
4.912154247116443107e-01 2.711152270758243610e-03
4.070908967336332451e-01 2.296039988196585391e-02
4.134774378829978447e-01 3.439228897212420755e-02
4.796172693506070006e-01 9.110647973357410834e-02
4.590461408616127725e-01 9.645617466158420972e-02
4.224803866961161503e-01 5.510443579285456694e-02
4.784128342912499221e-01 9.750691561524180151e-02
4.248454530078542568e-01 1.927528594349436908e-02
4.648957152995503161e-01 4.121628413795613843e-02
4.218053884342354842e-01 7.270739728202929575e-02
4.031163191603139850e-01 8.317770160599410878e-02
4.366299926334833437e-01 1.483651640607519528e-02
4.811462254880585210e-01 5.911255802579132301e-02
4.962651899617479545e-01 2.909645136591942904e-02
4.089834405357100078e-01 8.970608686407754995e-02
4.229719417785688940e-01 6.001478983482297358e-02
4.958130037668622703e-01 2.212799761113715125e-02
4.178753398535219876e-01 2.361761724401834073e-02
4.084289477125355727e-01 5.350609639635967030e-02
4.678438609071792209e-01 4.544903995451785028e-02
4.971140812934874420e-01 4.778202582944338084e-02
4.794756813410754881e-01 6.807234190946304109e-02
4.924006587550737168e-01 1.557102863278231331e-02
4.485349403882652464e-01 3.741761978871976924e-02
4.984218305318787179e-01 3.680054202078081316e-02
4.798378098827172922e-01 8.178544132152704149e-02
4.372535394216638949e-01 1.367934169445600423e-02
4.300937689811953901e-01 3.859364038419160758e-02
4.280083335048687765e-01 4.753617791435738038e-03
4.992048252194216107e-01 8.704045094832377205e-02
4.516217861844578074e-01 1.503728032865248032e-02
4.041186886601367267e-01 1.080603457523865440e-02
4.132673731655220339e-01 1.756775133895227547e-02
4.096894211068853320e-01 1.357025416487273040e-02
4.145288902583372237e-01 1.310590984656578861e-02
4.094867664185634082e-01 8.011958422119896950e-02
4.307578237805345656e-01 5.132793415177722141e-02
4.924378548556360702e-01 1.177926469276152632e-02
4.531512374059459280e-01 9.354866115620383282e-02
4.686175215381849779e-01 1.933090768427114803e-02
4.871729361590793062e-01 6.087647393188491685e-02
4.750818691077727252e-01 8.274388863582782250e-02
4.264659390463279021e-01 6.645836579572411695e-02
4.585549874312598306e-01 8.492917922431880706e-02
4.240823635880951459e-01 9.143852901583110482e-02
4.159324189111370806e-01 4.527557928689993072e-02
4.139611161267415795e-01 5.598731956553770761e-02
4.316526704899060762e-01 4.618788608596760548e-02
4.380315461587826475e-01 2.340563140584783763e-02
4.052995258070117846e-01 3.762756074728867972e-04
4.653066399540898290e-01 2.230596094708148236e-02
4.198830456157938706e-01 4.438314700163384363e-02
4.024797911087980018e-01 1.877967145931325188e-02
4.917871181815375303e-01 6.092688232727946906e-02
4.394724336047696189e-01 4.867334962505132090e-03
4.961973791943717904e-01 3.184401415776383359e-02
4.320769451087513313e-01 2.184874666558378475e-02
4.375194398284909525e-01 5.466046292418977326e-02
4.182127992959611684e-01 2.095992525431711329e-02
4.477449886511549737e-01 1.282288410465987072e-02
4.341593437734106442e-01 6.151862320404180573e-02
4.619279212404632240e-01 2.068257540888501778e-02
4.058562592149562165e-01 6.461957281131783248e-02
4.050199247062903907e-01 5.722551132675016139e-02
4.913450042418681107e-01 6.782678416237775121e-02
4.784860862309988638e-01 6.183178229651076219e-02
4.230884415611763649e-01 6.521877798587352726e-02
4.539980167618875573e-01 6.691494333313016685e-02
4.654747942089763058e-01 3.128753744024354022e-02
4.928534583018687742e-01 1.079496386843270539e-02
4.244392102398977240e-01 6.995101468407816103e-03
4.277732982962497710e-01 8.365629686655345898e-02
4.694248461009946638e-01 9.253475571818647882e-02
4.410662484771670222e-01 2.272379898227316897e-03
4.081136548991547430e-01 1.917380097480525514e-02
4.357603134239877440e-01 9.491870419135117753e-02
4.113442077764315474e-01 8.271649966838975909e-02
4.538313408699560236e-01 2.309808049690370568e-02
4.554119048288340910e-01 1.883746801736341236e-02
4.049079350413751222e-01 4.512698985421675912e-02
4.189136475393050452e-01 5.738496659255457044e-02
4.292287586077700445e-01 7.115681625119268938e-02
4.105294901677216668e-01 9.899348013587480621e-02
4.924515996969875409e-01 7.564616084226152837e-02
4.112321863304293501e-01 8.841854241997676445e-02
4.631573459324972442e-01 9.392326895460276215e-02
4.606261282486834308e-01 3.364873873386664549e-02
4.093466034357132743e-01 3.569669400879599275e-02
4.061330191529756162e-01 1.845752000629302669e-02
4.918479850113778862e-01 7.299283944058732043e-02
4.630357686782208271e-01 2.768272415817840670e-03
4.594449538163215552e-01 8.821322353739294297e-02
4.906003538129471986e-01 7.068493259632435688e-03
4.579919461814752069e-01 5.281432095358656875e-02
4.832176965430327042e-01 3.003157642352893841e-02
4.109777319241596505e-01 5.001072849453724878e-03
4.054016986968188019e-01 4.917629667100248403e-02
4.922098789520499840e-01 3.600697156705345847e-02
4.428908618589912916e-01 9.016031048125031089e-02
4.101804206270846520e-01 1.327562612543520260e-02
4.337701821163031379e-01 5.698462758731825950e-02
4.021170549520525217e-01 2.482265030765568037e-02
4.330595598432586124e-01 6.510707344892235904e-02
4.619438660455063017e-01 9.706968096734683304e-02
4.104414457146873807e-01 3.538402293030373791e-03
4.962479521414780992e-01 8.475662083389162715e-02
4.267215166928023939e-01 8.590853714421245457e-02
4.271500145097270607e-01 6.399890846968256386e-02
4.930372124210975482e-01 9.621203306112521836e-02
4.789557298182798295e-01 1.940047741050299202e-02
4.117900554488334031e-01 4.809862319905322536e-03
4.451277347937132589e-01 8.074453296325723173e-03
4.455124951426202573e-01 6.431547396048059584e-02
4.195422446717485543e-01 7.252554817075465565e-02
4.952925217878873521e-01 9.580578976834330795e-02
4.542867145438252985e-01 6.163945947034768502e-02
4.052767826232862580e-01 2.981402352940554223e-02
4.306880842817049082e-01 5.137984965495115408e-02
4.451791377309378683e-01 7.373564584692515744e-02
4.149949877687831301e-01 3.071881640722484708e-02
4.677641807798820772e-01 3.409677282716150337e-02
4.619869212587761620e-01 9.383139664596898410e-02
4.280277661201823958e-01 1.811467633328472937e-02
4.352922818657865567e-01 6.314008202755416743e-02
4.334807811596513294e-01 6.837624476297418652e-02
4.847082654021279691e-01 5.115497606695840194e-02
4.642297164873097626e-01 4.940424540176177604e-02
4.997881340256843385e-01 8.314219062487568368e-02
4.381797202062161500e-01 8.846522499009501495e-02
4.436407504700469184e-01 8.478726035817141238e-02
4.549003560933661539e-01 1.482392794898607091e-02
4.487734588120209089e-01 8.168716276301335455e-03
4.033842409355827274e-01 6.516080164060422675e-02
4.076350719050865212e-01 3.708158150994195212e-02
4.927748554561195982e-01 6.064795377823223310e-02
4.152504194080855471e-01 2.598020388417582316e-02
4.735075789443574656e-01 9.530369077696723701e-02
4.294262053255227807e-01 6.816896274567010861e-02
4.780928575134787417e-01 8.926528054162238823e-02
4.367568659683873089e-01 7.630629267831379181e-02
4.791547668145210159e-01 3.644093125551944867e-02
4.221687023096032387e-01 7.817268180068004391e-02
4.331452598030968160e-01 1.321798145465452601e-02
4.836739961805948118e-01 7.513088053136901534e-02
4.937905241723743455e-01 6.985969527610208507e-02
4.993085480368975593e-01 4.521036776758341480e-02
4.888984698653768834e-01 9.505717620465631290e-02
4.223857923517070345e-01 6.082249631067618290e-02
4.357092361366626254e-01 9.512881206212589480e-02
4.683043298445890290e-01 4.297099762235628839e-02
4.897238237491380319e-01 8.386050370844330692e-02
4.365760439991779873e-01 8.261872229223238273e-02
4.497473950956822342e-01 9.051994905977309158e-02
4.344634993672625289e-01 7.575122429912786726e-02
4.105882756407970291e-01 2.053134734671052675e-02
4.404333007794922206e-01 2.694674170078392716e-02
4.553397968966731435e-01 5.867946293924661272e-02
4.565531814684326561e-01 2.830366964763819659e-02
4.823750883972643400e-01 8.272851575563031079e-02
4.271074012061619185e-01 5.246484158051667457e-02
4.493152656500187803e-01 3.715640172216150283e-02
4.743177423960937000e-01 6.889233298932659344e-02
4.736261084519590714e-01 4.286258283725619123e-02
4.082915068370512324e-01 1.618051121882968513e-02
4.617601612992360272e-01 7.863711443876245100e-02
4.857735373053677641e-01 5.089948924377360462e-02
4.520250977570143824e-01 2.690067351692287945e-02
4.516673102524615957e-01 9.409505795855094279e-02
4.272299924093485024e-01 2.392977777729271560e-02
4.269881096398052134e-01 6.974752035846393250e-02
4.612962050321670615e-01 9.443286832943809106e-02
4.010714920313278031e-01 8.948418971270938327e-02
4.615338585718190001e-01 8.876406060139971355e-02
4.177139693595027237e-01 1.791822737409554112e-02
4.321571685578174948e-01 8.898201296356056389e-02
4.974280733223793716e-01 7.617243869783771326e-02
4.352516048357739087e-01 1.329710675495154870e-02
4.254466765069955247e-01 9.575295271617684234e-02
4.249519967223809314e-01 1.283137167261644285e-02
4.503697468503555235e-01 7.273201522332517488e-02
4.077666937787056134e-01 3.450803012184111562e-02
4.646439666536508195e-01 8.461589260435942172e-03
4.366492425593667681e-01 5.970588794089487505e-02
4.623153160580732446e-01 7.841223031413346867e-02
4.538195606691785011e-01 6.813089382485926215e-03
4.989988955751325506e-01 7.146256158347941145e-02
4.556508997988911736e-01 1.291991998033603650e-02
4.675173041854622791e-01 5.735373596388118611e-02
4.150030372832253511e-01 9.228656314606853428e-02
4.742892378994013614e-01 2.051222647091760498e-02
4.809929433859778114e-01 8.822399991125934315e-02
4.610828385082686998e-01 9.739426051050636968e-02
4.466521788091992740e-01 9.115486871880773556e-02
4.022997859466274639e-01 9.936456782225536188e-02
4.605618669324613168e-01 9.622808244062000527e-02
4.822500058156824476e-01 9.389526505501188947e-02
4.891357021712124942e-01 7.634093285008580754e-03
4.109740283956248574e-01 5.221619985040307221e-02
4.279303824379834809e-01 4.191065774618296658e-02
4.631041088591386634e-01 5.515858214512073254e-02
4.686716212849924568e-01 2.357799519564796054e-02
4.327049241355835907e-01 2.347021516480474190e-02
4.016532724455529335e-01 3.337035892923417846e-02
4.275547044170687760e-01 8.433226558344664170e-03
4.224439413581261848e-01 4.518962692136807568e-03
4.311684572008904204e-01 1.511458621325217910e-02
4.739157014111954891e-01 3.138446188830085193e-02
4.282724383315151262e-01 4.588701631308111928e-02
4.418574250803902759e-01 9.068653235538992607e-02
4.180504114741420141e-01 1.831808476179974665e-03
4.273755141838659899e-01 1.719439505735143037e-02
4.363799167937948420e-01 6.684345970642488477e-02
4.907402790542841897e-01 1.346096448668071544e-02
4.093937673468119320e-01 6.875354485467996546e-02
4.234371986060902482e-01 6.529017852278234946e-02
4.832764070245514354e-01 9.868114537267599906e-02
4.335870251014328214e-01 6.980404822026173295e-02
4.984685807002107172e-01 7.549940979455829759e-02
4.937149773294173816e-01 8.250726933684821018e-02
4.401804301008830356e-01 2.038943036538398701e-02
4.093474277951728024e-01 7.955288156653581022e-02
4.888433959661586115e-01 8.438279695260125779e-02
4.242200924776133864e-01 7.614398755858595158e-02
4.240313703959109892e-01 2.585471360801661067e-02
4.090983792494528593e-01 3.646172315501300387e-02
4.459350409271239379e-01 3.263286118561747884e-03
4.207709043987227227e-01 9.818989034907796287e-02
4.188344484708015347e-01 6.347965904694496952e-03
4.219053660017951235e-01 2.407027648601445247e-02
4.196870215439857388e-01 2.586732679795417100e-02
4.133215058084840354e-01 6.337453545857685278e-04
4.857280690078787933e-01 9.034449130792471250e-02
4.197408689888779687e-01 1.579544802319499119e-02
4.773292324459483260e-01 5.225359503297499764e-04
4.282925670511134042e-01 5.662474323964922229e-02
4.043957669568788993e-01 5.074466093603582917e-02
4.206512950871923451e-01 4.097822510377396865e-02
4.041511570606020620e-01 2.135052069535059438e-02
4.129571170813248204e-01 9.042488858268304952e-03
4.465750702941895245e-01 4.414715020823967162e-02
4.013134287092233743e-01 1.700330056840121395e-02
4.015528603161559462e-01 6.262362604510202102e-02
4.720410802692568963e-01 3.470565714734352714e-02
4.603170509278613487e-01 9.191330800940741841e-02
4.635455344833248059e-01 5.453468715240961107e-02
4.673037529672098844e-01 8.033925029665267559e-03
4.454795236287526494e-01 8.748210456226546139e-02
4.144872939917016996e-01 4.939927292967652428e-02
4.913352205191628963e-01 8.469006252871061347e-02
4.986737446636996252e-01 1.838543141335385878e-02
4.583440333897321750e-01 6.467108828298631651e-02
4.830081534385046726e-01 2.507794607666036235e-03
4.043684169375251769e-01 2.710768163519788887e-02
4.548049751060892487e-01 5.163681624781910062e-02
4.675388925123737938e-01 8.623285339674985339e-02
4.580445343843508876e-01 1.009176438134123943e-02
4.924826863255136189e-01 3.112618009600287561e-02
4.671613719460212533e-01 7.007673315615142728e-02
4.199680930926328881e-01 5.900667210320897915e-02
4.853025696459257743e-01 6.413765790390335564e-02
4.262182426627025844e-01 5.829798100864963528e-02
4.583744140682621815e-01 1.021898723891134786e-03
4.182843963546820087e-01 3.656480341457934991e-04
4.095218644764733185e-01 6.470227895206709379e-02
4.044801854856651113e-01 7.093775346871164511e-02
4.855064891427525731e-01 2.299109126820447768e-02
4.238852652424575651e-01 3.524931808824277590e-02
4.236136480171511787e-01 1.733793176201364750e-02
4.881346523766375567e-01 9.934941391685622736e-02
4.288774401907994305e-01 2.919157703369107404e-02
4.128284031725620862e-01 6.699036160586729904e-02
4.086155872280189949e-01 9.055427151223260918e-02
4.950606960912408150e-01 1.370761056343977602e-02
4.785046458616478149e-01 3.292786576789485942e-02
4.263220860223632114e-01 9.598568706619467483e-02
4.253131896222593356e-01 4.757996706577680146e-02
4.105594893875575413e-01 8.612542655257959812e-03
4.133056822655745699e-01 7.824625655269798474e-02
4.721479513274565720e-01 9.102061692189664099e-02
4.383695974164970588e-01 3.665863534319524497e-02
4.758274128078986975e-01 8.112117359129664140e-02
4.067784499496041040e-01 3.679770375453306208e-02
4.309468828906963811e-01 4.750001998075625842e-02
4.433711452484988547e-01 7.585068243830733747e-02
4.724868914788826757e-01 2.516281155670252456e-02
4.523777005701677401e-01 9.932149042431392960e-03
4.106815328905520368e-01 6.077947286291782159e-02
4.291273891735890023e-01 6.406535307340810448e-03
4.835231320227357799e-01 5.876500028607870019e-02
4.644002447698024061e-01 1.533104716373395737e-02
4.181813073722582264e-01 5.753990136192224658e-02
4.966775885253454925e-01 4.334290876742719067e-02
4.746940135666405380e-01 9.482640206568712649e-02
4.322970391967596582e-01 4.009934492680677920e-02
4.355297114619104404e-01 9.271464715090343978e-02
4.583508120656506479e-01 1.681274343144195660e-02
4.692248450457981446e-01 7.220135870811383860e-02
4.308278431525322527e-01 7.386023707348357559e-02
4.647097404461318360e-01 8.149603534329138976e-02
4.354081726540922070e-01 9.624256495985952786e-02
4.726295743905674085e-01 5.888248750722052671e-02
4.433914762933699460e-01 6.761655605970051663e-02
4.893131313121000803e-01 4.192037858226960179e-02
4.306318695080886272e-01 2.979854014757560288e-02
4.539775205362812094e-01 5.583534079791413474e-02
4.918996659153972439e-01 7.637748474742356297e-02
4.717463643489088754e-01 4.378087501025751394e-02
4.329337251793633490e-01 1.200740201108735361e-02
4.892571177948029648e-01 5.418963901525578053e-02
4.413809267416772819e-01 3.164543563421612360e-02
4.905790776352465521e-01 9.714696947258114057e-02
4.340578885710176249e-01 2.529724695712270988e-02
4.375129048214030369e-01 9.359562046873690089e-02
4.677002046045355410e-01 8.406093554641339005e-02
4.994187951250277369e-01 3.704386804171272418e-02
4.553575631814660296e-01 1.424225770906800692e-02
4.711133654342656296e-01 1.303264256061836823e-02
4.809466651586346009e-01 5.916344275011908849e-02
4.624990082585349604e-01 3.891133988617079265e-02
4.373506115337500999e-01 7.230447228200578835e-02
4.454589240226182745e-01 9.515775455629102431e-02
4.397782575888513623e-01 1.369436634337356518e-02
4.189905418667754788e-01 8.896839965730932165e-02
4.567408502495008960e-01 5.451262280602942045e-03
4.743917074600215722e-01 6.372807043682718331e-02
4.568975311523378879e-01 1.073872802322706210e-02
4.941368736546124518e-01 4.195313632982838881e-02
4.954058193747855610e-01 2.137093288018604431e-02
4.786839715560370356e-01 2.886112996595763258e-02
4.937443050051263382e-01 6.096896167726803539e-02
4.537649619077002705e-01 6.103235702805989704e-02
4.728410960200077895e-01 7.682531476970097528e-02
4.797540951560420597e-01 7.808066271791330726e-02
4.047791695437255033e-01 4.090048129743034666e-02
4.534125251230789466e-01 5.717717556054402461e-02
4.189139923115724473e-01 8.151664621536658384e-03
4.411145933462887747e-01 8.554254293581062263e-02
4.049604694910672320e-01 8.916164044704338876e-02
4.598215902268260047e-01 9.412136857995695438e-02
4.925344834409612904e-01 4.910794393506176525e-02
4.192624941346427825e-01 2.081089575438105355e-02
4.749036374687966022e-01 2.242629633245502019e-02
4.033194249302023415e-01 4.877233440133046938e-02
4.029064164454222441e-01 5.531490978941536185e-02
4.939413464502069306e-01 5.894782829373126920e-02
4.679593648424561492e-01 7.514880584237096373e-02
4.814297318861162633e-01 3.083636517964566393e-02
4.892729628967771305e-01 3.569977238211380355e-02
4.296462856795479901e-01 8.715155269187482845e-02
4.214172483578998984e-01 2.894973851452153912e-03
4.749487168799308434e-01 5.409117220965056760e-02
4.736234436629127575e-01 6.274303953292872937e-02
4.980674157914265487e-01 8.188640025914831200e-02
4.429587215887136331e-01 8.863463248319775056e-02
4.570680408565985231e-01 2.181909323564878989e-03
4.293586685316113649e-01 1.527629153427956243e-02
4.950193078997558449e-01 9.603520265446352511e-02
4.557772268635085222e-01 8.189067826235307823e-02
4.114764838538996772e-01 1.483720242118025112e-02
4.939301964458452376e-01 2.015136386096244570e-02
4.723685737394633932e-01 9.323100961362182360e-02
4.675957840056669257e-01 6.380515339874381908e-03
4.683891934658404033e-01 7.083397318560039069e-02
4.946895474693476791e-01 7.527757413516300566e-03
4.901896924078810169e-01 7.148287580847367817e-02
4.496806698708641359e-01 7.001492151127028385e-02
4.231992948786424402e-01 5.412761423780335091e-02
4.078173801949245836e-01 5.680674417677958332e-02
4.481257840921992197e-01 8.572673567038147091e-02
4.504202958121615308e-01 7.958729886368404172e-02
4.849468109646479785e-01 2.907670952758173444e-02
4.367063886392320016e-01 7.325295768943029806e-03
4.145237737517136756e-01 4.641770906877909497e-02
4.754023763292658522e-01 7.269139736364560456e-02
4.839570633298496682e-01 2.774209079250566923e-02
4.194283679930324027e-01 8.231300490804061010e-02
4.095389436507125280e-01 2.936066198168968411e-02
4.715952476492043521e-01 2.608841736185041338e-02
4.633895360024273824e-01 9.757593048445356576e-02
4.408187533337563080e-01 6.586327530297347854e-02
4.370686833865015108e-01 5.003784036670799740e-02
4.960283314957064094e-01 5.712500372446605024e-02
4.590465192808290684e-01 7.752810886549990621e-02
4.837210128043819557e-01 6.665716377123531711e-02
4.707957475058843766e-01 5.906704716348237794e-02
4.864876459909771578e-01 9.722126718867366013e-02
4.044699712418439175e-01 9.837290369906140364e-02
4.063888687918638110e-01 9.165311307448092970e-02
4.299918031206634850e-01 5.605268037323091201e-02
4.234341041823533880e-01 6.864218808053265675e-02
4.239278969591455115e-01 5.772048240279192832e-02
4.197741461568661459e-01 5.625860774798624453e-02
4.893115984504801674e-01 5.873265983082498476e-02
4.008603426823647009e-01 5.866518596435840727e-02
4.399342196573736152e-01 7.477032901852975755e-02
4.199289102041219301e-01 6.341987964213299800e-02
4.716522852075022421e-01 1.182512142018665724e-02
4.514712356402360571e-01 9.287670061712333114e-02
4.782291354552911100e-01 8.357183893712433198e-02
4.989353343118188566e-01 3.976314490515608924e-02
4.824711211378556741e-01 3.719616208906395549e-02
4.139711093316725266e-01 1.955778059691759552e-02
4.681482767685211099e-01 8.273699768189690662e-02
4.212660449085907644e-01 2.065634333771604325e-03
4.764514174660368084e-01 1.541729915904910264e-02
4.621476258971581319e-01 8.807119144178571224e-02
4.346186719513862040e-01 7.774374137995379574e-02
4.059751362875473335e-01 6.672688617344574302e-02
4.923162356567135634e-01 1.898345850177224348e-02
4.624159686358843002e-01 6.182090345867463643e-02
4.853605704848282798e-01 1.251755288136774391e-02
4.607129695004094083e-01 7.754069453824033453e-02
4.522655924376123293e-01 7.698864492840498674e-02
4.761029257611645304e-01 5.831489162692846118e-02
4.942264751052057870e-01 4.265268543800099232e-02
4.209288926772624673e-01 3.524305137871630578e-02
4.362610469977952210e-01 3.939941817133346680e-02
4.739187100974306954e-01 9.649085082152761284e-02
4.686867846317477326e-01 5.538325735711033260e-02
4.414112481561260903e-01 1.663132970208780481e-02
4.581834936419116322e-01 3.386031061325900371e-03
4.002419217913451011e-01 8.412346773163095759e-02
4.340870457064722188e-01 4.142955568922507270e-02
4.091918404033668133e-01 9.050432967980953647e-02
4.055601697135698402e-01 5.059129407826712388e-04
4.113641582033661925e-01 3.765998579692386716e-02
4.093676510342468822e-01 2.886386756196990255e-02
4.529959926477770682e-01 3.447079084051063447e-02
4.529615640049897696e-01 1.384425674638639636e-02
4.894804594384999930e-01 4.028484141589855350e-02
4.296384423900489469e-01 3.628422248059132160e-02
4.267987378912375673e-01 4.078348590623459557e-02
4.231161971543212497e-01 9.028843614122286643e-02
4.699564869811585499e-01 5.025174605757382063e-02
4.736996511626571094e-01 1.306358463646345447e-02
4.152663714430602782e-01 5.591380018849009814e-02
4.323000010901417722e-01 8.532458095366915463e-02
4.165814599111029581e-01 4.169845885821565901e-02
4.864706888157209752e-01 4.173204346306086387e-02
4.277299817817464822e-01 1.651782929384404408e-02
4.996509559992829974e-01 7.062939201857132421e-03
4.735249818096916030e-01 5.115596827473836705e-02
4.201240540911697074e-01 2.797902026405174603e-02
4.076495012220972547e-01 2.914992621430362307e-02
4.051787206199184421e-01 9.714857018266243038e-03
4.968129075810602813e-01 8.211867531134703357e-02
4.730426601648315410e-01 3.386265340777799837e-02
4.109124530254607000e-01 3.928088219353048638e-02
4.848508101801647374e-01 6.750859586617494190e-02
4.926908910422613252e-01 6.461408292621262373e-02
4.067997077546051110e-01 4.507010963654886626e-02
4.198808086426624731e-01 6.502289394638369191e-02
4.442047730286071694e-01 6.209588225237805403e-02
4.811846119231827368e-01 3.002845895316069713e-02
4.417363049037165146e-01 8.708947550302306717e-02
4.190861265218207010e-01 7.425631946840832720e-02
4.276202246949396546e-01 7.569520571632673556e-02
4.510055203115784783e-01 8.258530831471666556e-02
4.118406893106616451e-01 7.355854662662617005e-02
4.176641580944521204e-01 2.203624427302258715e-02
4.705227717005067145e-01 4.697672298596819451e-02
4.355060385132897283e-01 5.694365597163431048e-02
4.419053111801488076e-01 4.627472702229076806e-02
4.171342170127515514e-01 9.808118163456394645e-02
4.385317135726228277e-01 5.971828931539771568e-02
4.729649724712575165e-01 5.065820196910375550e-03
4.094981227164306015e-01 7.081271422911056268e-02
4.072487963143455736e-01 7.662543470504801224e-02
4.195124088345975055e-01 8.616337207139004861e-02
4.588814247132722013e-01 5.552776112333393521e-02
4.421020241602676704e-01 5.250411353245607038e-02
4.337711809376985084e-01 6.584303549855161086e-02
4.294490327017781439e-01 5.575195461557722054e-02
4.609393197805478071e-01 9.715104860243917173e-02
4.572427548211958070e-01 6.043758477577823585e-02
4.782533392264680105e-01 2.598292035490529228e-02
4.293190412648825172e-01 7.724591318627752057e-02
4.989378504615635812e-01 4.893312189381812671e-02
4.341974722028183464e-01 9.884300474747914622e-02
4.526162708655878109e-01 8.787369107781151101e-02
4.171027155261977648e-01 4.057018892222907791e-02
4.934444257461563232e-01 3.816610473286446981e-02
4.056267708971409980e-01 5.107046993410113700e-02
4.465520011725930827e-01 9.939630638366994675e-02
4.111942296080268733e-01 4.204012341294083299e-03
4.527857581262261233e-01 9.392546026629824962e-02
4.861866979851142689e-01 4.721009096258968474e-02
4.408895123297781882e-01 6.685550501642212318e-04
4.029320662414252463e-01 7.476388362843713886e-02
4.118871739230065554e-01 9.184984043231292361e-02
4.952175302297033843e-01 4.346189749006651448e-02
4.611523813227087487e-01 9.001476240057915135e-02
4.121979916970155977e-01 2.899979279657577402e-02
4.003898564303570162e-01 1.770590211353373356e-02
4.577072346296371386e-01 6.941530285500652209e-02
4.900964318998877189e-01 1.003921026786575021e-02
4.139602759706152435e-01 3.866015439834197265e-02
4.631946480855813619e-01 1.512486997417050727e-02
4.599831223542261704e-01 2.327587391884111678e-02
4.542891498979445553e-01 6.601879268906374332e-03
4.896333454673850727e-01 4.459876826377356940e-02
4.716368535936431017e-01 8.355711799984208432e-02
4.478604804196817946e-01 7.012671625143629406e-02
4.520565156153604214e-01 6.240322202379011696e-02
4.530269918582293109e-01 7.930033569057226561e-02
4.519378935592910929e-01 1.255992169361763722e-02
4.982981564914792383e-01 8.426910199012244140e-02
4.358352724362709596e-01 5.231599363273009562e-02
4.673639750468422394e-01 3.189286642747984901e-02
4.522063360157747569e-01 4.281929346932911162e-02
4.260552975550274124e-01 7.355514075046012956e-02
4.255396954450242908e-01 2.835840168235942427e-02
4.330327032494665773e-01 4.877464202440118246e-02
4.592680533492808914e-01 1.740759234353583818e-02
4.189342817948071840e-01 5.440153756295432186e-02
4.404454956035535607e-01 1.522733562507300187e-02
4.191484528104083007e-01 2.167459281986866548e-02
4.657203560466942616e-01 8.004276079104663544e-02
4.708091308641435546e-01 4.769006554110530316e-02
4.160266757223755052e-01 5.491366096978564371e-02
4.708875131258777325e-01 9.098016900915859018e-02
4.660818453832152874e-01 4.788911468692627627e-02
4.448345230692061225e-01 3.764605423785993832e-02
4.745766256237193836e-01 1.773209953292959051e-02
4.081639455241181658e-01 8.988536699312227318e-02
4.080242709068069296e-01 2.491660070726942067e-02
4.706695636738980060e-01 9.323643368983453028e-02
4.788518953785767529e-01 6.059438455971719040e-02
4.928312259880592849e-01 4.125931381830633127e-02
4.766804695283755611e-01 6.441175846441335451e-02
4.091648299152673141e-01 6.954892261626913208e-02
4.601717697787362504e-01 9.508286488319062091e-02
4.653138639253370790e-01 2.770075265716187563e-02
4.634875935485966436e-01 9.474742604110006350e-02
4.101231485584349579e-01 8.483114402109179220e-02
4.825806400918330463e-01 3.575608589894446743e-02
4.421592709718587533e-01 9.626948330255050146e-02
4.267492317737743290e-01 5.193514039175997632e-02
4.171018754541161999e-01 2.964733651315326624e-02
4.187213833528398155e-01 8.874220999596496573e-02
4.907285891850866610e-01 9.252212739880996684e-02
4.725066435555240196e-01 7.319155577656832889e-02
4.770579841249937836e-01 2.035118872342095431e-02
4.662065089231461901e-01 4.953279367284657564e-02
4.519209673995042142e-01 5.326386350601930442e-02
4.439558261526385108e-01 2.928180352135334452e-02
4.654991329096017649e-01 6.430392877360019410e-02
4.456488904585846900e-01 5.535204788605652126e-02
4.941744646473820168e-01 7.717424464564803799e-02
4.929783766767620312e-01 5.831450739205601419e-03
4.991851585557655069e-01 4.386329490027951472e-02
4.317791679482683165e-01 1.236154752780571631e-02
4.119996119597182371e-01 8.738302043443807454e-02
4.131566545502450838e-01 9.739306228830535428e-02
4.239062474792110735e-01 2.393873038141869358e-02
4.707560719643528735e-01 8.997496598031048953e-02
4.938910430849804412e-01 8.746067871113524794e-02
4.977162615515718924e-01 3.665262053263806941e-02
4.862973532409836097e-01 4.485602237439387241e-02
4.046833921190047811e-01 1.363198881726651601e-02
4.617507000734872857e-01 9.108124809873219263e-03
4.715919577423300924e-01 2.213096345763515549e-02
4.269612306641782928e-01 2.236738332921139882e-02
4.771539005548359746e-01 9.870653749408400679e-02
4.578672440761484275e-01 2.255776835696154947e-02
4.748995221661435062e-01 3.815316919793282358e-02
4.762591117590437850e-01 9.235675264653606109e-02
4.148871006662447902e-01 3.340113666599958675e-02
4.438148493743532819e-01 9.553331542523743614e-02
4.233348013677913357e-01 8.359686641710539767e-02
4.995500721794376986e-01 1.824912068100514873e-02
4.375356540099359925e-01 7.177237747627271403e-02
4.936454455872218983e-01 1.161806452660285593e-03
4.986456937019897451e-01 1.433407564340416496e-02
4.330812882286284582e-01 4.892278911484082560e-03
4.514142320894787286e-01 5.909439728130416736e-02
4.208158872682974949e-01 3.876019482541714911e-02
4.504343541701625875e-01 9.844423409484789889e-02
4.216676551540786688e-01 8.296701946346710099e-02
4.901825047168623106e-01 8.840568541722132467e-02
4.231156596008466830e-01 4.839227627320347169e-02
4.615050801651376933e-01 7.372405488157190989e-02
4.515010039176137191e-01 3.310268739402810745e-02
4.513954443250791648e-01 1.028189778347188277e-02
4.268970425882872011e-01 8.995654421812640522e-02
4.154403621683752101e-01 8.310518881897602239e-02
4.075756875897334486e-01 5.936992553265868500e-02
4.707703388182452597e-01 9.861624840208110809e-02
4.635444243243916906e-01 2.443538364765801552e-02
4.195606137599144358e-01 1.990051504530704340e-02
4.266095244452185464e-01 6.846468681216633101e-02
4.443172368535763805e-01 5.861171811022325429e-02
4.140358996559920235e-01 8.718297129202656759e-02
4.722625652513908756e-01 7.819417613927195920e-02
4.803891186852793371e-01 7.465370193421486111e-02
4.523859660854175901e-01 3.491736636724229736e-02
4.639406744502334590e-01 3.941729813559086137e-02
4.362729404041101322e-01 8.240598034014059992e-02
4.893833643320551485e-01 2.525255307305029895e-02
4.963197881119087995e-01 6.033051582194387530e-02
4.250129503164138400e-01 5.911899922790223028e-02
4.574897472210832094e-01 4.726749342650735097e-02
4.590439034240830773e-01 9.940464974842466717e-02
4.754175943243348912e-01 9.335716819166758884e-02
4.444107136809702374e-01 8.496258824221239458e-02
4.984257948191006538e-01 9.468083185990563977e-02
4.805971525754531015e-01 9.496269354213382474e-03
4.715980283042798815e-01 7.551323034617227203e-02
4.075091096315676675e-01 4.673877840456353017e-02
4.764443039664976176e-01 9.997461536629956291e-02
4.974086061911563994e-01 7.164005235572845631e-02
4.642953523186976739e-01 7.427940171804711667e-02
4.987710997888687992e-01 6.100549589339643308e-03
4.511225839770383605e-01 3.991863179306603948e-02
4.578039612742080822e-01 4.485837748733143004e-02
4.545532988458836909e-01 1.694089677266019667e-02
4.791057133456612105e-01 6.231295708806486311e-02
4.076000100430146600e-01 1.453735666781980074e-02
4.910037259793998410e-01 9.338762763829075442e-02
4.576494203513963299e-01 5.516567530993737867e-02
4.064811234690215436e-01 4.796943099141290356e-02
4.497790798262947809e-01 8.834446365528800249e-02
4.843376342766055886e-01 8.872830070855877715e-02
4.915153700638202894e-01 8.811456141276766130e-02
4.937107779052913870e-01 5.304245305504234897e-02
4.802211133062208592e-01 9.321557473916816661e-02
4.299855189029929692e-01 9.584436932674689213e-02
4.801024064391210544e-01 9.038057083367820321e-02
4.478014885325058980e-01 3.313849107623112467e-02
4.981317594937844095e-01 2.938184982458413863e-02
4.277001100880664097e-01 8.421023600285526545e-02
4.194863486012488374e-01 7.613505397460515467e-02
4.011947414921218091e-01 7.660614978625934768e-02
4.743356356365067139e-01 6.716160763242581822e-02
4.391352990713273119e-01 4.922761164941225065e-03
4.515176804778593400e-01 5.836504996808616896e-02
4.123579030206537266e-01 5.288138975141742915e-03
4.784391535435696952e-01 8.776647731363140803e-02
4.156552642963145527e-01 4.170655138608225787e-02
4.702655041508496669e-01 6.522808429146351172e-02
4.419762818570376894e-01 2.246960142495646462e-02
4.475119271675882526e-01 3.155965027685914137e-02
4.051920130858073787e-01 9.616604222748847963e-03
4.957384595319006548e-01 8.217044999365571978e-02
4.947135173643971151e-01 9.788729611644472750e-02
4.294367291034917877e-01 5.456064029032045570e-02
4.833610838082381678e-01 5.220624098375092892e-03
4.450324933367639790e-01 1.232090183015177587e-02
4.858173530914691729e-01 5.179110937768921508e-02
4.256679703592270991e-01 3.206449442110098635e-02
4.578739649102543385e-01 4.283172813763519438e-02
4.391417505899096740e-01 8.731682201411161692e-02
4.489108394315005079e-01 7.124386178929523195e-02
4.355925386633702212e-01 7.522775563489372819e-02
4.952305670357677325e-01 7.761161974721661472e-02
4.133440172168815208e-01 4.696845275336189451e-02
4.344063098022257208e-01 6.307971235393092235e-02
4.440987074483467301e-01 8.149642546067431548e-02
4.673539204487387466e-01 2.008769855926767489e-02
4.205683060785462835e-01 4.025566743554725990e-02
4.458752910099305633e-01 6.790406703204518446e-02
4.179354923053423820e-01 5.465886507020575880e-02
4.047757512733143881e-01 6.598194415976713079e-02
4.790345249185065657e-01 2.250867236633485868e-02
4.380150495644026254e-01 6.501141740657648271e-02
4.446269919484916455e-01 1.668460829332396589e-02
4.615691784638545903e-01 4.862629639374344004e-02
4.173409111185543141e-01 6.030054166948234373e-02
4.518134401906955810e-01 1.029866832254655584e-02
4.688454756899812503e-01 8.260286919865383881e-02
4.168414438834611713e-01 5.814959070953926168e-02
4.418170431750442773e-01 2.793243428164299269e-02
4.084223548103131929e-01 9.872596563555796623e-02
4.362514939995690844e-01 3.702841556758346142e-02
4.120239364400781201e-01 5.473465807921207293e-02
4.129758692296607303e-01 7.586593312119649379e-02
4.907175027376829979e-01 7.085479977359648851e-02
4.999424362744973038e-01 8.687261388062214595e-02
4.192648648660521338e-01 3.357951247837809294e-02
4.832306700894030138e-01 1.584999628087779833e-03
4.174351721415135441e-01 2.821318214782719824e-02
4.337246078031222751e-01 3.577835530973588751e-02
4.361133765076698476e-01 7.726888936020750998e-02
4.837246657496485081e-01 6.104757410786640359e-02
4.676999841895130849e-01 7.748577710439008559e-02
4.721826938863687984e-01 4.187156304120209782e-02
4.931195822125725714e-01 9.597693106227453419e-02
4.900134313890375237e-01 6.209748757982841427e-02
4.874210022176380108e-01 6.679422488384276213e-02
4.717849961175041296e-01 7.020036373799878882e-02
4.230478406085879661e-01 1.531924124910627460e-02
4.911894202085581584e-01 1.011480105652512451e-02
4.364608200582203446e-01 5.310243676771800314e-02
4.360250769275374472e-01 6.383278808498463186e-02
4.868181907369966144e-01 1.646179510533124501e-02
4.089751154481643391e-01 5.110697082891979548e-02
4.681657424782899035e-01 8.829969853726862827e-02
4.036671611926689329e-01 8.587274133049330183e-02
4.623054444850607236e-01 1.253686304722545497e-02
4.795437166996816547e-01 9.278544207411232314e-02
4.664296954236101245e-01 5.718954946695467556e-02
4.868590692930352404e-01 8.442185789815742636e-02
4.504533141136587981e-01 3.707880085868497932e-02
4.723862466651508329e-01 8.707615432409418488e-02
4.877033296246776617e-01 9.001000044547036172e-02
4.462573119119935261e-01 6.602284753876669354e-02
4.256478011704921127e-01 3.779962149155868811e-02
4.429498512037556845e-01 9.416936092801966862e-02
4.482033488007258204e-01 8.015173161946276270e-03
4.310417549711579865e-01 5.577270541962400796e-02
4.074296373133371452e-01 8.645882195185092267e-02
4.235608001611065321e-01 9.562241322879233563e-02
4.813893743698420269e-01 4.399753632065739328e-03
4.536161269995379053e-01 4.839866277189464050e-02
4.015732998283417232e-01 8.113145952774933334e-02
4.644210512785685863e-01 6.607438705035970083e-02
4.229382604774156729e-01 4.216385080498652460e-03
4.952522100475900135e-01 5.322432066664911643e-02
4.971139116264672864e-01 2.778441937369213743e-02
4.334164567449824146e-01 4.385986791281004660e-02
4.064815746260692642e-01 7.543374646294778718e-02
4.151108020978198643e-01 7.273124427004826198e-02
4.489788181598832750e-01 8.467484704143826701e-02
4.616019879523182157e-01 4.441625797825710098e-02
4.509122789799506759e-01 4.071141711151410325e-02
4.208704076309995878e-01 9.084298936982565520e-02
4.925534984385505632e-01 6.572496386361950660e-02
4.027604627168734908e-01 3.513991308130548497e-02
4.643736221215497562e-01 9.380842249471557648e-02
4.447348529270782613e-01 5.301138919693459961e-02
4.617904208281627954e-01 9.187301154410187909e-03
4.078128169157605454e-01 8.781194431638550402e-03
4.204228951482912313e-01 9.294615941876860354e-03
4.184727652672737275e-01 6.139353281321113798e-02
4.470865633079661450e-01 3.329817374927152018e-02
4.869465210790558385e-01 6.016716869333851858e-02
4.217585639231871131e-01 1.221803526593107092e-02
4.431862301061736398e-01 3.523465749174703454e-02
4.964696053592938529e-01 3.375944686669346551e-02
4.216517600366251894e-01 4.165741275370965502e-02
4.683322444517181160e-01 3.682354713551283520e-02
4.503425972841277880e-01 9.083546392445043804e-02
4.232322729254133220e-01 3.502625126908243125e-04
4.878965486509666549e-01 7.314169157759947693e-02
4.898964953597765848e-01 5.749808164046515957e-02
4.411893907437580142e-01 1.120448422839293023e-02
4.800690985410572820e-01 9.014870517199513600e-03
4.779279351513570639e-01 2.576109677354354588e-02
4.269927066050892006e-01 2.940167348267130887e-03
4.214598651320617395e-01 7.417775883935201486e-02
4.345893588221710346e-01 9.007363664956324900e-02
4.144437878820144694e-01 7.022619390781273396e-02
4.917347081028963229e-01 7.209762004078998365e-02
4.396375206240372147e-01 8.556295602803060119e-02
4.164560546247279005e-01 1.942125393702637259e-02
4.312692873150134609e-01 2.606050764268724729e-02
4.175524644434659982e-01 1.933171476630313190e-02
4.031444704308707605e-01 8.961599246124296592e-02
4.510359392732356532e-01 6.971186531890680160e-02
4.797139366649946224e-01 9.222054150260000638e-02
4.281363140807858958e-01 4.508238457368984875e-02
4.325002210106535516e-01 9.071955466771161603e-02
4.920395771694426879e-01 9.026380911429604526e-02
4.699129450530279417e-01 2.995680068054684675e-02
4.245908677246394425e-01 5.885807628429828853e-03
4.036370789873774401e-01 2.615617839576223069e-02
4.314957952121263873e-01 7.783735946015438167e-02
4.172709423149525421e-01 1.090691040690777713e-02
4.617149626610523860e-01 7.654741656135108374e-02
4.028679814558601135e-01 6.029870773837300857e-02
4.788106920109841402e-01 5.524225338394148088e-02
4.362296778416652199e-01 6.895121941650592112e-02
4.869848186383380906e-01 5.413001695280023062e-02
4.874229468946413291e-01 5.263840076502954157e-02
4.161329088757138583e-01 4.662729483544242326e-02
4.661862256608451105e-01 4.528702981672091954e-02
4.014852184617279662e-01 4.696678260815526085e-02
4.135371421528780678e-01 4.091519948425353936e-02
4.359576243935897044e-01 1.141777299319696182e-02
4.958689436478498913e-01 1.422702845924772586e-02
4.146623376980056452e-01 5.509680406082295701e-03
4.063563688098708604e-01 9.325962849690841439e-02
4.068032267438125293e-01 3.648905978628463886e-02
4.167254166849588271e-01 1.141049963522317023e-02
4.898882490614659968e-01 7.597083070049304165e-03
4.218505339590131742e-01 7.622205623706854172e-02
4.879046685381255299e-01 2.716282959001348196e-02
4.820140917784533352e-01 2.030909962211618902e-02
4.702979368829259821e-01 9.600152200560807536e-02
4.060391504601171264e-01 3.222403586081729054e-02
4.093513473788918944e-01 7.107144217706343192e-02
4.971411663970116690e-01 3.883675272786818455e-02
4.513043452392022092e-01 3.820033575186121411e-02
4.306692901732562251e-01 4.909947226962124711e-02
4.050004101469465434e-01 6.003095706623845507e-02
4.208984253607533366e-01 7.136345860009549180e-02
4.990152441195946365e-01 4.521876311621153555e-04
4.685817287829385225e-01 2.962936784348524366e-02
4.275308792280592685e-01 5.869669332278601437e-02
4.645776759739524420e-01 6.546037683453687084e-03
4.395682136205015245e-01 4.557639399720012086e-02
4.215454896509311933e-01 2.915965871551084998e-02
4.591250055689175547e-01 9.185781936689593752e-02
4.599078777216126790e-01 7.462148853001127069e-02
4.076651077271538082e-01 8.080812577253637663e-02
4.544037063043224745e-01 6.563933312962691446e-02
4.792852384483667905e-01 2.313725318642745332e-02
4.232002609764212164e-01 8.402113414338582831e-02
4.018618455540132195e-01 4.763614884602704325e-02
4.063640182553576174e-01 7.758445160505611504e-02
4.273238823777985029e-01 6.370798909001684773e-02
4.191868330183455282e-01 2.237203120719399863e-03
4.414805818175708274e-01 6.632164613636656880e-02
4.052121531244372576e-01 5.505346392506549336e-02
4.878629910101840439e-01 4.433663560728273723e-03
4.598174198301960836e-01 8.460935157627688663e-02
4.848021623385305179e-01 7.906024963478802681e-02
4.646409172018032274e-01 1.553808186350852383e-02
4.993226331375960614e-01 8.760743596113174103e-03
4.354554053190852758e-01 4.038242718797646624e-02
4.906509802097244188e-01 9.110183109894440245e-02
4.029925698307987303e-01 8.666054588795854552e-02
4.534373459278486784e-01 2.037160030585072334e-03
4.362836473464762888e-01 6.299012240490195480e-02
4.325236582489436765e-01 4.399731699382353201e-02
4.643323190084721608e-01 6.558570614596326287e-02
4.623157171178174374e-01 9.274441598199564818e-02
4.688143502719739342e-01 1.251387682182886207e-02
4.489364145570042819e-01 8.549812779837176469e-02
4.493941302760842693e-01 4.492945216678745357e-02
4.070004788023021125e-01 7.278998250994170305e-02
4.103128837265112572e-01 5.074633835501132784e-02
4.004396819964031740e-01 6.182988683201645630e-02
4.588067610901920834e-01 9.491353321259507481e-02
4.742431130488889979e-01 6.368537936354431994e-02
4.267467860139922409e-01 4.916121040124196706e-02
4.198867498554316180e-01 2.189647518927029246e-04
4.333049093250775918e-01 7.881616523061424351e-02
4.846763462042920079e-01 9.461284491916777117e-02
4.061398047895807828e-01 9.784867331127539147e-02
4.348419574598493820e-01 2.840728528160063604e-02
4.465162072967077678e-01 7.006279772166013053e-02
4.251859959761570829e-01 6.548558955674743665e-02
4.783154290304646450e-01 4.427157558964517348e-02
4.158003721741834746e-01 7.216370711220831957e-03
4.535833244940609132e-01 7.649057302605691278e-02
4.305011522105925970e-01 9.723617656862312830e-02
4.292178008821261326e-01 7.511682142329723089e-02
4.423680290893068912e-01 5.887256517018324420e-02
4.354319425068164384e-01 9.380755732943518721e-02
4.061913153645238528e-01 9.116802208828181375e-02
4.273458093285750770e-01 5.140447524808544610e-02
4.512441511805735939e-01 9.681259000301795092e-02
4.566248319908530751e-01 7.687280016123659854e-02
4.078864108255766396e-01 7.250558960674965969e-02
4.792121514430761620e-01 9.075733091181945045e-02
4.773362547113710885e-01 9.492644948910622382e-02
4.385614537225456244e-01 1.345391416151880959e-02
4.168868646402447142e-01 1.757895821556415550e-02
4.494753534478537205e-01 7.369843517237162356e-02
4.265350058951076218e-01 1.083513137184338726e-02
4.752644406328794258e-01 5.006560274443644376e-02
4.478490132511980804e-01 5.403980403286778866e-02
4.115579495533872034e-01 3.379718530059899750e-02
4.880350573254046975e-01 5.429834401492936169e-02
4.389437874297408837e-01 4.338885681364584856e-02
4.767458760766165593e-01 7.791089999850461800e-02
4.654732856048774403e-01 9.929997874882737219e-02
4.584968802848705671e-01 3.818600364386798285e-02
4.569295357036037286e-01 8.210061543190613764e-02
4.864171387038123129e-01 6.160020260781357004e-02
4.342645896668110850e-01 9.256041011645399497e-03
4.370622244787703004e-01 8.456393732986713929e-02
4.356984387216927268e-01 6.076394836868653782e-02
4.215710956269769771e-01 9.149611826193285169e-02
4.675108730209564523e-01 8.309063274178715708e-02
4.270783978870157926e-01 1.362479368612973252e-02
4.830106962436294671e-01 9.726855088752325851e-02
4.148741577098750688e-01 8.359466912435867259e-02
4.440552265021776579e-01 1.452471469499394541e-02
4.868033979145905965e-01 4.806045338110517817e-02
4.604059271467276782e-01 3.615008721807477787e-02
4.422168705462870553e-01 6.329109732370780117e-02
4.403954352317983045e-01 9.432207226312536164e-02
4.674162628381738349e-01 1.126608373358517490e-02
4.461583550010527754e-01 1.682872235198579203e-02
4.254685307542079853e-01 3.517720748348374116e-02
4.594381159149825145e-01 1.352311055273092144e-02
4.075015365596436068e-01 2.545431493886696206e-03
4.121256419110597147e-01 7.737298645251519669e-02
4.046997183153377975e-01 6.796480575205285368e-02
4.667298169788249851e-01 4.831507083838301742e-02
4.393649898384117125e-01 3.489649308545067496e-02
4.048199619896037937e-01 8.957639500266245669e-02
4.117503742214503326e-01 2.707931123818135832e-02
4.763288214232708762e-01 9.650932829611380548e-03
4.032748815753307015e-01 5.211779439986827245e-02
4.241920161639540776e-01 7.281651369870337231e-02
4.277151868893526165e-01 4.595462311614631479e-02
4.731864764446240823e-01 2.374401013130722493e-02
4.875755421965949354e-01 4.567432053810660531e-03
4.315477691019775075e-01 1.240105241933803226e-02
4.136740444159838770e-01 1.960434913752401309e-02
4.674824321978083841e-01 4.784061928524976914e-02
4.542726131481098495e-01 6.176527950860322136e-03
4.041522483334967220e-01 6.663942392650351598e-02
4.123237173446782089e-01 5.105691771028589288e-02
4.889749592187764837e-01 1.131474030915763374e-02
4.110945879798355018e-01 9.804664960713191380e-02
4.877667487226170495e-01 7.057071815580423513e-02
4.929224285090432200e-01 3.621017274634008576e-02
4.276190582711676402e-01 9.154504842895030969e-02
4.650336927478722071e-01 7.537766149881522382e-02
4.866597229322199292e-01 9.982719721510185940e-02
4.363611181547075724e-01 5.882179196261189125e-02
4.295847797355101250e-01 7.967102335451123341e-02
4.300874267337886359e-01 9.843469186075404220e-02
4.651840417419542129e-01 8.888457462749160820e-02
4.742400755442583993e-01 9.532817584829600399e-03
4.442569935415848215e-01 5.650884954243373670e-03
4.455391014427761975e-01 1.202991686771703872e-02
4.074521911166544275e-01 6.618716569091703805e-02
4.273864355928883585e-01 8.910036493984915817e-02
4.677176569126432204e-01 6.013355484361690428e-02
4.415731753223835487e-01 3.382460933543784964e-02
4.158113150483034315e-01 2.962007244219599933e-02
4.828661505477096494e-01 6.600930205175048471e-03
4.983706343714464637e-01 6.171491225818043214e-02
4.131661380259979977e-01 3.788370812301250501e-02
4.762095627869392667e-01 9.969288225582689789e-02
4.087471360462248682e-01 9.812672590420096208e-02
4.496466393781278770e-01 8.670156913316287572e-02
4.017783708529545916e-01 6.625867982978936310e-02
4.624166070663752182e-01 6.994390239757133920e-02
4.930370658510772053e-01 9.515429038030162601e-02
4.877313149994000896e-01 3.639121150747948175e-02
4.916709918111865085e-01 2.996449372722131965e-02
4.010435335507415711e-01 5.870953530700084855e-02
4.318764604200134860e-01 1.575540159563626474e-02
4.815269982213504774e-01 5.976967779709654871e-02
4.362714740396129165e-01 3.444348269179009492e-02
4.185884398485692492e-01 2.259666530449216948e-02
4.976971454203281686e-01 5.921579552254319090e-02
4.485777214842735505e-01 2.116333471767051222e-02
4.767399049076823658e-01 7.923353256861936922e-02
4.516799236494526415e-01 9.184475062509858678e-02
4.549693751013244580e-01 1.035662656876090715e-02
4.789219768753323336e-01 8.360765644618373127e-02
4.800910621214142804e-01 7.214173111115951276e-02
4.223198802615866776e-01 8.749953370284974108e-02
4.920184682892311256e-01 5.580975851343877858e-02
4.792018857258035780e-01 5.423230095251141414e-03
4.810060310885887480e-01 5.414777480567123380e-03
4.726307746201083848e-01 5.276909683920336103e-02
4.658741977289679315e-01 9.110428454099861462e-02
4.132077102647707667e-01 4.173220384603382183e-02
4.181699804925612662e-01 5.530411213943489668e-02
4.691575946988082446e-01 8.048756073358981356e-02
4.923776795360155223e-01 9.197800136443551322e-02
4.000046154955231859e-01 1.074549796930074352e-02
4.755065655583377571e-01 8.484440722723474160e-03
4.337002005388611026e-01 6.292490173927894892e-02
4.514797463401666322e-01 4.950836698678082182e-02
4.356942742326865847e-01 3.735168734414662239e-02
4.831843781064733556e-01 6.183990070086722857e-02
4.668529158276002455e-01 1.370911555798787207e-02
4.138600322418542476e-01 9.670492186283846658e-02
4.787733958926132516e-01 9.742666008664357946e-03
4.896455242975323863e-01 1.064949018409183656e-02
4.254097974669225901e-01 2.524565398622519163e-02
4.759094799909371343e-01 5.036677924483373703e-02
4.566265387986396251e-01 8.070508342687529590e-02
4.936587376957037310e-01 3.539461282352812654e-02
4.347652068476925979e-01 9.244700697712654458e-02
4.201908599963893876e-01 8.166400189932032649e-02
4.146779145471720107e-01 6.967084871667325596e-02
4.830687658491147340e-01 7.941769974914061891e-02
4.004540122322938767e-01 9.881593175785491345e-02
4.467326961980939704e-01 6.554618982393320414e-02
4.449354702133924144e-01 6.948224466716820813e-02
4.811314196344164129e-01 9.020991480488455005e-02
4.695375462146119672e-01 7.423266160958505444e-02
4.656934072304585448e-01 7.275973438184052400e-02
4.731730590861956687e-01 6.772935881307123873e-02
4.271645114108510444e-01 7.923118321867650415e-03
4.176173943183192350e-01 6.480107763215423033e-02
4.169764082701718499e-01 6.515807145345525742e-02
4.658144928098570392e-01 9.797607258090801352e-02
4.460987425450332333e-01 2.699783036240394063e-02
4.765096338060671455e-01 8.552114366415256019e-02
4.305643664888286759e-01 6.552073989494378026e-02
4.592892760634828542e-01 6.763335014132115797e-02
4.843531578658575310e-01 5.678804201444553890e-02
4.187908752549055480e-01 7.879801635908237345e-02
4.284223509062047852e-01 6.108620674702050501e-02
4.617716864956680212e-01 5.150305336148919277e-02
4.295240895779516288e-01 3.372902962767015955e-02
4.775399382079752453e-01 1.799000272540896006e-02
4.733392947075318880e-01 8.096694881609478589e-02
4.142616943539843000e-01 7.627662845320704044e-02
4.224558060339648757e-01 9.226149166557198744e-02
4.743611793036981439e-01 5.053088912198416827e-02
4.706324338859118050e-01 2.105754464354703259e-02
4.445435795442141957e-01 7.545017205455584186e-03
4.522569778724377931e-01 7.470437421397504996e-02
4.833464788616543828e-01 6.754150841273737216e-02
4.698970029507646418e-01 9.626356190009360825e-02
4.309802344818629560e-01 9.993181634150846704e-02
4.969844780057733336e-01 7.948304814957318776e-02
4.417386760425910941e-01 8.061080908065390571e-02
4.235881861455719766e-01 8.762698319365749833e-02
4.942044646159234889e-01 9.745659855875998812e-03
4.192240999778331645e-01 7.013816519979748643e-02
4.799070920843185872e-01 1.066540888507111484e-02
4.567968976093041977e-01 6.254229300564037586e-02
4.063580563640958321e-01 5.838789980533315438e-02
4.715988342289538782e-01 7.192507316928914429e-02
4.617323909124401715e-01 1.045905907344429897e-02
4.245985514020337304e-01 7.444796137049666807e-02
4.277590117839464301e-01 6.208828719264480878e-02
4.832162260909342311e-01 1.058666247453071696e-02
4.445156787701284862e-01 6.788905826624358486e-02
4.997778906808043597e-01 9.708519186040809323e-02
4.504712338557415596e-01 7.590651328568612244e-02
4.455331890414844231e-01 1.165935292022035608e-02
4.587119209916545870e-01 9.442630456022524377e-02
4.000490616002921884e-01 1.187797156988718017e-02
4.967684202625739509e-01 6.749889868447311869e-02
4.334029043346458443e-01 8.046164164669300511e-02
4.756785906357557936e-01 2.466582640216974376e-02
4.331367996680217103e-01 4.772250407696318475e-02
4.002121091317240587e-01 6.296030758821508089e-02
4.578103528565090619e-01 2.616110270329408127e-02
4.691726530355678770e-01 8.079872608512628229e-02
4.952436093843528009e-01 5.452513546122320087e-02
4.496065897823419144e-01 5.525967268766496243e-02
4.979848648502426256e-01 5.072404168743255282e-02
4.778765756633533979e-01 2.873078123971756215e-02
4.083615900374000796e-01 2.841524694676406115e-02
