4.516290732088291682e-01 1.015407840112202420e-01
4.053837514185273383e-01 1.925985939191271201e-01
4.403901232917951103e-01 1.910172828046157179e-01
4.080289664801673433e-01 1.542063137578705834e-01
4.351995181233893617e-01 1.649714952787158517e-01
4.466003941178789960e-01 1.219144404856351283e-01
4.479521352688780045e-01 1.312449862765214803e-01
4.312171130329676694e-01 1.467542203519433264e-01
4.579967893930547151e-01 1.352038619997419089e-01
4.702738523062811038e-01 1.719144336609590984e-01
4.602606557187411962e-01 1.381392403334686103e-01
4.925150461089760068e-01 1.746239131654398480e-01
4.577037787283176895e-01 1.494283432392615463e-01
4.629784692333724916e-01 1.862526342209697705e-01
4.786475677159545139e-01 1.275143825151394128e-01
4.962729684405552399e-01 1.540966356787401015e-01
4.498773162647868307e-01 1.565530546464248829e-01
4.867286290995170295e-01 1.055471588902667235e-01
4.510844215307169280e-01 1.388286749663034947e-01
4.214775548382478920e-01 1.814233247872031884e-01
4.260027292330138549e-01 1.304166600550948629e-01
4.847455400158565686e-01 1.444259153901362447e-01
4.684872603749888897e-01 1.518295747613142010e-01
4.420449078821796496e-01 1.658739758325608882e-01
4.112084858414837285e-01 1.426057010031784311e-01
4.928922959137773674e-01 1.556266256413257332e-01
4.910342154287654637e-01 1.675261431804726253e-01
4.805062543950304743e-01 1.801094067177650138e-01
4.755181445189323175e-01 1.599367326553828017e-01
4.180045565943958930e-01 1.464566282330746760e-01
4.989513570635129014e-01 1.733216255344977863e-01
4.581367352655495440e-01 1.289346356276925565e-01
4.028299478781262599e-01 1.388099913864698221e-01
4.349001622347022367e-01 1.722647307361963309e-01
4.010051116952594308e-01 1.359342023016230083e-01
4.073073486054922254e-01 1.695843880261622416e-01
4.636059583121829863e-01 1.389217057035949943e-01
4.255823981755039176e-01 1.785331737862338175e-01
4.882880124707717484e-01 1.323364351648765869e-01
4.783330989201412531e-01 1.311638355716096271e-01
4.260442509186934679e-01 1.789885273907345087e-01
4.605114444524481820e-01 1.190766347061826824e-01
4.808120024240924439e-01 1.981714909943699532e-01
4.929113152007963405e-01 1.548532739927266644e-01
4.859194719471658930e-01 1.055630240205255865e-01
4.736191449415477761e-01 1.780762523380295392e-01
4.313234894411106524e-01 1.705586464577408257e-01
4.098094901527091216e-01 1.376880580428042344e-01
4.971785343117722800e-01 1.205184321410444348e-01
4.747938817112679621e-01 1.290540576444843546e-01
4.711630498181684223e-01 1.814561129707452369e-01
4.135158119018447764e-01 1.537294567276165647e-01
4.725942909886895471e-01 1.234710485737450514e-01
4.977856483721422864e-01 1.266477741818608505e-01
4.220906932172321380e-01 1.494189071970025706e-01
4.454424235126459575e-01 1.767237048241023789e-01
4.158611039089173955e-01 1.397414594456134473e-01
4.324467554982662221e-01 1.377911044051508271e-01
4.665737551679040029e-01 1.849723819771183220e-01
4.707124197193796045e-01 1.768775697165721472e-01
4.672277590397858615e-01 1.222132004211168854e-01
4.112405601356471929e-01 1.801012787050454977e-01
4.819780485663890945e-01 1.853448908463990186e-01
4.034192444888314300e-01 1.996837986492240313e-01
4.819863130696749876e-01 1.179620922864085542e-01
4.172803913125941455e-01 1.605971178815574218e-01
4.795736375486668868e-01 1.073957765701941680e-01
4.683065211175568288e-01 1.394874261891096145e-01
4.679168326788697430e-01 1.259454238350420363e-01
4.605111364922507278e-01 1.294095553037285795e-01
4.521532949251003686e-01 1.206856448244358337e-01
4.168535289045684489e-01 1.107016162884020272e-01
4.424521472470858141e-01 1.549026759952046306e-01
4.308551526777004148e-01 1.935474109832850398e-01
4.739584107793425316e-01 1.181970902937443946e-01
4.038419061576839497e-01 1.740678000545545223e-01
4.190281723601759767e-01 1.462674046930086680e-01
4.662188977673721313e-01 1.490246216144516245e-01
4.373916459412059421e-01 1.147418604215854898e-01
4.170489589829273203e-01 1.504163789068541646e-01
4.258280503967105668e-01 1.024065482251603765e-01
4.464238463715526350e-01 1.635715417548531114e-01
4.029673851550161223e-01 1.935605221637867190e-01
4.093749288241825823e-01 1.012336888220335407e-01
4.904530005957618011e-01 1.076071609998128231e-01
4.406065921602911883e-01 1.769858137346062010e-01
4.129108406701215150e-01 1.423444048593137945e-01
4.788297155394352078e-01 1.637916228067471669e-01
4.765508540374289170e-01 1.771457425613857106e-01
4.532522955398861075e-01 1.029502009253252803e-01
4.126651126501362232e-01 1.255567589973759224e-01
4.980898633872754555e-01 1.571481375534062030e-01
4.615489959812183463e-01 1.857261257764719065e-01
4.946755930500026377e-01 1.581184446065083682e-01
4.934869723360625904e-01 1.755293360886200915e-01
4.383142638580668216e-01 1.828094265697708942e-01
4.429756654540195071e-01 1.799471530858609836e-01
4.610774601003134743e-01 1.223785653570306498e-01
4.865753060812354480e-01 1.249480890009221912e-01
4.812025118019147008e-01 1.137577002476390375e-01
4.707878259330586790e-01 1.746753833907647713e-01
4.543074461891547511e-01 1.186942270116102538e-01
4.895461808140008086e-01 1.034864443047139315e-01
4.181567373958132161e-01 1.288614301679143759e-01
4.889907400227537781e-01 1.587865270483963531e-01
4.616999063820269589e-01 1.565143113770547101e-01
4.799975769723900942e-01 1.901967870470719912e-01
4.154170429328069569e-01 1.466668167281073298e-01
4.901286742729503709e-01 1.456824212692021947e-01
4.027394356426163835e-01 1.126059084945379984e-01
4.284590341548032977e-01 1.165065477581060105e-01
4.258606075544945635e-01 1.514464732664269897e-01
4.496439726291886485e-01 1.150513404142975427e-01
4.749927017366318283e-01 1.088366626562950468e-01
4.813388238902925331e-01 1.948777666251404472e-01
4.174073530025886880e-01 1.987854782319517510e-01
4.533298672628788828e-01 1.609526706742873126e-01
4.027338612406865526e-01 1.581416306042064124e-01
4.205248762743789559e-01 1.072564117216443513e-01
4.401684232479590730e-01 1.386825026126890514e-01
4.462479181784121396e-01 1.812618454108616550e-01
4.545219999740862660e-01 1.824624301674828142e-01
4.258191100616062208e-01 1.934952938583026638e-01
4.945046072276725879e-01 1.163794834675888901e-01
4.221927657565788250e-01 1.384017004042335797e-01
4.618904243138404753e-01 1.128503486169135928e-01
4.398595417498784577e-01 1.265088912028926871e-01
4.280578721624400118e-01 1.121283918637526467e-01
4.504270340579886178e-01 1.481085184973839619e-01
4.931196443499678006e-01 1.260203996052133846e-01
4.988709882312926669e-01 1.975305700222548810e-01
4.689514460162611531e-01 1.630597588848566593e-01
4.978820614794770005e-01 1.109039109575370441e-01
4.430388072555125900e-01 1.506455872315406452e-01
4.489939439797480114e-01 1.636095425846366413e-01
4.116720640902691297e-01 1.326950461586424712e-01
4.958024420399290699e-01 1.100338734334677382e-01
4.746973299057875018e-01 1.896276902790907104e-01
4.699611594757816535e-01 1.695527967231635902e-01
4.746041944729521012e-01 1.077910693335864811e-01
4.777027274745161978e-01 1.975017366199338653e-01
4.668572467703212547e-01 1.385111668804227814e-01
4.641502285207046441e-01 1.134418796315047884e-01
4.216207587713688976e-01 1.644101560397039918e-01
4.635961963195299740e-01 1.755407093496724191e-01
4.428308807531312619e-01 1.887197608406885052e-01
4.926965534550688530e-01 1.864839597573715868e-01
4.610911082666457328e-01 1.836711702461818474e-01
4.703366418033050333e-01 1.601769814089598898e-01
4.702270821987892813e-01 1.238419707761880262e-01
4.006768249036181118e-01 1.684764134902118349e-01
4.317967550161360690e-01 1.545463057121470585e-01
4.000579521868370958e-01 1.604681068374219366e-01
4.649421624768392824e-01 1.361408039320061714e-01
4.808627293375313805e-01 1.582156449346207305e-01
4.236306172233074707e-01 1.651686174977612109e-01
4.894539674859775813e-01 1.157029148396832297e-01
4.950063383632086200e-01 1.276283471334421216e-01
4.681953308764891797e-01 1.149054884613812944e-01
4.242182999927943676e-01 1.671235059858196814e-01
4.518679171149999618e-01 1.215920279583962982e-01
4.137728107071922401e-01 1.830993353269995128e-01
4.388248117063229259e-01 1.386438208440478048e-01
4.812468099539252142e-01 1.054588035093701748e-01
4.266897609873564479e-01 1.018439623609086742e-01
4.234783072631797540e-01 1.779073634804357873e-01
4.313169621837624201e-01 1.501866476859177457e-01
4.172361808096901603e-01 1.132251393256006322e-01
4.305426008905933744e-01 1.214777867751366813e-01
4.967992575043753689e-01 1.971831176990554435e-01
4.835289606534576845e-01 1.721101235677101604e-01
4.347225313226073529e-01 1.519007128193433920e-01
4.561184425808348930e-01 1.259889218892372986e-01
4.694680582471555397e-01 1.457489304425749199e-01
4.204700115185741049e-01 1.431040946334007080e-01
4.454268926854934030e-01 1.255498773690239545e-01
4.160392069205502974e-01 1.096615611868796691e-01
4.047385242531145733e-01 1.061812059933647800e-01
4.433417594942010709e-01 1.274895723048069529e-01
4.045905299003096367e-01 1.679026994385093008e-01
4.315642032451186272e-01 1.501141339068038927e-01
4.046461545918489944e-01 1.173071067008923662e-01
4.212144457638574147e-01 1.652541219761284874e-01
4.740368774015993880e-01 1.614034858087849689e-01
4.692446585402740289e-01 1.630171176164746660e-01
4.521658167654111216e-01 1.300500487796355797e-01
4.251551080573207075e-01 1.482958255378357959e-01
4.338732118747662403e-01 1.134007813018843014e-01
4.089612243428576988e-01 1.460697577831112925e-01
4.570135894594997694e-01 1.617870374352523843e-01
4.408018524041945607e-01 1.001776472061612633e-01
4.774937362111985606e-01 1.509884873069445577e-01
4.552936220049617067e-01 1.414678976543413125e-01
4.175860375134227698e-01 1.920054568348876778e-01
4.042893861398543787e-01 1.255332610619053768e-01
4.753180917965837970e-01 1.335628318056311381e-01
4.813497029026060359e-01 1.836955614373483314e-01
4.990928722760310521e-01 1.518442712081408130e-01
4.987070414406594154e-01 1.867149903820650714e-01
4.536855939705206620e-01 1.600296671339983823e-01
4.973140542962545263e-01 1.461167889761733341e-01
4.091844524267660987e-01 1.748350059223969244e-01
4.715676762226903018e-01 1.782328219266527125e-01
4.212541642059801639e-01 1.665703857620691730e-01
4.653471430328136593e-01 1.266838272106116936e-01
4.535878362675683229e-01 1.146331737010807539e-01
4.149805804459388292e-01 1.193908519884127051e-01
4.752680410915025577e-01 1.699172518294271295e-01
4.720779870615335883e-01 1.250236579524815761e-01
4.740617978646443076e-01 1.964765396283580934e-01
4.805770239431667035e-01 1.676973794221925107e-01
4.875096345029905631e-01 1.512643260837286119e-01
4.745543094162776310e-01 1.521484569449851054e-01
4.375890113852450303e-01 1.772217586743681239e-01
4.608075411504266583e-01 1.742254926139628624e-01
4.561170318016745107e-01 1.306601493986951357e-01
4.694695379549758130e-01 1.190001953322599448e-01
4.167821697328529806e-01 1.765353152415534976e-01
4.262726527603059035e-01 1.083621984509043068e-01
4.684113105483531658e-01 1.419480885052022412e-01
4.518006876359127455e-01 1.419336523417620288e-01
4.530405382279519833e-01 1.687809200252911035e-01
4.549532517141293697e-01 1.601639943472381589e-01
4.005271478137577557e-01 1.908922701285679091e-01
4.131396700924090948e-01 1.543756221963901720e-01
4.879022746728740589e-01 1.676621910633338819e-01
4.886332628731505645e-01 1.038510745934851098e-01
4.592863113689646393e-01 1.589956422914925172e-01
4.491722247255901523e-01 1.605209002425256604e-01
4.775695604112661918e-01 1.069637992622946565e-01
4.084946137405430777e-01 1.563802283819977490e-01
4.795632365427628940e-01 1.958250430682180743e-01
4.179750837101900984e-01 1.250477176522221401e-01
4.492266521443237792e-01 1.750882542828712807e-01
4.852533682643673796e-01 1.766654588259107261e-01
4.236997420370928191e-01 1.317953119566701581e-01
4.189581661370326837e-01 1.267974688466662059e-01
4.040105933061048926e-01 1.935386341742234284e-01
4.671434442502706563e-01 1.005626103329841925e-01
4.723892847931302486e-01 1.364208880800482082e-01
4.450966381458976717e-01 1.731408515867685072e-01
4.074142339961495107e-01 1.997084648256286232e-01
4.773321978690796552e-01 1.578004317567442416e-01
4.342922861693812031e-01 1.793496292171704587e-01
4.382085417532927130e-01 1.526557016097214170e-01
4.143302910023735075e-01 1.326992854847043046e-01
4.368327622013256084e-01 1.614608067408679348e-01
4.235022803111728740e-01 1.000251599787369550e-01
4.568470668068992935e-01 1.942091504835823934e-01
4.193553783131923063e-01 1.326047323526479416e-01
4.751671406519624163e-01 1.235126010544037589e-01
4.318147961978240357e-01 1.568398288780579741e-01
4.950390683766059396e-01 1.157945992720935680e-01
4.313250011594396138e-01 1.090490229420827129e-01
4.097076830757547250e-01 1.970741835046224133e-01
4.784885902685651615e-01 1.420068981551537157e-01
4.914190944306178754e-01 1.867894082289847657e-01
4.640411175215002348e-01 1.227145631729548714e-01
4.153382468184628751e-01 1.345789987189263959e-01
4.422832951589731887e-01 1.528517195650475058e-01
4.313962637210491669e-01 1.533234546854898295e-01
4.253422927348234350e-01 1.698046411903996744e-01
4.367426922517863019e-01 1.374050578300148318e-01
4.529995930211062061e-01 1.545306025114548121e-01
4.255377390682157923e-01 1.684319624747487587e-01
4.741801997438684912e-01 1.464883663128573599e-01
4.919835678766223963e-01 1.478218522151119874e-01
4.997266567539050408e-01 1.910646329566186852e-01
4.693600194921508928e-01 1.753852400405562784e-01
4.417681074926503304e-01 1.843089147618746093e-01
4.581407497852621469e-01 1.472235656057205300e-01
4.365389652295402767e-01 1.100715839346232405e-01
4.736194723688698649e-01 1.071036716242219078e-01
4.878379845385119040e-01 1.445390929514709377e-01
4.424759543421413754e-01 1.783552755981809845e-01
4.127155651818875670e-01 1.515430489256518187e-01
4.645364282669124933e-01 1.702151410970141887e-01
4.483748909785957859e-01 1.587959768486803258e-01
4.693691787548728289e-01 1.229325808751997040e-01
4.753759113428995819e-01 1.323498890627259339e-01
4.376819244374599571e-01 1.733385489125773837e-01
4.537823960734223006e-01 1.953844143075657569e-01
4.572282315960037868e-01 1.961484875230234959e-01
4.586562914442818273e-01 1.236512170431652013e-01
4.131237291555406310e-01 1.738631453454912990e-01
4.529878203843838991e-01 1.747118738770493396e-01
4.003491175740158670e-01 1.736199234600501462e-01
4.617978693428141934e-01 1.275964590273242216e-01
4.138045239242438278e-01 1.445888345564309563e-01
4.366372093014050937e-01 1.324850483343512908e-01
4.098168283763268804e-01 1.828850561752392023e-01
4.402493592357366592e-01 1.478204299510637587e-01
4.010729471108630539e-01 1.946117602438836580e-01
4.856941857737165913e-01 1.088719587478569062e-01
4.563965226859380553e-01 1.428527768771886142e-01
4.879952395999769266e-01 1.132616810218373127e-01
4.738986332747037733e-01 1.623345378168485065e-01
4.821959742231470836e-01 1.209182865630435699e-01
4.676875895345917744e-01 1.885225086081785129e-01
4.865192150870897292e-01 1.573895492045852273e-01
4.552722113427833950e-01 1.848008163114424063e-01
4.898784160366924656e-01 1.282269436563290010e-01
4.974607080146470350e-01 1.516315751296762604e-01
4.999969769567882416e-01 1.810962442083412227e-01
4.344295227458899178e-01 1.547505347142389964e-01
4.816798531665693606e-01 1.245226763060739983e-01
4.893707068206192279e-01 1.766205624732909429e-01
4.015605829282691275e-01 1.406520748345392591e-01
4.116509439275751192e-01 1.310773988707993332e-01
4.176245824312078692e-01 1.663140499711917852e-01
4.988736082999646326e-01 1.081977878033042184e-01
4.549502518709287457e-01 1.750100801004206841e-01
4.781656576582291596e-01 1.381564144161471774e-01
4.665948800527415230e-01 1.435843778935901316e-01
4.400195268630606726e-01 1.775984703008239296e-01
4.422489800255778314e-01 1.307741513063291616e-01
4.953061417428119562e-01 1.900589507132260936e-01
4.792152292118123658e-01 1.932636333637120230e-01
4.661986696441622890e-01 1.572891781326423433e-01
4.114943711030706330e-01 1.088758740331217112e-01
4.120513713874706108e-01 1.532295249849398022e-01
4.668446929737012363e-01 1.974649903887552016e-01
4.732152787727054166e-01 1.315364169120603888e-01
4.311258058046113506e-01 1.716207200232200691e-01
4.493936099666537842e-01 1.828455800320699376e-01
4.455745271514965911e-01 1.200707947429092981e-01
4.358456677416074343e-01 1.073771182047219830e-01
4.203281381822657758e-01 1.048214964828939888e-01
4.136117990444824755e-01 1.458213701263428863e-01
4.895050069060682407e-01 1.048365820363238166e-01
4.493655990778276932e-01 1.008843565767904571e-01
4.912928475359873426e-01 1.790821830063198394e-01
4.269384508348431639e-01 1.504203618032584899e-01
4.796209070524021234e-01 1.940831629564113703e-01
4.943984013786231202e-01 1.143319614939572737e-01
4.101944380254760047e-01 1.135418809858457778e-01
4.066887682189168629e-01 1.705565460626156660e-01
4.996719002513542174e-01 1.292887248012499768e-01
4.503918652771438103e-01 1.742777524420220936e-01
4.470592091751304231e-01 1.280347803484059022e-01
4.205505308146224031e-01 1.785217851398697708e-01
4.510193194783046478e-01 1.554085120803356812e-01
4.827592902834605959e-01 1.761100313432366615e-01
4.858477942884024126e-01 1.393580238280463790e-01
4.761536769103435485e-01 1.990834723093458103e-01
4.551478773691309820e-01 1.131331634255614282e-01
4.488993936405893947e-01 1.066041688545510679e-01
4.843827391130360316e-01 1.416114711593092212e-01
4.182659936997562000e-01 1.747719300365981332e-01
4.960066824464165469e-01 1.239173040726927466e-01
4.555281042565822447e-01 1.094672622186913524e-01
4.043554492488021235e-01 1.315932534572721302e-01
4.947234477673685960e-01 1.554447003122822191e-01
4.398694163331848261e-01 1.817738692503778619e-01
4.879634882323869993e-01 1.683052989664399202e-01
4.283033953581301123e-01 1.135242288458861160e-01
4.864787060324964330e-01 1.928703117608126238e-01
4.348978169331342292e-01 1.813774378067332660e-01
4.488389435197621125e-01 1.735420079281029815e-01
4.624239336516926535e-01 1.181629712312799729e-01
4.436892896196664160e-01 1.861927050301742104e-01
4.513906472670026204e-01 1.810603473974720101e-01
4.434074756052659994e-01 1.604059753634698715e-01
4.838458505820305566e-01 1.580495896304597581e-01
4.824125912728657317e-01 1.464646908705791728e-01
4.438175525377052733e-01 1.700360443542880406e-01
4.470795347824298993e-01 1.543889091744768127e-01
4.490312906432559759e-01 1.792632721072564550e-01
4.294101389961858528e-01 1.396181290357034477e-01
4.722146420854458349e-01 1.534521696734875984e-01
4.602471241502912314e-01 1.511268789202530882e-01
4.683023228152236594e-01 1.318453276266360608e-01
4.996402134374158255e-01 1.515762267640770322e-01
4.894235652938849768e-01 1.010882625272903901e-01
4.239213771901126360e-01 1.243902094695221172e-01
4.062068550085140561e-01 1.243138127856109609e-01
4.139959736752635844e-01 1.698193081704653107e-01
4.649814936072763638e-01 1.670891626438472111e-01
4.667555239957192903e-01 1.889437076664165771e-01
4.444285702769950053e-01 1.173864323767232209e-01
4.296708113685618335e-01 1.039092230165916952e-01
4.676740414799750445e-01 1.193855150792938746e-01
4.156561364246809109e-01 1.746771205202631849e-01
4.659648773150530943e-01 1.639547879972389488e-01
4.987209324406493005e-01 1.066407560601479454e-01
4.739992828533405866e-01 1.406014378145638566e-01
4.695746037519817340e-01 1.140057789381708486e-01
4.247063705798850286e-01 1.157303192177620565e-01
4.453452312986100892e-01 1.406659993074249881e-01
4.829935819977027034e-01 1.532425233829617650e-01
4.640052465804552773e-01 1.551833368230295940e-01
4.524085603628901220e-01 1.700390970376094990e-01
4.615513169042947395e-01 1.824179791349477553e-01
4.862421889341929093e-01 1.844126234291580957e-01
4.947391140364808537e-01 1.096992105954459895e-01
4.334203158344743234e-01 1.573312732458909402e-01
4.910105942985043548e-01 1.495367561719969651e-01
4.342334023141956600e-01 1.734800117824434884e-01
4.073999800064745935e-01 1.090666928095966048e-01
4.382970252295871894e-01 1.461814256352060581e-01
4.736877309097878297e-01 1.281269554632276653e-01
4.248648899412996172e-01 1.791100147535997777e-01
4.511581830440437035e-01 1.117642345412143134e-01
4.587260027250611438e-01 1.434796476150727862e-01
4.039775073323645382e-01 1.348980129178335985e-01
4.011746299029578244e-01 1.175516015626093258e-01
4.822525998903635647e-01 1.221619275273567173e-01
4.617983700666348224e-01 1.620353810186762611e-01
4.770775866181972136e-01 1.288849417581047208e-01
4.452917611059118430e-01 1.097585933395622271e-01
4.231114026727185173e-01 1.890202272514801551e-01
4.917182082144149202e-01 1.595599222828089081e-01
4.018661586916410511e-01 1.997715492955514094e-01
4.351220086104437557e-01 1.322748737989767054e-01
4.877233068869623045e-01 1.672429113498623554e-01
4.777225572192683734e-01 1.207192139287063259e-01
4.020966253867893636e-01 1.723634046786494123e-01
4.090988077555960944e-01 1.666043826584983067e-01
4.476200449834556450e-01 1.005904616273919083e-01
4.731780474933219294e-01 1.868961547054236727e-01
4.312683044594781689e-01 1.652282646747234851e-01
4.646319494649243098e-01 1.158685860627102493e-01
4.225528809523478313e-01 1.615778109364039705e-01
4.867068446509841273e-01 1.461768157001973323e-01
4.661155407960118624e-01 1.187687349909263279e-01
4.599583147461794308e-01 1.438218424448189092e-01
4.924689330430379597e-01 1.617744779901521546e-01
4.623566397147824136e-01 1.595987687864188487e-01
4.455941939476907310e-01 1.929456164287410569e-01
4.691609840454517011e-01 1.989182809524593087e-01
4.445710469519310593e-01 1.707731384147360698e-01
4.411827440688788626e-01 1.004561405516304906e-01
4.901383233935391326e-01 1.159300372671036028e-01
4.956117794028270795e-01 1.265602170545430671e-01
4.992364494644678796e-01 1.149483312984163619e-01
4.354356527781794717e-01 1.250427675194950294e-01
4.910901701825070020e-01 1.076949518525006089e-01
4.969943373295059863e-01 1.567180214875686650e-01
4.665533236733953038e-01 1.045606513812437077e-01
4.008515922948116539e-01 1.355284692221970511e-01
4.253267555487709739e-01 1.988656670638976887e-01
4.513943204788586905e-01 1.160313541673111126e-01
4.814607066449957395e-01 1.324041567683492959e-01
4.678779588397069533e-01 1.126770171092606465e-01
4.736464335746163878e-01 1.003392022075059453e-01
4.521311116270422259e-01 1.376937069286105764e-01
4.287978603325424132e-01 1.938233375822979720e-01
4.217712039679769598e-01 1.573850776860955258e-01
4.560514763888504075e-01 1.404700428054291017e-01
4.412089000677776873e-01 1.145640179882199960e-01
4.446423521777690402e-01 1.023434116734419919e-01
4.916615544889577638e-01 1.367494203866156943e-01
4.712970492755875762e-01 1.890353337194501937e-01
4.359268347609243643e-01 1.319399050420516362e-01
4.837915024650232265e-01 1.272198798186456037e-01
4.339420527026724428e-01 1.333958074510723235e-01
4.124519167213560600e-01 1.299362966039299683e-01
4.387190751636804720e-01 1.139131224712124080e-01
4.320971595687727040e-01 1.769535920615779301e-01
4.167489715189449662e-01 1.007261070232020328e-01
4.005797042299863442e-01 1.534522627126667094e-01
4.107256002164347830e-01 1.535302795622532634e-01
4.549925847662787404e-01 1.017407474532230072e-01
4.597656248701429416e-01 1.442039920072551717e-01
4.701078751120915111e-01 1.558086803229222772e-01
4.110674701717890178e-01 1.644822726192773643e-01
4.796368572989676560e-01 1.253561945308148962e-01
4.238202356939839710e-01 1.038586645664222041e-01
4.356290631958292248e-01 1.586243136714323709e-01
4.801233721749077477e-01 1.095709433706052449e-01
4.632851562631552511e-01 1.570477574657605513e-01
4.797216043749836234e-01 1.120698864959949748e-01
4.352934112938314781e-01 1.814900322225834750e-01
4.059112538428734096e-01 1.807748743386094481e-01
4.910906460120645356e-01 1.548503918754517428e-01
4.645204241416301949e-01 1.248539660962537379e-01
4.005928725561974657e-01 1.474199781019488176e-01
4.795391775680120650e-01 1.410679341243448737e-01
4.246822154695295004e-01 1.068607622014948189e-01
4.034759241589378487e-01 1.965001743379483634e-01
4.703291675563658902e-01 1.893842234915728284e-01
4.214328427257124643e-01 1.520149028765142574e-01
4.080493086644343959e-01 1.299674134667193337e-01
4.320056834745242269e-01 1.476682837800227521e-01
4.736947697939625779e-01 1.520097562224844712e-01
4.989380086574798367e-01 1.967611745856489569e-01
4.588296943199576816e-01 1.992091726963471088e-01
4.052105568700801186e-01 1.857843252401798484e-01
4.414760644902566145e-01 1.795328538358995640e-01
4.264993951172050268e-01 1.137554621592299087e-01
4.132532521133617798e-01 1.792536266441454029e-01
4.364384732224164121e-01 1.827816143363407697e-01
4.317796056649732539e-01 1.962403003583126915e-01
4.040164462465016815e-01 1.444499605087561644e-01
4.439075771659946046e-01 1.699732451074025263e-01
4.518803521705856419e-01 1.086942932159337682e-01
4.575476775588471767e-01 1.808985916100237512e-01
4.414395038490300793e-01 1.406019944746268457e-01
4.018523348570270382e-01 1.427601009213611272e-01
4.985176816957755386e-01 1.991645382716298873e-01
4.946642789007327234e-01 1.610333090637643683e-01
4.509080520348113241e-01 1.844281546532506588e-01
4.665693505505013605e-01 1.561067820172025999e-01
4.676261218324622160e-01 1.690739576000137023e-01
4.478724326217803364e-01 1.054820882582590547e-01
4.727272860978616875e-01 1.033658273759449353e-01
4.031280643411329634e-01 1.702124189061758053e-01
4.162994708674388478e-01 1.159083657084252761e-01
4.519572954645624252e-01 1.395665037766195549e-01
4.046751941773140682e-01 1.766297017860501417e-01
4.858074981270762427e-01 1.405882921645340289e-01
4.934296121868301799e-01 1.328918944422175230e-01
4.968437205020008740e-01 1.625374566247569930e-01
4.033274727021071149e-01 1.930641557611085246e-01
4.143252693828513578e-01 1.919677925306241262e-01
4.562367813180728815e-01 1.174891389025354560e-01
4.151817044454100825e-01 1.713121810602501460e-01
4.833936414932300529e-01 1.912205113202758433e-01
4.648455746721910087e-01 1.130500239769554327e-01
4.275204008182155735e-01 1.299058766742551274e-01
4.350208458317360583e-01 1.747827512218563806e-01
4.622597285420108615e-01 1.141141767263715578e-01
4.630270335577350016e-01 1.817530819460850267e-01
4.287514955154168583e-01 1.311374028733220953e-01
4.016321556285208372e-01 1.739253988114993210e-01
4.356341519642082383e-01 1.233255966663971137e-01
4.089451051453300567e-01 1.251369519033982414e-01
4.103358669282604065e-01 1.074530216397703020e-01
4.274287118061251278e-01 1.178565132581892994e-01
4.630884447003937865e-01 1.942019729954724272e-01
4.684984181888804944e-01 1.142671972772310862e-01
4.547037197229573113e-01 1.866462495667864929e-01
4.100119268757601021e-01 1.334050163381180765e-01
4.903635915109438859e-01 1.958200286248797384e-01
4.148583054081430022e-01 1.181537189893625273e-01
4.653051799167302605e-01 1.908109429269801705e-01
4.885471555432850943e-01 1.550875399434861190e-01
4.114654286844202091e-01 1.430216722831471887e-01
4.393956136191714545e-01 1.377988738461904950e-01
4.190195551887849756e-01 1.637592625549461889e-01
4.974884947873625674e-01 1.084843450298609013e-01
4.973403157193840851e-01 1.763532668754169697e-01
4.686409449869671784e-01 1.430054609197132787e-01
4.477976128632401576e-01 1.291669660528413921e-01
4.371300160331308415e-01 1.334939734497579966e-01
4.255546948138545504e-01 1.936333013451747853e-01
4.976052027519639598e-01 1.223607716696558378e-01
4.245580506664307641e-01 1.436019103299431832e-01
4.947440555474109658e-01 1.975847565050365406e-01
4.986206319049085733e-01 1.343670800735349835e-01
4.287434539953401957e-01 1.614770287976501628e-01
4.989407037036812098e-01 1.014050138439558379e-01
4.148465769388527402e-01 1.138131613148993249e-01
4.619696236244307253e-01 1.413879838421197854e-01
4.284948436606071942e-01 1.538181192858104895e-01
4.176360743735866854e-01 1.934787053278742286e-01
4.531531708365041933e-01 1.992871410386127529e-01
4.550059685262674014e-01 1.560060665793837065e-01
4.557129196248225211e-01 1.191333566594412752e-01
4.679577805584718697e-01 1.785076400266173702e-01
4.161591436316723902e-01 1.985302227721728041e-01
4.545186080381697913e-01 1.577805328010926655e-01
4.474892305890327826e-01 1.144651177632961814e-01
4.203217058939863748e-01 1.808689398159621098e-01
4.419882934589777213e-01 1.843306449415684223e-01
4.665160643808159979e-01 1.794927262694169245e-01
4.687735355641138302e-01 1.306122534837675930e-01
4.737748392494888217e-01 1.883415344321349161e-01
4.056843515609787065e-01 1.620848964726066543e-01
4.371563318191168390e-01 1.387987177205004807e-01
4.858278297714426208e-01 1.754141018349145986e-01
4.289646308219735027e-01 1.587050467835589840e-01
4.633199508778411690e-01 1.946667952379023681e-01
4.383467593959477493e-01 1.191253351059636256e-01
4.647763567664248141e-01 1.630356424217350442e-01
4.909265299219044421e-01 1.939322418413752802e-01
4.837039151298326844e-01 1.909343219203237518e-01
4.860375106622507602e-01 1.234672198561833356e-01
4.037734938289714304e-01 1.789577206741839455e-01
4.338285820209125676e-01 1.757179328870629997e-01
4.987338326130004162e-01 1.308564006398149071e-01
4.428470353514460944e-01 1.453591070930652096e-01
4.103576699890399970e-01 1.674422765023444448e-01
4.114265642350507513e-01 1.326616393526234838e-01
4.328498146470119989e-01 1.205646154831779004e-01
4.877199523031975903e-01 1.103450447434773385e-01
4.480150397916065064e-01 1.120267862044398988e-01
4.009388500300248848e-01 1.347816114698798251e-01
4.224714575713270914e-01 1.326909680847256912e-01
4.515577139105877436e-01 1.797468099153265997e-01
4.467427253879286964e-01 1.435374805506461626e-01
4.875874312921100184e-01 1.772894951619921611e-01
4.310204755759954320e-01 1.923895726581528742e-01
4.063668877490780873e-01 1.489200949853652922e-01
4.629691833376573529e-01 1.269148990072861971e-01
4.252970496660672950e-01 1.301913950699806199e-01
4.454397179318095867e-01 1.207140902909728808e-01
4.807206520548465423e-01 1.988036299206002444e-01
4.632349950345874268e-01 1.789183676817578394e-01
4.678612319019550547e-01 1.568737455422298532e-01
4.881609551305419181e-01 1.880990396105462481e-01
4.968204474582567087e-01 1.954436571850545479e-01
4.254789420209936224e-01 1.576252277908690158e-01
4.092721220223589085e-01 1.815511366774427149e-01
4.953995432502077412e-01 1.832289341461225407e-01
4.244673536096178479e-01 1.045007414749250518e-01
4.444354484371019764e-01 1.156045416695943018e-01
4.351009449736073509e-01 1.543095634071870448e-01
4.822296971888090367e-01 1.409485238235301807e-01
4.839703512742892788e-01 1.388628032307683557e-01
4.847024670061211848e-01 1.427441664873979887e-01
4.417079669332394931e-01 1.698315878960695302e-01
4.534758193322827591e-01 1.851651740826917303e-01
4.683019155856504856e-01 1.367503073155350024e-01
4.458455541334357397e-01 1.925593320840013611e-01
4.228214279532996889e-01 1.199125555662667320e-01
4.686721324456100679e-01 1.919923678511901155e-01
4.054424789688043096e-01 1.457804922426539918e-01
4.685309230741621644e-01 1.498348374190682786e-01
4.113498969442862530e-01 1.624888877163675749e-01
4.351857693880085143e-01 1.750312201944114188e-01
4.888939763288185358e-01 1.650946103938229492e-01
4.957338745559188298e-01 1.491977618571018183e-01
4.988388554490753579e-01 1.550427622580003995e-01
4.374741553373979741e-01 1.633037313541197966e-01
4.602103266372524204e-01 1.478637902383522496e-01
4.993683129010946242e-01 1.715472397561519924e-01
4.060543958845685975e-01 1.137631085170693890e-01
4.388104737803780186e-01 1.370630771924899738e-01
4.120841757257878712e-01 1.895204849970757999e-01
4.008387275408558659e-01 1.297716313830641621e-01
4.709500267181995214e-01 1.779851088249530255e-01
4.449560577111977833e-01 1.155645236030648504e-01
4.297545540102781225e-01 1.640365944296645062e-01
4.884681283877165825e-01 1.686207359077549761e-01
4.773935554880952559e-01 1.072829373212724480e-01
4.082934195470901417e-01 1.300063846857592298e-01
4.814459126702324010e-01 1.440315781805187600e-01
4.329752783039099717e-01 1.879304691647657455e-01
4.977083247166280700e-01 1.188435496541522529e-01
4.521761870326479471e-01 1.958898681294706789e-01
4.934220750501847053e-01 1.770352596948804591e-01
4.888360586018907772e-01 1.102689564848128856e-01
4.485497597298978567e-01 1.656867200458130851e-01
4.360967319507648710e-01 1.609485716207374739e-01
4.647628836269013242e-01 1.372669849644070905e-01
4.524082882188004140e-01 1.597994679735988965e-01
4.755658197732208770e-01 1.521708121783054979e-01
4.860832149934422031e-01 1.330427961492663402e-01
4.718813731607724993e-01 1.638923363124895616e-01
4.427295580847797063e-01 1.359011758552355897e-01
4.038943531540046261e-01 1.421517215247415089e-01
4.169199073346414042e-01 1.027321531274212052e-01
4.375504280186421346e-01 1.418944761246551667e-01
4.456388810659325239e-01 1.229222951495222982e-01
4.802721758197752711e-01 1.283782416529479498e-01
4.514055557287194875e-01 1.051963176449288440e-01
4.973097930957209312e-01 1.728519173071201842e-01
4.823720554872994448e-01 1.501110092198524870e-01
4.651855506270117235e-01 1.317694511084548659e-01
4.368872842906304510e-01 1.594704606869382368e-01
4.824701094778210964e-01 1.935694370227752370e-01
4.219329708684466662e-01 1.441725452468916313e-01
4.612793361176161233e-01 1.037833293500418919e-01
4.088244772172702768e-01 1.017563019991582496e-01
4.024426811237360457e-01 1.738158689443040084e-01
4.508122580438995164e-01 1.045357860412665651e-01
4.710380300032338541e-01 1.196609825053849274e-01
4.076028867926053678e-01 1.936047171372385356e-01
4.009112085660032077e-01 1.506876448175659688e-01
4.103310580642341443e-01 1.086523500709259960e-01
4.295452568687017636e-01 1.467122727939762505e-01
4.733675658258138519e-01 1.204738210876511173e-01
4.674532547670511295e-01 1.213637951052453368e-01
4.135071916346326759e-01 1.912610995831221516e-01
4.911135030064001095e-01 1.656567697945021955e-01
4.387060936894974783e-01 1.024838988315073529e-01
4.108360976708019807e-01 1.524345659709751832e-01
4.472440710786978468e-01 1.301354992208170469e-01
4.450499304898450914e-01 1.642405629834432779e-01
4.372045706573769452e-01 1.294401859402425081e-01
4.779341580200641704e-01 1.114671939453339422e-01
4.533547414357742555e-01 1.110695212842343071e-01
4.735081702198515874e-01 1.408973934237634784e-01
4.380136404054378874e-01 1.398585718303472503e-01
4.823056996012130004e-01 1.634594177145783089e-01
4.476788150561150648e-01 1.191483201261772096e-01
4.670270111854146755e-01 1.749204568253682757e-01
4.322385529190492792e-01 1.520434446378597648e-01
4.110633567201331107e-01 1.187212979469236540e-01
4.427505821239534067e-01 1.862824940602367252e-01
4.469314987136537853e-01 1.514110915105969235e-01
4.649418896775815435e-01 1.379274899185044811e-01
4.240981983163352176e-01 1.040267963546944174e-01
4.900518443943425728e-01 1.674257439192631536e-01
4.385413494288504799e-01 1.428762446394021002e-01
4.180175926540220521e-01 1.795651509808379453e-01
4.063812473183174845e-01 1.422578796026521541e-01
4.616613376793687884e-01 1.304271153951998830e-01
4.136137057811760109e-01 1.418963632820580967e-01
4.752872775910923497e-01 1.901340475847962952e-01
4.787830273029657913e-01 1.644860477097858931e-01
4.932192353285725361e-01 1.856221845179596985e-01
4.694727373708402762e-01 1.521636563123535124e-01
4.922156847109213640e-01 1.626339676514050592e-01
4.042440680240249051e-01 1.868924282014772231e-01
4.589878850736648364e-01 1.659081699050580783e-01
4.154628643690281842e-01 1.989044313062555414e-01
4.303984880604714292e-01 1.668305103365233799e-01
4.529965923468377564e-01 1.799822953355608157e-01
4.946930227203787389e-01 1.378858708232544028e-01
4.471794615155435526e-01 1.885367613303119416e-01
4.948458491557291561e-01 1.058297525042987131e-01
4.767621117438949896e-01 1.158624442021812251e-01
4.111387480002389183e-01 1.402936486669094096e-01
4.876862608534322518e-01 1.329339277814106934e-01
4.371422771635447568e-01 1.986589057235411127e-01
4.294338646033585838e-01 1.916161015277224600e-01
4.933972694297579231e-01 1.267561065944455834e-01
4.053178603711244943e-01 1.323471426899587300e-01
4.204173719587375180e-01 1.607212980927497092e-01
4.953921198817139993e-01 1.856441764549141560e-01
4.837920414992283868e-01 1.785720440506500806e-01
4.619676992472778743e-01 1.416423356986594162e-01
4.998816286161161804e-01 1.570049133501172922e-01
4.469760204406575954e-01 1.476335883044141983e-01
4.859699210034443828e-01 1.635528048042395599e-01
4.604989346215614399e-01 1.908142927892630958e-01
4.217146678580845909e-01 1.664204234411488237e-01
4.988298585763256687e-01 1.794570563233486848e-01
4.496908990597605627e-01 1.021190145205497501e-01
4.640705401897604609e-01 1.498636851527558878e-01
4.969852084455862462e-01 1.711541883851724621e-01
4.969750797107216345e-01 1.724845882641501960e-01
4.608327899639603764e-01 1.690376040499573795e-01
4.882257261890463607e-01 1.517907528474687906e-01
4.061148902847283582e-01 1.548229545729459811e-01
4.763163372002856555e-01 1.078416285806946540e-01
4.387255401505837926e-01 1.512902239174334917e-01
4.040266937876769715e-01 1.307156616409067551e-01
4.204937321857948329e-01 1.685657633196606386e-01
4.980843721074973418e-01 1.670744598356936617e-01
4.395798416660813834e-01 1.775656707288593705e-01
4.057674801248455365e-01 1.898156598627750435e-01
4.523698382686891506e-01 1.240472479640137293e-01
4.897935374388024399e-01 1.264606110095015945e-01
4.016415533699296270e-01 1.359628228186449406e-01
4.939748468875295173e-01 1.622041235846378993e-01
4.168972804768722451e-01 1.759283485928310187e-01
4.534847124829188281e-01 1.072268639750888763e-01
4.161644114424168928e-01 1.969960823019107354e-01
4.502549560513267046e-01 1.962324018301688511e-01
4.032253033460330149e-01 1.571778757556202277e-01
4.420068248504077091e-01 1.102198932397393805e-01
4.692929966182175505e-01 1.838173942181499099e-01
4.804731480953229328e-01 1.338482923578717121e-01
4.002306781728794949e-01 1.418810118862365299e-01
4.881922112576402295e-01 1.642875898893691455e-01
4.235776175243948227e-01 1.657022290503642470e-01
4.509431033370397968e-01 1.005805578438141168e-01
4.550518979668208286e-01 1.887697767356699696e-01
4.137369154842787666e-01 1.739435175511662157e-01
4.089693181598690885e-01 1.581131810610252875e-01
4.697804262590496993e-01 1.787858019725289127e-01
4.294631173921014677e-01 1.203396852385672233e-01
4.975894055228067825e-01 1.278403480147672633e-01
4.473755518135341669e-01 1.689060640091481491e-01
4.874798815387021977e-01 1.311560965767765985e-01
4.035725387363555128e-01 1.738200911561528228e-01
4.227972293092610023e-01 1.227588790643669714e-01
4.511362965404459580e-01 1.745165256068849924e-01
4.387665307893663935e-01 1.814653849287184428e-01
4.150876305160675073e-01 1.581044684219215513e-01
4.145035769270630777e-01 1.451523486455240375e-01
4.839767802270750763e-01 1.255158443414424452e-01
4.426434223446557015e-01 1.172891412909069231e-01
4.610366507137412251e-01 1.465216469257571985e-01
4.000398805299671401e-01 1.083379216323670791e-01
4.450994115533013495e-01 1.886345916134042067e-01
4.435152089406941833e-01 1.624675141688763369e-01
4.506406144733804409e-01 1.495922238849581587e-01
4.557477614065637006e-01 1.309411114978545898e-01
4.400083641397292689e-01 1.631687860228479836e-01
4.680075250034519962e-01 1.197409892828643907e-01
4.269220791972873075e-01 1.759862508384856805e-01
4.935786745077531679e-01 1.921324433698126666e-01
4.129434933441637479e-01 1.320313682491596197e-01
4.048884972819313255e-01 1.009291185584847428e-01
4.671435783330040170e-01 1.448973559979411241e-01
4.447226994663788791e-01 1.775206834106245468e-01
4.708177149388151905e-01 1.462338181830567518e-01
4.379508881300264722e-01 1.876692904350684421e-01
4.971851889504524946e-01 1.810845891252753082e-01
4.592827648907288340e-01 1.140188615704863795e-01
4.266615281715147034e-01 1.469413937585668795e-01
4.534343116811500041e-01 1.499256411914912657e-01
4.299551644809446738e-01 1.540191469293293869e-01
4.046013452483063766e-01 1.448192053717937133e-01
4.414286348599876786e-01 1.695716813681127921e-01
4.132152242298503531e-01 1.641347143415831100e-01
4.817101637533754976e-01 1.642375462915450779e-01
4.745823039958900758e-01 1.195973348377524226e-01
4.314154141427920530e-01 1.354238389306045842e-01
4.809715027127705600e-01 1.374789824117874926e-01
4.972663655856225384e-01 1.294395618302195683e-01
4.925537828334703438e-01 1.222418918340739680e-01
4.144179256839345404e-01 1.198739660245621841e-01
4.388025020347833260e-01 1.567939485009201273e-01
4.215362746857457266e-01 1.297860060725553877e-01
4.751614150162814521e-01 1.592552119012183853e-01
4.497577902231110203e-01 1.320065976005693476e-01
4.624415016950402801e-01 1.332587367344199025e-01
4.506145155366749755e-01 1.368117439163920590e-01
4.607365365385220346e-01 1.224903931915453936e-01
4.552853798831991705e-01 1.462065949963345102e-01
4.297028096878041104e-01 1.216870071387905206e-01
4.417266039230205443e-01 1.921113229864734873e-01
4.381062490742494431e-01 1.703242658987791369e-01
4.482587633500206281e-01 1.714679815241931526e-01
4.590497433025784169e-01 1.076448388819576385e-01
4.782701896697878485e-01 1.867634031237535852e-01
4.179049338942306679e-01 1.848256131451482265e-01
4.087786757600692655e-01 1.393718520692073803e-01
4.908931364404183761e-01 1.990324397359245490e-01
4.355860561664828823e-01 1.551418081776269331e-01
4.712446016684603833e-01 1.959381681569879463e-01
4.483257203985838713e-01 1.792771191283070720e-01
4.102603627022424759e-01 1.869517721209699723e-01
4.059821944740904520e-01 1.347098311027866979e-01
4.679966201801830650e-01 1.658826786375483253e-01
4.574808669558234620e-01 1.003408911564975248e-01
4.433333644341240221e-01 1.221910946053954561e-01
4.883839161140847707e-01 1.918166805978179235e-01
4.535302209747978930e-01 1.090512098215481451e-01
4.984883815840059906e-01 1.533366953538755073e-01
4.080138229076230583e-01 1.206709953745012665e-01
4.397186124547399766e-01 1.371158396091169129e-01
4.264042800826918778e-01 1.326814765002110874e-01
4.608008264583727254e-01 1.275178470323568847e-01
4.978202109836231681e-01 1.280107789987724454e-01
4.930660805766423627e-01 1.522625991531812439e-01
4.117900205226721067e-01 1.919004129091299859e-01
4.036468127476195433e-01 1.078616882976584090e-01
4.054511276637601247e-01 1.987405194052670465e-01
4.596239719123814682e-01 1.733191478336139069e-01
4.380828173767463696e-01 1.155659403152519971e-01
4.092792957864396786e-01 1.331470583472575409e-01
4.872614881883436944e-01 1.400298644155827110e-01
4.936551542505219770e-01 1.375986761345580345e-01
4.311566719384662960e-01 1.940848164512195828e-01
4.530266832033926772e-01 1.121305245516004967e-01
4.668215094621385730e-01 1.995770364484242831e-01
4.895122716980700450e-01 1.068602458993545834e-01
4.175208692742810590e-01 1.494798604344038939e-01
4.878416694066826098e-01 1.898425565701138407e-01
4.375508979545439381e-01 1.672943182255135219e-01
4.418791630838904694e-01 1.954349407595487587e-01
4.594506945179940294e-01 1.001419645663707003e-01
4.109785344286523978e-01 1.656079060590945340e-01
4.626112618368931062e-01 1.842017226832831922e-01
4.278113128234636298e-01 1.882390579217645965e-01
4.192532192127876312e-01 1.277274264613969534e-01
4.195325667923365254e-01 1.706231978155930695e-01
4.608569539118317349e-01 1.713635435013437236e-01
4.659515819173873363e-01 1.812634550246038367e-01
4.970674592235143630e-01 1.123508389838697996e-01
4.752539185598970151e-01 1.094505523461903052e-01
4.973519061973589728e-01 1.358981990622477320e-01
4.757981265481737720e-01 1.921980790362736724e-01
4.506988815981030072e-01 1.521235911257551587e-01
4.416016324547837879e-01 1.476056635483534718e-01
4.508502727433986723e-01 1.216256051709015684e-01
4.420791050904528952e-01 1.381044347247674942e-01
4.970039923455783493e-01 1.980105473451869713e-01
4.751237507676033256e-01 1.519784663243501921e-01
4.519964801298983481e-01 1.036232764583288612e-01
4.777586463678911155e-01 1.095585943402844764e-01
4.610822215463855622e-01 1.297302129529410153e-01
4.083854624733384009e-01 1.195270656258664022e-01
4.644224092938165072e-01 1.852235432833302387e-01
4.862223211920576604e-01 1.581932058322748635e-01
4.168720252598216436e-01 1.264446068623378827e-01
4.098661632614227224e-01 1.559746003533060144e-01
4.142266463267937904e-01 1.732151660061314602e-01
4.730792791319120560e-01 1.734780159283315082e-01
4.967667763378862955e-01 1.835219140816350403e-01
4.844135971624443648e-01 1.124967679130727261e-01
4.359532073553358256e-01 1.460496309784350133e-01
4.350265529849968726e-01 1.987293285801252085e-01
4.766536580135639634e-01 1.876349388689784181e-01
4.686796745032026923e-01 1.818836702833339092e-01
4.504373878984418433e-01 1.997938393680742108e-01
4.947122268789216903e-01 1.735836030742301528e-01
4.049145809500101501e-01 1.099592480845485998e-01
4.664478410043812473e-01 1.251486690810740265e-01
4.506752884091133060e-01 1.263205771317157111e-01
4.225864045709767924e-01 1.743992616258072947e-01
4.914156437695610391e-01 1.268859123687906265e-01
4.177083947569670830e-01 1.037941636146436086e-01
4.334740009255605986e-01 1.525236022554935233e-01
4.799264771843926303e-01 1.107621423951676287e-01
4.219455492873346869e-01 1.264064884425847579e-01
4.804179742743203141e-01 1.652380263500619340e-01
4.059210898696216652e-01 1.393872674881196649e-01
4.669069347446870299e-01 1.390237525525410966e-01
4.339319058455702316e-01 1.674593070407457973e-01
4.043822440416154906e-01 1.256118172099975061e-01
4.108014688133392878e-01 1.398533441448835124e-01
4.096403967410900404e-01 1.163320416262750290e-01
4.245937096395393517e-01 1.138148495515451941e-01
4.284817666660471480e-01 1.267385132593528418e-01
4.892039211337974036e-01 1.815573057397368018e-01
4.973927529065189646e-01 1.651623789735794379e-01
4.217348375290360107e-01 1.924781808662652249e-01
4.022592152009248911e-01 1.355140619031523774e-01
4.633952497280382499e-01 1.642434827432703859e-01
4.841364944438250051e-01 1.570076548263214244e-01
4.819502422902083305e-01 1.527255102618992610e-01
4.930367434436299656e-01 1.027361214388787247e-01
4.516458401755631957e-01 1.188267967183327667e-01
4.245137238743793007e-01 1.297054291983593954e-01
4.084441480804801294e-01 1.503050141687418961e-01
4.590773124452137699e-01 1.165254567698201515e-01
4.872782858030716979e-01 1.382321525654995609e-01
4.346805793373229587e-01 1.413550883568002459e-01
4.426940061790716752e-01 1.645997189521936077e-01
4.978916828808145900e-01 1.944666325286411590e-01
4.529825063823265108e-01 1.121450481509271568e-01
4.176476448511289297e-01 1.261961345992787809e-01
4.827614526561945230e-01 1.379675300314376074e-01
4.480281461704531121e-01 1.012488417712987809e-01
4.591941000529505823e-01 1.715849569834892452e-01
4.418256121576307760e-01 1.581853177577417779e-01
4.478377117673805197e-01 1.751416260557628890e-01
4.739250815594103772e-01 1.685746632056640548e-01
4.004451163778892653e-01 1.153746054648450148e-01
4.636785327435841153e-01 1.828708029222982923e-01
4.772240094469311633e-01 1.687548593333546287e-01
4.846288991471901508e-01 1.406469891308240738e-01
4.191904097281613506e-01 1.729947133755480038e-01
4.581853264228883393e-01 1.887019561397808576e-01
4.552231032439739700e-01 1.140172366841207818e-01
4.368680990233572148e-01 1.474111203350014776e-01
4.394912537730953916e-01 1.228650725988472692e-01
4.584644816743853601e-01 1.469094088194579650e-01
4.898364961617174274e-01 1.178658163114946755e-01
4.620458225323093027e-01 1.140740141807990160e-01
4.316628139907809358e-01 1.898864389054825685e-01
4.392994140184839913e-01 1.003828554075376356e-01
4.451887822565469000e-01 1.126486838170883409e-01
4.238032055009740007e-01 1.309466389664916963e-01
4.869842467025121691e-01 1.788621320093201628e-01
4.350638891757975801e-01 1.902736810972299741e-01
4.882068679486308849e-01 1.882784251159703715e-01
4.852879637044517080e-01 1.997660473376857149e-01
4.764071926621381570e-01 1.843869107087698633e-01
4.029065499453390320e-01 1.442053681081992833e-01
4.178021940926480160e-01 1.708670035676861931e-01
4.673263419763523663e-01 1.707809219266253897e-01
4.636460498449664902e-01 1.548449935987581960e-01
4.639518844400098985e-01 1.272280177105670762e-01
4.086527234319309865e-01 1.174963560553740904e-01
4.126626613471010563e-01 1.657486472356263230e-01
4.310001192566656480e-01 1.871602459140139230e-01
4.280174260279245302e-01 1.705307758938757190e-01
4.553713362443291279e-01 1.976632951156973850e-01
4.209805950287242027e-01 1.534007346419677675e-01
4.219554527498649565e-01 1.622818645925307446e-01
4.642153148764817105e-01 1.777188806054784964e-01
4.188036352192301970e-01 1.785946208783645295e-01
4.963885179325647212e-01 1.257418940697516696e-01
4.838612939322517459e-01 1.145291419556189183e-01
4.380941187853178431e-01 1.967755180375107549e-01
4.691834032916639696e-01 1.033069547120488152e-01
4.332996424868656438e-01 1.474916164089682125e-01
4.858517498811480984e-01 1.321339052241827516e-01
4.157479277966766862e-01 1.858040097182653283e-01
4.724681298526541284e-01 1.261025928845914135e-01
4.936299469267797502e-01 1.145304267606507276e-01
4.896877732015815221e-01 1.186588877584718038e-01
4.846315916478599051e-01 1.197166316546992293e-01
4.077900853585909036e-01 1.434842922345151983e-01
4.605768261799614294e-01 1.147776457186030774e-01
4.889655130462481347e-01 1.122011676055170715e-01
4.476348774588529977e-01 1.674782482950073759e-01
4.320719680492165482e-01 1.381412216599421372e-01
4.012830898785017530e-01 1.687398483419701722e-01
4.981873976777512758e-01 1.863081301421593561e-01
4.565861001220740123e-01 1.030749852848647785e-01
4.877509125351089381e-01 1.883475151712992735e-01
4.446152283919778680e-01 1.720784820507739177e-01
4.257417005092507534e-01 1.416386978895236015e-01
4.006234461910220812e-01 1.870862309888845221e-01
4.764909907035462799e-01 1.795613763812356212e-01
4.455315438117972704e-01 1.541719013277348671e-01
4.398396359452296234e-01 1.356522956634574617e-01
4.319148595817351444e-01 1.105645554972975175e-01
4.538158796410071694e-01 1.912876511490233522e-01
4.694300587701831784e-01 1.623731701418018314e-01
4.975156913248545143e-01 1.941978684955791290e-01
4.655384702521380147e-01 1.269938027814160597e-01
4.353561278549804014e-01 1.720775494123588101e-01
4.872315133536962994e-01 1.280257126845594784e-01
4.098327156922820236e-01 1.813617605533278110e-01
4.236723441183138927e-01 1.295758662580578369e-01
4.661262267494937772e-01 1.910639240356881152e-01
4.301231757133587852e-01 1.220146697203526587e-01
4.780828231327680644e-01 1.812259800741563842e-01
4.054065462422342669e-01 1.385405740578040668e-01
4.316500988320595700e-01 1.772256087568106764e-01
4.675619120372999649e-01 1.938951039103964380e-01
4.820651342993577115e-01 1.388051378362798183e-01
4.040303537649805876e-01 1.149953761380123340e-01
4.344691599817691596e-01 1.766982382158954201e-01
4.559686009753319835e-01 1.239717316104071432e-01
4.098854936786237024e-01 1.650292434418886844e-01
4.549345158444499937e-01 1.031029045954396928e-01
4.219811930154089286e-01 1.524656528631791463e-01
4.100342819531590521e-01 1.908294023081887891e-01
4.937694082147094932e-01 1.316765924332022331e-01
4.425285336066938635e-01 1.493518346442917200e-01
4.991975911487473994e-01 1.060739067928555268e-01
4.422140180098086959e-01 1.846981688979200120e-01
4.770346486960354015e-01 1.231268607093282397e-01
4.295036392574811401e-01 1.712739781229039582e-01
4.061200709272248521e-01 1.538400344469496861e-01
4.126293766527555640e-01 1.731063313969460338e-01
4.487142812517526114e-01 1.371630537162764618e-01
4.411627672117173771e-01 1.761661591790673609e-01
4.253226851237235095e-01 1.871306628753160728e-01
4.924827227715063427e-01 1.388480601669186965e-01
4.817475834716861138e-01 1.903213036136965908e-01
4.426801275717429651e-01 1.029776252226240474e-01
4.645477998901098027e-01 1.498318445239566754e-01
4.982232209569666948e-01 1.654370509254998733e-01
4.360029339025494055e-01 1.336460049699095542e-01
4.209544720872914203e-01 1.227759786757367522e-01
4.826024031643358914e-01 1.109976463796250312e-01
4.864925887575649588e-01 1.846582568957140236e-01
4.170891906082196399e-01 1.986679940666551125e-01
4.093540485194913092e-01 1.979367965787416916e-01
4.632414965049664324e-01 1.902972695183028917e-01
4.792214164467301085e-01 1.541277521038964815e-01
4.333763919725765468e-01 1.644550120485787637e-01
4.942380500255247888e-01 1.929282375579437492e-01
4.706137554747090168e-01 1.599230001361144071e-01
4.718239813852637132e-01 1.288493357615810297e-01
4.455516013355522720e-01 1.733663235913463496e-01
4.098555901078420050e-01 1.823287119989384641e-01
4.026598903173561617e-01 1.789864305370038600e-01
4.644140623783136190e-01 1.338510109146205940e-01
4.395884439520703069e-01 1.589412198098332507e-01
4.473531176746782245e-01 1.030181603873840945e-01
4.024595935910779132e-01 1.791001724727684374e-01
4.105325089526314364e-01 1.407498066137125026e-01
4.829341478175991353e-01 1.485625257137309918e-01
4.819393282218688013e-01 1.629338269108851212e-01
4.190701117657742447e-01 1.135305900837984272e-01
4.969426810265199501e-01 1.854943049637096664e-01
4.703419329780671454e-01 1.653369494617994984e-01
4.600033592674737104e-01 1.793777928262993704e-01
4.693062166069424945e-01 1.072452049599499080e-01
4.725622221564779735e-01 1.482532477088394640e-01
4.050403101701410269e-01 1.598900604101341771e-01
4.850208218425153817e-01 1.692263070413465575e-01
4.611478538562067131e-01 1.250401803341222307e-01
4.148466199432139789e-01 1.191431520415049128e-01
4.021835199782963222e-01 1.396451584128797219e-01
4.571799869303166952e-01 1.751466739375813209e-01
4.097300421288487260e-01 1.329562321170188743e-01
4.193117219625317471e-01 1.278333014274443402e-01
4.339772946092856354e-01 1.249583766782391414e-01
4.137207400824818859e-01 1.863575250766930647e-01
4.553019765567252186e-01 1.866953202711644777e-01
4.834339129036002158e-01 1.285453279907227131e-01
4.372122799720561948e-01 1.186585287724087057e-01
4.514129618227219476e-01 1.396466368012986847e-01
4.885744288365271304e-01 1.025020956652812898e-01
4.814263918184143454e-01 1.113194288552345201e-01
4.999859187633612922e-01 1.861400698957052513e-01
4.978644630158139961e-01 1.655943217836557124e-01
4.669011856276616967e-01 1.513695162472122879e-01
4.810776793655808792e-01 1.484155250355347899e-01
4.199235791511426452e-01 1.679286262708046540e-01
4.691086107153036311e-01 1.556274717749600578e-01
4.647950780409733085e-01 1.966641506690330332e-01
4.388225985340833968e-01 1.231110130043079343e-01
4.142789110360979299e-01 1.148972858886128656e-01
4.547660787812378147e-01 1.904392743372136376e-01
4.138114718253202429e-01 1.105402353457037301e-01
4.227296156032476215e-01 1.980492157357700289e-01
4.255647733625436691e-01 1.585820643450391032e-01
4.918955502096867272e-01 1.632785730558077297e-01
4.106851784159052943e-01 1.053662185660322881e-01
4.013549468247938901e-01 1.185875104852670836e-01
4.834102105106599101e-01 1.494099070823914910e-01
4.125666306269681338e-01 1.657923794625320302e-01
4.136373643706556247e-01 1.455184803406492089e-01
4.770712317208200548e-01 1.643831663930015174e-01
4.213354641815676982e-01 1.214591021267547033e-01
4.273923361926063036e-01 1.782658845172420126e-01
4.696522893433817125e-01 1.370461038469843462e-01
4.656548037982511934e-01 1.110214766931459929e-01
4.032299455787265452e-01 1.714437078788457192e-01
4.500768054968755649e-01 1.155412890312952912e-01
4.565614271658385848e-01 1.670769871034495369e-01
4.111406530891555389e-01 1.416134676118432079e-01
4.745098929474672600e-01 1.913838334924841678e-01
4.470169566399410099e-01 1.665202848995920304e-01
4.664727748849414324e-01 1.698332458972154069e-01
4.046245570238024558e-01 1.309938932524145061e-01
4.989098534114295713e-01 1.105097570319178990e-01
4.115026806490247324e-01 1.012133392407356947e-01
4.152552301742589158e-01 1.792122337875214633e-01
4.905919096247495226e-01 1.294840854655930074e-01
4.759537722105606772e-01 1.654246599139253537e-01
4.813475473368979962e-01 1.161422398185414373e-01
4.669557221750120224e-01 1.015381164100692402e-01
4.829882355638779323e-01 1.505447689512576237e-01
4.841556973764457039e-01 1.086206924656601680e-01
4.211039324367831238e-01 1.663621012260566301e-01
4.658780679573386596e-01 1.476045691670947180e-01
4.292132565883700068e-01 1.290610796936105531e-01
4.987525351510549987e-01 1.297206274196621989e-01
4.334692044606135997e-01 1.865019192346823174e-01
4.546994638677692158e-01 1.606479529743422008e-01
4.146305006797819659e-01 1.246769245735950271e-01
4.683161597612640059e-01 1.322205438642808650e-01
4.630087355124884452e-01 1.490075426200338782e-01
4.277974007245697319e-01 1.300576928244166208e-01
4.605377585027888854e-01 1.014414602619448103e-01
4.566606161141195663e-01 1.388050423147265122e-01
4.615389309153259401e-01 1.581409853904662544e-01
4.265084372372287547e-01 1.043282393657444795e-01
4.865989674109257868e-01 1.265669715576473453e-01
4.522083097153846154e-01 1.944728761774142112e-01
4.295712758377784324e-01 1.109064032212381812e-01
4.337881576660945204e-01 1.686801100869860792e-01
4.031048717860588604e-01 1.454012703743486346e-01
4.172961857106052275e-01 1.287695885243738403e-01
4.676027004172904622e-01 1.671981740708587405e-01
4.007927684435809157e-01 1.177243763464784210e-01
4.323568244510101466e-01 1.322529630031220871e-01
4.405352935535085668e-01 1.940085708262629383e-01
4.930766469536912444e-01 1.335378994733898150e-01
4.391578048314667693e-01 1.003200664557740984e-01
4.162825575671340039e-01 1.586444528251488018e-01
4.989954305384782796e-01 1.316319531741209081e-01
4.374730230357657956e-01 1.760180960199637656e-01
4.034477367890792476e-01 1.641451313783387489e-01
4.558200238304650487e-01 1.838410686741064892e-01
4.424396179814053531e-01 1.062500009460558281e-01
4.207340448018794810e-01 1.593828681100700195e-01
4.723021880310122045e-01 1.965005541840330050e-01
4.758388365396707398e-01 1.291034241828918905e-01
4.894224730939221724e-01 1.423766652055659387e-01
4.798144898179362849e-01 1.542905050700642267e-01
4.669327338222233892e-01 1.964004815583739183e-01
4.280630277551672469e-01 1.895159391290334172e-01
4.520673917576346623e-01 1.659435908694871786e-01
4.974021012889961457e-01 1.460477817825955871e-01
4.553830235393535597e-01 1.151806079219546142e-01
4.140811398367587604e-01 1.489107020367282097e-01
4.388174046282266594e-01 1.324944750113337955e-01
4.815885434444601154e-01 1.614810255688341190e-01
4.157506575393922210e-01 1.830249181222273758e-01
4.230450606701557370e-01 1.254212046469188879e-01
4.282243892211694547e-01 1.726245530877917045e-01
4.860103996435874429e-01 1.793008926771690603e-01
4.407411039630120264e-01 1.727618773275940156e-01
4.216092739046087834e-01 1.646356889919713684e-01
4.995179822874760700e-01 1.880331449838108793e-01
4.880727951281549348e-01 1.939349161604662641e-01
4.337374864445343592e-01 1.685188401052389040e-01
4.213498663492679097e-01 1.933806776303290675e-01
4.074246490059389436e-01 1.546744741599040684e-01
4.773594987518148258e-01 1.426495397045263458e-01
4.035989396972450294e-01 1.711209584307387677e-01
4.486141391155207270e-01 1.889275221272447847e-01
4.579041451910182969e-01 1.156259430526926646e-01
4.080093615402997087e-01 1.100312513842691686e-01
4.252477621343350167e-01 1.336203653679459702e-01
4.159961901755133140e-01 1.441352175586809448e-01
4.382722560082206731e-01 1.553818239578194926e-01
4.443751641731693569e-01 1.267150590375922259e-01
4.938821314887956726e-01 1.986033868583740314e-01
4.426617813133704171e-01 1.107343350321287057e-01
4.944711074398819295e-01 1.586547809022998134e-01
4.306771933017085607e-01 1.141359450319450186e-01
4.893365985762408998e-01 1.714444969893563764e-01
4.414895896972793055e-01 1.543357876030528597e-01
4.310844509848815176e-01 1.930419601414778141e-01
4.797442396831229638e-01 1.890495455619864984e-01
4.326671015907543882e-01 1.476151383376700654e-01
4.712784150716519682e-01 1.966591717714268883e-01
4.485121899924333633e-01 1.210635397115865375e-01
4.140131322634136302e-01 1.678271743509103797e-01
4.128749671098940199e-01 1.398613946874130987e-01
4.756805395173369089e-01 1.945925783519699137e-01
4.173002518488982404e-01 1.951772315446840267e-01
4.897512769342159955e-01 1.139737684687936459e-01
4.597342348460330963e-01 1.812975608357516311e-01
4.953598779511537709e-01 1.562114786992107318e-01
4.470506429056284037e-01 1.310203971615421792e-01
4.318525014122988614e-01 1.295064712000154050e-01
4.961723436076131977e-01 1.875150765801898711e-01
4.992489453126215948e-01 1.522433193177176736e-01
4.361132433988513801e-01 1.783316284918094463e-01
4.090460551969208880e-01 1.840022483804321651e-01
4.094872320574501900e-01 1.997985613387520676e-01
4.260018174366591581e-01 1.016087241013984843e-01
4.992360696905759898e-01 1.454691277818069006e-01
4.330682999771554575e-01 1.811075459728934134e-01
4.159795951231295974e-01 1.679730693023528121e-01
4.872179219918567616e-01 1.673490596860565116e-01
4.036335511804062803e-01 1.998236578936233299e-01
4.692414252964639543e-01 1.063951378495279487e-01
4.208816538028792298e-01 1.735416364506992271e-01
4.906036273417141991e-01 1.772017199470494742e-01
4.415493973302983544e-01 1.097210644306697014e-01
4.092934271582350236e-01 1.988899419870979179e-01
4.303379399111093018e-01 1.917663519887738144e-01
4.993135794830906304e-01 1.886494917807211846e-01
4.359703400494275849e-01 1.502484182268009061e-01
4.005469730471032941e-01 1.949647557256338481e-01
4.301625835708284273e-01 1.229460139922411432e-01
4.034719521215296978e-01 1.079348980315201489e-01
4.578163835438684437e-01 1.797675272397124269e-01
4.827709701834896894e-01 1.399864910360791026e-01
4.774687821176633040e-01 1.293176245542191349e-01
4.778135315910317926e-01 1.748013380059087185e-01
4.308263937208683392e-01 1.146034315895105848e-01
4.302788625308800463e-01 1.523516099628461629e-01
4.433419300068878743e-01 1.380251431803807272e-01
4.710719194279894828e-01 1.347344861107740155e-01
4.948641898920368432e-01 1.762540248158913081e-01
4.798590872579902022e-01 1.175373125457207790e-01
4.691642314874326924e-01 1.278216343279061917e-01
4.565662262414403871e-01 1.025816520641428531e-01
4.616778300988940154e-01 1.098706122847543654e-01
4.281106763187277897e-01 1.167627599005734984e-01
4.247466020536213582e-01 1.491325048930127461e-01
4.474477371776242052e-01 1.614976952118940545e-01
4.464184575104744868e-01 1.096050887843486588e-01
4.119818399570654988e-01 1.606314857881921132e-01
4.747695635459126540e-01 1.196286710695300126e-01
4.689504209567153525e-01 1.574399229239811793e-01
4.494862237157770668e-01 1.005271543790975941e-01
4.464221725760796344e-01 1.779052546503808729e-01
4.674391086550682139e-01 1.661712273192474387e-01
4.059623489318958112e-01 1.817961919942044369e-01
4.899384677445310921e-01 1.271172969760069327e-01
4.482283253549239066e-01 1.287903413498318883e-01
4.821062250267817428e-01 1.198634591161072682e-01
4.179347979053321671e-01 1.336912066826875800e-01
4.134820479778283375e-01 1.854835218259789364e-01
4.111745940575488589e-01 1.483630892267622792e-01
4.511530553088158868e-01 1.412422367249318578e-01
4.009425426328692699e-01 1.444416161102633767e-01
4.208888759048937667e-01 1.895303280993885786e-01
4.617990238038046646e-01 1.864357545059985577e-01
4.016588592225251997e-01 1.736088721965952097e-01
4.517931752576651583e-01 1.530376610241198920e-01
4.319254277207622561e-01 1.725993643305954173e-01
4.205867079195982350e-01 1.734032433174205745e-01
4.024713367345802983e-01 1.001016909492578877e-01
4.048935340704112873e-01 1.149505435269398967e-01
4.954202632468276413e-01 1.352380467205978043e-01
4.891658732313554636e-01 1.153986066435889191e-01
4.233734726177598162e-01 1.260231358576975325e-01
4.455169444988367200e-01 1.519097065915372413e-01
4.693895839728172703e-01 1.356060641226398411e-01
4.342520158120886653e-01 1.054855639836200787e-01
4.450245161517464854e-01 1.311938832007857603e-01
4.962909600573907620e-01 1.778626228830009204e-01
4.237013482298020994e-01 1.461418189374976417e-01
4.225809359020047951e-01 1.726698635808049942e-01
4.072089643067133280e-01 1.849537730330177987e-01
4.810697756931003877e-01 1.404295272253155424e-01
4.674293637869596507e-01 1.898017442084358186e-01
4.381880448078944168e-01 1.932728817805750010e-01
4.893949090387151868e-01 1.474141869273502270e-01
4.982671234747552136e-01 1.495921112633672723e-01
4.393369094723028057e-01 1.159963356986449534e-01
4.821504213477892931e-01 1.515338986832843737e-01
4.465000531285603369e-01 1.646435962303202660e-01
4.930115387803054583e-01 1.939816301183910352e-01
4.262903795557612674e-01 1.818542947408773314e-01
4.828074962857682451e-01 1.422542576335506515e-01
4.035404527223700466e-01 1.239602669541313984e-01
4.803159170819073509e-01 1.377644813075045438e-01
4.993017241459259958e-01 1.076099880545724197e-01
4.904637012875546764e-01 1.892161728496929984e-01
4.791191314797900724e-01 1.164462670024021262e-01
4.020509960636531877e-01 1.118127650499251835e-01
4.687322780437420677e-01 1.570415931383158381e-01
4.618629442968846810e-01 1.039251355330166604e-01
4.775680854001467246e-01 1.966861715770068519e-01
4.584854079098477087e-01 1.454017884823472218e-01
4.128213991619378853e-01 1.637446706461180845e-01
4.617427566486202450e-01 1.188215773776757078e-01
4.811430959757984072e-01 1.757913086494419797e-01
4.276520491232610466e-01 1.531432524449410360e-01
4.850239126025431835e-01 1.103097342851351026e-01
4.944284124619996446e-01 1.318867446016768474e-01
4.495296414878747759e-01 1.462317905720752209e-01
4.142706249021619325e-01 1.368125864274464532e-01
4.034019939556039436e-01 1.109214387507865551e-01
4.303062164275314183e-01 1.592064906013171410e-01
4.774303741168977044e-01 1.565322788773342577e-01
4.741213264330828014e-01 1.234947902315918777e-01
4.896524868357758908e-01 1.305347936544581366e-01
4.711054716824260025e-01 1.842488705618892664e-01
4.257085992919685813e-01 1.312855403555634737e-01
4.646579753059603135e-01 1.485797266770415848e-01
4.342633846205943837e-01 1.311510690894465425e-01
4.060240919510409996e-01 1.024768912489661676e-01
4.596927639720147507e-01 1.144500787196036373e-01
4.494229006138119598e-01 1.902917552502368936e-01
4.066204316540272812e-01 1.988872821113715494e-01
4.939359280939266683e-01 1.557177858480106314e-01
4.324258798097779799e-01 1.125443750310678170e-01
4.750026788040002668e-01 1.902869877617420213e-01
4.426392206922077355e-01 1.855221827342107555e-01
4.325765799198277306e-01 1.671955034210689250e-01
4.394732873070382184e-01 1.449853361454090661e-01
4.631239468720461661e-01 1.599834062540107515e-01
4.173369103454394602e-01 1.373082032887376347e-01
4.667749224952033593e-01 1.990401087155963811e-01
4.770358856252749913e-01 1.390028882937051347e-01
4.096537887834698077e-01 1.435481244899594333e-01
4.485851898258889636e-01 1.154080910088075285e-01
4.141337374591727016e-01 1.218184869588033181e-01
4.509841627720798107e-01 1.151971118632251490e-01
4.633554036779488072e-01 1.554603259879315524e-01
4.464802842588310172e-01 1.232826687706104762e-01
4.435777175860921573e-01 1.843752097022076097e-01
4.769090363862399373e-01 1.150180445315111821e-01
4.652724549947994115e-01 1.754739116912770180e-01
4.464265573550046939e-01 1.058049113256755436e-01
4.042225894200355274e-01 1.812495003250990389e-01
4.869382526176769810e-01 1.847913298507903590e-01
4.196747341581039681e-01 1.036538003628078575e-01
4.922724155000335333e-01 1.016477446454659983e-01
4.336381168718035362e-01 1.807063944482814599e-01
4.500300340087192708e-01 1.842908499751098605e-01
4.509367494204306048e-01 1.927598040586175343e-01
4.584700520014041158e-01 1.903374381094641299e-01
4.706734134652177937e-01 1.644687895109412379e-01
4.425373799454319079e-01 1.994531577875935935e-01
4.937555546727210309e-01 1.431947658727203143e-01
4.673424070092637161e-01 1.831082623044799906e-01
4.061463143019014010e-01 1.905827938943906730e-01
4.113077605468817843e-01 1.566630997094178579e-01
4.746470142260977298e-01 1.677512489483465874e-01
4.784474655811963295e-01 1.165992670686641919e-01
4.162743247206369679e-01 1.133069217386832861e-01
4.303316045154526592e-01 1.372423937612080036e-01
4.526172645328824795e-01 1.093426527871172449e-01
4.674869548509437700e-01 1.917774663343203012e-01
4.937701442614192970e-01 1.797720514538496406e-01
4.421021522985322250e-01 1.595576853565973396e-01
4.115258259307517652e-01 1.322865754417756057e-01
4.036360615715352540e-01 1.632082263052627713e-01
4.752703285037069847e-01 1.318266999245534254e-01
4.092524764449296248e-01 1.600902704345865124e-01
4.037607020160463023e-01 1.022513181979045338e-01
4.425156258951039590e-01 1.105304885271002624e-01
4.461256121026685451e-01 1.685134103426141061e-01
4.269089949080283608e-01 1.142608314789814450e-01
4.625765508525178094e-01 1.247102610167698522e-01
4.916143293814501103e-01 1.574249180092830991e-01
4.744101731428598256e-01 1.315670139934529692e-01
4.844039470111161094e-01 1.860313908640427172e-01
4.657223647365446584e-01 1.744078924455625956e-01
4.606885284147319570e-01 1.187967122541672693e-01
4.865342440898899889e-01 1.572413824222969880e-01
4.618197383624660368e-01 1.498379565585575279e-01
4.380149887182940294e-01 1.986957180015002100e-01
4.670647690982479006e-01 1.249679093509649952e-01
4.976193204290194627e-01 1.622028439833263780e-01
4.752385181133625958e-01 1.884134862853900916e-01
4.906885319246920285e-01 1.449892602348971105e-01
4.995771589363129372e-01 1.450015881122323491e-01
4.870607622120616265e-01 1.539893233395058236e-01
4.845008006212013774e-01 1.140669414471286447e-01
4.697151030889102907e-01 1.736073747338582884e-01
4.793734525902183519e-01 1.217524343718322799e-01
4.024534228085496212e-01 1.420894131303846175e-01
4.080592137219494764e-01 1.417816182750793186e-01
4.173125068068211374e-01 1.113121512156077519e-01
4.553122675118389528e-01 1.914762132606322442e-01
4.946061704060294439e-01 1.870149600572584836e-01
4.430106254528162757e-01 1.659410133669257104e-01
4.124797774014059559e-01 1.914071048067413350e-01
4.227476737976842980e-01 1.651159272183068683e-01
4.228781237671859761e-01 1.120713764557356995e-01
4.604535782307976888e-01 1.862132161600484892e-01
4.759808825935825105e-01 1.329097915928720008e-01
4.057961776221589711e-01 1.436944414462670017e-01
4.632868847526803724e-01 1.831664712311644183e-01
4.721239696811782016e-01 1.424357300144342975e-01
4.336733533800787854e-01 1.815582378257180607e-01
4.904925226691998486e-01 1.315914179913253712e-01
4.509898226385674058e-01 1.971555755436480428e-01
4.144360418194653617e-01 1.204721756153461221e-01
4.397248880723761966e-01 1.317123910074986526e-01
4.543834286844168902e-01 1.929124927862156946e-01
4.746500526812940102e-01 1.659681196645121926e-01
4.003053425650051622e-01 1.153944166751470768e-01
4.562250970312871079e-01 1.272579290218654180e-01
4.197206746134823363e-01 1.519412832097057076e-01
4.396294323040347840e-01 1.792332566168473029e-01
4.064085183250235045e-01 1.524154397947843909e-01
4.675737642554164131e-01 1.085209351473281347e-01
4.754659197891577538e-01 1.469060981898613061e-01
4.372242060962709953e-01 1.809918455875862420e-01
4.082790046738829504e-01 1.653465524874690729e-01
4.276431811995043963e-01 1.620187712306997985e-01
4.438885583618435438e-01 1.100600959642057397e-01
4.639233079022807016e-01 1.955155604777303324e-01
4.454181856207814483e-01 1.188441191117588225e-01
4.536532987596425537e-01 1.774964518247999501e-01
4.046426315687780551e-01 1.088303497138798925e-01
4.745103819018692826e-01 1.136505561559384980e-01
4.276754208289703096e-01 1.359809805541460637e-01
4.041336975458444392e-01 1.954252025830948147e-01
4.562678194176800206e-01 1.706784945474426052e-01
4.746252183728501550e-01 1.620536395238008354e-01
4.263788245955988376e-01 1.582998222734014471e-01
4.343521889566210326e-01 1.422035684321933946e-01
4.856399964023183635e-01 1.482086967320578041e-01
4.618949760367664914e-01 1.046119866304492940e-01
4.566149425257821637e-01 1.567471951629494931e-01
4.655149506546099047e-01 1.868218318145209444e-01
4.371198574511105384e-01 1.420750434074948831e-01
4.181643824948212407e-01 1.195426174912034567e-01
4.208886734818491071e-01 1.047664203387397575e-01
4.469567972408797218e-01 1.606106230521844591e-01
4.928476335880987991e-01 1.211338254581888207e-01
4.429290762673488979e-01 1.328933680219141766e-01
4.390036945651564215e-01 1.315361577650024927e-01
4.771242466216296108e-01 1.492354980350561189e-01
4.974678182286397798e-01 1.958375416946312175e-01
4.019064099359351827e-01 1.923210080116747878e-01
4.752963230680474216e-01 1.983191692959844765e-01
4.169480296689307974e-01 1.920487527862456967e-01
4.030917472577528748e-01 1.979979777419977882e-01
4.519904357868397282e-01 1.423742380660571183e-01
