4.601273056682043117e-01 3.752578355147531686e-01
4.479865698928308104e-01 3.621968076524064717e-01
4.601118290613830375e-01 3.714864070745038105e-01
4.675272922493539651e-01 3.593339335429227566e-01
4.868024603612244317e-01 3.020947015323970364e-01
4.451676062780874910e-01 3.568678999362876469e-01
4.971715350527903254e-01 3.343465351100826100e-01
4.789396834836613381e-01 3.381242025859849121e-01
4.978675619015131559e-01 3.451606375257783021e-01
4.461240949969960123e-01 3.478889978774476477e-01
4.458509302607358005e-01 3.120234298520316862e-01
4.441213576784703854e-01 3.620303439964630554e-01
4.687353502782832804e-01 3.932690420673770060e-01
4.517666937913573655e-01 3.344219454579936412e-01
4.477132336500390108e-01 3.941662199456411608e-01
4.067251267868797759e-01 3.008735834579297497e-01
4.421518877620983501e-01 3.077575489829941779e-01
4.587003525217743238e-01 3.734674399067820505e-01
4.660708776204632309e-01 3.849452755716267216e-01
4.314208773271035469e-01 3.901501374485055740e-01
4.376058562712132893e-01 3.049991775781801806e-01
4.974602074420036990e-01 3.744420241240490332e-01
4.624572617258841944e-01 3.451518641871902937e-01
4.916562125511532155e-01 3.239092558009450951e-01
4.865664072795548578e-01 3.857585444005387498e-01
4.401576500956089211e-01 3.323349937990158209e-01
4.617084171121586533e-01 3.595740147727374270e-01
4.598178328366333001e-01 3.865369034605798948e-01
4.563466512098406924e-01 3.460596844399279615e-01
4.750205943431999867e-01 3.432217849881438743e-01
4.782324534247424097e-01 3.123645313733653950e-01
4.749802248619351408e-01 3.038033946928649920e-01
4.530093365941521566e-01 3.120626503777970684e-01
4.985151196162765919e-01 3.017698513993998799e-01
4.439216948610911206e-01 3.610284019134167299e-01
4.473730254595880140e-01 3.539869841353102675e-01
4.733486917406320993e-01 3.714935010976520569e-01
4.156951993674742885e-01 3.041894981217359017e-01
4.567329388578776350e-01 3.993776708078297100e-01
4.702777633371546528e-01 3.446297126072673245e-01
4.023799569922093533e-01 3.557554742599767783e-01
4.678884860769704224e-01 3.687325435828842646e-01
4.999760224275079379e-01 3.043977106678488753e-01
4.823578173926944546e-01 3.357384349721420080e-01
4.155990986016857014e-01 3.211844797712163357e-01
4.261649029693949098e-01 3.497658337411275187e-01
4.192355116393626235e-01 3.949415182453610562e-01
4.122925741920856479e-01 3.791840480034432970e-01
4.709726687445546789e-01 3.253636998136419378e-01
4.087236634248160860e-01 3.276559663553431090e-01
4.177248424108099267e-01 3.059300849590011473e-01
4.340726406810602178e-01 3.447121181761059194e-01
4.339259959139945555e-01 3.694951600061768815e-01
4.709867354115873650e-01 3.044706223242059639e-01
4.842885208944761599e-01 3.278254493473411468e-01
4.753083997290799001e-01 3.466528502219056174e-01
4.314118243530210561e-01 3.404118986100838073e-01
4.833745740034010585e-01 3.949771982264487225e-01
4.422151594965157972e-01 3.664970505384942401e-01
4.805813716687131754e-01 3.009822141856502986e-01
4.185925742336923938e-01 3.447768834134551375e-01
4.323015181017458297e-01 3.005989996305188927e-01
4.713191333545493356e-01 3.537640722319501108e-01
4.249514536629080408e-01 3.757594350998187949e-01
4.369019283031453371e-01 3.787821319695997002e-01
4.603502269529947122e-01 3.310520193099995567e-01
4.942237449789649295e-01 3.326294592830708607e-01
4.183469477931029967e-01 3.523308810265950441e-01
4.635213046150623573e-01 3.224379585998410902e-01
4.536134839707747224e-01 3.513813278103015136e-01
4.141114266750077211e-01 3.096328468293664260e-01
4.443522327488994561e-01 3.783984412412428888e-01
4.012025266051129080e-01 3.002916371529158468e-01
4.063426860745930624e-01 3.073116097649279399e-01
4.633450596206736272e-01 3.921927549261395862e-01
4.951044492292770438e-01 3.412657284629395660e-01
4.232708016640000515e-01 3.872241477713360136e-01
4.636571551739119279e-01 3.004922606909970484e-01
4.562772455758161705e-01 3.394514429398340916e-01
4.684562843417531264e-01 3.059665306292176923e-01
4.972083387671314414e-01 3.794623279965287366e-01
4.754276252463790486e-01 3.445897012508104540e-01
4.749651517146168400e-01 3.466160951607347718e-01
4.204938352337235785e-01 3.605350332651637291e-01
4.769927344920880108e-01 3.775264827487460062e-01
4.500611331695248407e-01 3.741251892923903033e-01
4.289173664987732670e-01 3.061732702674858642e-01
4.482297688037978345e-01 3.151893168990638761e-01
4.262862814598000760e-01 3.762478251697813914e-01
4.198165204031424902e-01 3.040181072226886272e-01
4.941164400824027969e-01 3.189583816745853451e-01
4.620474209594475634e-01 3.911012019345628810e-01
4.542119788748266718e-01 3.493648864503411389e-01
4.612836200270375997e-01 3.224615242645672564e-01
4.677258362913458423e-01 3.240888332577975817e-01
4.132368058720526371e-01 3.320542382449906960e-01
4.253121214361373914e-01 3.614546691287517932e-01
4.468693937884885559e-01 3.937534542132729021e-01
4.562146813597968698e-01 3.519674648745311218e-01
4.825817282604694114e-01 3.043246464885384639e-01
4.908103620870706285e-01 3.583252392368276307e-01
4.633752501603640717e-01 3.367976889894895853e-01
4.826545481309624797e-01 3.986872342783405188e-01
4.797383336942102616e-01 3.104042646083116086e-01
4.004076476985521382e-01 3.258020167103378162e-01
4.311769992623653569e-01 3.110496992769956059e-01
4.277677685818566111e-01 3.327207847225295279e-01
4.972632472162131778e-01 3.478624127385399611e-01
4.050973064512415900e-01 3.356648510034493382e-01
4.923689728371913876e-01 3.725409200655539488e-01
4.687926450771109366e-01 3.530955258175784151e-01
4.060417839244257476e-01 3.106793225023593008e-01
4.522532347819469001e-01 3.661361904894057662e-01
4.017461393248457080e-01 3.082614407530398504e-01
4.650151791134471413e-01 3.645750338567245175e-01
4.804228967073631007e-01 3.339503933239176825e-01
4.747436486827459889e-01 3.346956472959881079e-01
4.037718101634237278e-01 3.148968245818132838e-01
4.298444391784151386e-01 3.496927959136036934e-01
4.234821352614715484e-01 3.179727908281589355e-01
4.064837962795768700e-01 3.856235537041754480e-01
4.083854780326098277e-01 3.395919946577477533e-01
4.618254550176653650e-01 3.293659258623795050e-01
4.658575127405942817e-01 3.645948665728068194e-01
4.254692085682241776e-01 3.126433523297611483e-01
4.572521418187245335e-01 3.865422634227313470e-01
4.702116450559288285e-01 3.049787870876208284e-01
4.608746662678132044e-01 3.031669436175604138e-01
4.009696255051756753e-01 3.243240178529657181e-01
4.375172698383184566e-01 3.405121755639127779e-01
4.688330697157757632e-01 3.412101283175035804e-01
4.200853422029528494e-01 3.193899975644743372e-01
4.484203526628195435e-01 3.541658193970555479e-01
4.696637826806544513e-01 3.329896746389668372e-01
4.057255200736690215e-01 3.438216345013888620e-01
4.540355063833567684e-01 3.124230290387262632e-01
4.108663223296659117e-01 3.430975448655059212e-01
4.864522333972075563e-01 3.743343647356388026e-01
4.021614545459772372e-01 3.676829633636889971e-01
4.388101312163623646e-01 3.913861697946593998e-01
4.110605056776088229e-01 3.127739405114106086e-01
4.190762655491781508e-01 3.591862561913482521e-01
4.387815732331624696e-01 3.342362729030067814e-01
4.662478980721908584e-01 3.214024442260837167e-01
4.120626413327352355e-01 3.335782593762425807e-01
4.415799900226631269e-01 3.030874162167007668e-01
4.559661817260510785e-01 3.811497281364881196e-01
4.638571781295031671e-01 3.334850575666157280e-01
4.948132705443754609e-01 3.344340552703856106e-01
4.949537399358907575e-01 3.576319387037127928e-01
4.129682197206017702e-01 3.984811969743444759e-01
4.006676790578267422e-01 3.515611733710951592e-01
4.029440337854898746e-01 3.848102136139409102e-01
4.840174665409767707e-01 3.484473588588354320e-01
4.795923847859189237e-01 3.884228220902676276e-01
4.785234537457464521e-01 3.445324642187582165e-01
4.954043748463480279e-01 3.004513238106638617e-01
4.783219774436097138e-01 3.015564925683921205e-01
4.625979088080546253e-01 3.415037324276860575e-01
4.841665272971577005e-01 3.632941702554113861e-01
4.989270892367020371e-01 3.277978088493163078e-01
4.243872625713568936e-01 3.335096335764831665e-01
4.906824731539199402e-01 3.638853445768156503e-01
4.026049112675856301e-01 3.050807653666016694e-01
4.873971635401136981e-01 3.950214759276606813e-01
4.902555605154916285e-01 3.129492083754553677e-01
4.294233357175522015e-01 3.903549916694663002e-01
4.650419241336849474e-01 3.625386601081582727e-01
4.359431706230098014e-01 3.462511725594092371e-01
4.561061127442672669e-01 3.399519142548264039e-01
4.451759381142327276e-01 3.760639203241562534e-01
4.152237194568317302e-01 3.658734577234437069e-01
4.533155418076527665e-01 3.862696710660962762e-01
4.532287023469455112e-01 3.512088365734555850e-01
4.443416160417049676e-01 3.137523390157808678e-01
4.059179289979568117e-01 3.530932953952046205e-01
4.118398625657588297e-01 3.323733302232924625e-01
4.468822656899031909e-01 3.109735702479131114e-01
4.848336232041860483e-01 3.916155438702457747e-01
4.224687040936978000e-01 3.397498120451893922e-01
4.308458193655429480e-01 3.505936130697184794e-01
4.861619711719132875e-01 3.993502004039387598e-01
4.446072766009492305e-01 3.309771231401921199e-01
4.625675443719854396e-01 3.506763721793698663e-01
4.368984745429910777e-01 3.478264352246343005e-01
4.717527270903675296e-01 3.155794477277722443e-01
4.854916392685952875e-01 3.548690953875909826e-01
4.725301404576599529e-01 3.872217243287102706e-01
4.536148973384410144e-01 3.470322081068794029e-01
4.474557003347458539e-01 3.175942987641326987e-01
4.259640648413605124e-01 3.217486858014197426e-01
4.460971475169067113e-01 3.924679801275137159e-01
4.081056537733102063e-01 3.853386650353780030e-01
4.284298248915173191e-01 3.752136905359472197e-01
4.570223699321245281e-01 3.291055344634102875e-01
4.311422136703926267e-01 3.184987259217761379e-01
4.754396900261265158e-01 3.212175850496509222e-01
4.608617238082600709e-01 3.659387988607245568e-01
4.596514564510700840e-01 3.941476025065216993e-01
4.207576974301470152e-01 3.082573509367936837e-01
4.538595289318325676e-01 3.537443133779388793e-01
4.787585536055672941e-01 3.955524952767061619e-01
4.881247072272464349e-01 3.590795060149787887e-01
4.755699910356538940e-01 3.596539874879487453e-01
4.751804707360533508e-01 3.659573530334417346e-01
4.487859784253031559e-01 3.965734430871673544e-01
4.990762636173929900e-01 3.009626598831414701e-01
4.533313144028787711e-01 3.626547936251276472e-01
4.762262471367947336e-01 3.001946276216643783e-01
4.708065594383943342e-01 3.019560107084897083e-01
4.363869502097157960e-01 3.274026054985496592e-01
4.067590129933878473e-01 3.663237066879201365e-01
4.205526724269043615e-01 3.866387756182091961e-01
4.848734425805312220e-01 3.050795863671724728e-01
4.756365541226039162e-01 3.938126048928072276e-01
4.833325715009612611e-01 3.423915017448309062e-01
4.154974166405760450e-01 3.334397533172754335e-01
4.009084805023944154e-01 3.040561711786990418e-01
4.071040822618608446e-01 3.063611104240026028e-01
4.085363313022797871e-01 3.397004569819803144e-01
4.599410932544292230e-01 3.298007825013002936e-01
4.298551893371664323e-01 3.801045244416660918e-01
4.478666743633111791e-01 3.017360600733167142e-01
4.364587441933656664e-01 3.491228668768581178e-01
4.637003459651781179e-01 3.201875499152713744e-01
4.896992590168380843e-01 3.331390735722831731e-01
4.830448572370090732e-01 3.800790081843110624e-01
4.963009726054670168e-01 3.297128635353577808e-01
4.764314659992141543e-01 3.996904380444382121e-01
4.095992885910361148e-01 3.677294205165094199e-01
4.953873330814458353e-01 3.320541718296958211e-01
4.301466823345499457e-01 3.616017035327380724e-01
4.879663658820679872e-01 3.629920458014136986e-01
4.241357595116937995e-01 3.108776739533680722e-01
4.733772542056996491e-01 3.305675292242701846e-01
4.438085760322343365e-01 3.288060815526182568e-01
4.419160302404069873e-01 3.995972766026111289e-01
4.086434165219811065e-01 3.565366133825416117e-01
4.973017172161142696e-01 3.718274742985477332e-01
4.585316794125094408e-01 3.283007194026350550e-01
4.919223445698119868e-01 3.767017688351069760e-01
4.614558202944837317e-01 3.137212273938343454e-01
4.592007325595498513e-01 3.141927331042556615e-01
4.864183494538331098e-01 3.709494236155444491e-01
4.560996768913604393e-01 3.824775226472970080e-01
4.781800289864422959e-01 3.053763839840268890e-01
4.346616077883786455e-01 3.034291308924430552e-01
4.757593265571499197e-01 3.970777252595565909e-01
4.052010315487202807e-01 3.306418119208119899e-01
4.000338940367366147e-01 3.884468852417831686e-01
4.633569073515105274e-01 3.136869068712830888e-01
4.274071412239218160e-01 3.240180560237282403e-01
4.664998020963918579e-01 3.889840243832167754e-01
4.706736157717448243e-01 3.113245444479924573e-01
4.286433649218895914e-01 3.352675680045746898e-01
4.744156130426397389e-01 3.563881042359975382e-01
4.049858417538894639e-01 3.576896114391979742e-01
4.959171850401995485e-01 3.313712153570335106e-01
4.278504919760347525e-01 3.869036102873950056e-01
4.020248500831181682e-01 3.478170425602580829e-01
4.217317219617493507e-01 3.556685579105643980e-01
4.903126225087013346e-01 3.881750756423493209e-01
4.720385600599923404e-01 3.732258437094031489e-01
4.279689809521170507e-01 3.627224958957664391e-01
4.400668367631871414e-01 3.320153580144529215e-01
4.953085740948398596e-01 3.395629402834061117e-01
4.100710412588849385e-01 3.607346319086678355e-01
4.698350759744627236e-01 3.014433869021903023e-01
4.734431870074684578e-01 3.430200768933506228e-01
4.528342228121363111e-01 3.026157807824764734e-01
4.089139335551559284e-01 3.539684200964597904e-01
4.187761618108166717e-01 3.693548695579977337e-01
4.793073676082863499e-01 3.433543881847457846e-01
4.560829343180711204e-01 3.850098091820336466e-01
4.988867792756549457e-01 3.416135791598793325e-01
4.640475299483575733e-01 3.843107435047187215e-01
4.628131630912762362e-01 3.257215505932998800e-01
4.510430264523229704e-01 3.938466761312875986e-01
4.217377469866497308e-01 3.764522726699434663e-01
4.937072015615835974e-01 3.812665146975592889e-01
4.259613392266805021e-01 3.446844801563579974e-01
4.862181805245557875e-01 3.011314115670217229e-01
4.776896770854390795e-01 3.517972475175439873e-01
4.011258514682661813e-01 3.107786540439922973e-01
4.537538256233587530e-01 3.352638468063564026e-01
4.710147358450854638e-01 3.077275647782320989e-01
4.422918582535874665e-01 3.812305150026483180e-01
4.927139238824184142e-01 3.319093640790125033e-01
4.506155043175556485e-01 3.844890776569306889e-01
4.891145390309700192e-01 3.345115663598655642e-01
4.623955135911704817e-01 3.395533398337592934e-01
4.079672704467875999e-01 3.795269726116725639e-01
4.169748255330965603e-01 3.111457934325284058e-01
4.032962336395745084e-01 3.504111601273150467e-01
4.421677865593715007e-01 3.912477736985345844e-01
4.875341185736224991e-01 3.368318578529422291e-01
4.268421035547474984e-01 3.928217604069705327e-01
4.042533336565356517e-01 3.767559384527292554e-01
4.803818274749465655e-01 3.441730088396445786e-01
4.782101116832837007e-01 3.632964373924881252e-01
4.468632903710065274e-01 3.223712535466011220e-01
4.386282453917991764e-01 3.263311148248325133e-01
4.297861829258889377e-01 3.696742805946703347e-01
4.449879902752693628e-01 3.043647850459876292e-01
4.621015621691408337e-01 3.482327645975945019e-01
4.628473995855804657e-01 3.721670591898158520e-01
4.164588156305182864e-01 3.560464889691071222e-01
4.635803174722681330e-01 3.465928950709122325e-01
4.148252482369607641e-01 3.794022120926166530e-01
4.185519449804944725e-01 3.536404384461676043e-01
4.446210469906644036e-01 3.189977093201030178e-01
4.867435764570867684e-01 3.206317470819869953e-01
4.985226782849765392e-01 3.766213840245743460e-01
4.078886898070193112e-01 3.929225944707664397e-01
4.689190259781573777e-01 3.369782235672957871e-01
4.974488650640551124e-01 3.627918780178303049e-01
4.977928433332787783e-01 3.371021935972229322e-01
4.273436123592212477e-01 3.959116295311163602e-01
4.150232335751468660e-01 3.059666640260384485e-01
4.572333846449336825e-01 3.736726174079700313e-01
4.706704676293025358e-01 3.222566037931687277e-01
4.734497868795687348e-01 3.381033261375135934e-01
4.853300951790356921e-01 3.238300527240934867e-01
4.307378353482625988e-01 3.079286163803932608e-01
4.393075613260405965e-01 3.008072293331560676e-01
4.410499037427570435e-01 3.345872936711321022e-01
4.591308320238337015e-01 3.685417758950108036e-01
4.775093267777735240e-01 3.734710578538033010e-01
4.283973681004853429e-01 3.922331993894792035e-01
4.446655767993422659e-01 3.116308256555685441e-01
4.229787413592300815e-01 3.100873501705673219e-01
4.834807301537011326e-01 3.595465376961543558e-01
4.889103951667057579e-01 3.021412612573619594e-01
4.379783554893014741e-01 3.972966972299223354e-01
4.632804867541978622e-01 3.781209658723131417e-01
4.300003895471488091e-01 3.818346152169941332e-01
4.992433780547007593e-01 3.931617393882789191e-01
4.404390540565162881e-01 3.443074015793586851e-01
4.238408018480569472e-01 3.532936968674910139e-01
4.846931164543695214e-01 3.706859447248784245e-01
4.248071337521748814e-01 3.831207936310649376e-01
4.638719682487149054e-01 3.520511678670508737e-01
4.787170504954454953e-01 3.799814829026105234e-01
4.751217235407795281e-01 3.667782084077000349e-01
4.682965111553979987e-01 3.959473328206499776e-01
4.583687791450908877e-01 3.985751281975224436e-01
4.086008252999798196e-01 3.416320288988955456e-01
4.329191125344773461e-01 3.470572665525675782e-01
4.116012517479306632e-01 3.141653508234020786e-01
4.936152211649559307e-01 3.382166385515527063e-01
4.740906350254276980e-01 3.508475462706804326e-01
4.257104232576637837e-01 3.924611847863411218e-01
4.176933810777753719e-01 3.586788167688109152e-01
4.389454652322952177e-01 3.341596733691798438e-01
4.929268306070283545e-01 3.930983235149263511e-01
4.314251757937258014e-01 3.638613937807810839e-01
4.914702093218170087e-01 3.560781484667353558e-01
4.914763569857864001e-01 3.988221046046315776e-01
4.211330557404455721e-01 3.287801565096263312e-01
4.601490486341267006e-01 3.284595044197834435e-01
4.015365261420318355e-01 3.123759278711447096e-01
4.318677640998074274e-01 3.368196649570876500e-01
4.693221549622585975e-01 3.910744133024688374e-01
4.969423310639540792e-01 3.692494554859682698e-01
4.702474574925815665e-01 3.958387490583630819e-01
4.900997150347965459e-01 3.505840813464639050e-01
4.100694917570627540e-01 3.120870819614315339e-01
4.007693935500347693e-01 3.293396073591274842e-01
4.070917870686417972e-01 3.465135910788078033e-01
4.375362724548083060e-01 3.740746206755800052e-01
4.668224238868042830e-01 3.425465049353954017e-01
4.085533942330927260e-01 3.782765657208809751e-01
4.917843682669058580e-01 3.476791169020831962e-01
4.447034079940265228e-01 3.213593650024406112e-01
4.392026697126004131e-01 3.822976048652972914e-01
4.420940430419786349e-01 3.277965119918878067e-01
4.030297991489352749e-01 3.499646991161649012e-01
4.101133148843544296e-01 3.488102009027516104e-01
4.188134881287375322e-01 3.123752158982482374e-01
4.723919886015055525e-01 3.015775658961902805e-01
4.581817718380212234e-01 3.455901173306643037e-01
4.775197678189045947e-01 3.711682293424944379e-01
4.290974284227518920e-01 3.840044613640245519e-01
4.588799924555424514e-01 3.353328276793989815e-01
4.453903641200448460e-01 3.496114496767428470e-01
4.833362320884306840e-01 3.472971754835565417e-01
4.813970451298304476e-01 3.925826382826899108e-01
4.418504318989813218e-01 3.305285775922565117e-01
4.550896434348293829e-01 3.538381441484076961e-01
4.204364102850774443e-01 3.492349745999517863e-01
4.700669601122661190e-01 3.029277372598946916e-01
4.490688890437533054e-01 3.382133840802459268e-01
4.910465009356095312e-01 3.573400515218608797e-01
4.217079581793952703e-01 3.003900395765112252e-01
4.270215056405990972e-01 3.522373259090472164e-01
4.693862159852035254e-01 3.340400067525073347e-01
4.535899567822196943e-01 3.988391184291852909e-01
4.293473985331563991e-01 3.565285172539192637e-01
4.946332717303341120e-01 3.884935290508021999e-01
4.679547450877673542e-01 3.604201287500781170e-01
4.971220164752642168e-01 3.836790094958184572e-01
4.891019480138211195e-01 3.478220656726236371e-01
4.484807752944175441e-01 3.642006169227298695e-01
4.443497872208769239e-01 3.059443738757841036e-01
4.965167149279297587e-01 3.334197796746065090e-01
4.012257047061124071e-01 3.306208318898996024e-01
4.396319623074924632e-01 3.812654119912081141e-01
4.267801869347216948e-01 3.821703652402201334e-01
4.693703417198820671e-01 3.319885035456164868e-01
4.658126416650603119e-01 3.794652040063209997e-01
4.468146820224348503e-01 3.591668654580478792e-01
4.800839227914500129e-01 3.931080062970248035e-01
4.591585233872158001e-01 3.643149522703229559e-01
4.814652019222294688e-01 3.435034605543896280e-01
4.525797242517257679e-01 3.566539999256365112e-01
4.829895057307521111e-01 3.091070198850337514e-01
4.341541982451429527e-01 3.799063355910295425e-01
4.724991095685346920e-01 3.079380167870083285e-01
4.329662330194644082e-01 3.982871170985803899e-01
4.874025176010393090e-01 3.576920775975755418e-01
4.838709703590821087e-01 3.966182297850585625e-01
4.807264126988909370e-01 3.472359222389793665e-01
4.995516330099455393e-01 3.459049117149370356e-01
4.352239390281036902e-01 3.718104490585689148e-01
4.685347179178874222e-01 3.360831191173292432e-01
4.912438318846980012e-01 3.916447420084878672e-01
4.528679218815704899e-01 3.155088421128111609e-01
4.995575155608515949e-01 3.311882896621891059e-01
4.163690455207542107e-01 3.261617038755864617e-01
4.914022549530121520e-01 3.900335736232343198e-01
4.547505162641835019e-01 3.406193610955758899e-01
4.206973479874895894e-01 3.795938077551991863e-01
4.762935151889687857e-01 3.299086053610189029e-01
4.127916447964083968e-01 3.491599610357118966e-01
4.353139510892700126e-01 3.451570577602700030e-01
4.367258324150359305e-01 3.548742950724101397e-01
4.504843165081937051e-01 3.743067782569913238e-01
4.086987047145571594e-01 3.524973893226142629e-01
4.168880934825735518e-01 3.702053723908101945e-01
4.608900679929928135e-01 3.015869594093307238e-01
4.214845499410879159e-01 3.786975505483229365e-01
4.844966849868811432e-01 3.244067433933930933e-01
4.362167054436619784e-01 3.369303330414294972e-01
4.316439654169674789e-01 3.146100704048637176e-01
4.836861891740839026e-01 3.069887101389409123e-01
4.044542372503022176e-01 3.349553566751930500e-01
4.831113097792298361e-01 3.023276775434848851e-01
4.007566265092835645e-01 3.896335646072898728e-01
4.152310041513531114e-01 3.012796347799537866e-01
4.330402564093110973e-01 3.225098648864327955e-01
4.928636689428247397e-01 3.560271091497099194e-01
4.947151214409293285e-01 3.610184920002385001e-01
4.922645858670294805e-01 3.882414494763993806e-01
4.722876031384033446e-01 3.952683398613092702e-01
4.938161011234232234e-01 3.511074282347942388e-01
4.642755406194211121e-01 3.679776151883828450e-01
4.886923779183108274e-01 3.742580602198972706e-01
4.476739257726187748e-01 3.238342773264656360e-01
4.955808769569326477e-01 3.369709050079436885e-01
4.956957866450137917e-01 3.391082652788075524e-01
4.364168808547347900e-01 3.274207686833754960e-01
4.629818608602768171e-01 3.644088949690738599e-01
4.048547640630191791e-01 3.293404238046918064e-01
4.010813331046946817e-01 3.152488837001324873e-01
4.271121790667198881e-01 3.876651898410611308e-01
4.818489447041713891e-01 3.675969923112642479e-01
4.760508559014917096e-01 3.987984744607764309e-01
4.718699219283047919e-01 3.501896188241516161e-01
4.531148292055423576e-01 3.072481929612689844e-01
4.864731031389751825e-01 3.814370488068369314e-01
4.876698114099413117e-01 3.779326060374702534e-01
4.164303087385256563e-01 3.868589632260933664e-01
4.783960825644962833e-01 3.403234447562145659e-01
4.160410842855931102e-01 3.083370953007955606e-01
4.338620088102836392e-01 3.405373806070804421e-01
4.624892228242085679e-01 3.609772772208689751e-01
4.457294480083182631e-01 3.232381208090671088e-01
4.662284987676079684e-01 3.245342457870190045e-01
4.800328209439072014e-01 3.198942560007352331e-01
4.175533088485298694e-01 3.484782041949396336e-01
4.681288672744103874e-01 3.130965381252935331e-01
4.580138445073671516e-01 3.463117220931888340e-01
4.443464875313050122e-01 3.141743734523692044e-01
4.653077695395049229e-01 3.680154120103524829e-01
4.757834827394022414e-01 3.871945107550090470e-01
4.465993417776862318e-01 3.015523527592704478e-01
4.806162152071380422e-01 3.246094584767584279e-01
4.702022266493852132e-01 3.620353607516692551e-01
4.483416406200090298e-01 3.397598025705990121e-01
4.046754857582579024e-01 3.289646773193053986e-01
4.076944170277256307e-01 3.427000581074223784e-01
4.952907980984316838e-01 3.296913570626572310e-01
4.993162139955750201e-01 3.123973343915368295e-01
4.658465951444802355e-01 3.855989213870146815e-01
4.845662403604713564e-01 3.108062859573653691e-01
4.831129049781064944e-01 3.549742810440928431e-01
4.407015909465160086e-01 3.526404742590503738e-01
4.350617772905252534e-01 3.048336653099050775e-01
4.436767792325140847e-01 3.024563525849228163e-01
4.965530280253135365e-01 3.446391712876375468e-01
4.336142913482063377e-01 3.967044523927773514e-01
4.493417071339466107e-01 3.901078522618913746e-01
4.670300270602030235e-01 3.868390594902637036e-01
4.792811702980759314e-01 3.773471827503506182e-01
4.552900254884015840e-01 3.675070318011228743e-01
4.739132741126442783e-01 3.755726522744760043e-01
4.460570373681451706e-01 3.762730600909959255e-01
4.143052791003187241e-01 3.092676988445177688e-01
4.503579804943179665e-01 3.290240980708211693e-01
4.206325694532140336e-01 3.179500480823868047e-01
4.358508769815488959e-01 3.503782856194142536e-01
4.915779620337468736e-01 3.173405162191325068e-01
4.313290234438442727e-01 3.075315375969384646e-01
4.521365469480013166e-01 3.485164698221801527e-01
4.620828123291013112e-01 3.419506247567602464e-01
4.394860350389926951e-01 3.246727469876969363e-01
4.766216387169913693e-01 3.565362090686360341e-01
4.978882167159754402e-01 3.846539930318605971e-01
4.006563535869354653e-01 3.279292140894711216e-01
4.052847397350247682e-01 3.732330225005114910e-01
4.461400710978338235e-01 3.287293452633576751e-01
4.388982645788651049e-01 3.308199987241642326e-01
4.512242853534323972e-01 3.913893989618197899e-01
4.894422699064640003e-01 3.381628716019127734e-01
4.106151874279104774e-01 3.540678810061785864e-01
4.175024110153850443e-01 3.754777681095007869e-01
4.452869003363268963e-01 3.592695598142492397e-01
4.828995692859293642e-01 3.088910539946040923e-01
4.168825435164770221e-01 3.104028195037770721e-01
4.252991584058382069e-01 3.426742471717475480e-01
4.599198485908699841e-01 3.475286565372995851e-01
4.547308675955206159e-01 3.549496925426161575e-01
4.893328845921645076e-01 3.019483354736250957e-01
4.644655367604715313e-01 3.196220469332720637e-01
4.889308391918344987e-01 3.458728516641521589e-01
4.234324239140244694e-01 3.488085195092038848e-01
4.114271222121645977e-01 3.204370690740327987e-01
4.932685611777223311e-01 3.269113861034751434e-01
4.057919460969942604e-01 3.068441260798148162e-01
4.020266619314872281e-01 3.253824271329076034e-01
4.195317617447504865e-01 3.040789627132174378e-01
4.661559743630490082e-01 3.689243068868480746e-01
4.798505250633952057e-01 3.514980899136692094e-01
4.615091149199205822e-01 3.154399112955117990e-01
4.837521745314249388e-01 3.018886896656797769e-01
4.869226957001450140e-01 3.715210726592388379e-01
4.816913172997261960e-01 3.814230242685270889e-01
4.242479332433231054e-01 3.171708253267753741e-01
4.123434188760937702e-01 3.965027970692586723e-01
4.689013578872219812e-01 3.065679191745832588e-01
4.797614631174595967e-01 3.977004516904335540e-01
4.318103931879301860e-01 3.233055506159627224e-01
4.481916899743097482e-01 3.005952724372097373e-01
4.947438720678438151e-01 3.029992484545653286e-01
4.783387418352246789e-01 3.793056387502349858e-01
4.226645829372797647e-01 3.406750623663070132e-01
4.519031329088713522e-01 3.450173946514141221e-01
4.571428123301194413e-01 3.995987891739991027e-01
4.153619840563748666e-01 3.157127858016674504e-01
4.939719694343780443e-01 3.156478299853110459e-01
4.632200414314610049e-01 3.833246129774238176e-01
4.557307993317190054e-01 3.985884525084397723e-01
4.800918532491339485e-01 3.317166077117053025e-01
4.256316350523848824e-01 3.323045294768450231e-01
4.402428543136360228e-01 3.444518183589611593e-01
4.997278735947927597e-01 3.192671213418524223e-01
4.455946645849945265e-01 3.218551321259831011e-01
4.839622270125670811e-01 3.518890350005415280e-01
4.017215063715841028e-01 3.099334472215897196e-01
4.048692465126612072e-01 3.357919509683506831e-01
4.318485566571897971e-01 3.654543117447919265e-01
4.573893102121713850e-01 3.237747805041460980e-01
4.638145663285254683e-01 3.876147011789411456e-01
4.099397591579657663e-01 3.659453734384318646e-01
4.754251757030792946e-01 3.454397740894549762e-01
4.589610549709309817e-01 3.646168332834523462e-01
4.581072589635711845e-01 3.837313427813961453e-01
4.760094384292726244e-01 3.400670045937335684e-01
4.731963469222607577e-01 3.752784976630033631e-01
4.832495683101712958e-01 3.335031912511962071e-01
4.328342155424368953e-01 3.625868322316845305e-01
4.031435632755681620e-01 3.531359320098288457e-01
4.237137634589145385e-01 3.079242348746757951e-01
4.381458883099191848e-01 3.869001051328713192e-01
4.727083573225072111e-01 3.309813457125784231e-01
4.932192516608810973e-01 3.827880831628996949e-01
4.974238690940867569e-01 3.040961904778886060e-01
4.870371139019866735e-01 3.495745511095604274e-01
4.023347905340101671e-01 3.163353512421631653e-01
4.378292098791832787e-01 3.843889728431058028e-01
4.921162047213480939e-01 3.400185778550862681e-01
4.201038281455042878e-01 3.940169266560696881e-01
4.747944610623224260e-01 3.815428608155637669e-01
4.177605026968703172e-01 3.051501594909953874e-01
4.232440195629256774e-01 3.412358844322236906e-01
4.594544397819949610e-01 3.054351642419208535e-01
4.513506013369739667e-01 3.566806600673959604e-01
4.877448028907169775e-01 3.035331999185740259e-01
4.456391767300547091e-01 3.552675292225785930e-01
4.469922887005097767e-01 3.228611859857420940e-01
4.636128432517307996e-01 3.425065081542676970e-01
4.903183167470683279e-01 3.429676079440550085e-01
4.774734330720036279e-01 3.101068406724047377e-01
4.499943542083295611e-01 3.871689930185145956e-01
4.166236783970652113e-01 3.415336937346587498e-01
4.513197017915413500e-01 3.322017461677634897e-01
4.063943184660478991e-01 3.063283838326099628e-01
4.790767466404675101e-01 3.717548399133743797e-01
4.413260332988972467e-01 3.948758338437832194e-01
4.958895323984130465e-01 3.108085199920926356e-01
4.617243959664850683e-01 3.345461571883769358e-01
4.309091130545797954e-01 3.612220671498012070e-01
4.728408807555174453e-01 3.748562919187173326e-01
4.261915454620459065e-01 3.427420392345137401e-01
4.471179126231452083e-01 3.917885734950175558e-01
4.624546315086072168e-01 3.168124179829848175e-01
4.204682174093164471e-01 3.055128420393217747e-01
4.636198328073680708e-01 3.021126612624759900e-01
4.972354170356918512e-01 3.185848946578013763e-01
4.890955240605797671e-01 3.887059268591439021e-01
4.727681558879532897e-01 3.609865512623020023e-01
4.952926083719849104e-01 3.540978183042653438e-01
4.777056518893880721e-01 3.665853828365678302e-01
4.466242242027163578e-01 3.924618049204038339e-01
4.234732144400878973e-01 3.315700432779006279e-01
4.060175417922557428e-01 3.975944919221857665e-01
4.004753174071234434e-01 3.689015233723351717e-01
4.060709902166673158e-01 3.611413508759012125e-01
4.146638781161082199e-01 3.148536045888240542e-01
4.331377233316226483e-01 3.923452435435917929e-01
4.239649300070653104e-01 3.003707596429542881e-01
4.964429715178120261e-01 3.654319339648628429e-01
4.926175730888170401e-01 3.834318506528460180e-01
4.287286438450295112e-01 3.074128219090065950e-01
4.507557504647972113e-01 3.479665712626946461e-01
4.411839247814001164e-01 3.470796615869566892e-01
4.003060793304031861e-01 3.970310773511486202e-01
4.125319004736197614e-01 3.535137377294947925e-01
4.403454775244637909e-01 3.631617194804911408e-01
4.444923172231464714e-01 3.455110211742876691e-01
4.024543048281798985e-01 3.530898104369450952e-01
4.308839377738087895e-01 3.498270464759500875e-01
4.445958489720609474e-01 3.715227107509408988e-01
4.741394356511098862e-01 3.481303459748053553e-01
4.806889931694886542e-01 3.753180055979988827e-01
4.050572040772816851e-01 3.026235832693465744e-01
4.660495788622502911e-01 3.674207415215564598e-01
4.263356808201357318e-01 3.332870261638510301e-01
4.044849969250861044e-01 3.932357593326362144e-01
4.572109528134334910e-01 3.715510811067267438e-01
4.782520303159052411e-01 3.551897110582711847e-01
4.838472153963534472e-01 3.720197528606271065e-01
4.995808266275688636e-01 3.677797050903311993e-01
4.662146639555218020e-01 3.202282767169721267e-01
4.341177970221545279e-01 3.294970106269566323e-01
4.133054687955298179e-01 3.559520913706102352e-01
4.477764525495994130e-01 3.897129207929032058e-01
4.704392655932777001e-01 3.442265684914276314e-01
4.736516048416909985e-01 3.737123194258841763e-01
4.932957268418894925e-01 3.769364602840155065e-01
4.120221869167015605e-01 3.810114565664691755e-01
4.834597167786276461e-01 3.984852154696081339e-01
4.812982943401906133e-01 3.602582260468113473e-01
4.919528685302675397e-01 3.803145426143103025e-01
4.327853201825687668e-01 3.096086837244796386e-01
4.034006705304437057e-01 3.974872269936189362e-01
4.212913427010409606e-01 3.660400969979355490e-01
4.588550225110851200e-01 3.539779024311427991e-01
4.411392910266059286e-01 3.454704072127074421e-01
4.893411861078775793e-01 3.682150594807144794e-01
4.464457563768888804e-01 3.319164256354281695e-01
4.247986734646483353e-01 3.158475206251469825e-01
4.219842639211053292e-01 3.540806697376666645e-01
4.202493832232733206e-01 3.818205485862612436e-01
4.042920779780934670e-01 3.897260645485635666e-01
4.334552186605905022e-01 3.292073037762861532e-01
4.876700079004089861e-01 3.174139456367587320e-01
4.867413893113552437e-01 3.438166903310763134e-01
4.539801083926940928e-01 3.407520793950492566e-01
4.775958995109852445e-01 3.093052887429906250e-01
4.801909653187975691e-01 3.052083372855225463e-01
4.680990731870278698e-01 3.294652079689773805e-01
4.486623564090693739e-01 3.164950140543625334e-01
4.400505355595068502e-01 3.500920442050838299e-01
4.522700997555509916e-01 3.627447327061075200e-01
4.826147393812790232e-01 3.790380368839508241e-01
4.263877028471582675e-01 3.701096958339806231e-01
4.890356419386623354e-01 3.788200903533224251e-01
4.669804477236592088e-01 3.238199781141719025e-01
4.967332541263090873e-01 3.444809548038030855e-01
4.818755363635939259e-01 3.584987542334667765e-01
4.643637537429070039e-01 3.549501345354647008e-01
4.865215510701818014e-01 3.080399738887419359e-01
4.604723501748753112e-01 3.522186203196434606e-01
4.536617101011638509e-01 3.179414772653104126e-01
4.681792615593676210e-01 3.524664949581710061e-01
4.460654884954434740e-01 3.268689844967188618e-01
4.194694933905002698e-01 3.196649896965902959e-01
4.036489308240926999e-01 3.777700160679905439e-01
4.899656284184671917e-01 3.419665372497273093e-01
4.070950414771087322e-01 3.647275287485422512e-01
4.877798782755172757e-01 3.999567049197941260e-01
4.188383462895741149e-01 3.510713140625854600e-01
4.169752569929309760e-01 3.876413580748609977e-01
4.010330791852707577e-01 3.111125218008380378e-01
4.196196062743556832e-01 3.794881197790105909e-01
4.489296205860723310e-01 3.991672097896368232e-01
4.756987196733124534e-01 3.694865063495105795e-01
4.669969970451003372e-01 3.005942461088331186e-01
4.402764124536908130e-01 3.551832026402097497e-01
4.050297019951731303e-01 3.539417893861860342e-01
4.532837535892076941e-01 3.086580404569443936e-01
4.539366107887882196e-01 3.205318166826739978e-01
4.245396645815885939e-01 3.369438241066959328e-01
4.882935848882684615e-01 3.750563435399100198e-01
4.918648461555379381e-01 3.846356695479711263e-01
4.350951023101077841e-01 3.640732307530961664e-01
4.436829571887623280e-01 3.940117366628500539e-01
4.883764736979434584e-01 3.644265817267627883e-01
4.566632495187725738e-01 3.354492410137531744e-01
4.897282288585248500e-01 3.033593232351182167e-01
4.725383769554034052e-01 3.034516648607297196e-01
4.430671774723979883e-01 3.526944095984699823e-01
4.020929731142974251e-01 3.963419766745278627e-01
4.399734723761714594e-01 3.660605907887578558e-01
4.025177540772934548e-01 3.273432173331908279e-01
4.350911924158651911e-01 3.413547021042110940e-01
4.490872091922074039e-01 3.234726117693377812e-01
4.188317506143321434e-01 3.427918935247015186e-01
4.137342850350976819e-01 3.401428213648851617e-01
4.912753096997891644e-01 3.460659222936073864e-01
4.661366667271505948e-01 3.133174865308872015e-01
4.072130034068016657e-01 3.887938967850350647e-01
4.520596224214065151e-01 3.175019278493736996e-01
4.236197635941972850e-01 3.749073299995595021e-01
4.430753108866992140e-01 3.961335434475560802e-01
4.963015293343971401e-01 3.192835215512773717e-01
4.701259939810432664e-01 3.392156795757608201e-01
4.377157432991249930e-01 3.170991130763573529e-01
4.543650719339238364e-01 3.012037814833736782e-01
4.897010615363499575e-01 3.515178637894073033e-01
4.956502625955760966e-01 3.793536633909881939e-01
4.403525764470552217e-01 3.680505759192164161e-01
4.732720877347167399e-01 3.011106986179022948e-01
4.371597205331990144e-01 3.332374933339258827e-01
4.486546944393507985e-01 3.098969950720436572e-01
4.464844865988547018e-01 3.006610182346308724e-01
4.144864737724878179e-01 3.356426336608036576e-01
4.362719237526142546e-01 3.211645872207506969e-01
4.551701542256637589e-01 3.618225420760917688e-01
4.059094353256685883e-01 3.413588616870893433e-01
4.764543490674872928e-01 3.651186304950452266e-01
4.997415266051217220e-01 3.588011975508724194e-01
4.136003031842960254e-01 3.193121661694470759e-01
4.466187135567764033e-01 3.370140881835677060e-01
4.645689379678574205e-01 3.894414910247374628e-01
4.917006997577320071e-01 3.092889676381943009e-01
4.872944117002401820e-01 3.287413156382884560e-01
4.967485061150915815e-01 3.606068794819971557e-01
4.500789178042362559e-01 3.459905657097824827e-01
4.954077862083924311e-01 3.476994135733569302e-01
4.724677650778755789e-01 3.120887505822084740e-01
4.794307420278948184e-01 3.202762967192132049e-01
4.303404676908443860e-01 3.563325316469361237e-01
4.343926076311636075e-01 3.614539339551798847e-01
4.486437320513614324e-01 3.478925280117809438e-01
4.943162821323576761e-01 3.161490427827245986e-01
4.628418853755458251e-01 3.788415884213398033e-01
4.274476864876228799e-01 3.102024443644564311e-01
4.481794158543137563e-01 3.530655639571704807e-01
4.630990201424270980e-01 3.318363249925446179e-01
4.520323698027690629e-01 3.079489659569274451e-01
4.245611132625481399e-01 3.728601867052040442e-01
4.495565309377904106e-01 3.263960547124766798e-01
4.542839042894684098e-01 3.372239292345380890e-01
4.539538673105530941e-01 3.865085693790181187e-01
4.565111884218565619e-01 3.348224166480365804e-01
4.708716946693290994e-01 3.075942047429617854e-01
4.640119590797172622e-01 3.197265670132188320e-01
4.501165468506369560e-01 3.736521797662001876e-01
4.918644818594359869e-01 3.925725995079903385e-01
4.430642194961625369e-01 3.032605340179789777e-01
4.092010599781764624e-01 3.133014073337174743e-01
4.923192204339059130e-01 3.613675109349274717e-01
4.629108714665686186e-01 3.648996671252263124e-01
4.514358851811188789e-01 3.825151946457155949e-01
4.666854469513015413e-01 3.952174542837769700e-01
4.900763660396481591e-01 3.754376768578807089e-01
4.866719555436174738e-01 3.757937138866675464e-01
4.818725366578101577e-01 3.236192204753273183e-01
4.142988579949544170e-01 3.473217946509189469e-01
4.617696784846346825e-01 3.862579295384294120e-01
4.825831816784952322e-01 3.027492490392424962e-01
4.521044760048122391e-01 3.366314771624520641e-01
4.662926290152728526e-01 3.254023314791150145e-01
4.247556725811257317e-01 3.669070628554996216e-01
4.350007788722408120e-01 3.725705040805944446e-01
4.623763167472735303e-01 3.626525504387404508e-01
4.990449560874805623e-01 3.184526826294627466e-01
4.992526352133571654e-01 3.058126849890185905e-01
4.981113667326571015e-01 3.509716155926598247e-01
4.767238485996633801e-01 3.125885762910803334e-01
4.093036760202826141e-01 3.288346222813515740e-01
4.626702007316998433e-01 3.852688842454960461e-01
4.839639028021864298e-01 3.380431289699521447e-01
4.135353638968601864e-01 3.955566045557736832e-01
4.165512611322564895e-01 3.173595779342277545e-01
4.342802440225043137e-01 3.493859426701909632e-01
4.984568487015488825e-01 3.697286088382008007e-01
4.384622940278707914e-01 3.120592948715028569e-01
4.515448552050738140e-01 3.355011417086963821e-01
4.846417676892059156e-01 3.095201293302966006e-01
4.769589917714711635e-01 3.692741127433710191e-01
4.656291613424484721e-01 3.300377260089945031e-01
4.241252237525236501e-01 3.313097804073670827e-01
4.656161279739986503e-01 3.396511153868869703e-01
4.254789021992100850e-01 3.051870091135066021e-01
4.127424664833994616e-01 3.417761652607603229e-01
4.849527070798256845e-01 3.017810273842610469e-01
4.469328744527201747e-01 3.393598517344346144e-01
4.990439050928378584e-01 3.334218959263569593e-01
4.739732678995562942e-01 3.854014882859227997e-01
4.144988924072391390e-01 3.340622405833658659e-01
4.480885396538281107e-01 3.801625449267507229e-01
4.555823598842208555e-01 3.297853169921950989e-01
4.644830776045546505e-01 3.336796644145918478e-01
4.087383393767599071e-01 3.476643672983535938e-01
4.381265415878151104e-01 3.003300845699765631e-01
4.194062906248536837e-01 3.623652208065550884e-01
4.907829652256890385e-01 3.105318767506091149e-01
4.689731870433838656e-01 3.144017364092349109e-01
4.311288488987285450e-01 3.010662071367030679e-01
4.001724394474115987e-01 3.170508405237619232e-01
4.318180375194232146e-01 3.425795182654152171e-01
4.872429556385872162e-01 3.927361781786928296e-01
4.523355929836296307e-01 3.366612910780149015e-01
4.626929352339221868e-01 3.265002674105244029e-01
4.818847471076498912e-01 3.331521537352111206e-01
4.691060563410797135e-01 3.633865249231621464e-01
4.080227408742521655e-01 3.641592128171371456e-01
4.037866965081092219e-01 3.030199474258834513e-01
4.941297210658517347e-01 3.331413435652981203e-01
4.182539669889110967e-01 3.909448586079897758e-01
4.411725412149404835e-01 3.484713506550844997e-01
4.823261788894417368e-01 3.180428600289314511e-01
4.622454234212850510e-01 3.567580045575005077e-01
4.536274283097970761e-01 3.036649603883705972e-01
4.485828076591523716e-01 3.540423947920464109e-01
4.436962281718028756e-01 3.428868319641592555e-01
4.309491701255760976e-01 3.621531319364273416e-01
4.355605414377727858e-01 3.442440637925065494e-01
4.902020053360203744e-01 3.400258758382404545e-01
4.316743835172833776e-01 3.879979018935489909e-01
4.722364608652006024e-01 3.323844359526356707e-01
4.027457888709732314e-01 3.214017917416210346e-01
4.129855350531830283e-01 3.290976471177703977e-01
4.947871828526553273e-01 3.719000590806205153e-01
4.554878224170818557e-01 3.348278999229632458e-01
4.197530031715652754e-01 3.111942415615310820e-01
4.836866916794496651e-01 3.953242349397225741e-01
4.187361170482482575e-01 3.185168240324939837e-01
4.209897538760029589e-01 3.030305806697943249e-01
4.447742435484629553e-01 3.824245683362726966e-01
4.115778055443816696e-01 3.468651638488610134e-01
4.549095300484543025e-01 3.815655392782104638e-01
4.334108915066768875e-01 3.022449912304026598e-01
4.556695277893796359e-01 3.355991438977575791e-01
4.117801414381737635e-01 3.135362170048199282e-01
4.901342623778442431e-01 3.916252197521634115e-01
4.419638681181142226e-01 3.690078902349918089e-01
4.390324281720311972e-01 3.160859782780881533e-01
4.551922365031110251e-01 3.208992247307899115e-01
4.203935815388091801e-01 3.155691746538991094e-01
4.880835988963006522e-01 3.739394187378443646e-01
4.741159284171938548e-01 3.407309487328475384e-01
4.665005785876574773e-01 3.219039665942095563e-01
4.768164579781284385e-01 3.438215390435399588e-01
4.082580666359640897e-01 3.868030355014618893e-01
4.698401846750596134e-01 3.928946400077882872e-01
4.259697194358500472e-01 3.247266247165035424e-01
4.291742670113275482e-01 3.795478083561660831e-01
4.928396392088373323e-01 3.271829021673792193e-01
4.041448292061682324e-01 3.798763312148618065e-01
4.330614594019893127e-01 3.089195210798801883e-01
4.745457677219587778e-01 3.356828103720824186e-01
4.257460292727912599e-01 3.536448516901114503e-01
4.535597982978957221e-01 3.580380222037531923e-01
4.797153128246057774e-01 3.073013938444822957e-01
4.434410834825425751e-01 3.514867164855839388e-01
4.008018092043968417e-01 3.579462067715717399e-01
4.509163417666496310e-01 3.036362242557022473e-01
4.942927025427448773e-01 3.176564823443583374e-01
4.760616311391084321e-01 3.175957207389913384e-01
4.644319464529917396e-01 3.173768572371161723e-01
4.543094408007404272e-01 3.289952918451561903e-01
4.338417048608456672e-01 3.769678613243239718e-01
4.609742183206750332e-01 3.309651505859393383e-01
4.994051833893815573e-01 3.245209948557684632e-01
4.826228267620385481e-01 3.436408136852023287e-01
4.791801593287779992e-01 3.392295274173828257e-01
4.758593698561138785e-01 3.225396843706072603e-01
4.185554406556731832e-01 3.329729486291240215e-01
4.905428330784189495e-01 3.241450265080774717e-01
4.879420592085340624e-01 3.691364123435023625e-01
4.890387852725490703e-01 3.861448357930274966e-01
4.889437451104823307e-01 3.258003234149018934e-01
4.805163835768573866e-01 3.546855838043374565e-01
4.507911482714250795e-01 3.037451736596872287e-01
4.719847799719662507e-01 3.865464235122027525e-01
4.426658720152715221e-01 3.672493899109252058e-01
4.348338444591497987e-01 3.337850759663666400e-01
4.129146710843477064e-01 3.520033700015410827e-01
4.657958342681327024e-01 3.682870905774200398e-01
4.723503100759313122e-01 3.955860476035298889e-01
4.469150565092049332e-01 3.551866060101676603e-01
4.841925401548778929e-01 3.333079749719009555e-01
4.053363801645297193e-01 3.540316774294833269e-01
4.123647954282967376e-01 3.175100275717937515e-01
4.845186080266448148e-01 3.678171539308948690e-01
4.805133904515629384e-01 3.078011929418744685e-01
4.303370383615977568e-01 3.333395518227273424e-01
4.877593418778821133e-01 3.390138581039827681e-01
4.637391616174134645e-01 3.018585256356888236e-01
4.925611097893921597e-01 3.669164607491871011e-01
4.923475425918899528e-01 3.693054170797821500e-01
4.245810343736647341e-01 3.339895032401649089e-01
4.196298905575330251e-01 3.079769322377098328e-01
4.120156457270462980e-01 3.500656942159889873e-01
4.783526007930326562e-01 3.103493847706249587e-01
4.154283995350723235e-01 3.106959980677068689e-01
4.296097145613163026e-01 3.527396881137584428e-01
4.167476758671493364e-01 3.676537643740570016e-01
4.516187926530170760e-01 3.830979777646494333e-01
4.869853540886055487e-01 3.174414883351217020e-01
4.647032662743409981e-01 3.328799382343058944e-01
4.092538063483515676e-01 3.506788798816687369e-01
4.061673538862742294e-01 3.977718237781847632e-01
4.558028883133162790e-01 3.667913763386159154e-01
4.243557362345732886e-01 3.886409743408838491e-01
4.907837964168266787e-01 3.613769967901725444e-01
4.919034476601470418e-01 3.313993196726238710e-01
4.753587895130538254e-01 3.551983515153820936e-01
4.614901595293012804e-01 3.412893209197033761e-01
4.030029916887626351e-01 3.287539371491040585e-01
4.258578643559334242e-01 3.331436808585113152e-01
4.834524376940886325e-01 3.162915544588114636e-01
4.219143541642397799e-01 3.866012273265256871e-01
4.188559740861327874e-01 3.148129571086620282e-01
4.838182732135192232e-01 3.040570128447987464e-01
4.205675513459273263e-01 3.617915720865971796e-01
4.324737089194810036e-01 3.584070555618622533e-01
4.500727282796832540e-01 3.922412313060477107e-01
4.087530231294975724e-01 3.396568368774505742e-01
4.284699476304438814e-01 3.679775730593426442e-01
4.106911942256407100e-01 3.915288782763172160e-01
4.856206287396166443e-01 3.003152549896305756e-01
4.479655840105465914e-01 3.379256401792110065e-01
4.222405016025925772e-01 3.134231225280368349e-01
4.434994514850988945e-01 3.678953191976104264e-01
4.741676478354339697e-01 3.665673092442557901e-01
4.439051477823510172e-01 3.297954825993556494e-01
4.676761709930884470e-01 3.486313392139166467e-01
4.147202765193195306e-01 3.730113982963086938e-01
4.994778838932518727e-01 3.435428354279562724e-01
4.031229889865532989e-01 3.516627144325729648e-01
4.520585430363901480e-01 3.497568994295274791e-01
4.095601820004834415e-01 3.843061735352540920e-01
4.934217278492152303e-01 3.634039947711763530e-01
4.780011273237759761e-01 3.811917251533746831e-01
4.515398329667783539e-01 3.316076280285163991e-01
4.371989533860084487e-01 3.548545314941536355e-01
4.575914960433132839e-01 3.098706165805621970e-01
4.301239791608977847e-01 3.810906124164229469e-01
4.877956086685717452e-01 3.605220595077061052e-01
4.899905403684176597e-01 3.836801681986227175e-01
4.998086055563684127e-01 3.238559152099892424e-01
4.971095825894488174e-01 3.135808804194428201e-01
4.933027142136614529e-01 3.478855146845674096e-01
4.599363114467388547e-01 3.227149385470983733e-01
4.128619296574723707e-01 3.374587475217725729e-01
4.165060284619878650e-01 3.291233598692205886e-01
4.359054593663671540e-01 3.054650347003717847e-01
4.547088791012404152e-01 3.338923688188702998e-01
4.689794634161602582e-01 3.399473683003758628e-01
4.888469420508559926e-01 3.098023284168064384e-01
4.729852050876648395e-01 3.355906953091571943e-01
4.868754226325781587e-01 3.341237009829749471e-01
4.703044835775729293e-01 3.117413607695605493e-01
4.218592941927050144e-01 3.974473089998135644e-01
4.202107201752823262e-01 3.703930715130172024e-01
4.365079187951050876e-01 3.182948060070793783e-01
4.282598311404305358e-01 3.068071040848058817e-01
4.260690189566490038e-01 3.001678041481672943e-01
4.485843753399961220e-01 3.364564676716249036e-01
4.397205095359126292e-01 3.872756680210053259e-01
4.117702997170137325e-01 3.795498262784688936e-01
4.511271998447524689e-01 3.465790517929452363e-01
4.167900652845776266e-01 3.761100280013380259e-01
4.989203450309714905e-01 3.740152804511639451e-01
4.397479966988994127e-01 3.788091033492254067e-01
4.179559241836859895e-01 3.826204366227653475e-01
4.982961376616832361e-01 3.107754547398184353e-01
4.248250234663211722e-01 3.716132441415481713e-01
4.775790238368355922e-01 3.902833217010581168e-01
4.184625763199841808e-01 3.198491730361333607e-01
4.535600499569837352e-01 3.323055569546229382e-01
4.759712933607688212e-01 3.673172130076253761e-01
4.727946079237329569e-01 3.683711280189770898e-01
4.999344996016564791e-01 3.020318596615046425e-01
4.138799380790948446e-01 3.303358416958913635e-01
4.797583975922938837e-01 3.702739811827056582e-01
4.971628527987303481e-01 3.865930052447821841e-01
4.678176172532813037e-01 3.847205295154549898e-01
4.984036473906057196e-01 3.831528049963042193e-01
4.444396654706377348e-01 3.537216785641311700e-01
4.807868432177525575e-01 3.207297700122405115e-01
4.728608679088971423e-01 3.519370500242668953e-01
4.390257547416849815e-01 3.155461172121071800e-01
4.189862643392656127e-01 3.326487658809423320e-01
4.054833251010750428e-01 3.037006790549743873e-01
4.769288686951529410e-01 3.226153116467248561e-01
4.990754976243282903e-01 3.269619552540447005e-01
4.348775837039474679e-01 3.888394244753626827e-01
4.811793279772167420e-01 3.952083370240356830e-01
4.049682306989191294e-01 3.780505390923274978e-01
4.570668853237823681e-01 3.670311355283624177e-01
4.822519223951492462e-01 3.758695022912251216e-01
4.519483995736741644e-01 3.484044811629585237e-01
4.183712970127999031e-01 3.398371036739659679e-01
4.103513363316761420e-01 3.241204019039464201e-01
4.665812198092424423e-01 3.978145274390600949e-01
4.539805009996445984e-01 3.678079691858095468e-01
4.486361586513742949e-01 3.207829871305332703e-01
4.105161881806937418e-01 3.686841990153118531e-01
4.664592394613192861e-01 3.820588643206578316e-01
4.521071881932852699e-01 3.358387588470114204e-01
4.229387515772373707e-01 3.095001581994195616e-01
4.940124059365302855e-01 3.387999495003720662e-01
4.387552185904471935e-01 3.557172633276957652e-01
4.251758450315613058e-01 3.605681846098038323e-01
4.149890513574696072e-01 3.709648435430112912e-01
4.191663263262919714e-01 3.124117190421082935e-01
4.102159974173905654e-01 3.936015310625523012e-01
4.439906605103806081e-01 3.645054756508604998e-01
4.494074594153552038e-01 3.521946753551118969e-01
4.197004237814138672e-01 3.653137607337087478e-01
4.155360563824714304e-01 3.207712979502398420e-01
4.268365990665453635e-01 3.082685991977661688e-01
4.877537542506920065e-01 3.952502862271192741e-01
4.901855864713379196e-01 3.808910709772024838e-01
4.965870143649447899e-01 3.929191204532351267e-01
4.737182389044209407e-01 3.370151912399584893e-01
4.127189308336635665e-01 3.861897876952475883e-01
4.859191932715579698e-01 3.745664484527750915e-01
4.608180585502164028e-01 3.232258423045797913e-01
4.479323935175061333e-01 3.229086653359989900e-01
4.900606379179276995e-01 3.406267983141352262e-01
4.346575004725468649e-01 3.377756995286178565e-01
4.522123432953603084e-01 3.542512538923202614e-01
4.838274686243266842e-01 3.317692741355238173e-01
4.917912137149736962e-01 3.201845919739186863e-01
4.108059334499787885e-01 3.038550720300902674e-01
4.531223417302792100e-01 3.646547323490240133e-01
4.583287268387579161e-01 3.312443540265988529e-01
4.949254164325688210e-01 3.520204943081184923e-01
4.119376408546851498e-01 3.023140357365964870e-01
4.691034807020986186e-01 3.405308901798299037e-01
4.632014117685571142e-01 3.749978809735110552e-01
4.363369567532691118e-01 3.372699895284599902e-01
4.871500383329139261e-01 3.290362818043778836e-01
4.549790660409102072e-01 3.741542717109924698e-01
4.828642255424862029e-01 3.917692405206544271e-01
4.940294807259475451e-01 3.488121388436713488e-01
4.619202716542539222e-01 3.310158985092945816e-01
4.951015291540308283e-01 3.175899470056555152e-01
4.780333152166671429e-01 3.885268498568499318e-01
4.999932328323868358e-01 3.068952747768008971e-01
4.933326361666460214e-01 3.163730690144763713e-01
4.365402778264099171e-01 3.011319169935019469e-01
4.065444896583839673e-01 3.097190744841826215e-01
4.609733369986346307e-01 3.821172967680128707e-01
4.672616714052639786e-01 3.320985673618096490e-01
4.469526901742406633e-01 3.864231720476160592e-01
4.870265371795416964e-01 3.580480655769091025e-01
4.915876383126882021e-01 3.001477686230630271e-01
4.059521084696403603e-01 3.829181265794380229e-01
4.234371668778599274e-01 3.443663881989655895e-01
4.432536048986636668e-01 3.403923170077551852e-01
4.103475548422839680e-01 3.002105268814364014e-01
4.955181857209183249e-01 3.172689650905926029e-01
4.064429275610707548e-01 3.886646987413872600e-01
4.012236024979889404e-01 3.639794984515679621e-01
4.747164865417113355e-01 3.885822992933367637e-01
4.198617026423112075e-01 3.294500903085005872e-01
4.942347745444793938e-01 3.796940855204607446e-01
4.667921331808416729e-01 3.210174601391216354e-01
4.248888559592859937e-01 3.804093335206950588e-01
4.583403757614029628e-01 3.953074177546969659e-01
4.641312942674574726e-01 3.280359208268056048e-01
4.601737176556468523e-01 3.409975997726577002e-01
4.726893713885118031e-01 3.609006864895196176e-01
4.637586076228430443e-01 3.513829809611763166e-01
4.512682184517840533e-01 3.608031161641153672e-01
4.505474492678802623e-01 3.326860719896847507e-01
4.892576325873378984e-01 3.012435408465489739e-01
4.789335321037061499e-01 3.758984292957313622e-01
4.226243706788458954e-01 3.889796348787461500e-01
4.278662710845105299e-01 3.273480085196854295e-01
4.306202474815829517e-01 3.503613001659064974e-01
4.941519398121499984e-01 3.181550622220479796e-01
4.629829618340274289e-01 3.131633319041932650e-01
4.291230325217724739e-01 3.384270159994253735e-01
4.414534221263266001e-01 3.785013741822716993e-01
4.653754654330116702e-01 3.628953743337688942e-01
4.335757761150368372e-01 3.580074923963375566e-01
4.408060100766242329e-01 3.150110612972395474e-01
4.821984702940264045e-01 3.846625353725510177e-01
4.838003420874634752e-01 3.112055292094343395e-01
4.756456042286292818e-01 3.026515904338693552e-01
4.623465185481880346e-01 3.377973786064148998e-01
4.497458607614889803e-01 3.020032405907265294e-01
4.839883077412852064e-01 3.423199532563773739e-01
4.893431824516922823e-01 3.286608533775141061e-01
4.865615227900050854e-01 3.878506498944965242e-01
4.206641146889714133e-01 3.411610499480598468e-01
4.675544063514004423e-01 3.719227500129919650e-01
4.786624397514058771e-01 3.704082837296172048e-01
4.398710099649505989e-01 3.079373162194672386e-01
4.496834449856474403e-01 3.081449839464653340e-01
4.542053479332855970e-01 3.000759441073516665e-01
4.372792078508979663e-01 3.615102021518251663e-01
4.967232591919174545e-01 3.048958850632142448e-01
4.958855516555006337e-01 3.201513768892554901e-01
4.889539149516699545e-01 3.422134471548442525e-01
4.714557065722756457e-01 3.781605576175733896e-01
4.256733404012019162e-01 3.338086008747278566e-01
4.439598458936760972e-01 3.001408444531040165e-01
4.178449749227395316e-01 3.118827496285896395e-01
4.172065814228009817e-01 3.838149039060599343e-01
4.154439282823004786e-01 3.060343541121515742e-01
4.733594727416756132e-01 3.650991475020633481e-01
4.124658865668603402e-01 3.501426964493421501e-01
4.590955837674545181e-01 3.610449526161803591e-01
4.873313764708164797e-01 3.595848920054326436e-01
4.517243153622857443e-01 3.013466584281673799e-01
4.295005257615275296e-01 3.051538697075862339e-01
4.144005191868018190e-01 3.500083391406607625e-01
4.541848305930422658e-01 3.491656905135144817e-01
4.417439283370784842e-01 3.077796751653652518e-01
4.084547601690153851e-01 3.983996892947441193e-01
4.641426838677922273e-01 3.352900121468848638e-01
4.354357912603968317e-01 3.965813859671308284e-01
4.888126042211150546e-01 3.090602128233645440e-01
4.828554395268156441e-01 3.559640724508164045e-01
4.285235783625507833e-01 3.363522581613244689e-01
4.756275178918462632e-01 3.765438461930055158e-01
4.658370780207923834e-01 3.519716401108432535e-01
4.880517905829465097e-01 3.263942333133593721e-01
4.960220180161730719e-01 3.902866481126718856e-01
4.235754810634257961e-01 3.838621966425908028e-01
4.398791925622240750e-01 3.328580728015724799e-01
4.044680778951335598e-01 3.231839878159842860e-01
4.572355494431621370e-01 3.721310685674607543e-01
4.961595466823800482e-01 3.465522350966504517e-01
4.882007891939702526e-01 3.672866975279677204e-01
4.257980854493952361e-01 3.224486416633208230e-01
4.865578652763737910e-01 3.966287971471949003e-01
