4.828341793584930430e-01 8.122435148076984079e-01
4.922417752933332391e-01 8.919008666799074225e-01
4.979039271997320326e-01 8.460074066306286777e-01
4.309259831928923257e-01 8.422296987239421551e-01
4.417270972167880450e-01 8.168350508690785938e-01
4.751407520237899140e-01 8.480879355228132521e-01
4.474691449378959685e-01 8.115480910242424128e-01
4.421190704654229808e-01 8.211124936211552372e-01
4.779260044067628610e-01 8.569545493474255426e-01
4.908447801000166422e-01 8.156362161850644332e-01
4.946748821909454086e-01 8.304471608026954277e-01
4.994078533865536906e-01 8.037988651725112010e-01
4.755873490710814666e-01 8.222556730543615355e-01
4.626230045662926837e-01 8.170996258801725975e-01
4.344776545010604063e-01 8.065795163164152237e-01
4.913456859610007554e-01 8.017226109483054364e-01
4.811151624333447896e-01 8.032294823270454964e-01
4.973906280260699808e-01 8.824060045958315168e-01
4.951683841810355369e-01 8.129323433988009384e-01
4.568432295009178801e-01 8.008910294298117183e-01
4.155029661094975513e-01 8.157197179548973942e-01
4.945901985719939331e-01 8.093132229422828061e-01
4.633333178412639697e-01 8.843834777006066572e-01
4.845790435420193609e-01 8.161769471966140443e-01
4.762513360940452412e-01 8.261431321708206932e-01
4.861034974196353775e-01 8.251135608603004101e-01
4.637395926532855706e-01 8.057285112250591741e-01
4.643845753348373462e-01 8.819976626141293741e-01
4.856203808861123128e-01 8.487702520487957480e-01
4.693579061387005980e-01 8.232003872100113195e-01
4.905903400190473329e-01 8.000366406153874843e-01
4.798456617336301355e-01 8.156884861707339729e-01
4.894952864629414369e-01 8.404555561031917810e-01
4.590016251904594502e-01 8.946344509542194512e-01
4.758080610074287287e-01 8.059460541053089511e-01
4.968657869683438810e-01 8.424707381959651853e-01
4.918504828882945823e-01 8.216999397860614840e-01
4.505712537577405974e-01 8.311028203046699758e-01
4.540317127835061806e-01 8.028415657297072183e-01
4.802938816727908011e-01 8.644849201431964447e-01
4.272083801759885557e-01 8.061000796142417935e-01
4.927282726482113406e-01 8.878665293508776202e-01
4.570976593262802146e-01 8.173094688421072007e-01
4.792526662241324842e-01 8.116349163332753358e-01
4.731932369981504682e-01 8.523077129221998671e-01
4.859876368115168543e-01 8.475859643360759144e-01
4.602162501298745489e-01 8.691040463942814043e-01
4.075640208254964203e-01 8.326972902650144892e-01
4.132501024452909788e-01 8.038888646436447294e-01
4.863582640311419625e-01 8.069790149447563232e-01
4.704425096511301030e-01 8.044618464222633714e-01
4.984109176674210162e-01 8.207224476125664081e-01
4.952084146066929593e-01 8.200300971763737623e-01
4.902939063407305564e-01 8.300397616828316671e-01
4.867433665034197610e-01 8.035566816984240912e-01
4.624591797039402374e-01 8.241660158095408528e-01
4.714259434971721507e-01 8.194750325494443155e-01
4.613306617445346869e-01 8.384686412381000542e-01
4.903870441632330879e-01 8.292139293378906206e-01
4.897288654626297810e-01 8.206359226558503916e-01
4.903992468428385321e-01 8.187841969161050448e-01
4.657759394160826960e-01 8.405102617312335544e-01
4.747551046237990513e-01 8.354413584580079322e-01
4.590911788931859028e-01 8.263627504163000292e-01
4.797340146218082579e-01 8.164323671950225458e-01
4.622334407502913245e-01 8.161989034266338150e-01
4.858238530252942389e-01 8.029567755325530687e-01
4.716133655418892623e-01 8.179890240472570406e-01
4.765096987204064938e-01 8.374326669055593975e-01
4.708180380467374970e-01 8.767757374680170690e-01
4.634461726768471790e-01 8.342865639368723940e-01
4.983946291191751476e-01 8.054938191354179544e-01
4.764420733264312369e-01 8.506175908756694604e-01
4.976396326609432430e-01 8.194236478039960136e-01
4.830957669623359152e-01 8.281108816561570940e-01
4.857898229000884305e-01 8.531819841665831960e-01
4.860258295419236929e-01 8.269460926343239482e-01
4.673094310445198296e-01 8.262567962482120221e-01
4.848836954859958581e-01 8.073081154271850579e-01
4.853737777458975722e-01 8.118961512955954474e-01
4.231851591838778903e-01 8.170742159260417914e-01
4.615503613445547382e-01 8.503361422265404146e-01
4.888582077853204644e-01 8.336995299858689368e-01
4.730164701060390886e-01 8.079064748974862376e-01
4.685646304833134268e-01 8.806573100647234753e-01
4.805173135609175916e-01 8.204618596325077284e-01
4.553368695923141196e-01 8.409465999981298179e-01
4.520719874399341531e-01 8.353966238545882383e-01
4.772172006738454320e-01 8.072307033827496037e-01
4.779638147285020233e-01 8.623214097795603994e-01
4.790962086205449166e-01 8.103484229220208057e-01
4.589329120892165492e-01 8.063405627018218613e-01
4.911382262836038182e-01 8.095555012857700294e-01
4.558757963589103457e-01 8.405417959760637103e-01
4.754902656047040321e-01 8.382519332545084190e-01
4.782595743400885335e-01 8.354355616860140721e-01
4.796368712872570161e-01 8.641372238398652428e-01
4.441999603327818069e-01 8.023818471000888630e-01
4.704415485161990707e-01 8.884580863184019517e-01
4.850173662540993580e-01 8.290883135758294609e-01
4.798257616314435259e-01 8.223632413147135001e-01
4.883512021722593577e-01 8.897179087754379934e-01
4.905602385093927875e-01 8.128689482853374004e-01
4.718847952178292227e-01 8.428265710027302848e-01
4.974305335878881906e-01 8.027278522197612842e-01
4.797028362601160612e-01 8.387331979048621156e-01
4.981697703638591213e-01 8.244300493131367924e-01
4.987669346296128570e-01 8.182930856371595230e-01
4.876867661759711758e-01 8.038112611013911168e-01
4.770503399282289836e-01 8.101007799298794998e-01
4.036583952432034605e-01 8.615545227851479915e-01
4.014150958862510721e-01 8.497531115006156099e-01
4.936287034532541584e-01 8.145945945356892759e-01
4.944462720300440428e-01 8.223605803071333264e-01
4.853737144057048702e-01 8.016898481499963314e-01
4.782118110014770274e-01 8.652314080195294688e-01
4.930032763060658851e-01 8.090151024452156836e-01
4.850663710801100814e-01 8.281588996678228565e-01
4.803127027214176281e-01 8.662951515218554333e-01
4.989218955714598835e-01 8.587023574798443581e-01
4.749036799495723882e-01 8.066207608241289240e-01
4.463334635746824541e-01 8.030867927715693577e-01
4.914017081765639783e-01 8.599625503513765867e-01
4.824132816323122297e-01 8.109321710708818909e-01
4.714209409486728730e-01 8.499514585200971251e-01
4.862284487607032579e-01 8.095237274982671760e-01
4.874045806800601510e-01 8.522609779678071984e-01
4.702224310942362262e-01 8.147123882692196561e-01
4.967734357166617709e-01 8.316441533513623252e-01
4.081765522132319024e-01 8.011826912899669972e-01
4.795903149840450852e-01 8.048055901975081916e-01
4.686683729113378938e-01 8.027477947452221763e-01
4.533473919208022007e-01 8.068554854225062911e-01
4.524131470572113067e-01 8.129500359897541273e-01
4.796842112168855921e-01 8.762441968562255656e-01
4.748882761387143714e-01 8.038635663364962491e-01
4.795059798468901957e-01 8.057479841670424081e-01
4.778326865647951061e-01 8.112821627096961086e-01
4.960587339469664236e-01 8.211977689980815009e-01
4.808961207869433263e-01 8.298305312385635402e-01
4.558690268415784841e-01 8.205786727537581760e-01
4.644054951873949899e-01 8.336090092833746690e-01
4.413231562012593923e-01 8.014214223053630626e-01
4.832530342925500655e-01 8.015100958456718994e-01
4.495766366639657452e-01 8.034486287253130854e-01
4.847015904440039602e-01 8.185090204382340362e-01
4.417913639367315737e-01 8.052364013594330849e-01
4.026496214463977097e-01 8.068093940684669674e-01
4.950369201992042556e-01 8.488462334465636250e-01
4.519780211256917979e-01 8.089989558844044026e-01
4.879727130638762400e-01 8.992642564159125662e-01
4.517634126599427979e-01 8.375273731296029034e-01
4.370790067396123080e-01 8.271218667598536634e-01
4.430718721968028850e-01 8.369603383583813505e-01
4.513627209979087507e-01 8.186126638656447962e-01
4.994017858935784204e-01 8.113587492996506834e-01
4.958296358544256877e-01 8.065740186655330213e-01
4.866920367256986069e-01 8.118631999006422628e-01
4.597311409728055409e-01 8.029570602841852311e-01
4.540264207161548438e-01 8.149242908187784851e-01
4.770669775424545844e-01 8.202630931903720501e-01
4.558462721176327337e-01 8.483277633212211732e-01
4.997182499280265477e-01 8.098499981311584328e-01
4.984884422872639109e-01 8.003433786908598080e-01
4.652540691686998797e-01 8.025945111734801296e-01
4.828030809079436603e-01 8.204668015042069218e-01
4.950398242154039341e-01 8.353605568364108613e-01
4.681772115644740606e-01 8.617695052119405119e-01
4.655478523952089609e-01 8.289705762472855399e-01
4.764888458612596134e-01 8.095483225965688368e-01
4.972930258496714995e-01 8.206018793081880647e-01
4.741029781039871049e-01 8.304068135234803361e-01
4.986064267624440438e-01 8.163544264802619077e-01
4.572044876129214286e-01 8.455234695344395757e-01
4.560367657079144044e-01 8.562466632164433822e-01
4.748895032775150571e-01 8.952506351427790277e-01
4.493212355613853681e-01 8.021167750189448498e-01
4.589253739357474493e-01 8.045209074196324472e-01
4.656547525821425615e-01 8.018601076355585944e-01
4.587408854657631929e-01 8.095724682389506821e-01
4.727508271248959115e-01 8.044067365476532672e-01
4.960566068197750367e-01 8.502918876026096529e-01
4.881217460629308502e-01 8.481193960503841112e-01
4.838181856915323431e-01 8.249668248660242398e-01
4.411909579727111841e-01 8.132853297116477975e-01
4.737318223535321726e-01 8.082666497145439832e-01
4.002364335216038183e-01 8.137376585689739539e-01
4.835176632973987587e-01 8.210610535691614809e-01
4.585495198181060439e-01 8.096066852825913873e-01
4.918385202368250608e-01 8.718202563302788199e-01
4.744483758504283721e-01 8.426874760669121889e-01
4.464361004800121435e-01 8.084035869273201724e-01
4.492483244459356539e-01 8.163735320077436519e-01
4.957591346600419557e-01 8.976960232913357984e-01
4.776014766827778590e-01 8.146618584827293175e-01
4.275883063157343567e-01 8.057350563100641461e-01
4.941665330313024240e-01 8.439832845881135581e-01
4.643694824176825553e-01 8.145911059482244809e-01
4.920426131947482351e-01 8.148787458216214530e-01
4.917515582332055990e-01 8.087328497960339924e-01
4.394926173197891694e-01 8.545305941943337480e-01
4.982079454716019096e-01 8.095439119354786994e-01
4.728003510596299197e-01 8.031782619944216606e-01
4.686088107044888984e-01 8.205543573849668482e-01
4.255843933167621773e-01 8.066207815070224330e-01
4.889658725955568497e-01 8.053219901984531859e-01
4.497716993501188476e-01 8.681585553039147252e-01
4.940584713062632360e-01 8.139418830551941042e-01
4.664032121777169637e-01 8.255836909765914555e-01
4.830434931768253781e-01 8.545967303597499232e-01
4.415862041807511185e-01 8.289648758554878372e-01
4.622061300043242005e-01 8.191101504769431330e-01
4.690253513531418839e-01 8.288915433046478709e-01
4.398928131242187956e-01 8.199206086243557845e-01
4.943003948243933077e-01 8.464270891473486547e-01
4.951311417231196721e-01 8.854054584401742645e-01
4.710932862935774956e-01 8.163635229586623243e-01
4.992967665317513126e-01 8.388428239633817229e-01
4.849462949766145670e-01 8.161512779308587318e-01
4.433963465460133424e-01 8.035650602347793603e-01
4.890992803070257078e-01 8.106533358917971110e-01
4.931989392868149080e-01 8.305687839450466292e-01
4.449278449143220793e-01 8.695121464738679862e-01
4.257611611525911610e-01 8.029625898587835486e-01
4.829709510446675846e-01 8.187251009533261792e-01
4.698416209791131948e-01 8.339271146100990517e-01
4.972858805923051628e-01 8.048896762569316410e-01
4.735200268145066671e-01 8.442560025910970101e-01
4.830451376233662053e-01 8.364298880477003539e-01
4.898279057277271642e-01 8.010931131423970619e-01
4.089110351612735283e-01 8.430187056158966463e-01
4.738638828075459886e-01 8.211171879859711087e-01
4.734451699522499446e-01 8.049171393863919777e-01
4.907837422804485206e-01 8.001449992835636404e-01
4.646878094984951413e-01 8.006104765173508442e-01
4.756429440612118253e-01 8.043159057279554158e-01
4.525568108268639977e-01 8.628125483477231406e-01
4.966561453949440708e-01 8.347019438299743133e-01
4.731772594820829458e-01 8.092661560150727906e-01
4.831274003263104078e-01 8.033268529589270290e-01
4.662647353817328533e-01 8.039615680487376403e-01
4.873190972738730142e-01 8.091468995684671928e-01
4.039229869955460184e-01 8.106153236976878507e-01
4.200359714579868786e-01 8.107665154667479390e-01
4.764298877643965979e-01 8.197924233734344979e-01
4.987402784623539143e-01 8.963112305920678535e-01
4.828571124492164746e-01 8.272362055375979129e-01
4.882845412605156810e-01 8.086715496451900576e-01
4.597359899154065954e-01 8.161321227376600040e-01
4.642990472733549701e-01 8.432686739040863300e-01
4.924930254578803734e-01 8.424534382777040253e-01
4.559903633893565567e-01 8.015586851177122218e-01
4.884339247414951624e-01 8.499684478250958408e-01
4.158541741554879767e-01 8.000720277176921469e-01
4.871255791427566706e-01 8.469631766133111084e-01
4.890964356201448204e-01 8.020647342196129959e-01
4.978856130555982529e-01 8.032729913897571628e-01
4.818147386400836174e-01 8.080594491074574170e-01
4.234464785858028657e-01 8.028700957097966162e-01
4.604188459265834421e-01 8.666304306520246081e-01
4.985340522024641619e-01 8.026183566645013201e-01
4.762883751575682223e-01 8.259673126555489020e-01
4.781463953949859902e-01 8.066940889054581287e-01
4.600835415088621039e-01 8.436544816338368280e-01
4.654126697825969883e-01 8.182885025981682103e-01
4.672478886829948275e-01 8.367625040586893492e-01
4.374118866350942270e-01 8.101757106061184821e-01
4.622768102049468752e-01 8.173783420589479931e-01
4.757776670902030824e-01 8.513489259479625204e-01
4.735286144206013459e-01 8.250922625910052099e-01
4.964509413792732029e-01 8.184454562065422989e-01
4.851150374512180896e-01 8.084274438308731714e-01
4.864981733616995374e-01 8.717938249493503156e-01
4.971913350592473968e-01 8.159132231158143789e-01
4.945295760864532042e-01 8.131744936007013758e-01
4.488350074209872531e-01 8.100179753331346877e-01
4.491652110899181927e-01 8.615957814788987035e-01
4.989448564173080136e-01 8.185052817516401680e-01
4.499835724027226314e-01 8.597910488828963693e-01
4.919954767429151610e-01 8.170632947663482026e-01
4.965381042307060455e-01 8.005930952319846305e-01
4.859110725045562851e-01 8.175714910353371057e-01
4.915970428110367774e-01 8.241920405636123936e-01
4.998461865658062608e-01 8.014538018579087097e-01
4.515715516541327079e-01 8.344395909447354098e-01
4.471157778824051965e-01 8.459035239590845245e-01
4.987513851771941953e-01 8.589767712766698260e-01
4.964211140450203175e-01 8.229855833740934434e-01
4.672289770967498201e-01 8.334529241780255227e-01
4.351052947665050019e-01 8.194448103089995161e-01
4.891395356063990563e-01 8.211496227767094425e-01
4.872144809781281394e-01 8.042559228845157504e-01
4.797459168524555451e-01 8.300664196478911849e-01
4.753673185627866338e-01 8.407628578773508332e-01
4.394647810406273614e-01 8.244127916367690601e-01
4.761362261520971639e-01 8.046716841371662765e-01
4.622104617652443292e-01 8.898191730043210068e-01
4.478944496057438718e-01 8.078776803692406805e-01
4.667236973770666486e-01 8.008265736272668356e-01
4.420041745505181030e-01 8.237083042177180126e-01
4.845951834782257772e-01 8.726841647459963047e-01
4.551138481457110418e-01 8.083118402275606407e-01
4.737576936190242560e-01 8.910341441451655742e-01
4.790554774347369760e-01 8.465857964202986308e-01
4.626650437233071900e-01 8.269453670578393867e-01
4.829399434035720473e-01 8.173868451130684720e-01
4.991118220125093652e-01 8.004498547915179785e-01
4.117742114283751143e-01 8.126028441285491066e-01
4.318473131981735991e-01 8.173508043358035380e-01
4.702567158004984926e-01 8.114635561707644884e-01
4.830922572916920843e-01 8.224494886024412699e-01
4.958081355384670319e-01 8.135090215382198009e-01
4.745774448369524112e-01 8.089676393790220521e-01
4.922580375250390494e-01 8.129902124013103082e-01
4.903078908978618089e-01 8.409453905360922965e-01
4.681878071187031143e-01 8.004535432660448979e-01
4.433052710130265250e-01 8.253750032152222804e-01
4.999677927832486546e-01 8.171374802712647600e-01
4.800585060095157730e-01 8.001381672365511788e-01
4.264972851216179417e-01 8.066301430836995134e-01
4.923944084267030119e-01 8.018811243355039586e-01
4.971289273866060787e-01 8.639696274305068702e-01
4.336388681029992864e-01 8.203985841877989849e-01
4.598784348193999949e-01 8.109399718909038324e-01
4.915643974394209859e-01 8.281027186885960845e-01
4.963138154665572843e-01 8.508784638795261479e-01
4.707681150735255615e-01 8.339421779195618223e-01
4.963040567049388785e-01 8.076288526583719207e-01
4.652617802457142959e-01 8.062697136816936450e-01
4.858646523146136764e-01 8.629320141313954196e-01
4.926108680037887821e-01 8.395659104043043941e-01
4.880559082455528386e-01 8.075834038486733313e-01
4.981555148789811316e-01 8.148594015423569203e-01
4.520893446388527526e-01 8.083936075788821229e-01
4.911489903499007825e-01 8.233278845308692473e-01
4.816615072979062440e-01 8.179505631380735720e-01
4.370263509859720341e-01 8.454221781584281281e-01
4.586569240180315421e-01 8.224882138566501633e-01
4.987712889824257867e-01 8.670912042334855130e-01
4.756997918983750795e-01 8.471562961209595510e-01
4.794669518973965205e-01 8.268841786595964027e-01
4.946297041959493712e-01 8.226807387697030460e-01
4.971224195979118132e-01 8.233872484882259757e-01
4.719191389346995003e-01 8.796568420016468437e-01
4.947700652783833530e-01 8.841865601222955728e-01
4.647143607061998138e-01 8.003092851657498397e-01
4.945422884684943510e-01 8.306254001885118310e-01
4.965468059644936316e-01 8.366296579040165549e-01
4.736598138343968145e-01 8.462578627634627093e-01
4.875467643673652152e-01 8.028186298861346160e-01
4.334312567497008439e-01 8.464321550346518563e-01
4.564023075708295574e-01 8.669372488790982878e-01
4.447530254392541571e-01 8.735788717328157871e-01
4.196346175975925741e-01 8.100669381453460272e-01
4.823410337537098469e-01 8.016375330196422455e-01
4.871415240789917500e-01 8.075717105597370882e-01
4.814254302717811962e-01 8.520663299074119346e-01
4.969545205383329445e-01 8.298788164301862391e-01
4.778289430014668882e-01 8.153598233168691811e-01
4.936899888447594531e-01 8.024084869821301869e-01
4.958487665923961285e-01 8.019024370085929831e-01
4.443834730561182500e-01 8.551386081698696406e-01
4.986406236024571448e-01 8.231768096416567371e-01
4.835342985283632711e-01 8.164321104686368402e-01
4.774299698460401919e-01 8.190597458712981505e-01
4.695992906362423391e-01 8.065176807671875503e-01
4.959409176409196318e-01 8.467865180163542949e-01
4.190346543397138190e-01 8.388836554990541927e-01
4.213872875915271043e-01 8.006498248415255814e-01
4.302493485443322219e-01 8.353958531937009102e-01
4.890811422249912166e-01 8.017255304357643331e-01
4.930579406087565730e-01 8.506894870373282735e-01
4.560800054791588898e-01 8.043848423398215486e-01
4.883713102682653018e-01 8.186875049354112033e-01
4.917306023245083257e-01 8.002105278465249105e-01
4.596671444947799667e-01 8.021332200632479426e-01
4.455426913171868231e-01 8.981113021071388536e-01
4.682434026792189341e-01 8.255999896910174440e-01
4.876547514927500604e-01 8.273421959995529429e-01
4.923378214644716921e-01 8.054691649462573100e-01
4.804153971847474613e-01 8.172395006131452089e-01
4.529864825417876384e-01 8.028790638712606231e-01
4.761528314300913500e-01 8.250021374389304718e-01
4.601818674461228276e-01 8.025140171082572049e-01
4.729768761058564808e-01 8.037943995337895053e-01
4.918834539312273435e-01 8.163088137531676614e-01
4.683711274327511664e-01 8.169563876497969446e-01
4.904881773252814936e-01 8.042190097317769570e-01
4.890983497991394091e-01 8.047013303660477401e-01
4.998880074190998890e-01 8.056003334440454688e-01
4.728831828885060040e-01 8.065750208119270015e-01
4.849119023951100615e-01 8.188662148433146770e-01
4.918460504032258762e-01 8.300836245869708252e-01
4.771461388871745535e-01 8.748044161602599456e-01
4.961126483772360651e-01 8.568743210432736568e-01
4.666790714577587207e-01 8.324874086494091774e-01
4.940498331250479103e-01 8.111468537265923429e-01
4.762139632216954577e-01 8.584618426855671336e-01
4.580319907102882726e-01 8.110302423872397526e-01
4.804288286987220546e-01 8.914371039902455607e-01
4.686267786742598918e-01 8.091531271363839872e-01
4.630822098499925432e-01 8.309800657828478876e-01
4.901307560317805234e-01 8.366388694241951862e-01
4.842507891559247324e-01 8.050624775187373849e-01
4.688287440056755351e-01 8.314920381807251459e-01
4.697012904056417359e-01 8.420554850338396458e-01
4.894764403436602795e-01 8.088898084777939035e-01
4.844854638241258282e-01 8.314928404086925351e-01
4.885622771621717098e-01 8.184835584885234994e-01
4.814620088380318630e-01 8.262448201794009295e-01
4.595716639727158159e-01 8.498503363900452579e-01
4.790034142588694421e-01 8.686459558987545959e-01
4.507964415000516589e-01 8.238736208068466738e-01
4.937634675259348072e-01 8.587701336114017536e-01
4.927818633094330769e-01 8.568330819085894223e-01
4.865091781980800389e-01 8.815677478507266684e-01
4.921308531029265909e-01 8.662433360903717405e-01
4.985831034203342393e-01 8.167817001613277839e-01
4.970350653930534768e-01 8.393203052676050380e-01
4.999820855753456250e-01 8.230376623200051922e-01
4.963292764111422728e-01 8.350235674478467818e-01
4.752103473298507352e-01 8.109478557306247781e-01
4.562082857508871214e-01 8.011935182135798694e-01
4.835061259320356242e-01 8.443136942542479595e-01
4.962502696459528129e-01 8.011000381872384057e-01
4.694505783977749314e-01 8.192099836762791742e-01
4.504057993001579496e-01 8.363257416625474727e-01
4.605465618086390100e-01 8.535849874780040425e-01
4.841689851957061141e-01 8.311231865750463577e-01
4.808577521548151879e-01 8.595780151560417082e-01
4.511254183306451226e-01 8.061375099608107941e-01
4.794919870207485224e-01 8.062574345394342146e-01
4.972207214104690798e-01 8.290015816143805338e-01
4.973967519757688804e-01 8.317250889784363332e-01
4.367215030142838073e-01 8.280159130274171719e-01
4.928553520515027708e-01 8.201221387373420768e-01
4.931270572731352719e-01 8.245352590842376372e-01
4.424186247509235836e-01 8.173668481351139548e-01
4.846121756987393780e-01 8.839939819998070547e-01
4.688913779655247693e-01 8.032895035372417114e-01
4.983328883254927177e-01 8.009793570854125688e-01
4.970104539143400113e-01 8.867162977858162876e-01
4.902771536523740648e-01 8.471116409278128812e-01
4.838266988089535703e-01 8.293446752587343429e-01
4.896401177388246539e-01 8.032684402335261709e-01
4.666863104681773788e-01 8.562490192032438108e-01
4.888319079224653918e-01 8.111193876401627811e-01
4.996273615614745256e-01 8.270450204827697327e-01
4.151104473579235177e-01 8.058522764907849467e-01
4.980258091652006169e-01 8.003883561278990477e-01
4.763054571344209620e-01 8.474717807512115453e-01
4.617678588716676025e-01 8.041399386267188421e-01
4.601392509383093188e-01 8.268439448873734499e-01
4.870267860123613790e-01 8.090819840971088528e-01
4.608063859343019542e-01 8.380686577945727356e-01
4.779042911542719096e-01 8.076514188586040310e-01
4.495520670782167105e-01 8.311219702518007901e-01
4.661332525791500037e-01 8.123136211343607860e-01
4.744276959194045351e-01 8.281152769681575654e-01
4.305319058948369193e-01 8.125602457381803090e-01
4.596336218323286427e-01 8.003569064341983230e-01
4.481325218847334035e-01 8.019389680097259721e-01
4.817575209819949800e-01 8.435700140954903725e-01
4.882445614686562463e-01 8.107294138965007724e-01
4.426731566920962813e-01 8.114592419684304447e-01
4.644286244536522945e-01 8.482594388312485467e-01
4.942821267933308338e-01 8.278129741691030441e-01
4.873567597096814530e-01 8.680412256086951217e-01
4.457397340748878167e-01 8.033201049819191919e-01
4.459885980780866066e-01 8.160906016365134796e-01
4.452979722080840363e-01 8.003703939696699132e-01
4.964940427588734329e-01 8.390841975091559712e-01
4.692609091127564747e-01 8.096313305049822606e-01
4.882075187158514962e-01 8.576868397659856980e-01
4.302387921788626834e-01 8.075203271358842860e-01
4.451686676041789470e-01 8.135659080673673937e-01
4.734928775454757544e-01 8.369174515064246034e-01
4.715828687501079086e-01 8.047318231151204815e-01
4.766095656859343221e-01 8.151092583973165162e-01
4.857590068437196984e-01 8.049230311587944886e-01
4.884685074842611829e-01 8.120230659805388607e-01
4.949959698039747558e-01 8.221534082620599593e-01
4.763073724844932300e-01 8.139848533198518199e-01
4.852547430777118254e-01 8.193368955937466724e-01
4.869675227944711970e-01 8.842103596322529180e-01
4.463556127639414228e-01 8.019057746796308672e-01
4.623762080820938425e-01 8.082198000182826414e-01
4.951825901370545679e-01 8.146881287103014957e-01
4.867603474620268988e-01 8.215035990070997940e-01
4.966113396697680593e-01 8.469891349621301302e-01
4.886711343646030770e-01 8.002198927155650399e-01
4.999055567459091409e-01 8.037944431148184021e-01
4.455310534955315704e-01 8.102113491218757568e-01
4.886732382542747777e-01 8.034133505819619492e-01
4.316520470797216014e-01 8.441704159867550183e-01
4.983499974838828672e-01 8.083331575591574669e-01
4.838787932352562882e-01 8.515800428883564255e-01
4.633113429576614650e-01 8.085242210862425560e-01
4.478830274178119408e-01 8.309761141237581583e-01
4.974963223906176402e-01 8.163055616685286342e-01
4.787265080699932285e-01 8.043373294568478826e-01
4.609109142077854049e-01 8.402283040055462671e-01
4.977143672625286563e-01 8.330629977494155014e-01
4.999752933354225659e-01 8.782029165015653449e-01
4.895289621253501311e-01 8.349568360211394591e-01
4.515224381003929977e-01 8.615771985321019066e-01
4.889976057182043312e-01 8.282967310774618230e-01
4.997622597475852579e-01 8.643670748368067480e-01
4.930941721267517175e-01 8.239774675743192223e-01
4.866471629818699962e-01 8.049574894674654812e-01
4.698101772088000838e-01 8.347294150508600685e-01
4.728853153195640702e-01 8.045817762975135956e-01
4.975040994492644919e-01 8.434273705850520164e-01
4.457307895437812029e-01 8.161665332813674567e-01
4.537477419328878048e-01 8.216044953857637445e-01
4.848545900355204497e-01 8.593926504685341916e-01
4.919423822109649791e-01 8.144159636306137484e-01
4.778369283919435273e-01 8.413474142941294032e-01
4.205577605262907359e-01 8.003294341481178575e-01
4.849492324168735990e-01 8.526629283681071980e-01
4.570282557456257777e-01 8.038291952228988624e-01
4.938524686792772345e-01 8.572907856814834249e-01
4.784715183143598560e-01 8.408015386762834886e-01
4.847085715587913790e-01 8.210675047238379376e-01
4.902045690068189132e-01 8.112906216135172821e-01
4.765374222285140848e-01 8.807124574025084751e-01
4.725948706374384356e-01 8.015348696184331212e-01
4.837117318292488144e-01 8.189057133425374779e-01
4.951861251686325294e-01 8.311906982374253072e-01
4.883875795243393103e-01 8.247413567530194056e-01
4.823281028705712625e-01 8.302976161150533718e-01
4.731243378611390549e-01 8.500820165076744539e-01
4.922494840225704049e-01 8.447601763313095091e-01
4.210187154751124372e-01 8.470279000224978372e-01
4.488753323849839494e-01 8.394932046460255037e-01
4.393260092351535251e-01 8.517281350183829591e-01
4.367673087485590688e-01 8.494749417062888996e-01
4.533623684734746639e-01 8.079676191622735537e-01
4.927969516917982129e-01 8.250127905937075790e-01
4.798900582565699402e-01 8.773228466578117946e-01
4.590463288662730013e-01 8.332346895588820246e-01
4.969144304484923169e-01 8.177434007655857151e-01
4.543121159026823896e-01 8.048082465636449134e-01
4.660494241285101369e-01 8.324541314276344695e-01
4.951614550527524417e-01 8.590951011901629686e-01
4.986290259024175886e-01 8.592883530868211661e-01
4.511942318890539982e-01 8.450515203556308030e-01
4.432602270423633417e-01 8.097876393925419469e-01
4.897996838341868164e-01 8.069872552110478603e-01
4.974031074672259356e-01 8.389975917055322308e-01
4.815194774610899175e-01 8.177362276976083422e-01
4.469732258106942635e-01 8.382700802429109421e-01
4.919430591412389253e-01 8.112070658360142072e-01
4.947834217139958635e-01 8.589430868911408501e-01
4.935740129668749199e-01 8.129797162398088028e-01
4.821740016623909941e-01 8.138532564076804698e-01
4.957680049044410620e-01 8.646799344098218265e-01
4.800430366994505316e-01 8.104273851201440060e-01
4.979019936686458481e-01 8.040848446474567757e-01
4.829532374408927464e-01 8.048716343640773818e-01
4.948033466383973678e-01 8.083300602272143198e-01
4.810705915471629179e-01 8.364076904646531307e-01
4.824194219954700547e-01 8.076799469528447295e-01
4.959605094941034187e-01 8.116624415508931767e-01
4.275423505298796556e-01 8.164538253656763445e-01
4.892994895532278288e-01 8.038372538115423627e-01
4.612522521379718299e-01 8.420147967705458036e-01
4.931281716440704677e-01 8.419470514926501448e-01
4.806316709294000677e-01 8.216970245565656805e-01
4.667062189618415013e-01 8.496611115113565926e-01
4.908436228225490083e-01 8.203743416803284116e-01
4.905237258482456064e-01 8.064027033552780832e-01
4.857546857931961393e-01 8.380478557277326601e-01
4.392417380906675772e-01 8.514349055473521277e-01
4.571470976888543092e-01 8.672431754635364642e-01
4.988781833066686100e-01 8.923960476285098808e-01
4.851026549236078234e-01 8.300943092025854231e-01
4.551836352807608899e-01 8.221276262045251748e-01
4.982971426846986573e-01 8.032352470274820577e-01
4.718602720636954073e-01 8.032489401204870871e-01
4.716023043132575587e-01 8.007191093195860088e-01
4.760566341323166917e-01 8.042907671591226215e-01
4.821992639950177795e-01 8.006895608706696699e-01
4.827206856925322365e-01 8.158526933891074862e-01
4.487828499798042214e-01 8.585536043311394749e-01
4.914093984481214261e-01 8.041681192880945073e-01
4.733859823821758850e-01 8.820408733942483037e-01
4.449228090813861503e-01 8.026628021403738877e-01
4.620081950481664257e-01 8.003734990703184060e-01
4.868582699344576326e-01 8.780040114697322817e-01
4.934752678518235514e-01 8.008627265489083324e-01
4.908068558618143840e-01 8.906510958617523954e-01
4.668659735361460061e-01 8.119258950913019746e-01
4.974545124002791030e-01 8.018443071962710889e-01
4.958456547882698073e-01 8.448161414216444065e-01
4.949716265797255432e-01 8.009781328500057418e-01
4.594161578657040002e-01 8.055791268791542281e-01
4.745537909699253931e-01 8.108068675185730045e-01
4.792776218708509894e-01 8.151756493575990081e-01
4.912080714060552133e-01 8.152223766566862873e-01
4.183253590241998165e-01 8.349547720038000831e-01
4.847659873899027305e-01 8.393057472952316633e-01
4.649048783310498201e-01 8.043601799794902751e-01
4.447723270775364446e-01 8.249247499481731083e-01
4.964447942600568875e-01 8.225048035489653797e-01
4.291629828283379799e-01 8.163220832444010311e-01
4.906871866174530306e-01 8.047820822662035134e-01
4.800154064978512936e-01 8.710932537047554325e-01
4.763577355614235787e-01 8.720195078270092104e-01
4.563214529294497557e-01 8.098475460077865229e-01
4.982145996322696613e-01 8.235524893140476754e-01
4.711178580540960059e-01 8.530434348871549499e-01
4.917943377219700096e-01 8.031135095136388014e-01
4.742444033912265877e-01 8.090178182419105468e-01
4.525062808734286457e-01 8.014454360553621148e-01
4.421863453302347091e-01 8.011311995929575325e-01
4.847549719045855521e-01 8.114461274590648587e-01
4.624028392378555230e-01 8.173828042142979866e-01
4.858089955915669278e-01 8.381257161370087028e-01
4.466564077539912914e-01 8.144917945569342121e-01
4.306601245354577667e-01 8.037485169460832912e-01
4.738631026072520069e-01 8.037212402413568268e-01
4.794165848878569336e-01 8.239014616299764615e-01
4.939547851094407971e-01 8.047441253110582116e-01
4.804855641646650355e-01 8.025987578339953687e-01
4.748736444715657701e-01 8.640330488654381913e-01
4.491213475071757499e-01 8.336437632158917310e-01
4.902226267181923891e-01 8.130666932972144823e-01
4.513308065862302598e-01 8.453178319301126731e-01
4.642317248102381111e-01 8.156984425962874319e-01
4.497235595113153739e-01 8.570384101125486653e-01
4.740881660499697836e-01 8.360322535990036830e-01
4.997977431723386044e-01 8.097940994004719784e-01
4.930464014260224626e-01 8.443555976732569635e-01
4.451245076581281657e-01 8.205835703086538091e-01
4.785951556349641312e-01 8.030243424013430165e-01
4.982480937653812059e-01 8.300343720640621648e-01
4.899494705181616228e-01 8.196492870068744496e-01
4.940368525113058573e-01 8.281002133300188195e-01
4.843407599424824905e-01 8.476060945594783291e-01
4.938293116992810150e-01 8.426699190525684946e-01
4.527250002623685599e-01 8.113648501105390487e-01
4.532653364339525592e-01 8.033589911472939216e-01
4.900707291459291959e-01 8.052201788496741175e-01
4.707378437904887192e-01 8.074723463434207993e-01
4.586571555600463812e-01 8.740707572880588305e-01
4.599416541272496328e-01 8.270007664096521438e-01
4.996657603479579546e-01 8.000251100115031155e-01
4.501192222385743680e-01 8.262944118910894309e-01
4.655284988481525055e-01 8.075711188050497258e-01
4.964595316232167654e-01 8.659084643359019617e-01
4.460759850481884614e-01 8.948139353150779129e-01
4.817489068778679773e-01 8.065086484304528902e-01
4.806017642554409330e-01 8.949238231295051360e-01
4.957113237499495284e-01 8.098622784944938813e-01
4.864932900446573005e-01 8.659283927405644343e-01
4.863016440861620548e-01 8.059083567603237963e-01
4.992420846689337721e-01 8.083120526554001817e-01
4.909648234318484405e-01 8.666100100322507993e-01
4.952972177310290269e-01 8.025456834262064687e-01
4.345818461391307008e-01 8.211021953023702746e-01
4.708020515694203434e-01 8.252974187568172804e-01
4.410956584024873783e-01 8.057459133951752062e-01
4.966050715939545612e-01 8.100313127373155453e-01
4.721092126317897875e-01 8.178897749782496618e-01
4.993265616360655912e-01 8.126794505471974794e-01
4.807636187219625490e-01 8.170101911757776669e-01
4.990994208237877205e-01 8.453082474812509961e-01
4.900518902507508545e-01 8.688539839919113827e-01
4.940858261428023313e-01 8.240751982372849227e-01
4.699528923405874026e-01 8.069134350700494229e-01
4.819962273460806634e-01 8.092703831175970253e-01
4.640050050934734216e-01 8.091300342916979416e-01
4.674145050878393826e-01 8.008963994013073018e-01
4.801928645714613197e-01 8.313266091341484643e-01
4.524910017179287758e-01 8.208743226836292539e-01
4.591328440539782507e-01 8.052737514837671196e-01
4.431057366999745506e-01 8.089026076084989691e-01
4.756821649676227226e-01 8.045903211304727964e-01
4.659676416669907839e-01 8.002965338132145279e-01
4.747534721575653593e-01 8.270307009324060488e-01
4.391552113744888186e-01 8.525340755350193644e-01
4.791214955265377662e-01 8.114212746425381040e-01
4.894232948813091455e-01 8.023297204132948668e-01
4.043435181000516465e-01 8.050220924338545858e-01
4.803367562874600871e-01 8.125393164534283619e-01
4.822042473894118664e-01 8.767763844571347942e-01
4.795054052193593042e-01 8.089287349373832647e-01
4.959881059022829275e-01 8.083634055354996795e-01
4.852300481316421665e-01 8.450654149488487921e-01
4.860136932678968402e-01 8.167202821402446133e-01
4.642919008997432595e-01 8.225170157599905885e-01
4.881461241108929761e-01 8.118221378304903979e-01
4.572541257116101154e-01 8.278377356779075269e-01
4.836093149213832043e-01 8.455696699909237557e-01
4.697770207730675995e-01 8.377386753619708859e-01
4.668714602672515701e-01 8.317483039780937393e-01
4.863365132322190476e-01 8.519953685867145410e-01
4.960854864289794830e-01 8.042169412075241830e-01
4.815560094884046571e-01 8.084889353847937166e-01
4.327101538174690787e-01 8.089700894964589883e-01
4.865233681618734707e-01 8.339960909042807291e-01
4.367097612882796520e-01 8.121808849428027166e-01
4.655423702188912771e-01 8.017125857572344749e-01
4.898285422298632730e-01 8.363370053915395452e-01
4.974124450836825972e-01 8.486463170797546862e-01
4.748755413031438555e-01 8.323458631328890522e-01
4.501388811105567767e-01 8.257243413232512319e-01
4.629160123929972892e-01 8.004271848625773567e-01
4.511760802557637229e-01 8.040582271622670474e-01
4.363415087244612578e-01 8.102534697632856053e-01
4.902979395877589130e-01 8.200888956290217635e-01
4.687755155290154185e-01 8.067226992484235470e-01
4.874336184283832307e-01 8.270580774038203131e-01
4.808027355036686434e-01 8.254141693222389886e-01
4.909988890575721632e-01 8.155613247095134799e-01
4.850190717767962623e-01 8.050789222883586449e-01
4.974876529228242639e-01 8.371584335635217089e-01
4.966071616476595008e-01 8.560473606677455605e-01
4.943932888772000767e-01 8.257562640502562612e-01
4.753142763648480207e-01 8.067303647214790763e-01
4.719318552406565059e-01 8.160335284472104433e-01
4.508148598983533484e-01 8.159353046929475051e-01
4.590836385506197326e-01 8.178869463801820006e-01
4.928797786274471404e-01 8.258081653391556864e-01
4.974781903454361109e-01 8.072590304883913159e-01
4.957236843420118055e-01 8.634072876638180238e-01
4.585282002269624457e-01 8.118478752114050012e-01
4.823300128277984711e-01 8.002618713697924324e-01
4.965002826386381019e-01 8.519535272148729410e-01
4.730952772840651410e-01 8.459332424317985710e-01
4.681488112468872309e-01 8.175296921413653939e-01
4.639482439276514936e-01 8.139958841928620625e-01
4.933284264908640582e-01 8.006484970123632916e-01
4.264950160366012266e-01 8.698911894015335378e-01
4.637883449929525725e-01 8.316482394096020858e-01
4.607647043045626223e-01 8.186583544686255598e-01
4.824708406695523699e-01 8.050740444159368847e-01
4.861654225715976163e-01 8.201309167366516162e-01
4.654147551680209438e-01 8.180057926141107716e-01
4.717710852697221124e-01 8.504154584948043771e-01
4.522627991592449437e-01 8.087578030968178844e-01
4.793069175573143048e-01 8.148634757529392703e-01
4.998176341844788317e-01 8.660509804832758896e-01
4.516443847461206196e-01 8.428855866707414268e-01
4.908754546149438625e-01 8.059079001202245074e-01
4.951516350746696937e-01 8.381870204089107990e-01
4.790591034631754841e-01 8.316634972698320194e-01
4.921377053389802136e-01 8.028963562309110458e-01
4.058735648181481803e-01 8.236727801788341630e-01
4.658842614179230512e-01 8.437854242485793854e-01
4.646300616629800428e-01 8.008834791024285193e-01
4.907681068447239947e-01 8.147752391753141366e-01
4.993237736346103350e-01 8.168371114076928841e-01
4.913282372430999856e-01 8.005163692305329315e-01
4.687043110719521510e-01 8.001843216388155877e-01
4.710249985961227348e-01 8.335865487185257772e-01
4.620607596419418206e-01 8.238302546517588532e-01
4.542362688604834053e-01 8.460776069750013395e-01
4.603068134666027933e-01 8.561797821854058022e-01
4.977312186540243655e-01 8.456475709618503922e-01
4.930241437890630074e-01 8.097564294880479352e-01
4.911033644450040203e-01 8.003975084760175385e-01
4.645435648961677710e-01 8.680827993859299152e-01
4.935126405730057009e-01 8.115529593328283386e-01
4.839556176120635711e-01 8.214694449668089593e-01
4.877034850268504584e-01 8.082655665895489561e-01
4.925838750937763799e-01 8.294902039004202754e-01
4.551094936711158612e-01 8.219320781997002667e-01
4.976916502335279602e-01 8.397199591464015178e-01
4.736084269312173523e-01 8.534398029203615899e-01
4.447703366522172685e-01 8.194411643538879186e-01
4.931356760807972806e-01 8.556008335782538943e-01
4.355051933984944723e-01 8.897782988486883093e-01
4.722082151690873419e-01 8.979940534146712006e-01
4.322275345444354655e-01 8.056488772064966941e-01
4.882684114041362933e-01 8.644451439843204854e-01
4.535616446471232299e-01 8.153372674966020694e-01
4.351768523815884859e-01 8.436177801656511432e-01
4.969461557640275640e-01 8.251519116914575180e-01
4.414493083792987993e-01 8.740634626328218637e-01
4.595292596759776305e-01 8.150216380235497660e-01
4.395594716056663853e-01 8.084109296575501258e-01
4.963268726600417180e-01 8.915780726032823678e-01
4.343122193179937973e-01 8.642732900759777515e-01
4.924430240205517340e-01 8.301724330491022652e-01
4.520714314274346668e-01 8.144663663698250566e-01
4.322158634391060072e-01 8.104902147159632753e-01
4.132217735425253169e-01 8.255212513062288870e-01
4.617933610863667604e-01 8.289042197250737765e-01
4.622674841653829914e-01 8.636327984289927651e-01
4.788305188676942326e-01 8.566912289724393226e-01
4.827325734885468678e-01 8.552300079762246154e-01
4.832812648975571834e-01 8.331812849766515594e-01
4.661967147288074709e-01 8.846013317313123903e-01
4.423833582936292919e-01 8.187829379426502241e-01
4.274824211435833132e-01 8.461275272082717791e-01
4.271231849740924069e-01 8.951168546184843366e-01
4.482111936386118378e-01 8.532756375257776194e-01
4.880136251476147047e-01 8.155774133341591181e-01
4.080865560009485082e-01 8.365294838079797568e-01
4.260440213768428297e-01 8.634284789590473963e-01
4.863855940624486340e-01 8.569067367570716298e-01
4.680824516908194122e-01 8.192690088888004984e-01
4.353284207139020978e-01 8.421938580020190690e-01
4.241100030731339565e-01 8.632469679728335121e-01
4.606267592917855369e-01 8.018356062356926106e-01
4.391135749790902043e-01 8.032267534910010331e-01
4.459260005219046752e-01 8.117118626875008403e-01
4.748494871837518616e-01 8.523979337970383208e-01
4.767728304413635376e-01 8.638842299790793211e-01
4.345281729864949316e-01 8.365496695254091009e-01
4.955221816768159426e-01 8.560646945718468626e-01
4.260284168155759055e-01 8.863408066109194072e-01
4.179331642047081630e-01 8.043035010999732837e-01
4.998451172093255623e-01 8.158603294155073460e-01
4.823966013495761262e-01 8.868932158926607912e-01
4.634949873620701766e-01 8.018006646387022540e-01
4.117280193203691208e-01 8.121814836208185451e-01
4.205107071098859728e-01 8.658345536560816402e-01
4.735336853215964537e-01 8.224130434270449097e-01
4.515211462125906516e-01 8.054712148492831902e-01
