4.699724125681062903e-01 9.326585768687847278e-01
4.885776570996911428e-01 9.079155024912539673e-01
4.985027813613310821e-01 9.029915054708365085e-01
4.929775029717020640e-01 9.238236355458836480e-01
4.899290368536848850e-01 9.022432463331530039e-01
4.782376754410728736e-01 9.088036991543382292e-01
4.137746139089004682e-01 9.009095145887717759e-01
4.011097952065996730e-01 9.212396234471814660e-01
4.085557588416085517e-01 9.191227789551076333e-01
4.975589884400057894e-01 9.322901762046998941e-01
4.929433954347713920e-01 9.551776285842513703e-01
4.142602301284210586e-01 9.353197037098071043e-01
4.703723377878249456e-01 9.101844792397757455e-01
4.529667123301805987e-01 9.003954235333149203e-01
4.893332191452822721e-01 9.003455702406651939e-01
4.099530295610778752e-01 9.795216335768225369e-01
4.344890345087624728e-01 9.165573147151889755e-01
4.057556209551179682e-01 9.710493726105859924e-01
4.485755506252541158e-01 9.136903405603565842e-01
4.433256030598221042e-01 9.169278071125722684e-01
4.195485536964128626e-01 9.769352181856304496e-01
4.576635055037300281e-01 9.213760909814177058e-01
4.509344669113585224e-01 9.039955260394320069e-01
4.763561002063504413e-01 9.036509232062559516e-01
4.364733082653849405e-01 9.186991315375362399e-01
4.902592148032243191e-01 9.456574128124984879e-01
4.983929684259245096e-01 9.483904522132206028e-01
4.755029810032198045e-01 9.437760638508148059e-01
4.245857950445924844e-01 9.202764261848943583e-01
4.875769940935211766e-01 9.136905001286899086e-01
4.103818194334728497e-01 9.541770126907610505e-01
