5.187257193181112891e-01 1.371067014318900212e-01
5.240240166066978400e-01 1.224982065959898392e-01
5.283031600994136934e-01 1.098981980283394722e-01
5.485752417716280860e-01 1.584055399940360320e-01
5.249395801723917288e-01 1.670028732060963306e-01
5.477228659632651375e-01 1.534243990478195430e-01
5.444498929914747265e-01 1.606653631161600593e-01
5.417957873461239915e-01 1.873315440929045061e-01
5.529310945999865723e-01 1.068753004558773978e-01
5.781834610718169509e-01 1.888859523706045984e-01
5.874964389277517185e-01 1.470450338528632439e-01
5.195390454589279283e-01 1.160212058448581440e-01
5.505609773864685863e-01 1.730689540307779328e-01
5.616446206008236519e-01 1.501949878270953664e-01
5.373537109382195975e-01 1.295381178896462815e-01
5.780726736233079421e-01 1.303824979943459250e-01
5.822781176715543516e-01 1.102917292107471747e-01
5.056009177768334695e-01 1.922948987019457989e-01
5.799077168080400968e-01 1.373574120051078984e-01
5.778413977357387266e-01 1.506467396234557887e-01
5.683069827521890494e-01 1.748701637833849076e-01
5.939014344632411735e-01 1.017576934383414289e-01
5.695214772779825241e-01 1.171511127031353572e-01
5.443351032568213288e-01 1.769671845849970226e-01
5.576248110647922251e-01 1.063186805566483373e-01
5.065355062116715379e-01 1.870349602372272102e-01
5.598685673099351723e-01 1.873060080719575193e-01
5.498704638068385719e-01 1.488342644262012349e-01
5.813449610694173542e-01 1.982053263406152455e-01
5.443188015590103568e-01 1.665504953121125231e-01
5.884334063851605068e-01 1.212986277620587694e-01
5.562760512544983049e-01 1.280976211666665643e-01
5.057499273719656685e-01 1.576659286065855425e-01
5.081388072494044117e-01 1.855562536931518736e-01
5.052757892505003179e-01 1.202310866281244561e-01
5.879159608654564995e-01 1.317734592730594179e-01
5.166473589274305223e-01 1.811945259643046313e-01
5.571178180539229086e-01 1.102678219812723015e-01
5.713073261389398638e-01 1.284479939446725449e-01
5.752469449917920752e-01 1.645544862157243826e-01
5.169028267683639655e-01 1.053787839237631807e-01
5.514554171977590347e-01 1.817175443409556612e-01
5.777519373154496041e-01 1.685385066886609107e-01
5.378776788593367941e-01 1.362952147505418765e-01
5.069937371989305941e-01 1.905962847793717940e-01
5.743715479284792202e-01 1.919565124115450994e-01
5.313445524090928407e-01 1.316379172065697267e-01
5.486042945792346526e-01 1.964501198863592979e-01
5.255000716329083499e-01 1.497524433627534235e-01
5.693670283465022131e-01 1.079162739236358970e-01
5.224674748856468209e-01 1.149919081645273677e-01
5.912094562286609456e-01 1.227775263294210994e-01
5.392641943524459913e-01 1.060719978399917163e-01
5.888758006527116118e-01 1.360668951230460666e-01
5.984620616587692510e-01 1.563900973847276721e-01
5.006232055089505639e-01 1.615650676262492258e-01
5.098841440446089113e-01 1.626616063677157331e-01
5.818355547086025981e-01 1.768440625634729868e-01
5.906143119174296352e-01 1.543147521692169732e-01
5.802616806310256781e-01 1.332575140935922109e-01
5.276429243614656484e-01 1.330411014089311061e-01
5.032960407119329016e-01 1.753897987418388260e-01
5.336821035929120161e-01 1.117829425850387914e-01
5.671099912181339908e-01 1.784767795320097439e-01
5.246745660106559850e-01 1.712154838295197878e-01
5.719146270091616246e-01 1.481652500848518461e-01
5.759730243889891188e-01 1.540837343760791123e-01
5.721882293136153486e-01 1.034638973874437984e-01
5.576777776919414897e-01 1.067745923728800894e-01
5.725309443890636008e-01 1.099350386422893178e-01
5.403608701896911448e-01 1.260148750468544354e-01
5.514668828005679924e-01 1.449819304906891648e-01
5.395608364045313410e-01 1.738713912243184945e-01
5.708015010387051946e-01 1.577448489456613756e-01
5.026586486938564580e-01 1.414873121769737452e-01
5.717128664104411673e-01 1.513531329901902922e-01
5.461453143240424524e-01 1.443267301340144526e-01
5.057324427679585899e-01 1.441149734671947069e-01
5.729895508191688025e-01 1.273598374674565215e-01
5.471829283770032193e-01 1.946385964079163089e-01
5.397713745690230214e-01 1.893738639848413230e-01
5.796173072296583184e-01 1.359350259440322839e-01
5.201314667625729360e-01 1.052653363543932796e-01
5.147498665725291911e-01 1.798710411915090956e-01
5.696321567386775087e-01 1.549416522146672970e-01
5.507634989784905288e-01 1.376650174047546193e-01
5.431350901627789440e-01 1.323386347036046296e-01
5.301431175129440732e-01 1.797583771058044733e-01
5.543901411630969278e-01 1.077708253691580798e-01
5.185882538200919933e-01 1.765610742124503196e-01
5.206841108207594937e-01 1.965187148573015463e-01
5.865567953561772185e-01 1.710231076115011351e-01
5.463744052605730150e-01 1.458651000474389392e-01
5.230392906097300898e-01 1.803262467825672288e-01
5.749790555187552776e-01 1.465630667998652492e-01
5.066959418144337812e-01 1.238143522594377099e-01
5.182643887980774577e-01 1.632254546573911058e-01
5.989388247266805854e-01 1.928098468124922471e-01
5.654027973414532671e-01 1.240316199565061894e-01
5.988585167581396140e-01 1.825297546864765308e-01
5.055430152525870469e-01 1.476499471628697491e-01
5.115833644557359339e-01 1.670155795064450222e-01
5.147124808976482058e-01 1.454180847339213989e-01
5.629714405969694635e-01 1.563598662248424365e-01
5.729456535062986688e-01 1.127277338536990803e-01
5.333724346230386271e-01 1.517247238954928523e-01
5.376661056353460033e-01 1.207266645196678756e-01
5.596016478736888233e-01 1.518078452306489967e-01
5.277382530498245794e-01 1.273392904852598262e-01
5.232913488413937220e-01 1.483332237423783950e-01
5.906702429823909029e-01 1.466324371249052572e-01
5.958440454851061663e-01 1.324620897924810581e-01
5.411817361179798169e-01 1.850715293585954435e-01
5.730106787011474134e-01 1.385420073982727984e-01
5.997184561416986082e-01 1.848734831462219841e-01
5.404584046307447931e-01 1.847540007120000716e-01
5.996792231650163174e-01 1.423507840167674010e-01
5.320315926147555219e-01 1.347971240520140224e-01
5.139219830275922885e-01 1.272859339544747115e-01
5.811298709802321660e-01 1.426137931956679150e-01
5.060456908541427490e-01 1.935633807470882317e-01
5.757775038528809564e-01 1.374682934849671412e-01
5.667524071956575593e-01 1.055748631808368088e-01
5.448207778520968159e-01 1.501363858209100732e-01
5.459679720605130626e-01 1.438130538520105139e-01
5.112169875959109433e-01 1.523636568423340221e-01
5.689639827990509158e-01 1.536693111870651163e-01
5.220206641777401790e-01 1.251794281953689247e-01
5.429714951572898185e-01 1.730910009704771380e-01
5.115941570129746152e-01 1.568789402135575828e-01
5.749852561848163290e-01 1.520356143792352677e-01
5.689523354303970271e-01 1.951973971245385409e-01
5.728679037990246359e-01 1.939004219358986258e-01
5.381704735397282446e-01 1.082383171377885589e-01
5.462143334345255230e-01 1.368897118555786885e-01
5.535093781541097213e-01 1.953254810147323495e-01
5.855243951303034100e-01 1.675012010335163171e-01
5.263594812135152790e-01 1.321954690068336269e-01
5.410733823344791027e-01 1.911931124195462017e-01
5.025731592599901321e-01 1.604715812672100339e-01
5.786085593983539832e-01 1.219037442708661712e-01
5.706969796890553059e-01 1.697501627524393708e-01
5.787744433471966321e-01 1.576012809455878128e-01
5.382755941703997182e-01 1.136702133477385801e-01
5.305890904481027626e-01 1.404744592465744235e-01
5.960547244345557605e-01 1.009019034850029695e-01
5.805370647363363723e-01 1.070542818988745593e-01
5.151111829265715425e-01 1.644171645724498976e-01
5.900375382848060957e-01 1.461056431872110595e-01
5.798415003060626294e-01 1.049138917120074066e-01
5.287012341362198331e-01 1.402226430844709659e-01
5.862359606855598315e-01 1.596596645978858309e-01
5.809016382584544225e-01 1.952428605126468042e-01
5.626093880209692699e-01 1.041436004385749570e-01
5.305802560513802613e-01 1.318618507517612948e-01
5.562604050782830045e-01 1.536357457716191754e-01
5.371400532817030005e-01 1.063497660904660080e-01
5.931172798121101541e-01 1.843863528069222268e-01
5.087421278138453129e-01 1.767831724779021507e-01
5.763499930403823690e-01 1.568800196994206975e-01
5.499373148817793266e-01 1.742244423947470200e-01
5.455124453842785659e-01 1.706350231488846236e-01
5.930910517333731757e-01 1.996064883697960535e-01
5.592181803846697496e-01 1.056888243873200517e-01
5.296521519897254837e-01 1.229232756161320606e-01
5.228877633301171057e-01 1.173812689546119559e-01
5.824414444911697464e-01 1.637270828839334502e-01
5.508712432038527229e-01 1.778628835722242396e-01
5.167224580216692731e-01 1.142207553203192227e-01
5.043129736173019850e-01 1.239750550666110229e-01
5.231160746487215629e-01 1.117659448938289335e-01
5.092019887378141929e-01 1.501731248579628586e-01
5.994867208114995627e-01 1.768504235800001378e-01
5.355877268932220936e-01 1.879282459012643347e-01
5.591662737766829316e-01 1.417640478091905520e-01
5.255693332286643926e-01 1.781905527920226162e-01
5.297006710520872907e-01 1.104193132966890256e-01
5.587114137951424420e-01 1.291175623027102648e-01
5.288050982420654522e-01 1.145111613438188347e-01
5.651644084452005501e-01 1.538961219462926244e-01
5.241288320390430355e-01 1.691919197708762757e-01
5.578577878945476520e-01 1.672791005494007888e-01
5.922229801123345405e-01 1.894315515275461492e-01
5.757703767629791525e-01 1.231081333664322819e-01
5.173541087236679381e-01 1.472757947072663443e-01
5.216604399144895154e-01 1.258896718906268031e-01
5.558049180572108838e-01 1.322473040682901335e-01
5.895715505218211971e-01 1.198925655655318778e-01
5.162738191760289919e-01 1.171514272087729736e-01
5.674234008286167530e-01 1.438964914911316784e-01
5.642810458936914353e-01 1.423094959856905373e-01
5.617637985311672022e-01 1.662443752990053203e-01
5.023618685874743361e-01 1.187741481682360045e-01
5.718748881757071967e-01 1.095116981418625957e-01
5.436631000997120822e-01 1.475055472163922521e-01
5.708405389868257407e-01 1.074782155672064088e-01
5.669135814182866273e-01 1.119323316612164665e-01
5.880221833702901080e-01 1.463181481413821927e-01
5.800515520638915845e-01 1.570891208195178135e-01
5.714543539703377251e-01 1.413952770721145780e-01
5.378225862541992086e-01 1.818182441332238386e-01
5.505679957521927292e-01 1.012972379084850216e-01
5.887253183451248706e-01 1.365911996263892703e-01
5.293956231351804043e-01 1.072491555305632727e-01
5.779215835531313905e-01 1.312916139818465777e-01
5.624216899855227769e-01 1.686160652133998628e-01
5.095085773553864605e-01 1.780013694623056031e-01
5.859306685992760055e-01 1.040020571850684139e-01
5.780687246844099514e-01 1.963807153320818732e-01
5.417924014207087247e-01 1.265400365408878014e-01
5.449259892142638284e-01 1.532781539878500798e-01
5.721951783931367164e-01 1.035434489135287350e-01
5.198371691966414687e-01 1.091012202967078792e-01
5.740947145264228002e-01 1.752191109850879391e-01
5.681175385943856293e-01 1.667138823198622555e-01
5.042080015763097389e-01 1.781766091383295558e-01
5.175554187394723060e-01 1.478021806934661231e-01
5.402845234789060980e-01 1.471170605658216057e-01
5.809570568902092669e-01 1.269455257840982065e-01
5.030044095192708342e-01 1.213727617451806351e-01
5.375070356601037158e-01 1.914829145495761387e-01
5.871009214132363319e-01 1.439963456003216513e-01
5.267934195467557368e-01 1.027255012445659754e-01
5.373328925005358414e-01 1.425988439132098162e-01
5.212612689061596472e-01 1.517635157873211960e-01
5.257295525305119011e-01 1.818971634495610834e-01
5.628562469912248289e-01 1.426110138103611757e-01
5.528507516797407373e-01 1.844189912669534359e-01
5.731913526331788855e-01 1.146317194909574622e-01
5.225200052707619225e-01 1.680964589980198653e-01
5.388548980330549742e-01 1.705524389267929486e-01
5.137526500798572648e-01 1.589798716038728355e-01
5.724015200268296466e-01 1.925311500845438006e-01
5.979879765082926069e-01 1.913052409686730182e-01
5.983103723919749317e-01 1.100907719839140653e-01
5.522159471067521475e-01 1.457947939064396514e-01
5.870838270253073699e-01 1.882916922154666828e-01
5.532220703992729582e-01 1.819734973256217636e-01
5.021866518132044321e-01 1.939987021780355536e-01
5.321448501596465208e-01 1.350183924306385397e-01
5.376230339477183762e-01 1.549195297325862697e-01
5.587994121483360610e-01 1.252671581132978607e-01
5.930196086082336615e-01 1.375576076364917188e-01
5.913676264739410326e-01 1.343091898856520194e-01
5.418003238823974055e-01 1.467940647307193203e-01
5.527047077292662758e-01 1.684630365755794001e-01
5.475623811645764505e-01 1.652000722992180426e-01
5.815199228882950155e-01 1.765888067108551396e-01
5.174629710719267361e-01 1.031505773789190838e-01
5.646844321241619724e-01 1.847000465192802920e-01
5.915285358644156721e-01 1.915844142920500315e-01
5.971371258329385423e-01 1.190971694241216849e-01
5.125923745326328440e-01 1.154341832233735932e-01
5.537586775360477942e-01 1.478734983937038394e-01
5.751803147362519741e-01 1.430191396212662502e-01
5.385572604385918671e-01 1.871056437525545346e-01
5.386621570384264590e-01 1.036904114117906950e-01
5.253700762405354441e-01 1.204952322824719146e-01
5.503788250060532850e-01 1.825761762742119654e-01
5.874160247020522307e-01 1.277421641578589673e-01
5.133527152485977130e-01 1.197307972931534459e-01
5.775086271557181572e-01 1.726061061894763604e-01
5.343016535594010685e-01 1.819473641966979083e-01
5.382951960951739556e-01 1.491903515030966465e-01
5.105339132032213900e-01 1.115598975325517439e-01
5.391887658830980534e-01 1.273594877778106149e-01
5.028774605897571304e-01 1.101190110058704597e-01
5.691145109991728734e-01 1.323312283097700104e-01
5.687158192095961295e-01 1.339088917832571002e-01
5.763288869054157271e-01 1.767360402743840542e-01
5.250638057211898246e-01 1.728979480077479924e-01
5.715121872384143487e-01 1.205677955525714384e-01
5.056833448412094700e-01 1.738460137930647187e-01
5.934228669279399959e-01 1.897495115021536616e-01
5.578572834197744745e-01 1.939559617182660400e-01
5.465584784786932104e-01 1.267864307613647268e-01
5.571059449517645756e-01 1.130163417799318337e-01
5.270679682149913559e-01 1.787118119903337576e-01
5.701434401126321827e-01 1.511674078469143756e-01
5.129727168390572078e-01 1.852466337669917140e-01
5.571831729988532267e-01 1.513972692391086228e-01
5.723409093325707575e-01 1.775003778242243979e-01
5.200734323411794202e-01 1.821981836039092695e-01
5.093144485156417822e-01 1.667203783884159962e-01
5.622353031059721395e-01 1.097422291832597097e-01
5.580614147710267758e-01 1.434012260448125631e-01
5.288462323524619757e-01 1.359181567658617196e-01
5.403702773086287436e-01 1.442823120591630037e-01
5.882536405583321804e-01 1.965495263892137190e-01
5.290048102463098534e-01 1.724012244781613912e-01
5.734839106370077655e-01 1.989334316700282490e-01
5.554142002431331493e-01 1.372805994868661617e-01
5.339925047032574312e-01 1.358702644701980378e-01
5.122453860617297572e-01 1.721608865485522166e-01
5.399741213590616429e-01 1.324008565504712631e-01
5.460142099872011823e-01 1.408663859548021369e-01
5.253679625061902225e-01 1.600787402098387269e-01
5.761412296090235863e-01 1.239294058449954550e-01
5.077447973592892350e-01 1.074537293048644648e-01
5.670968839321910426e-01 1.476103172835952215e-01
5.261615275605638908e-01 1.721841349962290046e-01
5.290596041754063172e-01 1.180228047723032858e-01
5.199599972109147927e-01 1.047829781420124562e-01
5.353684971459804487e-01 1.062096040895889326e-01
5.575342987703926223e-01 1.000984249465718401e-01
5.340694196890529710e-01 1.732818318176672090e-01
5.457866757008509317e-01 1.666536579112862793e-01
5.058259314061659406e-01 1.666141075805954719e-01
5.851132253598170241e-01 1.037701616188893561e-01
5.721798217658050634e-01 1.887387998664751265e-01
5.861665419520243336e-01 1.797939381618545718e-01
5.913473886110209854e-01 1.553699340798462836e-01
5.563110508913359231e-01 1.075195864887822372e-01
5.820935144363938996e-01 1.419188803303833568e-01
5.715301529832088612e-01 1.026747441283815121e-01
5.741971733894891683e-01 1.500437011077171701e-01
5.327174320892447135e-01 1.325675026054866923e-01
5.406798652410322870e-01 1.361800400035008685e-01
5.223993264746236154e-01 1.259474540546700050e-01
5.401546604542942775e-01 1.814628086187798639e-01
5.867929114924349543e-01 1.876187140356511129e-01
5.426440328838297855e-01 1.844030358942863601e-01
5.810619091981222839e-01 1.981537757772956487e-01
5.513128019524993206e-01 1.533251236336501955e-01
5.871135247781053002e-01 1.775017973864715382e-01
5.349227309364303906e-01 1.726037855996748194e-01
5.247727705188516278e-01 1.427473409908658064e-01
5.644432876245575326e-01 1.150362265392766703e-01
5.846794944134554584e-01 1.393740297801618067e-01
5.263458272616832190e-01 1.143842369980693219e-01
5.438031365533477768e-01 1.572203133583583989e-01
5.997130194982680518e-01 1.397491703203463942e-01
5.359408152017797189e-01 1.961829066878457983e-01
5.767705790432390289e-01 1.083779513056047084e-01
5.254848540937365753e-01 1.679847392523897698e-01
5.558865210302529336e-01 1.028086883721152922e-01
5.297170126517887212e-01 1.842712227794510715e-01
5.776881584070777675e-01 1.842889350081968192e-01
5.737244438300858063e-01 1.244946074912958445e-01
5.288363440422001460e-01 1.247411692871974453e-01
5.649828658467672682e-01 1.833461905078612175e-01
5.427990718425679262e-01 1.429950760777608521e-01
5.679538465890705545e-01 1.693704180390792624e-01
5.119206002475215067e-01 1.029636552713837361e-01
5.819671314069317924e-01 1.910393425815002655e-01
5.650845187946271775e-01 1.552809414103370200e-01
5.150102254101087684e-01 1.258719626346786746e-01
5.556843272880270801e-01 1.168486159216167164e-01
5.114005084290332848e-01 1.807918823520695550e-01
5.230190913843822953e-01 1.267499926060623727e-01
5.345284036172406328e-01 1.980325302664543985e-01
5.129446135314985611e-01 1.419184021820045216e-01
5.274127342119137030e-01 1.074295238343171699e-01
5.479289210633142559e-01 1.390054134553667664e-01
5.441734533003137475e-01 1.136054435461134882e-01
5.552969974593405800e-01 1.356507491102198204e-01
5.748086324409896752e-01 1.519893506918134629e-01
5.318071030493882745e-01 1.636195384421437748e-01
5.166977469186502248e-01 1.766624404925823122e-01
5.667064645734958273e-01 1.333823397232179186e-01
5.883987339446508091e-01 1.473199769269583626e-01
5.003651843634183694e-01 1.785077005997380284e-01
5.926761699285258977e-01 1.248323050459154704e-01
5.487966833472228689e-01 1.342040725027487391e-01
5.171173775318727017e-01 1.891798770353290693e-01
5.171557540717475199e-01 1.746270906724206595e-01
5.694397704074423139e-01 1.531112636480054523e-01
5.632870717443206887e-01 1.783918940224288874e-01
5.119526264181704089e-01 1.996572432970681321e-01
5.544866143872080322e-01 1.310876224005020074e-01
5.974446329530979094e-01 1.151616205275847182e-01
5.878797433973560471e-01 1.959379052779681718e-01
5.799551363074417765e-01 1.865407207823690516e-01
5.626623528229439675e-01 1.480162428789209283e-01
5.775796564573364433e-01 1.986677389382841830e-01
5.069171504691568630e-01 1.012902296338359653e-01
5.440647010986385812e-01 1.946883835196349666e-01
5.905444706289221246e-01 1.960388471168269531e-01
5.557190331721195697e-01 1.616254396117861036e-01
5.859291290223510584e-01 1.328321148140150787e-01
5.753641805374059004e-01 1.651990357687506683e-01
5.451077083843123283e-01 1.114508753043675915e-01
5.154559498879132118e-01 1.328979994390729891e-01
5.256140500146553318e-01 1.375777011301938801e-01
5.475997433756598642e-01 1.226812879570093606e-01
5.458184778160105610e-01 1.932573690609505901e-01
5.939724208483426748e-01 1.318496134489830218e-01
5.491141584563188349e-01 1.816251635271741438e-01
5.165750031046185686e-01 1.946743618106326068e-01
5.127067094674371273e-01 1.395148977289154546e-01
5.500971321721332963e-01 1.742613669635245666e-01
5.244509889847276396e-01 1.547070617576955243e-01
5.057494874652773698e-01 1.815101456151060610e-01
5.308762672383993131e-01 1.095850861277964383e-01
5.808624808496528624e-01 1.045469917553313033e-01
5.594632493185883737e-01 1.583364363545250453e-01
5.312125316001856667e-01 1.634753442611431296e-01
5.133310016715553203e-01 1.863061716568354398e-01
5.529071584678333373e-01 1.398018595077771264e-01
5.503559456441079467e-01 1.369148647685469178e-01
5.443134654978414311e-01 1.207754910169623885e-01
5.136776243117722185e-01 1.363458868164326154e-01
5.621113224865994518e-01 1.631930822842356243e-01
5.554595108584271523e-01 1.509153584770535073e-01
5.206527673608829510e-01 1.877624889384617579e-01
5.889410726488675252e-01 1.071979612399642234e-01
5.222783522476989182e-01 1.274991427617804540e-01
5.817517380437000618e-01 1.265711629798739191e-01
5.369817875869454804e-01 1.635353390182406885e-01
5.569320244928610553e-01 1.915158313028758053e-01
5.212516085431458945e-01 1.675853124279375883e-01
5.465249145564308186e-01 1.747184585125729495e-01
5.481799166370671106e-01 1.765777093994118085e-01
5.599030425737259176e-01 1.964870971825870838e-01
5.778113361558007144e-01 1.467963482293553334e-01
5.798443613178427825e-01 1.800801598844396223e-01
5.118680708465627172e-01 1.088582594680477522e-01
5.428691106815675127e-01 1.574346943250025943e-01
5.311493267430132947e-01 1.625548281245468296e-01
5.240862959758429973e-01 1.827725853985917026e-01
5.147128650979794218e-01 1.282940382435233950e-01
5.441219430740721341e-01 1.760786077180624964e-01
5.533327530343771228e-01 1.523352492897972477e-01
5.392841483800319136e-01 1.618137912320158356e-01
5.523273016940545288e-01 1.558890386953272200e-01
5.130033672115179577e-01 1.729959525513370955e-01
5.731656395060764631e-01 1.599611994129830905e-01
5.297196933958816523e-01 1.586257181466474986e-01
5.016554411905496114e-01 1.466820315003433961e-01
5.525990949005525898e-01 1.702937218266939445e-01
5.002506694219199801e-01 1.003537726630715499e-01
5.420642738211732814e-01 1.079944973557660226e-01
5.129584519424800204e-01 1.984945552449295936e-01
5.280400498819327604e-01 1.976639436007397999e-01
5.199312219939412616e-01 1.308496881214846197e-01
5.697035149638230989e-01 1.066892771831108588e-01
5.635885186633841082e-01 1.595818825418220677e-01
5.874870152320728067e-01 1.850813340572221022e-01
5.142653447328459082e-01 1.886552329929070959e-01
5.093026964670384071e-01 1.797533274193889585e-01
5.808479257756105074e-01 1.537465358309467456e-01
5.339089015168708707e-01 1.694907818687230172e-01
5.478953702438361661e-01 1.162549131351504339e-01
5.287258159764284260e-01 1.332446348136382130e-01
5.143541003935208078e-01 1.313672135307567823e-01
5.085987702906591412e-01 1.329179309814792487e-01
5.817983345630927117e-01 1.738340155002421061e-01
5.987095608971139127e-01 1.627649581986528315e-01
5.977073032096433813e-01 1.627179456137251012e-01
5.322569325337547230e-01 1.238938768180877226e-01
5.451439149391000827e-01 1.798712317964623331e-01
5.319882282745744817e-01 1.304369785817076355e-01
5.311179483312177263e-01 1.336346860069812792e-01
5.640847186319658535e-01 1.386185402547196466e-01
5.395807221203076098e-01 1.272792575886979860e-01
5.133731519307878077e-01 1.551250636344291278e-01
5.679035908580475356e-01 1.116689215974811245e-01
5.386109490408370615e-01 1.160287944735927945e-01
5.848562057499113731e-01 1.929756619877037171e-01
5.009216861090106665e-01 1.906355734139665303e-01
5.903085986683740405e-01 1.813864815992435875e-01
5.586071002545295316e-01 1.057429441353400223e-01
5.918504028536476502e-01 1.662584250545010023e-01
5.879435830928585460e-01 1.329374452025550435e-01
5.807632737769555797e-01 1.091896846247922270e-01
5.071519747481953999e-01 1.272062061400503208e-01
5.882228308718630005e-01 1.214152789753759620e-01
5.098536727961308079e-01 1.233902382784829999e-01
5.015833224698313941e-01 1.933908469362803917e-01
5.684935648424120913e-01 1.869862909289836117e-01
5.290209285557885277e-01 1.618388922096102300e-01
5.866804994680282492e-01 1.234413926476509438e-01
5.215752308841441476e-01 1.827767085398717128e-01
5.939114760142422123e-01 1.802303479442536882e-01
5.159364437392208735e-01 1.389133143307476059e-01
5.902491443391043591e-01 1.981883071319124889e-01
5.931153885049742502e-01 1.267342813654045719e-01
5.544103969994446102e-01 1.175839925121710539e-01
5.524577686504887897e-01 1.587770840228571456e-01
5.625622689755225281e-01 1.698067615777094919e-01
5.855115014544223229e-01 1.142426470590942600e-01
5.634100851281157452e-01 1.053844946978138020e-01
5.768745183887842298e-01 1.774635909786724808e-01
5.017895863777414034e-01 1.136962080106189155e-01
5.118196755823503086e-01 1.514848931775247265e-01
5.978156729303051309e-01 1.939652416601263807e-01
5.345947262449132209e-01 1.292521178588904862e-01
5.961620163446247345e-01 1.610711367804303906e-01
5.890325275682480877e-01 1.809559194824152117e-01
5.518871441584904947e-01 1.129563153370800321e-01
5.220391165805626787e-01 1.657222600508757304e-01
5.494889205349110517e-01 1.685069397913328271e-01
5.788404314647198623e-01 1.456754187246382948e-01
5.157587329667393528e-01 1.333077845630589175e-01
5.150349035750667603e-01 1.839731936100366949e-01
5.507373189328089724e-01 1.549078831677143941e-01
5.772878882966336889e-01 1.299115847863665518e-01
5.146394848230058106e-01 1.301070025983070699e-01
5.029923952868211590e-01 1.045923143248307929e-01
5.560140599025649166e-01 1.304270583295924768e-01
5.194033013631567108e-01 1.795382951242716074e-01
5.445744220362694898e-01 1.771811883242121188e-01
5.921968091156520897e-01 1.219478622545943081e-01
5.929941918616510321e-01 1.864846614568313465e-01
5.872725422570252984e-01 1.071483938861905461e-01
5.531617464290312647e-01 1.948023753516014422e-01
5.392963630634612926e-01 1.260246274540255118e-01
5.109476550470878342e-01 1.814191797823032914e-01
5.465493876671833062e-01 1.611632396872157147e-01
5.203671258719934078e-01 1.569300643105527859e-01
5.599090284215463287e-01 1.520395052173325601e-01
5.718938135623483632e-01 1.954984412974324626e-01
5.738236899061535112e-01 1.037671661366093845e-01
5.717817632245042470e-01 1.085146499052208613e-01
5.002868661170232212e-01 1.797648235906401104e-01
5.250136382011489911e-01 1.773172720446972717e-01
5.579471379335940728e-01 1.240533869478128159e-01
5.878647525429239185e-01 1.067016056412500857e-01
5.677668107292291877e-01 1.755208378710059192e-01
5.092639043069370208e-01 1.867519776011966337e-01
5.548460138181179335e-01 1.422111905262999354e-01
5.346955676777236377e-01 1.681741684531443404e-01
5.821422307075297953e-01 1.271206995493764369e-01
5.990955518094949195e-01 1.076375219629976121e-01
5.511857336437370192e-01 1.606255341166363537e-01
5.407737383787268870e-01 1.875181827186176986e-01
5.318360433113715757e-01 1.709139929361484234e-01
5.647419186281652514e-01 1.734086714989892530e-01
5.892411465330915643e-01 1.051880583259693636e-01
5.720902523390744010e-01 1.249919795195761629e-01
5.823288681471047168e-01 1.836991661437767376e-01
5.205669250026778716e-01 1.582379030008269349e-01
5.756442295297314882e-01 1.046593960164678427e-01
5.957216698424375734e-01 1.924248511919786631e-01
5.363477033160058971e-01 1.576279709330246082e-01
5.294422742207527399e-01 1.691963739790817711e-01
5.463365637831968380e-01 1.280428302537985619e-01
5.627741685169105335e-01 1.535464320795560389e-01
5.863978579164591531e-01 1.308616798202667519e-01
5.457754460981694145e-01 1.735699551752583614e-01
5.382556605922632631e-01 1.064750025497847030e-01
5.158488254461508493e-01 1.344712298858842525e-01
5.488266779815896834e-01 1.953088157540217584e-01
5.554048668559241619e-01 1.104352023850848075e-01
5.609902567408274754e-01 1.978175873155909315e-01
5.187899872733259254e-01 1.543322364708883954e-01
5.048442936482482324e-01 1.888454331556235488e-01
5.426983203608530815e-01 1.956325338935410163e-01
5.549809045636048266e-01 1.083477425964240737e-01
5.426184749614688663e-01 1.827070158293235269e-01
5.563568926925467339e-01 1.904234820761187830e-01
5.753857088277285481e-01 1.753453653771152310e-01
5.410496290144706233e-01 1.728810008049339597e-01
5.583049211576942561e-01 1.436035534490657795e-01
5.582092802544209587e-01 1.980779936093722826e-01
5.324476208419718359e-01 1.504140299267105185e-01
5.222306572100139377e-01 1.289697588890084401e-01
5.265920243145763013e-01 1.513747178747043010e-01
5.556595925155529692e-01 1.617146631771924914e-01
5.079853922020429735e-01 1.310236267504077401e-01
5.596472973449611032e-01 1.793537855253172220e-01
5.493245408121542050e-01 1.946049975048589065e-01
5.215347653257595972e-01 1.150149123118043293e-01
5.543048456082901865e-01 1.460483927145860839e-01
5.510960703657650228e-01 1.567789410124516836e-01
5.019487826534747565e-01 1.155107262238074251e-01
5.409077957610406440e-01 1.400553444848157691e-01
5.770436937061618199e-01 1.693980957445475610e-01
5.737111092705997617e-01 1.953480638632677513e-01
5.175425069212274964e-01 1.173536664544814756e-01
5.401283683779747324e-01 1.440163530746963461e-01
5.656452561035516524e-01 1.156599039342316726e-01
5.051342084548599010e-01 1.944181161319878948e-01
5.696284915256809578e-01 1.900163321954885243e-01
5.297553797821534793e-01 1.810686264947956592e-01
5.500235123186014707e-01 1.573450908041550689e-01
5.268370414602918661e-01 1.041009374904876272e-01
5.445847330362445504e-01 1.240998874886232173e-01
5.852848535698376153e-01 1.224193383352105147e-01
5.893136250700719003e-01 1.765987416722213377e-01
5.400672487757206541e-01 1.597258057482597582e-01
5.745111452101616667e-01 1.342366883247741727e-01
5.184631282983804823e-01 1.740406479128199790e-01
5.110225254042711773e-01 1.122956070058420686e-01
5.171420368072910945e-01 1.096386461109267463e-01
5.312929133422567007e-01 1.762506979257913720e-01
5.007446885473145759e-01 1.248353870344740268e-01
5.591306816513006428e-01 1.948578003807760473e-01
5.805167224193056308e-01 1.998878485731146737e-01
5.643829446763600766e-01 1.773179016876543779e-01
5.514875949849826764e-01 1.695492296347424488e-01
5.520856819028268081e-01 1.885511216494185072e-01
5.916111989572614416e-01 1.630196134261479579e-01
5.557644643200183587e-01 1.739087241377890170e-01
5.439354945632525196e-01 1.321507255300344574e-01
5.248426706529930597e-01 1.584830688677242305e-01
5.270061980376988808e-01 1.055812318062913924e-01
5.825210068572996835e-01 1.276599219253566064e-01
5.336068476622120027e-01 1.144097358723304148e-01
5.912564437860506894e-01 1.615186382138834309e-01
5.410205755040817799e-01 1.599372558401303268e-01
5.768842281376931336e-01 1.933167009631998334e-01
5.708149605037773355e-01 1.878493673981856404e-01
5.170950551042567955e-01 1.736098896545181514e-01
5.027623211026170935e-01 1.379141315333060336e-01
5.453438098585932092e-01 1.543341717991325301e-01
5.674200833085496498e-01 1.470425711318595063e-01
5.157233321548553295e-01 1.131902019928062719e-01
5.335751428462142121e-01 1.256745439224598582e-01
5.859084115876707077e-01 1.826473147538032193e-01
5.782327088883671973e-01 1.231645020023788006e-01
5.350054887529808179e-01 1.652961587654334930e-01
5.782884791128892754e-01 1.784218440792044169e-01
5.499527068037748379e-01 1.159688798666686504e-01
5.785010355583029007e-01 1.336604953585444067e-01
5.120724509731294782e-01 1.874119940591373878e-01
5.626275751047320473e-01 1.785018577665146156e-01
5.399661938505515568e-01 1.245416424853788562e-01
5.127425172216548699e-01 1.171496962241200257e-01
5.242707233479526607e-01 1.938337958481967660e-01
5.180464903422138390e-01 1.973485373259607489e-01
5.736340296593072097e-01 1.432061613209144879e-01
5.957844675484639252e-01 1.838508893859306381e-01
5.229074879326192082e-01 1.647380135853458993e-01
5.783267168782580958e-01 1.726366503717281509e-01
5.358987094554137354e-01 1.353276008865990643e-01
5.721951096897140987e-01 1.254046561869307796e-01
5.328321848121435611e-01 1.327571428260783948e-01
5.176796054740037123e-01 1.941992201736884582e-01
5.653493574629605556e-01 1.598741167118866158e-01
5.662262400562712017e-01 1.358462179234523060e-01
5.756324103882848320e-01 1.242996383546965677e-01
5.318557787464750497e-01 1.683682156965707888e-01
5.833342043826662549e-01 1.750258918311823897e-01
5.427839278244760424e-01 1.994516959447011351e-01
5.724534858769516621e-01 1.914318641766904194e-01
5.446266342534347160e-01 1.677999707083771275e-01
5.386024928407556756e-01 1.813224016961421659e-01
5.509332033622220681e-01 1.615609069176072166e-01
5.520384257994790378e-01 1.424724414047441601e-01
5.475795824481786145e-01 1.164196877646527239e-01
5.289069670793883349e-01 1.023927610848730796e-01
5.769169133094600443e-01 1.485552778770736493e-01
5.564806742905319403e-01 1.680936711113519277e-01
5.041865673216434640e-01 1.369595921229629365e-01
5.525252204844430803e-01 1.249091389459357770e-01
5.226650868895191815e-01 1.350918096483007536e-01
5.141144629697972368e-01 1.206669794623215775e-01
5.145696337760125028e-01 1.620873141369196524e-01
5.058730820828228891e-01 1.320106281346831445e-01
5.937465941927602131e-01 1.251466157483772379e-01
5.868596733941318089e-01 1.873279381614421091e-01
5.840423807283728896e-01 1.581919207756069257e-01
5.901295971447200195e-01 1.726463904499816460e-01
5.945000509768563202e-01 1.551556701639642544e-01
5.774614578528485254e-01 1.165629460925838023e-01
5.862026438819036844e-01 1.768797575795757193e-01
5.916150458675797363e-01 1.049300529367819534e-01
5.057404846118633834e-01 1.257332845603048865e-01
5.118901518115303029e-01 1.490705999754183275e-01
5.295199178569433007e-01 1.010450638759469166e-01
5.611262799727079198e-01 1.796315514938752189e-01
5.094492993848889206e-01 1.161183483428321339e-01
5.612836656808005698e-01 1.112148866152632976e-01
5.835714576447352808e-01 1.652733794320522809e-01
5.096998481853317609e-01 1.806355275422308893e-01
5.725607960836841537e-01 1.719232215113834505e-01
5.697680615457703102e-01 1.864170007624442738e-01
5.221891813092962575e-01 1.121185561142741538e-01
5.793132399322047377e-01 1.551621196290229876e-01
5.453277971333891916e-01 1.268079452441432942e-01
5.701755632660425732e-01 1.958070215916758172e-01
5.292616417044616606e-01 1.265828623487923188e-01
5.474170997069603972e-01 1.212627152686665266e-01
5.629350541038389277e-01 1.131365642188627285e-01
5.258505228519286812e-01 1.889299899935587002e-01
5.346607403359284749e-01 1.684482244951392704e-01
5.110701281857614742e-01 1.082093617063857871e-01
5.300882027163353882e-01 1.933753462836129144e-01
5.012285084755927489e-01 1.260898246678026635e-01
5.372952981782810333e-01 1.451308548476717974e-01
5.534828528506616774e-01 1.541790557824447849e-01
5.595407403617024267e-01 1.626657433528979624e-01
5.362028239069747126e-01 1.358688177596976410e-01
5.866193602228763071e-01 1.382716216756187111e-01
5.938870639725267742e-01 1.056903305430411666e-01
5.135130962393968934e-01 1.197694111869304912e-01
5.853416943588913846e-01 1.406015806707731075e-01
5.128046220754695073e-01 1.278198996854319480e-01
5.654590896996208871e-01 1.005972418605786123e-01
5.987887888484954013e-01 1.704528538470565513e-01
5.271039798126672116e-01 1.619107659124526810e-01
5.808047280067861751e-01 1.137072451011585938e-01
5.740912854037314439e-01 1.325547450493715085e-01
5.906195341955298161e-01 1.044885364604337119e-01
5.117064006952236621e-01 1.898120857847252485e-01
5.363288132436002664e-01 1.507468667081401370e-01
5.126462816422547863e-01 1.081430764751288853e-01
5.306043810239148284e-01 1.492019320856931563e-01
5.330294136956297280e-01 1.668857886868274354e-01
5.804291851974615613e-01 1.230169658984579806e-01
5.036580185237552465e-01 1.617999822033219792e-01
5.116067216534798678e-01 1.964240399102742951e-01
5.534010943607547972e-01 1.937210192538721676e-01
5.033832545136047720e-01 1.371996792155244504e-01
5.303668396184958445e-01 1.391219593247737529e-01
5.276139819024242561e-01 1.528278903897002383e-01
5.071602681028541948e-01 1.341673189668083077e-01
5.270921921939260013e-01 1.372663254506851227e-01
5.124721929841038470e-01 1.489947666837059537e-01
5.015363212361915179e-01 1.641704317849521921e-01
5.859168410213788647e-01 1.491744843617946736e-01
5.267227130340306207e-01 1.817605753317240724e-01
5.746848660974185341e-01 1.997111256252859235e-01
5.549564999821664513e-01 1.205787102819480816e-01
5.449146505134300211e-01 1.102050319202236839e-01
5.574863252363690957e-01 1.842722931682646559e-01
5.192968844487341196e-01 1.506605521852413532e-01
5.730521236610868208e-01 1.111532500442099503e-01
5.800878776081250798e-01 1.489180952650286383e-01
5.258175023309137330e-01 1.581105728836297852e-01
5.040834823851619850e-01 1.498209840452477681e-01
5.141935323136674896e-01 1.172256407780896403e-01
5.794664311834276660e-01 1.234318750295230194e-01
5.386970910751976982e-01 1.071701961050966490e-01
5.574585276469739004e-01 1.064323659771759245e-01
5.083627929246246069e-01 1.075906145686357784e-01
5.906563824021964226e-01 1.137609521224955955e-01
5.310713612120088190e-01 1.815081499442427471e-01
5.580253470396542292e-01 1.488219795542324309e-01
5.383638793183649351e-01 1.399791126221429927e-01
5.880112196931843727e-01 1.833301663642766532e-01
5.870814456107904533e-01 1.339385361390397766e-01
5.245379511462877620e-01 1.766048965599625598e-01
5.740648396350428451e-01 1.496073389466892611e-01
5.416551065986360269e-01 1.152332134915908246e-01
5.016491399868556744e-01 1.357475408497090807e-01
5.972609351620261631e-01 1.876490471511645663e-01
5.976393963753419136e-01 1.247841482230667431e-01
5.946160019382698003e-01 1.742270383820089252e-01
5.241867517222161821e-01 1.378931328909919207e-01
5.104709540174870996e-01 1.787797202322112533e-01
5.437228386724389795e-01 1.639389819125058045e-01
5.330133990077450257e-01 1.755515061404216426e-01
5.581508621901254408e-01 1.646988378278453069e-01
5.594365775677571095e-01 1.149545291884800646e-01
5.994187221754002648e-01 1.518812558117793587e-01
5.885171493406020637e-01 1.893131803931140111e-01
5.135842383443673942e-01 1.043151071545625752e-01
5.577980338571736363e-01 1.515069617692627046e-01
5.695135519060714469e-01 1.345684582223945491e-01
5.613803743752459052e-01 1.278873760624715805e-01
5.737098812576809648e-01 1.456838072259281636e-01
5.859742531011594702e-01 1.890742101035033651e-01
5.012401985570009710e-01 1.563731335698810565e-01
5.008479507721970148e-01 1.330451072439516602e-01
5.211139780626503626e-01 1.607940938990916613e-01
5.458467764136613054e-01 1.522377372359746406e-01
5.215703981088888330e-01 1.370394799055223434e-01
5.130467524824081638e-01 1.358314950969780610e-01
5.613701791805287833e-01 1.552273830999098270e-01
5.851090238449160319e-01 1.583164952418931737e-01
5.681704862478853535e-01 1.013110720181763236e-01
5.994580378360854223e-01 1.418407629239698542e-01
5.119394735937079499e-01 1.119274186416417405e-01
5.744047879849455418e-01 1.939519822539066962e-01
5.921820833667981177e-01 1.409815979987357470e-01
5.097246142743999675e-01 1.851545900506482156e-01
5.928244043112371742e-01 1.120634480571688629e-01
5.916927145821374578e-01 1.278815152051465398e-01
5.876845080503224628e-01 1.177186125551036300e-01
5.428544906257719571e-01 1.487334061404466667e-01
5.967353791644417482e-01 1.153601215957342496e-01
5.884499996764613883e-01 1.346663234791543318e-01
5.771954789252639051e-01 1.379233723196466865e-01
5.381734952255671223e-01 1.895562883893768258e-01
5.467256701345067915e-01 1.391428557642981900e-01
5.603458299419290523e-01 1.792072658113192662e-01
5.247989828053923889e-01 1.473240118404039734e-01
5.909292837497004403e-01 1.549700252490828489e-01
5.821997368266791373e-01 1.865188144796540715e-01
5.078872333240898040e-01 1.223550948797269555e-01
5.766517969888002026e-01 1.163391662005265337e-01
5.848455124279009487e-01 1.744301049231129497e-01
5.369690902170123348e-01 1.021462494083469896e-01
5.046418022593944785e-01 1.585185171301600193e-01
5.606024052681715109e-01 1.883294251109548512e-01
5.604167264081042488e-01 1.122648775841528501e-01
5.857332142738994607e-01 1.130538657079118714e-01
5.285698229155283423e-01 1.700668905327801794e-01
5.381658306099350586e-01 1.320380248404957602e-01
5.584522121851884791e-01 1.780390065726124016e-01
5.897374925452495420e-01 1.158244659243664876e-01
5.238088017020585685e-01 1.476547160557746263e-01
5.487933203877517485e-01 1.766406440931909128e-01
5.312776496318847297e-01 1.782949230000000773e-01
5.634061646630332820e-01 1.031656135770199767e-01
5.104540694357162511e-01 1.459901167356252583e-01
5.467174230096740750e-01 1.886418540009427436e-01
5.049875355485184958e-01 1.408840167430598089e-01
5.344887539200239290e-01 1.632394144896718857e-01
5.465051867720678302e-01 1.565953568530787654e-01
5.829205022949407455e-01 1.413680284472386972e-01
5.370991713999939687e-01 1.753300123782881026e-01
5.846563984094517163e-01 1.402196934031744724e-01
5.816087538902786624e-01 1.577088622176259780e-01
5.666777644172298345e-01 1.532002688598605167e-01
5.858792006755577653e-01 1.227315478914218216e-01
5.332316936150964803e-01 1.716720016322380582e-01
5.327172920978978654e-01 1.630119183679222261e-01
5.158926633561453645e-01 1.824219726065350322e-01
5.927108799203572032e-01 1.267841951364390429e-01
5.322768033951372768e-01 1.597301005327875223e-01
5.602335805405457281e-01 1.094284870411064703e-01
5.362191520154536706e-01 1.113205804333265714e-01
5.258272690265579641e-01 1.643399898932603742e-01
5.543798576455463145e-01 1.664595638083030960e-01
5.082562769621964405e-01 1.130546057496385481e-01
5.719172987942134911e-01 1.383505395585389597e-01
5.229367496822707739e-01 1.815225407755116094e-01
5.090745560864051722e-01 1.786694625463040587e-01
5.406672385014130722e-01 1.252917148588684471e-01
5.229935074789955340e-01 1.586810319107402056e-01
5.185559455322069633e-01 1.899832202361075861e-01
5.721704442187588446e-01 1.295900794440300041e-01
5.166788694735946486e-01 1.697115731112399661e-01
5.045534423011150960e-01 1.540755007279671074e-01
5.135668191436829622e-01 1.262644648654517310e-01
5.028622981704106154e-01 1.108159525981636528e-01
5.011752835576186449e-01 1.166306602802521797e-01
5.647471284336931241e-01 1.158701459472540884e-01
5.082895107969522819e-01 1.494047952280815050e-01
5.579631836201848216e-01 1.460814232968795645e-01
5.245300062532123331e-01 1.090850112195776433e-01
5.709665767556237892e-01 1.312953727705409857e-01
5.111720765944641753e-01 1.102223686842516981e-01
5.389602878555729282e-01 1.520080868685279307e-01
5.828537428315744284e-01 1.448370335739694037e-01
5.371177602474962454e-01 1.748880126831801884e-01
5.786711984675714238e-01 1.669567792654097493e-01
5.896299845579310306e-01 1.067500770482077144e-01
5.142646268669710530e-01 1.728908254725879112e-01
5.925082079526178269e-01 1.033281926217234359e-01
5.608608237674507224e-01 1.306521016645220412e-01
5.171608374473013470e-01 1.545438556651056450e-01
5.336517663952233814e-01 1.534347257508511253e-01
5.555736786616639611e-01 1.929880083901096000e-01
5.647466145856336883e-01 1.483581180107808040e-01
5.282664175160277642e-01 1.003293872579993362e-01
5.564425373845904854e-01 1.428195525041338065e-01
5.823666504415443423e-01 1.000264559006122378e-01
5.651729157106644141e-01 1.101345413038055665e-01
5.262108613517126887e-01 1.375288454816072925e-01
5.912729452588394441e-01 1.477523289885021296e-01
5.877982866216343583e-01 1.009078497919772832e-01
5.686792340805982837e-01 1.070972640088879435e-01
5.915337995906563284e-01 1.951174319670361812e-01
5.310885616973272105e-01 1.663761757631808391e-01
5.073583588553700618e-01 1.071550034177521926e-01
5.038430879582164179e-01 1.014446815637450872e-01
5.115750826240474947e-01 1.418494439865773116e-01
5.722305108541403396e-01 1.006739946453434065e-01
5.804160323312443914e-01 1.458517856998467754e-01
5.726280990926008174e-01 1.891114066763247559e-01
5.508606469949043349e-01 1.510236978221807524e-01
5.717983399930050004e-01 1.425329260516176866e-01
5.140672439893902990e-01 1.292288293063421356e-01
5.776030854334519571e-01 1.763734718168347704e-01
5.837288823153446993e-01 1.690184698421619558e-01
5.742026195506189090e-01 1.964767130348445690e-01
5.138540352268877731e-01 1.238664754812769386e-01
5.198481805695412961e-01 1.211439962473398468e-01
5.193999216841407307e-01 1.810529821600691813e-01
5.981979282375565754e-01 1.114015113045055128e-01
5.866084232674637633e-01 1.373371085254735391e-01
5.695051210556970611e-01 1.773479824600606991e-01
5.813857936322872622e-01 1.728073537312209140e-01
5.217812198376383659e-01 1.545339625216265722e-01
5.005672946306064519e-01 1.470554478422077538e-01
5.325302705054839603e-01 1.628614512475505260e-01
5.792218878828800932e-01 1.981740462870064667e-01
5.220252256030534221e-01 1.151034077809451051e-01
5.580907032837993942e-01 1.462552066617039681e-01
5.466060665624058457e-01 1.517850498707282725e-01
5.366744772051448287e-01 1.127283140229824177e-01
5.847122441937663284e-01 1.679967764832013544e-01
5.986402017821499388e-01 1.962802511716844056e-01
5.049461273889159774e-01 1.097320813679017459e-01
5.870334384513566928e-01 1.463878321799859661e-01
5.581359585659508848e-01 1.553580474361689334e-01
5.794925878726679969e-01 1.995314818968512427e-01
5.827049690392819281e-01 1.330892644947312409e-01
5.132550250820995252e-01 1.041346128183077424e-01
5.253902752257972875e-01 1.020850554214130235e-01
5.382119182895390708e-01 1.214902655661123376e-01
5.011056239812008428e-01 1.197646369326952343e-01
5.315213794956001880e-01 1.956227411684301476e-01
5.010215677422582559e-01 1.253161996199295691e-01
5.321156403692778314e-01 1.416609607147399363e-01
5.584880339040227959e-01 1.042657447577615415e-01
5.285356009198337590e-01 1.032997287435434286e-01
5.120551163643138892e-01 1.354072622791692160e-01
5.409419271253851358e-01 1.922551081130355888e-01
5.788909655738738724e-01 1.699924631752873228e-01
5.899259647911430093e-01 1.503901899210928206e-01
5.533038593483537992e-01 1.865874127674004845e-01
5.259831279901104883e-01 1.115660132141887695e-01
5.797787003561767349e-01 1.729255493400487509e-01
5.554348618979673136e-01 1.106735431131891378e-01
5.698065348642518124e-01 1.505378664846650782e-01
5.311541804295463187e-01 1.610428161700241390e-01
5.642611673585907761e-01 1.204389861933621853e-01
5.745309428640094085e-01 1.318647113612242683e-01
5.374931120751154090e-01 1.895887985306474732e-01
5.596879235405387565e-01 1.605109482649812735e-01
5.373464610475424674e-01 1.852675082302401022e-01
5.598067373296382598e-01 1.768832646432566269e-01
5.945096488259532519e-01 1.381560676170841828e-01
5.384532067850511527e-01 1.699457798202971825e-01
5.644125705565878892e-01 1.459983803876927222e-01
5.400479098349750817e-01 1.585716894445372005e-01
5.113084048715051955e-01 1.708746899797090602e-01
5.617805472297663361e-01 1.414162684612756404e-01
5.825507172940821432e-01 1.151169617694890179e-01
5.227516759454907680e-01 1.036996905307801808e-01
5.151787720462355225e-01 1.468216634880133431e-01
5.788241050006777133e-01 1.143233819741283630e-01
5.516586952781107334e-01 1.097652570187185594e-01
5.862419520293198349e-01 1.318856138295416702e-01
5.836054772597811802e-01 1.961388714942963740e-01
5.524130778824661858e-01 1.585099080527516968e-01
5.495170518727795494e-01 1.392253502897376760e-01
5.120547797418469882e-01 1.810227721726083150e-01
5.926560418724645674e-01 1.182353709630672434e-01
5.553421209416855575e-01 1.409986647175081043e-01
5.424430520253515908e-01 1.743919637384391264e-01
5.371010293047081552e-01 1.208084905945674692e-01
5.485368981307298109e-01 1.347887637988007259e-01
5.380399496832852790e-01 1.624033975728107204e-01
5.099403979243023466e-01 1.850442914153423435e-01
5.290439755196496563e-01 1.141332896693564025e-01
5.165904613615288632e-01 1.815849416063836375e-01
5.081749048723277484e-01 1.508147245753252708e-01
5.910237681195559256e-01 1.433038798769853683e-01
5.296074401133203935e-01 1.464008150477672798e-01
5.705744977100637438e-01 1.155702634958642727e-01
5.164159753589537827e-01 1.935774174504771850e-01
5.742691042963266046e-01 1.714637562413510175e-01
5.700229096472162471e-01 1.661702436513357306e-01
5.157488315901046505e-01 1.717873740026412133e-01
5.470825410827546698e-01 1.410030490305254625e-01
5.957137987325682449e-01 1.810718318039249985e-01
5.870005415715556785e-01 1.459122203308337862e-01
5.161468966739249931e-01 1.930774569019009235e-01
5.133163638192711486e-01 1.351917374293659380e-01
5.900354486196155435e-01 1.718685177239346051e-01
5.600388486545003763e-01 1.783144710687973311e-01
5.791405155486797351e-01 1.959170898943347339e-01
5.583087917453319893e-01 1.143752024890309360e-01
5.009616405292920405e-01 1.575966698488734663e-01
5.808529002417176512e-01 1.072914551062345290e-01
5.347064907291304570e-01 1.468422837313157758e-01
5.638915779585239596e-01 1.268760779711217701e-01
5.200580611313068147e-01 1.317597982164998016e-01
5.220902024552785958e-01 1.135029708970146933e-01
5.070344131148891709e-01 1.920197145825459362e-01
5.203980706728784655e-01 1.421282811082568154e-01
5.187419642319089919e-01 1.605971225674699410e-01
5.514465698713089115e-01 1.198822885719207088e-01
5.683771423960549685e-01 1.839477364544771509e-01
5.387254396609815199e-01 1.884824416327559871e-01
5.042986231342763137e-01 1.973065392700504295e-01
5.309279213535407216e-01 1.057817385212262706e-01
5.693261607730063512e-01 1.829625245424716384e-01
5.212137885408089089e-01 1.454121112091278645e-01
5.405910993390868891e-01 1.723442869943938582e-01
5.947605864160050437e-01 1.373442556306008755e-01
5.859607803436012174e-01 1.246203248081706461e-01
5.193788520490838501e-01 1.217632890736401463e-01
5.964509040918231086e-01 1.592964904795836634e-01
5.599119931347116275e-01 1.969175422855139468e-01
5.120974133843867460e-01 1.064657704383177028e-01
5.698410935949025369e-01 1.176897442837013807e-01
5.700028364747674603e-01 1.085817746121716110e-01
5.197527700818260765e-01 1.658159066609362908e-01
5.437223722864554798e-01 1.307941947981695607e-01
5.943916048621942227e-01 1.377142040705052195e-01
5.141639033065397157e-01 1.930287588384769770e-01
5.603156903473953676e-01 1.122327729783609562e-01
5.149503241002266751e-01 1.326120990213460749e-01
5.933595543232732528e-01 1.789763711199900964e-01
5.719316477934973664e-01 1.491900582981278700e-01
5.544541663473064874e-01 1.886338770894034900e-01
5.526009229048781668e-01 1.334790833376866825e-01
5.936923564989731172e-01 1.146962069019950015e-01
5.406547206442919862e-01 1.504836842730696289e-01
5.709289144037488217e-01 1.077274971059855868e-01
5.852897074550795775e-01 1.816359459592123970e-01
5.032686595929749540e-01 1.694122518903243835e-01
5.367811207123465156e-01 1.196621794672929062e-01
5.579130852805254115e-01 1.648911796460816592e-01
5.787184722495760658e-01 1.099489352834831513e-01
5.142738567602656019e-01 1.252606971975116223e-01
5.461152045783209674e-01 1.213266210719336491e-01
5.932468905631240741e-01 1.196851139093318139e-01
5.275748374704024579e-01 1.908221851491301302e-01
5.696027454234139364e-01 1.443130967817578825e-01
5.218517105018077862e-01 1.328771500477896605e-01
5.342871857208885134e-01 1.522809447702302699e-01
5.294938884585020933e-01 1.450294269647433854e-01
5.388757712668169608e-01 1.714210794816634076e-01
5.082755554336207959e-01 1.980011221438260915e-01
5.456510041241674491e-01 1.147245591641639084e-01
5.551796270444994130e-01 1.056790893796975828e-01
5.398833949577912517e-01 1.154138567374159707e-01
5.877576596823150812e-01 1.621539714917067110e-01
5.883025729361861522e-01 1.948538495156992845e-01
5.726700608789616620e-01 1.757374401626410343e-01
5.294205367660045347e-01 1.245483212537981943e-01
5.950266292333264984e-01 1.362580087262387218e-01
5.421464246403358000e-01 1.334782468487535345e-01
5.920430843416812916e-01 1.659026605260900122e-01
5.797428809531116611e-01 1.092897427619000661e-01
5.380104049622301821e-01 1.040924950749355649e-01
5.836310131839810289e-01 1.402090994918510081e-01
5.893146027044745550e-01 1.521340680034399817e-01
5.928805551494880088e-01 1.150552958541048165e-01
5.788868619540864513e-01 1.648692728947851738e-01
5.676745585032858532e-01 1.945518406955107915e-01
5.303701843634998081e-01 1.617685680261475578e-01
5.621950316083546006e-01 1.936680785543117567e-01
5.827528000917683304e-01 1.010862262282351265e-01
5.781220740938447511e-01 1.320080658884161817e-01
5.508410473378211325e-01 1.126126415983268736e-01
5.609644672425996292e-01 1.416577642447221785e-01
5.410050962489848514e-01 1.877184463462930608e-01
5.664414446196794906e-01 1.681248722202092483e-01
5.892556044072627675e-01 1.253808100709748186e-01
5.755407948556514608e-01 1.785297318084682616e-01
5.951895496453054601e-01 1.280461815333348019e-01
5.257708937997921383e-01 1.264924524967600550e-01
5.175758229514596520e-01 1.945402604039833672e-01
5.469411436252340497e-01 1.184075329500947349e-01
5.099936403035412180e-01 1.829444370418036314e-01
5.195558184599634588e-01 1.090167891247750820e-01
5.092338066266235419e-01 1.344070469507781529e-01
5.087226059466370964e-01 1.419419961966486565e-01
5.694268029256300823e-01 1.537247899268125439e-01
5.902011984558539481e-01 1.970879203121141676e-01
5.708849991219909770e-01 1.942660089348716701e-01
5.700091198010563964e-01 1.390659076266124727e-01
5.306444179808766926e-01 1.177424234498797850e-01
5.933253272662435407e-01 1.363481576079649538e-01
5.824244193538998804e-01 1.317308863140391750e-01
5.398923368876894502e-01 1.708211881537550214e-01
5.550244301176265882e-01 1.297703428823222260e-01
5.950730843880684962e-01 1.356173871604740011e-01
5.499932975065049412e-01 1.949463174518535902e-01
5.064661999366331102e-01 1.455953851857620385e-01
5.669646488152504382e-01 1.333254163856079366e-01
5.004244299348938885e-01 1.340751299941209396e-01
5.296544402220293435e-01 1.519277935938971313e-01
5.310419827234535983e-01 1.375543317547175126e-01
5.482598638777480549e-01 1.405669457490572039e-01
5.716942744113170383e-01 1.044408992706342687e-01
5.069840791462713048e-01 1.488547252604310589e-01
5.050393397888144342e-01 1.128201148427253886e-01
5.066566689068412455e-01 1.696347312157172049e-01
5.950635731316169519e-01 1.027461944624961099e-01
5.139874218821689489e-01 1.408579297292373855e-01
5.057840358109437773e-01 1.670257793159228843e-01
5.481231417751717405e-01 1.478842004620249118e-01
5.313966580402466056e-01 1.848459433947761132e-01
5.992509404929250438e-01 1.120246957510274977e-01
5.361101420796720030e-01 1.940876054158766628e-01
5.681956578014811798e-01 1.466612879978056450e-01
5.998644951063161201e-01 1.409027561048578348e-01
5.373608784887923262e-01 1.290243647121503412e-01
5.469629931796112787e-01 1.646961233943828595e-01
5.072738621354242472e-01 1.099150936354540697e-01
5.359123655135553665e-01 1.368287656308585787e-01
5.772443938974269884e-01 1.401490358111023293e-01
5.400943225843817252e-01 1.938992509520197360e-01
5.461856512277299958e-01 1.624910172209308168e-01
5.744120481406501666e-01 1.228738395688313556e-01
5.971809083465406953e-01 1.589355273326065188e-01
5.804721419691241113e-01 1.858978663563830291e-01
5.941337258271286448e-01 1.337750725544795405e-01
5.664186945088709457e-01 1.488268400571621797e-01
5.824122879464733726e-01 1.234059013145193950e-01
5.059492524333891739e-01 1.693225612573298067e-01
5.092611636260392372e-01 1.034099720444029147e-01
5.824642822572031475e-01 1.866196954004881725e-01
5.083680405244630496e-01 1.756271504227752134e-01
5.495165989697048392e-01 1.033728237374023640e-01
5.606240525722634427e-01 1.852919720114690194e-01
5.161598540612326591e-01 1.739480553792400463e-01
5.941906625038255729e-01 1.786809269070193107e-01
5.486663966120621794e-01 1.697246007660073164e-01
5.474680442640083022e-01 1.314056709696133363e-01
5.383270367086444574e-01 1.291142043178791776e-01
5.451071379870104927e-01 1.337607420185376594e-01
5.739148460880714175e-01 1.927299492274304749e-01
5.621301813357880706e-01 1.204921480538937995e-01
5.863435858364876019e-01 1.787279381246640875e-01
5.163121282987996885e-01 1.910837111108261710e-01
5.602503163385664786e-01 1.798769452010498537e-01
5.056558325611573146e-01 1.600267393151439677e-01
5.749372459354974430e-01 1.278968656320724484e-01
5.366737426286882773e-01 1.260597574353335693e-01
5.477408431274370937e-01 1.743530814552041730e-01
5.298061222616634591e-01 1.940489113123195497e-01
5.980286481053381786e-01 1.335474635930128662e-01
5.665570668233980145e-01 1.995263266283215375e-01
5.702653130275660009e-01 1.531236617386971255e-01
5.857145912184136272e-01 1.868636119712074883e-01
5.653398268705414065e-01 1.670517369860314572e-01
5.235022828716542342e-01 1.948563093249499334e-01
5.366183084693078031e-01 1.523611605154064352e-01
5.875618898548022884e-01 1.190327828781581054e-01
5.386798186937715727e-01 1.198390255424057194e-01
5.775475367320889175e-01 1.315749086870502682e-01
5.759945569965815304e-01 1.203354145691883925e-01
5.414688653534576179e-01 1.243544171455770730e-01
5.550255889650002050e-01 1.010269268941756948e-01
5.576617731820526780e-01 1.062434758049536632e-01
5.651352772657295409e-01 1.165982614813900475e-01
5.432071793337337473e-01 1.370482828657895447e-01
5.210512876660994275e-01 1.616271508931972634e-01
5.098235223486946577e-01 1.170385868780965122e-01
5.511815321960773506e-01 1.894402039423796480e-01
5.768448183904568705e-01 1.371805562352551022e-01
5.016300286202988179e-01 1.021990552273830399e-01
5.172766666060868435e-01 1.054177490667894956e-01
5.820899081712639367e-01 1.090276710151525663e-01
5.855380587301531881e-01 1.656906630692813465e-01
5.420965443909788739e-01 1.503571749135396707e-01
5.462791826843462761e-01 1.627885266094190597e-01
5.238717153914534963e-01 1.545862418776555725e-01
5.378741895328260636e-01 1.409731101880842274e-01
5.643293498267990538e-01 1.814333783385608800e-01
5.816651732107612771e-01 1.083668613926816460e-01
5.637495234651057618e-01 1.986031942135951800e-01
5.031489565893882965e-01 1.577403011895432972e-01
5.642904003524118473e-01 1.336506157845095133e-01
5.331883971736746108e-01 1.909611455306711170e-01
5.800135725837006762e-01 1.365507743148634268e-01
5.759786405431293055e-01 1.632673053007286101e-01
5.512041832641968453e-01 1.186957902461195091e-01
5.486999052110808073e-01 1.624326108672395630e-01
5.629221112881777067e-01 1.368944841879722041e-01
5.716293867891210079e-01 1.911480052436656252e-01
5.229158537223360659e-01 1.942749709796837976e-01
5.981447104392254577e-01 1.651294340780985748e-01
5.323541750341774792e-01 1.968449441713116810e-01
5.812673669202710336e-01 1.209302104412886270e-01
5.396580275981632813e-01 1.916182375876804012e-01
5.233816015500893926e-01 1.322482516769325211e-01
5.006914169142842042e-01 1.744131184208883023e-01
5.783686674098343916e-01 1.712271590839712643e-01
5.388203628371373011e-01 1.839980160543199794e-01
5.633211381644817051e-01 1.860413146203776236e-01
5.437649325947442325e-01 1.640483486173243133e-01
5.226411110243429636e-01 1.577278848429348734e-01
5.613019572668893620e-01 1.436805937843720904e-01
5.703102682895453412e-01 1.684514058970414119e-01
5.407932217355564397e-01 1.564659172612032911e-01
5.428373368309876712e-01 1.266307078028035826e-01
5.637763603687625524e-01 1.415398024447454550e-01
5.352915305633308973e-01 1.660715152994884924e-01
5.021750136054896618e-01 1.682888051614993830e-01
5.260289628924446070e-01 1.159867715797422982e-01
5.924248775408269552e-01 1.583904655498931668e-01
5.624589097208938515e-01 1.157385305973465672e-01
5.711380691644221130e-01 1.899507982764064296e-01
5.518488098011934406e-01 1.893060904662637600e-01
5.368791799584857749e-01 1.716035828441512257e-01
5.639180910297203475e-01 1.920433877443375181e-01
5.573218419637419041e-01 1.712325862349269312e-01
5.923829306424013286e-01 1.661291998595658959e-01
5.693009866718360401e-01 1.191702488238803037e-01
5.695385972955493425e-01 1.680486794692613861e-01
5.283518711654598965e-01 1.709059401157237146e-01
5.883946183126035345e-01 1.686573489383962621e-01
5.265913008585649813e-01 1.310192580353546632e-01
5.208485984121631329e-01 1.573970688842778742e-01
5.113263820731482889e-01 1.750992448466900941e-01
5.704908259926931846e-01 1.662915974882542003e-01
5.804353090442009311e-01 1.753019632380880544e-01
5.787097464212356268e-01 1.619053884205622906e-01
5.379912268207898141e-01 1.601218015191927246e-01
5.763200456381926129e-01 1.848151420768796294e-01
5.233176942657266073e-01 1.391228556812849071e-01
5.406454865089440620e-01 1.098908507222408348e-01
5.367221783526816559e-01 1.337946096880931746e-01
5.417678396726621770e-01 1.592994873254221511e-01
5.830762510742246718e-01 1.558959639437892952e-01
5.352040430696352047e-01 1.258372812236460969e-01
5.438110080466853624e-01 1.765791123210890268e-01
5.458803246624344130e-01 1.280281013555510938e-01
5.405197306097865306e-01 1.804004872882959964e-01
5.403781667774691932e-01 1.263111314786611317e-01
5.350217064176862047e-01 1.778389602889890453e-01
5.687550980517539490e-01 1.005484863034799836e-01
5.109596125247739540e-01 1.999902379361119253e-01
5.181758565151031171e-01 1.304056339926787933e-01
5.732943631244090676e-01 1.281127835744063082e-01
5.375811954828381145e-01 1.674866787258054712e-01
5.746935394353627213e-01 1.429006152450382205e-01
5.599349794436273564e-01 1.858303655043313796e-01
5.032003977883983126e-01 1.564631464758011736e-01
5.058458490872974611e-01 1.196780936270590567e-01
5.881435331600590732e-01 1.347876981208888936e-01
5.936493982571628969e-01 1.980807963947648909e-01
5.535638679267828044e-01 1.084594673183143787e-01
5.069835467110715976e-01 1.749203966214203931e-01
5.424169699686234303e-01 1.026967572305929333e-01
5.797254397641796730e-01 1.501145534784549818e-01
5.801941579883220790e-01 1.656423918203152046e-01
5.727172847476935669e-01 1.083383133810807419e-01
5.662378512039830669e-01 1.733972795151733914e-01
5.185614800983741057e-01 1.741427687589753581e-01
5.323006749784461311e-01 1.222650199205479737e-01
5.982774607599612438e-01 1.803930223510549768e-01
5.295234243042595823e-01 1.093601855847912141e-01
5.929225807920103231e-01 1.215750520626142916e-01
5.293535917739475849e-01 1.855286199710201034e-01
5.533521656520845600e-01 1.985464961811212181e-01
5.063023042874568169e-01 1.306667128691564317e-01
5.840524850438222337e-01 1.286193833627915228e-01
5.521287767185462103e-01 1.349837622890578404e-01
5.521683460849289293e-01 1.507126836614199883e-01
5.618477859950243847e-01 1.424026864466966247e-01
5.577324284804825449e-01 1.295941574380347627e-01
5.602063216343560192e-01 1.919176243911397406e-01
5.071838545526543562e-01 1.557673542363543773e-01
5.129240333121197759e-01 1.410377183617980978e-01
5.204272442684733102e-01 1.961146981934229760e-01
5.682453331032120136e-01 1.917185696440835141e-01
5.929273047098269078e-01 1.012643016797707407e-01
5.617972523823210329e-01 1.453436207650657397e-01
5.967025402356844754e-01 1.856480924309232283e-01
5.612816513837126653e-01 1.697171153109319763e-01
5.241045187011480477e-01 1.894072165663539531e-01
5.651334496396550611e-01 1.217779621228817777e-01
5.920744643149673525e-01 1.901814043739220583e-01
5.723991889588759818e-01 1.261073859459456159e-01
5.079568308682169686e-01 1.893283126578988729e-01
5.688832082317333283e-01 1.481579380997663509e-01
5.267521089771969311e-01 1.921202319284999183e-01
5.826158720635804533e-01 1.728881700602262206e-01
5.336303034309362037e-01 1.771321305058150553e-01
5.739595861731290327e-01 1.170512285758340820e-01
5.661855743825883192e-01 1.836960743194978873e-01
5.939849820165813421e-01 1.396648101183179114e-01
5.790269548250047693e-01 1.520868535255822385e-01
5.654723809610369134e-01 1.054750083163553953e-01
5.938521203093177769e-01 1.581495595438487944e-01
5.083504386108443907e-01 1.952565879489243927e-01
5.725921798999811241e-01 1.927373007843000696e-01
5.672338777940288956e-01 1.720857373264071677e-01
5.995397335223638935e-01 1.585418828457500484e-01
5.445787339690888462e-01 1.223177253533720421e-01
5.879321452606638410e-01 1.851074185464333111e-01
5.830481282514249353e-01 1.922624878009771276e-01
5.227889583045350896e-01 1.756781457909952771e-01
5.536649329134727404e-01 1.945463122635091024e-01
5.407685203813666908e-01 1.487488889398463354e-01
5.657728237391738135e-01 1.907639733195429232e-01
5.535910986470721218e-01 1.965676934665325504e-01
5.615147167765082159e-01 1.310028923568585246e-01
5.760846179560762392e-01 1.418349561705475326e-01
5.620463373555577569e-01 1.128972547317011743e-01
5.431827057134825942e-01 1.002050717684763448e-01
5.091904768362185418e-01 1.485680882968128391e-01
5.759296636739157371e-01 1.734811828567377479e-01
5.094557079211214923e-01 1.308138161353212259e-01
5.299871742443118539e-01 1.320937501461773578e-01
5.309619531682034932e-01 1.266298156081846482e-01
5.652109313269255697e-01 1.845443580840641362e-01
5.786761686482195799e-01 1.185746112840891653e-01
5.364926845338354733e-01 1.518902504338002502e-01
5.271497922442555106e-01 1.111723347688521601e-01
5.496393521961732143e-01 1.352001640050597142e-01
5.361380630449990026e-01 1.134277608788559488e-01
5.536839231524858240e-01 1.060306912203472507e-01
5.522770446034561687e-01 1.064959970505954256e-01
5.985204436659055105e-01 1.415212543698308456e-01
5.565474313246967508e-01 1.079328966141517021e-01
5.337014775671162781e-01 1.124006501814575620e-01
5.000890664702890565e-01 1.308079764792136890e-01
5.934413680935842761e-01 1.663954660615098169e-01
5.632206830215054083e-01 1.457567303289849514e-01
5.864030220484423017e-01 1.081557628060170195e-01
5.339970407110437023e-01 1.100174529635505050e-01
5.242472080536723089e-01 1.488129290351389855e-01
5.076848943771768985e-01 1.086884231347692853e-01
5.950811412717568194e-01 1.952503066228777340e-01
5.097003009451321898e-01 1.777430107750882504e-01
5.541289288768288523e-01 1.522829141765945082e-01
5.818325016598056010e-01 1.248362943571914574e-01
5.827917952654408928e-01 1.330585578709127526e-01
5.576532128082719586e-01 1.019428900635368229e-01
5.202807073132845739e-01 1.818146857204670508e-01
5.718140435682773637e-01 1.691732237755448898e-01
5.501080700358810249e-01 1.576480170319550234e-01
5.691318513414327374e-01 1.324718069687869093e-01
5.066926536066435061e-01 1.011095078743256548e-01
5.035196278756628452e-01 1.684553266747745581e-01
5.511801319792209997e-01 1.030383246669300812e-01
5.597980641820902159e-01 1.911413789943834096e-01
5.991044321013344609e-01 1.335743467060227230e-01
5.158116200575717514e-01 1.195883169373749555e-01
5.105676464637558531e-01 1.329700934025798975e-01
5.944548886701723767e-01 1.841137130430895719e-01
5.078402440660289008e-01 1.138278933466513598e-01
5.712198146966538381e-01 1.973908764629381529e-01
5.969793673355416885e-01 1.105108992248616251e-01
5.732752658528450507e-01 1.892220259088695511e-01
5.063746660587227222e-01 1.113182820403710582e-01
5.430606396137964698e-01 1.780428095439411385e-01
5.766981707126650480e-01 1.660946650413161196e-01
5.473973111877026287e-01 1.725739907109218874e-01
5.336501225925469605e-01 1.697424872383090089e-01
5.111917498267537496e-01 1.906197877874012403e-01
5.109462137466788123e-01 1.955432594050877659e-01
5.539877276022944219e-01 1.020513407153226804e-01
5.581414165460488741e-01 1.491029546919163118e-01
5.689409090594900187e-01 1.282513244048583967e-01
5.506064159021177851e-01 1.330663889032871749e-01
5.765602618806408008e-01 1.800524866818872527e-01
5.214678186686860784e-01 1.615203919698064983e-01
5.010068241224977514e-01 1.968905223334951882e-01
5.050795843065314372e-01 1.715546057954309978e-01
5.441898241445163320e-01 1.412766685324173266e-01
5.478657140530075464e-01 1.046142711653080815e-01
5.235278882095794062e-01 1.064591341924432943e-01
5.162426060614313528e-01 1.383179475629471022e-01
5.710552336215009017e-01 1.883048039073927926e-01
5.331305510725473651e-01 1.303419697488008289e-01
5.694102797705663521e-01 1.544108498577416444e-01
5.885788992725242696e-01 1.131773692596794723e-01
5.206396826369041886e-01 1.135825868327093313e-01
5.956139540178850833e-01 1.435110220673443127e-01
5.505224125766865484e-01 1.869332440778860849e-01
5.594437893467121281e-01 1.158599972487993346e-01
5.085742596970401763e-01 1.105669084832396620e-01
5.014110263376415633e-01 1.920773395591525712e-01
5.227471430631356331e-01 1.147953837863251447e-01
5.066895630892677138e-01 1.388066277966414630e-01
5.081196703756933886e-01 1.889987336587758415e-01
5.607419148425107913e-01 1.923860070678448664e-01
5.765554129045336040e-01 1.117102287356891155e-01
5.966574435475960891e-01 1.067966548744469779e-01
5.974833210823189411e-01 1.267411160068406817e-01
5.743105712021120413e-01 1.485514421076217784e-01
5.905265829800809829e-01 1.119386174618949570e-01
5.574002938726096978e-01 1.447057463819242662e-01
5.523719667562013713e-01 1.387642277878702868e-01
5.255599730811458814e-01 1.482265434706125651e-01
5.188811540146076595e-01 1.293356362345224053e-01
5.833801573605574831e-01 1.589059615116236168e-01
5.930210670894300318e-01 1.244364672856279608e-01
5.672273718124705155e-01 1.234728255153433318e-01
5.244802768231979773e-01 1.274247257607077632e-01
5.963291748120171931e-01 1.837607587072745963e-01
5.864101590602908143e-01 1.465625481494177151e-01
5.756515155941175355e-01 1.296506759365879391e-01
5.629006520067575403e-01 1.402469244242280921e-01
5.086042088589897148e-01 1.840518233130102876e-01
5.380538334014794977e-01 1.060211523494924979e-01
5.502644369677216485e-01 1.558734867684321568e-01
5.693330263094220633e-01 1.619938506887051433e-01
5.458127550718934184e-01 1.801728870333054178e-01
5.647914185692430866e-01 1.593037535728338006e-01
5.805078546082880209e-01 1.131677387321091688e-01
5.389304509229768669e-01 1.097196653277793810e-01
5.605696360299586845e-01 1.518267883917507333e-01
5.228106241304704138e-01 1.261600379966021090e-01
5.546118045877164171e-01 1.339833486231016280e-01
5.057633274149652136e-01 1.921126918094808733e-01
5.516856318331297970e-01 1.382176732682769416e-01
5.860443862985802443e-01 1.899958203424357839e-01
5.536179842203725610e-01 1.225282778352349000e-01
5.582159570973569407e-01 1.094609717762318191e-01
5.210112205993009393e-01 1.035428859814061242e-01
5.054010645069051400e-01 1.728814144802416353e-01
5.227418236591537815e-01 1.250373987425314193e-01
5.904285879504111989e-01 1.803657706937434879e-01
5.709735786585330430e-01 1.086508514238838374e-01
5.389340911025689573e-01 1.314504438077029047e-01
5.327816168258496798e-01 1.741455371754356829e-01
5.216168528103426461e-01 1.276368709412114832e-01
5.188469992966864286e-01 1.396376701435002032e-01
5.282026640960084674e-01 1.205589382925858766e-01
5.652871854206881208e-01 1.593349147741897898e-01
5.941061867600758717e-01 1.974729041138034991e-01
5.682049670186435364e-01 1.247983140007664360e-01
5.872480199275339485e-01 1.034160846838764192e-01
5.490766013544665647e-01 1.270376675812370237e-01
5.676867830593567144e-01 1.833994458143935191e-01
5.125672916795319667e-01 1.510402000980866355e-01
5.410214237278504479e-01 1.155002587725312002e-01
5.103625078248104074e-01 1.600773883745516268e-01
5.478799529553789460e-01 1.275705055031678969e-01
5.243461381746129524e-01 1.457743529656646553e-01
5.385320024307143072e-01 1.421045229149188738e-01
5.707248381782958901e-01 1.606346262372225497e-01
5.130966687630493794e-01 1.189643476707953895e-01
5.870792558548122431e-01 1.548230051784103556e-01
5.981291377958422029e-01 1.400247365319583770e-01
5.050001357404630964e-01 1.125741940183747070e-01
5.559221702084571337e-01 1.330375542006521083e-01
5.508030696877119770e-01 1.341219384336116704e-01
5.791675543508958413e-01 1.614526227398672131e-01
5.866313132029356003e-01 1.080256507073603656e-01
5.870128314105759193e-01 1.931994814623305412e-01
5.290319615162929479e-01 1.496111883889546801e-01
5.534162653504065554e-01 1.018002863245691947e-01
5.958106615436167264e-01 1.643563500251011278e-01
5.525017754595102915e-01 1.712308935377170882e-01
5.604667735964898867e-01 1.155675666392847190e-01
5.359756224755874987e-01 1.798143154409734823e-01
5.344890148316178147e-01 1.052022268667782423e-01
5.618589433910567976e-01 1.566447847058013432e-01
5.883164915265854944e-01 1.600108756137771648e-01
5.993305977501570680e-01 1.402201348400279601e-01
5.692694466499876871e-01 1.662947749769241312e-01
5.679013033640355479e-01 1.578000392284526210e-01
5.846138643589673389e-01 1.866495988073552104e-01
5.549058223595105810e-01 1.346418294483995304e-01
5.361885279937216309e-01 1.486305022845077761e-01
5.971657359266681064e-01 1.865650784000487672e-01
5.765067413128978080e-01 1.337158711430647684e-01
5.043433006351080161e-01 1.045631806904658845e-01
5.207968724593143861e-01 1.613269967511460068e-01
5.745538368742952873e-01 1.720027106167281716e-01
5.572762600667084953e-01 1.210242483902577437e-01
5.166253983032546016e-01 1.491931823335266305e-01
5.099880162382430804e-01 1.719791985808788448e-01
5.874671265643814921e-01 1.544177162209042498e-01
5.314930498040455475e-01 1.827809743760288042e-01
5.206081836753049252e-01 1.693308479528280452e-01
5.288080897174508577e-01 1.712359961315398915e-01
5.249987671451237237e-01 1.460816803072005898e-01
5.565551833752067079e-01 1.182296084817896220e-01
5.385258356064583918e-01 1.847091750471128724e-01
5.754331684863985830e-01 1.013190253351609893e-01
5.925299710553103560e-01 1.118598158106348106e-01
5.468253074880330411e-01 1.542276875984791573e-01
5.174855814939953724e-01 1.791997580331978202e-01
5.074785219644573075e-01 1.099306381671240895e-01
5.949955931453552171e-01 1.517274908264246158e-01
5.516950798351979435e-01 1.403222454649766804e-01
5.048004317369041427e-01 1.354682090251636550e-01
5.542291975958995032e-01 1.004611983071529990e-01
5.462531458950770080e-01 1.813831719748110749e-01
5.883614178162595021e-01 1.540525667927543640e-01
5.315959021941127904e-01 1.175673977870760056e-01
5.602801399784536063e-01 1.876252700527175632e-01
5.189582751806547378e-01 1.154125761444274589e-01
5.348040870155839066e-01 1.283308728928990172e-01
5.118597612765154459e-01 1.317149674343036925e-01
5.839858193861352520e-01 1.586007235030061358e-01
5.714689275609361463e-01 1.739631771458886589e-01
5.154245397958509001e-01 1.221764596392675983e-01
5.110503641196048052e-01 1.058118887174876455e-01
5.341452725793432998e-01 1.815561006739028760e-01
5.565135776934684309e-01 1.757382735567115384e-01
5.423386221327872736e-01 1.084659536547639969e-01
5.930114876576749738e-01 1.335381078386541354e-01
5.790554554227226314e-01 1.523537594526661043e-01
5.583024996685852503e-01 1.619786252468006504e-01
5.586063920334987110e-01 1.546223813466906793e-01
5.758172014394743465e-01 1.792744700130844415e-01
5.410804655802845531e-01 1.741654852226837136e-01
5.364152409444409297e-01 1.876785031888255628e-01
5.972905035767517301e-01 1.493592575764705610e-01
5.027017580566145449e-01 1.528185060854947430e-01
5.781276580654487462e-01 1.505380247242379121e-01
5.950432905768168190e-01 1.943162344388784379e-01
5.938090504424475835e-01 1.270232398753102232e-01
5.761830388741140396e-01 1.639867857693103337e-01
5.739202492798584077e-01 1.623487411298696059e-01
5.975046908815276892e-01 1.104961321970017174e-01
5.879281176147808097e-01 1.045139608059534597e-01
5.607902908376564133e-01 1.384284105871248782e-01
5.736616838636378057e-01 1.795261543536321724e-01
5.465855625152221675e-01 1.755792899202545942e-01
5.386555613053507496e-01 1.650726028168056914e-01
5.927011537787719719e-01 1.031710977805779250e-01
5.135798083412264070e-01 1.787539470447191969e-01
5.917703385242951697e-01 1.302963387159262465e-01
5.952598011296065250e-01 1.056918434446335597e-01
5.295023419128739306e-01 1.010012218155245667e-01
5.668835002715915117e-01 1.143747229875030913e-01
5.766327337049187429e-01 1.711751698313729864e-01
5.125846209177308266e-01 1.744452963514744326e-01
5.630235797802823905e-01 1.828537362131724686e-01
5.261686449436659974e-01 1.290864543899584160e-01
5.951039090330157988e-01 1.017458989240262179e-01
5.622082145235282047e-01 1.370601229892709216e-01
5.449003817149019602e-01 1.744601398050392160e-01
5.339169734727419181e-01 1.082313680624936159e-01
5.974059115930508979e-01 1.120904806731247982e-01
5.816073152452508888e-01 1.404655825170060823e-01
5.791017251636682017e-01 1.214390284514604568e-01
5.151025609662374105e-01 1.862887860482112523e-01
5.160461454337985643e-01 1.622157926621316248e-01
5.608140060819910566e-01 1.575386614314095435e-01
5.598262899182708807e-01 1.751592438144096153e-01
5.181407574993388554e-01 1.545289950765963150e-01
5.136582997260917827e-01 1.383499577185692275e-01
5.573977401040787205e-01 1.924376508032798194e-01
5.257648453498431351e-01 1.391392925708834771e-01
5.938407560180355427e-01 1.176395646378738113e-01
5.733311844478793384e-01 1.481112728086071417e-01
5.581493388580252013e-01 1.484359869711457391e-01
5.965987588038100808e-01 1.801042231714987119e-01
5.379817467472626236e-01 1.999646917937272783e-01
5.860723565819766501e-01 1.088363028559109491e-01
5.123081403128340039e-01 1.994005751918155878e-01
5.181727027097232652e-01 1.553601540242302292e-01
5.053466275068621005e-01 1.662947135460334791e-01
5.768121185963488440e-01 1.670654452917078592e-01
5.310037096877380236e-01 1.520685949979108942e-01
5.024158764583404047e-01 1.753223054061014974e-01
5.254526314026498612e-01 1.644858491358352215e-01
5.589520553636982969e-01 1.376522409878902509e-01
5.335618141315804364e-01 1.088123197398030706e-01
5.947126943905424179e-01 1.207599745375580458e-01
5.893655807270472557e-01 1.911647638564727969e-01
5.677355044585611354e-01 1.657773662999881270e-01
5.354881187157907174e-01 1.535726698639865717e-01
5.663684025383599607e-01 1.523267046482940923e-01
5.839942156283124408e-01 1.149433740465594656e-01
5.118831762306066402e-01 1.747334890639980487e-01
5.146943001356645286e-01 1.729377206730882965e-01
5.558247415202939301e-01 1.914497294659035509e-01
5.489391495837993018e-01 1.492704890997159917e-01
5.257579156619975880e-01 1.939185904798337856e-01
5.608255184661317116e-01 1.661335479515591573e-01
5.520937069027723743e-01 1.538519867125281437e-01
5.154587481696377704e-01 1.325616150040795915e-01
5.064978161421577196e-01 1.716384817056032519e-01
5.251627028048502233e-01 1.359513462544190976e-01
5.130732826518187295e-01 1.746675552795653452e-01
5.412793146310203030e-01 1.024755598310490012e-01
5.071741237521621981e-01 1.629339797026965186e-01
5.404396488439047186e-01 1.893886467990377187e-01
5.253505763410710738e-01 1.385837602706009308e-01
5.132240774957981255e-01 1.487879619183895830e-01
5.940452325260775490e-01 1.893787386690173880e-01
5.241777858897983533e-01 1.765790026609255214e-01
5.522925944680475707e-01 1.998153762543955492e-01
5.755215379037899037e-01 1.694707670779454223e-01
5.274683228883764174e-01 1.108165870978467804e-01
5.192920616824857616e-01 1.341353659643935714e-01
5.644531484538618527e-01 1.738444122541486780e-01
5.460604153683168427e-01 1.889291352508395971e-01
5.484349913352881689e-01 1.844776832065852523e-01
5.705568729650907223e-01 1.044278095547659935e-01
5.985934240206141066e-01 1.266957338115190512e-01
5.564260329987940068e-01 1.363817288686335616e-01
