5.641580436491009376e-01 2.934468875288602785e-01
5.205720226964388742e-01 2.483655952063307526e-01
5.583031087591985298e-01 2.997574564289101073e-01
5.414854430082404191e-01 2.522748063009605524e-01
5.746490030508243363e-01 2.262233372936868492e-01
5.677527156980219925e-01 2.440177614434415887e-01
5.864809327712572351e-01 2.153279334144323764e-01
5.381565636325109647e-01 2.404787321261217525e-01
5.473854105243942669e-01 2.871917002288199017e-01
5.514649840703094164e-01 2.706618912677469235e-01
5.791669027802496261e-01 2.420015192473287668e-01
5.374550948849632359e-01 2.487169331417412588e-01
5.136619001825529773e-01 2.173236627727049286e-01
5.373267737991423987e-01 2.749391000068276414e-01
5.972055987598621218e-01 2.219915698992452058e-01
5.316367412762478262e-01 2.772489551253525808e-01
5.403666047209497725e-01 2.948149490080764767e-01
5.547915494639055201e-01 2.685386635861407023e-01
5.637749667922589136e-01 2.014161139763433750e-01
5.775521457661345615e-01 2.267860873817308942e-01
5.893153633810154224e-01 2.070523671901330354e-01
5.285333998858539051e-01 2.388506630080302340e-01
5.748780661106295264e-01 2.100244268692134375e-01
5.862594182840090706e-01 2.362043246466984381e-01
5.753270629225751831e-01 2.156390622034158877e-01
5.569479629545124322e-01 2.682432682491281417e-01
5.106391374876796396e-01 2.938826957934407846e-01
5.301726029325796175e-01 2.262261028604543589e-01
5.126713112035730102e-01 2.671507515523003362e-01
5.686000354288538450e-01 2.992247959508468336e-01
5.951007902128407911e-01 2.061902771570576220e-01
5.629139238863444250e-01 2.638096798098650830e-01
5.309627204858793359e-01 2.088824704034646651e-01
5.666003638148185972e-01 2.958824892013588448e-01
5.702473392420233100e-01 2.292723733215785709e-01
5.864243814412322120e-01 2.317242409422369809e-01
5.682295509929677912e-01 2.109611310686665409e-01
5.251304684711430859e-01 2.538011296163667496e-01
5.198101553778615713e-01 2.524143967553033607e-01
5.215555380136598362e-01 2.561565097580218997e-01
5.670510279066947046e-01 2.548574238560162297e-01
5.955389999021722947e-01 2.126048294245014569e-01
5.356513353827976331e-01 2.398418436252364727e-01
5.476425274934324516e-01 2.178073615771426996e-01
5.024990645458966565e-01 2.060726763090323932e-01
5.600706706891487308e-01 2.694471923506679412e-01
5.896726827677828409e-01 2.497093786542791405e-01
5.149507456887354451e-01 2.489155156649784373e-01
5.076762322662202731e-01 2.385447012200826167e-01
5.304286958703829935e-01 2.679796495273914503e-01
5.163852850451364773e-01 2.549683741306034146e-01
5.372239976800168293e-01 2.257223980862498314e-01
5.086640204787481467e-01 2.960055869021855912e-01
5.251556355783264518e-01 2.969059726281377265e-01
5.642737872678373900e-01 2.485205201632350591e-01
5.889731237476606429e-01 2.508667329883093045e-01
5.120419001142109128e-01 2.991712366544904134e-01
5.599064282310427521e-01 2.236958407007179905e-01
5.028153474671525069e-01 2.631893695681088996e-01
5.067406165796840556e-01 2.028864535163920624e-01
5.418030104376392320e-01 2.062869098832159076e-01
5.994752068933963951e-01 2.031579139165186620e-01
5.042203909552841479e-01 2.105008998105238893e-01
5.317560465684707527e-01 2.097265723961566630e-01
5.052402790833612212e-01 2.941285170557588202e-01
5.455700151136194664e-01 2.060245091173190657e-01
5.934803391891041446e-01 2.276414479451845940e-01
5.980525611361724447e-01 2.652984351352848380e-01
5.322092309492237883e-01 2.537525480496978791e-01
5.456796633746245906e-01 2.717127101610569695e-01
5.799597619471773546e-01 2.675810015882515991e-01
5.641892983477266865e-01 2.064616587575011375e-01
5.567954575218159174e-01 2.351387256105729184e-01
5.828144018364727064e-01 2.647633954189888006e-01
5.240330163542874509e-01 2.184875034132155724e-01
5.840241045716006996e-01 2.663707087181834687e-01
5.208959866370412861e-01 2.011281079382339909e-01
5.210147519207816158e-01 2.405660373423042231e-01
5.764646501458176031e-01 2.288982728373448183e-01
5.255800243161841134e-01 2.906520177405765848e-01
5.192501725159192061e-01 2.557797052460117904e-01
5.802577269506582480e-01 2.642837136358441308e-01
5.350506342073413357e-01 2.288605417130498976e-01
5.914227067538124771e-01 2.659399788476515258e-01
5.430785989755571030e-01 2.333302103022617258e-01
5.420204158297875496e-01 2.250471658090310856e-01
5.898115232675453790e-01 2.652931542487602101e-01
5.931278641182335942e-01 2.676561208134601300e-01
5.272275507674442085e-01 2.666975135983591372e-01
5.768735853106948808e-01 2.868503346008952626e-01
5.148743557069077603e-01 2.789141073450190356e-01
5.637055858589841151e-01 2.938707241175942952e-01
5.726105805655212766e-01 2.107721720214377759e-01
5.741549656232187715e-01 2.800334659904989421e-01
5.360804530237789356e-01 2.460014534997753965e-01
5.874094433372236690e-01 2.721154395511330981e-01
5.898690778248947275e-01 2.172403434081040252e-01
5.206736077819100750e-01 2.224366367879378470e-01
5.505489096085062206e-01 2.512833019941591584e-01
5.145288779425272185e-01 2.651581092311743881e-01
5.180810954631268617e-01 2.428522686689024712e-01
5.184969527536069656e-01 2.592977180151556649e-01
5.858041872071688694e-01 2.864619594507843425e-01
5.126420164767923060e-01 2.344282513059868234e-01
5.654789782845590640e-01 2.732377738703616332e-01
5.129068636013882632e-01 2.105040329477412264e-01
5.994829079930776849e-01 2.536195290686090731e-01
5.939190412815492648e-01 2.141928582689685001e-01
5.312464565707618602e-01 2.335028807051433564e-01
5.847528320380515066e-01 2.561507163968278489e-01
5.584628101776195619e-01 2.090105130793446508e-01
5.787054176726107446e-01 2.784592559540153833e-01
5.555520847347563684e-01 2.387795099396875509e-01
5.144453059485869506e-01 2.350826036660132456e-01
5.856345732450973784e-01 2.645928952695840719e-01
5.042567034089593392e-01 2.339505037704701640e-01
5.521716200591928470e-01 2.051518061815923166e-01
5.974257854738579399e-01 2.916125333233184902e-01
5.294350213716199072e-01 2.799059001905549460e-01
5.975150465446151804e-01 2.616306634064791137e-01
5.492831863963432149e-01 2.771285880772824672e-01
5.478493234090435759e-01 2.701072367349370285e-01
5.096572888605159779e-01 2.886669565042020991e-01
5.646383335540294812e-01 2.777928608649938291e-01
5.782868425096793219e-01 2.047341646311562624e-01
5.737066588201232831e-01 2.007711277922641646e-01
5.736943729700366701e-01 2.322823696081917078e-01
5.146550837034103987e-01 2.002179703547514178e-01
5.391591309067229609e-01 2.569941345813430700e-01
5.745961383117353938e-01 2.224385157458462492e-01
5.190984642522157300e-01 2.490145429976616254e-01
5.834717204663062429e-01 2.311301462483039970e-01
5.198335841374631672e-01 2.042085526845227594e-01
5.422539807111963484e-01 2.471884068026965475e-01
5.570909181607629490e-01 2.710484375336527085e-01
5.823890598635613758e-01 2.968667017254374429e-01
5.566452145220669445e-01 2.677400904797312409e-01
5.864460651725712514e-01 2.598294874951083688e-01
5.154953274238612826e-01 2.536763760239293397e-01
5.855725269907441355e-01 2.561171993140627934e-01
5.297888420177035984e-01 2.593912981307503474e-01
5.212756794827524409e-01 2.162645345103903494e-01
5.477968883867535554e-01 2.398117077041720946e-01
5.835657801813478596e-01 2.364734691138689615e-01
5.300983682691188248e-01 2.701076568677009959e-01
5.101508932892457882e-01 2.006062573251015391e-01
5.720487946058463447e-01 2.551259407374517618e-01
5.088385682157048340e-01 2.074710766993660971e-01
5.149551760343902274e-01 2.654262134073122059e-01
5.276771387666110424e-01 2.639776943648107776e-01
5.726695473767804412e-01 2.555174419861685475e-01
5.358141851887925355e-01 2.672453145090893933e-01
5.911157868914672653e-01 2.493136336848607859e-01
5.651346900112206306e-01 2.135837863963737093e-01
5.658074681461486843e-01 2.185391623688271445e-01
5.079370034278507529e-01 2.281896286103023974e-01
5.212240465779700571e-01 2.417685024225558754e-01
5.538480131469718515e-01 2.396098597209389280e-01
5.296050009985562301e-01 2.113045706412000624e-01
5.512518444032665776e-01 2.520470266684622929e-01
5.947501009096773927e-01 2.943005029154356356e-01
5.494003359605400538e-01 2.712688885389477056e-01
5.586219156388989582e-01 2.390569519441082535e-01
5.432122963186117870e-01 2.888109004667253066e-01
5.377027763673560834e-01 2.771176805856656600e-01
5.687545472673166680e-01 2.639840704266003257e-01
5.573616823689436783e-01 2.453498740829723468e-01
5.470521709109552599e-01 2.709552777867337281e-01
5.641104037713183805e-01 2.639437159868428528e-01
5.629240488592966996e-01 2.475983637335961718e-01
5.361602874039104183e-01 2.905040969119629946e-01
5.759868205809085540e-01 2.144101405015830797e-01
5.762711939710495335e-01 2.765131073085224100e-01
5.470491724424930702e-01 2.482293728033233837e-01
5.613918133852644488e-01 2.788225256093126436e-01
5.370762323161557550e-01 2.468800821664361156e-01
5.689111804688503637e-01 2.706971099679281179e-01
5.216479231609337797e-01 2.085517213597241626e-01
5.041185550601079424e-01 2.416519629541382108e-01
5.962650665154138885e-01 2.510986781006894208e-01
5.527889436979339655e-01 2.712489455651058701e-01
5.961057698324165877e-01 2.845858250429165737e-01
5.949943653403269028e-01 2.929250016606843032e-01
5.791212372146167242e-01 2.488760693601901053e-01
5.985974463833347858e-01 2.252123071484242733e-01
5.483340302033445912e-01 2.175773340410445122e-01
5.135446198365305470e-01 2.545130223451408935e-01
5.329386929414752228e-01 2.935713156250338574e-01
5.613739506181176786e-01 2.853809433579286292e-01
5.653628856938989200e-01 2.504037213622435365e-01
5.606022576240718980e-01 2.081138915760709085e-01
5.875817838524918235e-01 2.749035663360875348e-01
5.824619593501549897e-01 2.034314567678081609e-01
5.703147468940555909e-01 2.157617055955824148e-01
5.920114962009255244e-01 2.432685487757197673e-01
5.126265282024169423e-01 2.992534832012164192e-01
5.926955542109760833e-01 2.668867791790706101e-01
5.029424824891597368e-01 2.322898739979009086e-01
5.780317551149618538e-01 2.283507440823882573e-01
5.089924507566783163e-01 2.014896860322496486e-01
5.728744858003261831e-01 2.789817415815117885e-01
5.127668178817192945e-01 2.958957811432320617e-01
5.422043464708227178e-01 2.001958367601742173e-01
5.258151600805811565e-01 2.361211006047560512e-01
5.839673340041873217e-01 2.511314240470685633e-01
5.096142769968146080e-01 2.089069894476298372e-01
5.584988744275258821e-01 2.138373304851663992e-01
5.713631995067506297e-01 2.694359072093940322e-01
5.491817572389163793e-01 2.556455002740453120e-01
5.983063339325723762e-01 2.904094750015605020e-01
5.061825624409956870e-01 2.784578728445780693e-01
5.549054228946175282e-01 2.126519023037475309e-01
5.222879448014965398e-01 2.112737867918747514e-01
5.798233750939975062e-01 2.916045603519658025e-01
5.316899842023738998e-01 2.345282978443463673e-01
5.387515129946855996e-01 2.787195626944843352e-01
5.909522388403201099e-01 2.513026105535942634e-01
5.775838357511504650e-01 2.833622809858750702e-01
5.118961501740586506e-01 2.564563723649985749e-01
5.218066686574184265e-01 2.381121217623537456e-01
5.432567531146271778e-01 2.455088291430448932e-01
5.278027882182410035e-01 2.801493832935637585e-01
5.166418153051239859e-01 2.212906570762440128e-01
5.604267305239607477e-01 2.878747763894883294e-01
5.743826228790233079e-01 2.252701950015249810e-01
5.559005738393489882e-01 2.172168322247004513e-01
5.881357282088381933e-01 2.053397928242852166e-01
5.582960704158494991e-01 2.033264654945186878e-01
5.806693767461231781e-01 2.243273592516894788e-01
5.143951871573569923e-01 2.879152735969300880e-01
5.533653459831080479e-01 2.258168205439592402e-01
5.695643465893255319e-01 2.850103792487239662e-01
5.655040722145938670e-01 2.402004219765672133e-01
5.681308951955940101e-01 2.169345448361807427e-01
5.660602950267450417e-01 2.382811839688618316e-01
5.366860650107306840e-01 2.719138706304067288e-01
5.675724790516547547e-01 2.368169984192768918e-01
5.510842244670280943e-01 2.487346018643704915e-01
5.607931757956670094e-01 2.666661243112102286e-01
5.956988521102715151e-01 2.078022406402784128e-01
5.696811650048394515e-01 2.061958084853000583e-01
5.550956473593698925e-01 2.702851569018989708e-01
5.488431221003631233e-01 2.969961144100576322e-01
5.958318606100914128e-01 2.431464856105910177e-01
5.537562328450184035e-01 2.633218145669751764e-01
5.435045734335836043e-01 2.541061503559420287e-01
5.467086981729618600e-01 2.959775137550197388e-01
5.173660360866798591e-01 2.167234552555946103e-01
5.488875319741409742e-01 2.693972745563951721e-01
5.210702572669567711e-01 2.714447253257606385e-01
5.294940271780868013e-01 2.202263126307926200e-01
5.017259060200996990e-01 2.537490973043569076e-01
5.389587748745515716e-01 2.254125183363302476e-01
5.193879910543158784e-01 2.675097862928838000e-01
5.536019833334933082e-01 2.283250795353697626e-01
5.963979133803922750e-01 2.193803591161669342e-01
5.962445605697002105e-01 2.086889236639629663e-01
5.886563548257559564e-01 2.272069998816951264e-01
5.899302491349357469e-01 2.890296299875322328e-01
5.595644479754174894e-01 2.165188629093090511e-01
5.535069790475077856e-01 2.980779165217575799e-01
5.982842028775398058e-01 2.749346404284597201e-01
5.646893099490369883e-01 2.086220705914222096e-01
5.479466002456365725e-01 2.189063721148307995e-01
5.900211369434136266e-01 2.868235499240247011e-01
5.045013636955111291e-01 2.280493396496727776e-01
5.899540473009052821e-01 2.508428794563073994e-01
5.405830741049664212e-01 2.610549221050304514e-01
5.994416204516110902e-01 2.384363113895008324e-01
5.613721413177001907e-01 2.493250717770685021e-01
5.795381067696235844e-01 2.690301621697863688e-01
5.295937265844783415e-01 2.971139918674743918e-01
5.922761298375364136e-01 2.523238526479353316e-01
5.323324456146506511e-01 2.625689260564730843e-01
5.611048739832689147e-01 2.605785714152027976e-01
5.732395902254787678e-01 2.375823401828974779e-01
5.134559694001754604e-01 2.118999531854111051e-01
5.937648355228576369e-01 2.450510258835203736e-01
5.676541531779906169e-01 2.614636602606227878e-01
5.747820467507837039e-01 2.626317622054686329e-01
5.447845131945513453e-01 2.069458989518771497e-01
5.344911308311053322e-01 2.469609906457979620e-01
5.449475664049112655e-01 2.459177158202649205e-01
5.883713206454185274e-01 2.353534965905655363e-01
5.317589279144929737e-01 2.391521880751407425e-01
5.335410207720406861e-01 2.579282402805803676e-01
5.591239018896448920e-01 2.395220641186009414e-01
5.884113331090914389e-01 2.908758145267502648e-01
5.554395449591877920e-01 2.469243796037640382e-01
5.645645858169198172e-01 2.550064096365158850e-01
5.091923596404643870e-01 2.002821526203603930e-01
5.482210551986486102e-01 2.112567914871107955e-01
5.247495742968393273e-01 2.591772826286544706e-01
5.754651557958578856e-01 2.598304741446874622e-01
5.956980786475144507e-01 2.479457125030599118e-01
5.510660203903683385e-01 2.029741457455270515e-01
5.916810746814460398e-01 2.693312734323654589e-01
5.640491165162062615e-01 2.103585045462547931e-01
5.965275017894523524e-01 2.361968761177203890e-01
5.602406495060480163e-01 2.882466263158176556e-01
5.755128142825705062e-01 2.809881577784600348e-01
5.770986472284790336e-01 2.840974880414620096e-01
5.574094364096801035e-01 2.939539515811380177e-01
5.475227059218594761e-01 2.044679400620980358e-01
5.762552971897315635e-01 2.229383215642299909e-01
5.345146485087144406e-01 2.477150597982258895e-01
5.780912780188515177e-01 2.780588353349501829e-01
5.231827116791032406e-01 2.149989123430550986e-01
5.635232484605389169e-01 2.108432060477815617e-01
5.289489733962076112e-01 2.111539746167285236e-01
5.326221208388022266e-01 2.105909298364647131e-01
5.940582568564263255e-01 2.120270855138137178e-01
5.034137137789057581e-01 2.288468687551329928e-01
5.606225158166155964e-01 2.991386868929035159e-01
5.883579210657562397e-01 2.625616604014964217e-01
5.124008627731005960e-01 2.932671122015048648e-01
5.647903101280880023e-01 2.590606659115605725e-01
5.039953412808637623e-01 2.898139677255261448e-01
5.478963063645382325e-01 2.389689690041312542e-01
5.503042764580321489e-01 2.777951537586065278e-01
5.563261320973360569e-01 2.667851524108040828e-01
5.267990488179374875e-01 2.696974590364266122e-01
5.409918004699687533e-01 2.837722005333143116e-01
5.679416063519646674e-01 2.591355729089651616e-01
5.258908101361701171e-01 2.981086964710766285e-01
5.631615499696049909e-01 2.368204083671878735e-01
5.813538195637573125e-01 2.019494841213274605e-01
5.083728558523067376e-01 2.337609172178829742e-01
5.861074335470740637e-01 2.675817322068105852e-01
5.375021435966981231e-01 2.453616534599298293e-01
5.867538062603836480e-01 2.476545802324682244e-01
5.733527904759091465e-01 2.743457194293690282e-01
5.443982806839070543e-01 2.438787963106258672e-01
5.103443030800318692e-01 2.823947385796274356e-01
5.713794775367757595e-01 2.064504794753088679e-01
5.394794155986873951e-01 2.709180396360009735e-01
5.683063346648271619e-01 2.253781771609699724e-01
5.117002349595585198e-01 2.740654995351766154e-01
5.340518429182889992e-01 2.949359879431805442e-01
5.508788036264425925e-01 2.301974132641555204e-01
5.641767770808285842e-01 2.860524555145423364e-01
5.775747541731542922e-01 2.714767736958685895e-01
5.229421858383669353e-01 2.691734168348962619e-01
5.821982892349618632e-01 2.327963489230323035e-01
5.323785312430432404e-01 2.420143049896189558e-01
5.925098308445965190e-01 2.458726975670440518e-01
5.803355128298700594e-01 2.119137816675284169e-01
5.561511558667995292e-01 2.898613586144223597e-01
5.027590238842074566e-01 2.764973208340517075e-01
5.859411135272282189e-01 2.109162761389533070e-01
5.363118021410795411e-01 2.331734027560871114e-01
5.927701515260400678e-01 2.757138879280864874e-01
5.524177183568097504e-01 2.237609248538116602e-01
5.751201605372162629e-01 2.637557741359417007e-01
5.399783825420886307e-01 2.087094875454513776e-01
5.161160252403033111e-01 2.363374673432545869e-01
5.020292288039039930e-01 2.896163060434552294e-01
5.519125308308608924e-01 2.501326456964568790e-01
5.874869911894329277e-01 2.481232766907278120e-01
5.301970939253513038e-01 2.428316973594955297e-01
5.328695826897698051e-01 2.878682280500635127e-01
5.465616039761731493e-01 2.713084421522269363e-01
5.232595374496873397e-01 2.495403876695557743e-01
5.009316046265812616e-01 2.290225432589296783e-01
5.852728751629160397e-01 2.038454549621991074e-01
5.285611117587295515e-01 2.238706858475500161e-01
5.113920541999344982e-01 2.721921743243567171e-01
5.950715696799980803e-01 2.434780676350881690e-01
5.803018136870512489e-01 2.309897843389018823e-01
5.794420989541115841e-01 2.042027459220185359e-01
5.251212076939147932e-01 2.400265885959403378e-01
5.610749419698909390e-01 2.290709536476597252e-01
5.846858858139704074e-01 2.595189239965960404e-01
5.117211943942328034e-01 2.904260922719456572e-01
5.126436418180647658e-01 2.159758317485589996e-01
5.781337693459805971e-01 2.110235416402226893e-01
5.580603836707548338e-01 2.051777160192871374e-01
5.455023603720465797e-01 2.220141810087511436e-01
5.238432648407996828e-01 2.970271438450068358e-01
5.072596357309836490e-01 2.989132745968148819e-01
5.159093403595085281e-01 2.654152680875143666e-01
5.061883246323877206e-01 2.693178826294547190e-01
5.532742651225209807e-01 2.659165453253172773e-01
5.448554987206832845e-01 2.612897214139089930e-01
5.498769521366595470e-01 2.835569701215847060e-01
5.050276455476903070e-01 2.136550519610472265e-01
5.817363697105413234e-01 2.841699139009135067e-01
5.424861452272164986e-01 2.559806061827475943e-01
5.176230867393021295e-01 2.113525396680561164e-01
5.170040307987058270e-01 2.772752869271798981e-01
5.990848403129696020e-01 2.605818692727500663e-01
5.182109585664058660e-01 2.039134205849548742e-01
5.906882557691575109e-01 2.063459170318498459e-01
5.703046660708699367e-01 2.190353530805206339e-01
5.530572338231733998e-01 2.097452222986107007e-01
5.210649282539016047e-01 2.486606378175888199e-01
5.912503097409786967e-01 2.609952315232430542e-01
5.205319208637068096e-01 2.119068946827614708e-01
5.456161059459729845e-01 2.198103576733492215e-01
5.502781763869813991e-01 2.003120366872790381e-01
5.876408927651867176e-01 2.266083340372302413e-01
5.386624797458291480e-01 2.212425312057807458e-01
5.861423908065863664e-01 2.537798822763051021e-01
5.728595783118818341e-01 2.570458628877560492e-01
5.380079836796110015e-01 2.314758105521474429e-01
5.042856484071289724e-01 2.788683737847159061e-01
5.321002347671381916e-01 2.359711280740006689e-01
5.929710579800453463e-01 2.397242467475483307e-01
5.578286825908408408e-01 2.939143631737937135e-01
5.895315381639090191e-01 2.585393111698581214e-01
5.361073490941585806e-01 2.162237402078693860e-01
5.757467986373081548e-01 2.015624480522134887e-01
5.149316294419233886e-01 2.195015701576530642e-01
5.070077072110742433e-01 2.204398591730959145e-01
5.166781121998935689e-01 2.957779343299520303e-01
5.833112168754871485e-01 2.598645228468510204e-01
5.479009142052035930e-01 2.327965419375133127e-01
5.400710669912817119e-01 2.108942676281209683e-01
5.326404323832599763e-01 2.671441620716802912e-01
5.457756246809725154e-01 2.293807876092076037e-01
5.682424677647403000e-01 2.810685426177566004e-01
5.308674425215367254e-01 2.249552275635079979e-01
5.278897233150021684e-01 2.548969029543637355e-01
5.838154175628037512e-01 2.070650288666744943e-01
5.729125191434265574e-01 2.357136915672519983e-01
5.746601946946512385e-01 2.651210073604040041e-01
5.448957952321835663e-01 2.649375276353289621e-01
5.921424652987017367e-01 2.125594870492515942e-01
5.511524819933022457e-01 2.820537924343998193e-01
5.331407105107492939e-01 2.793811856465528987e-01
5.826806936563256878e-01 2.375214002843024363e-01
5.925490863722198132e-01 2.471967139707634820e-01
5.416051259155917341e-01 2.496306226437408071e-01
5.182386838099362070e-01 2.087680202209273028e-01
5.476361798364225431e-01 2.718304353431769127e-01
5.541474488426270106e-01 2.900258847237144333e-01
5.717498494687847099e-01 2.422099200346503611e-01
5.722054156204887665e-01 2.126746974519904687e-01
5.661793102505777719e-01 2.419526525782976223e-01
5.366220129461576338e-01 2.688796584457007199e-01
5.841861107000018150e-01 2.735883356603761585e-01
5.716866276344482189e-01 2.272076914429083105e-01
5.855911451093505082e-01 2.331143264629760570e-01
5.424643985434174365e-01 2.825304634334503406e-01
5.802095115712502249e-01 2.413323961632570513e-01
5.096865483981118938e-01 2.793631572364633775e-01
5.266220995114037073e-01 2.825560267858888697e-01
5.600187632738264920e-01 2.715516505921418133e-01
5.198133404964121462e-01 2.341891057778997809e-01
5.726507021473095094e-01 2.693130604891901814e-01
5.115596196848738453e-01 2.848347998149126648e-01
5.355330061068125369e-01 2.517288674653453406e-01
5.675764625351957804e-01 2.541848737709892503e-01
5.501150508382925963e-01 2.020827793077702716e-01
5.076646760131062752e-01 2.050731403079395498e-01
5.952588729099159703e-01 2.895713234001122682e-01
5.986808180979346083e-01 2.092247267684942402e-01
5.348909578897718120e-01 2.235397847886260725e-01
5.227056795877218498e-01 2.175219082390415504e-01
5.735885089694663375e-01 2.264859653935630268e-01
5.449749315928583693e-01 2.242553141805887496e-01
5.632161300058775577e-01 2.879492821465333141e-01
5.711088689705515753e-01 2.175700915789872958e-01
5.430367666113425917e-01 2.680816809419805935e-01
5.874232404697093957e-01 2.481439670556454258e-01
5.029610545992626580e-01 2.222393697953799208e-01
5.858404428781014417e-01 2.092158848070040100e-01
5.925714852929077070e-01 2.446717810324490761e-01
5.793157580654320071e-01 2.422046193921180424e-01
5.515459085659228933e-01 2.377245576646888625e-01
5.236676141938114704e-01 2.299990190003706747e-01
5.202742586755033649e-01 2.714253564840561350e-01
5.620384363401698113e-01 2.210217140698476634e-01
5.315923590039444147e-01 2.765556729190571938e-01
5.514437932331237580e-01 2.346611581706006810e-01
5.185486890430464069e-01 2.683621831906515265e-01
5.217347223975644654e-01 2.339906108959606545e-01
5.414002231845774782e-01 2.758820223146611350e-01
5.349180750858887334e-01 2.582652971219106530e-01
5.255001835202770533e-01 2.232394864607827323e-01
5.731894998733843005e-01 2.726548148132993399e-01
5.397683755611086820e-01 2.591322063601842474e-01
5.989366915948179937e-01 2.373850973202140391e-01
5.672613652811460128e-01 2.693295552248803348e-01
5.776225907909129376e-01 2.073304778916194024e-01
5.227696889669937175e-01 2.186298459347647827e-01
5.554449717398290964e-01 2.916119087651624087e-01
5.992823405505821599e-01 2.407159384372999367e-01
5.766393369746334319e-01 2.926928640071685961e-01
5.876348626790928176e-01 2.945237470556993364e-01
5.883134828611212841e-01 2.982124156750464161e-01
5.025039627961208621e-01 2.377092300580027628e-01
5.294322345305957356e-01 2.497102288983347185e-01
5.319302369259604202e-01 2.268487923279260410e-01
5.240309196205980014e-01 2.736263601486701447e-01
5.701537295086535062e-01 2.597000091997286320e-01
5.361032851730735960e-01 2.330161489423313581e-01
5.296546970634729012e-01 2.353093783926925031e-01
5.509098068398431414e-01 2.168992988181692727e-01
5.255943218800291916e-01 2.970382077115980013e-01
5.312569632089456650e-01 2.164090443165880284e-01
5.041961511713102251e-01 2.906750666922703896e-01
5.655971679856414136e-01 2.163460273919692034e-01
5.333562209998909953e-01 2.632070446500255900e-01
5.617648901634767489e-01 2.028084121858252376e-01
5.895001912302357816e-01 2.185766885432884887e-01
5.400933976833646177e-01 2.539718934440163833e-01
5.242099148942367393e-01 2.042482885921768632e-01
5.897208937415174823e-01 2.958822457443630038e-01
5.190970739319399341e-01 2.991465876292397352e-01
5.110891403267109334e-01 2.164708644523182235e-01
5.391579541740363357e-01 2.317018949018802565e-01
5.116104127029128534e-01 2.786557474300002668e-01
5.321000673527253033e-01 2.825994144660868290e-01
5.697764745202337222e-01 2.484496509276167830e-01
5.643855936499764248e-01 2.153702134978903726e-01
5.051663389001490589e-01 2.433641835581252799e-01
5.089140325910573859e-01 2.579049566433860297e-01
5.776442952478606507e-01 2.430739890462909336e-01
5.633645645322904461e-01 2.666323568114164488e-01
5.880660871786147492e-01 2.717395853024391350e-01
5.099881623534854302e-01 2.051765454036609815e-01
5.221870854903098991e-01 2.095595975814877054e-01
5.533224038216972840e-01 2.783043978671052021e-01
5.746456302334708166e-01 2.501075805194593604e-01
5.679819652095579041e-01 2.176435878146674718e-01
5.690757656660693220e-01 2.499595953709533303e-01
5.255297123455895392e-01 2.856935566119934156e-01
5.083053146867463346e-01 2.772633716116468250e-01
5.545096579698455264e-01 2.578877867930544077e-01
5.398047078560999079e-01 2.848996214718967357e-01
5.022545195527107209e-01 2.041441569812671997e-01
5.086594230499117408e-01 2.371598299233500240e-01
5.003701877025781286e-01 2.853238404545701545e-01
5.038475225857039774e-01 2.975705800870817042e-01
5.941595705023035023e-01 2.090918583788357321e-01
5.670734775197271427e-01 2.321078535256455577e-01
5.641359645743442286e-01 2.074532782363245620e-01
5.761856574533694708e-01 2.554527980277674359e-01
5.002960601297117282e-01 2.562623186867348246e-01
5.723637333213782430e-01 2.965059566136061253e-01
5.369454051214089807e-01 2.119844547799789591e-01
5.060388490911519321e-01 2.788703286498975253e-01
5.830494437830268106e-01 2.215467140977613880e-01
5.210640272496976921e-01 2.667876638747418427e-01
5.816094598988913456e-01 2.593248967542914896e-01
5.039230264340102128e-01 2.822850780483923683e-01
5.279184566787730182e-01 2.737476958714363251e-01
5.591945056896672206e-01 2.300755505331664175e-01
5.722274557940347783e-01 2.997430685369735781e-01
5.579238504671968357e-01 2.091079933845481631e-01
5.188645503883162480e-01 2.361467183778198642e-01
5.111539617015372627e-01 2.013053845788634888e-01
5.190205266655127936e-01 2.777462913319306836e-01
5.706431766524786564e-01 2.734258660255188267e-01
5.959155734985901454e-01 2.120505412959629854e-01
5.835483638670975193e-01 2.109877006518545151e-01
5.732573249922302550e-01 2.701824306626096628e-01
5.644675194686260555e-01 2.280564936826869338e-01
5.509806399613157435e-01 2.957493546006349505e-01
5.665373226355768788e-01 2.259664783035697788e-01
5.805976816399365248e-01 2.109701071236543823e-01
5.588363365152015927e-01 2.913975432852426994e-01
5.179687549403636515e-01 2.522824825838705376e-01
5.412623038306438872e-01 2.484595631296614704e-01
5.171972587011908207e-01 2.017166155896209512e-01
5.695887125974222753e-01 2.189662644036802774e-01
5.775626012580780122e-01 2.773364050428576144e-01
5.664153141045014106e-01 2.796866331951384788e-01
5.722914833636110199e-01 2.005449518614588478e-01
5.492220766970237200e-01 2.936194470418433955e-01
5.419805954962497729e-01 2.186496311731228603e-01
5.897645244273991283e-01 2.111987767720759357e-01
5.004499200035724682e-01 2.045994132436988189e-01
5.209316909945765905e-01 2.153546091363068016e-01
5.623722592589028846e-01 2.060720122653369457e-01
5.117022634296365391e-01 2.010552574518683633e-01
5.772393959044285205e-01 2.804701407958558601e-01
5.310827201107387596e-01 2.762453822151220151e-01
5.387450406919845891e-01 2.683467321038344178e-01
5.073489069518750672e-01 2.739231843185780391e-01
5.296173171008090597e-01 2.657902296950862553e-01
5.259131057120158825e-01 2.209016126742930353e-01
5.813616732003108467e-01 2.685926676210602104e-01
5.326085603343372332e-01 2.761506974381708335e-01
5.839833453386680251e-01 2.894022447535758991e-01
5.346631577472182872e-01 2.593192330401163370e-01
5.899138784889205178e-01 2.585864677844414983e-01
5.996520402702884001e-01 2.205251025435737700e-01
5.743349952077577703e-01 2.207803566116773863e-01
5.748015468416479701e-01 2.679047590155702596e-01
5.917247263567668725e-01 2.896064605381437063e-01
5.432556643408235075e-01 2.055773297266055011e-01
5.521716798088729394e-01 2.660304136339407544e-01
5.623632220813506999e-01 2.873287868539845524e-01
5.807869899062375607e-01 2.502713432807399108e-01
5.863692845076164950e-01 2.753810092325492120e-01
5.752091093214111162e-01 2.486955911857542389e-01
5.769250947045769795e-01 2.884518642358157026e-01
5.538301225563169172e-01 2.429711292073021833e-01
5.483410455158793662e-01 2.548227018174599179e-01
5.425282075372594992e-01 2.693662176857946067e-01
5.889351397043764980e-01 2.875428229363414800e-01
5.468541248116753906e-01 2.697771160854823824e-01
5.126836014557156762e-01 2.381310729014636252e-01
5.485167093604537136e-01 2.433694089517620118e-01
5.481007333620787625e-01 2.823407848055288216e-01
5.686092880535615901e-01 2.306219147984855389e-01
5.530987806912527338e-01 2.193423198246922112e-01
5.075768179733486374e-01 2.078823382357065375e-01
5.418050441575307241e-01 2.721096259370762716e-01
5.149976901143766828e-01 2.507100156944740421e-01
5.428764388839679711e-01 2.080930180798895579e-01
5.424903337210325027e-01 2.704749898710221978e-01
5.400215954643017291e-01 2.726924678423209292e-01
5.549309078925770411e-01 2.521239712112484654e-01
5.744319640115060910e-01 2.916621509302558257e-01
5.863201083344120601e-01 2.451241065859101620e-01
5.552954477895106766e-01 2.314977552835205121e-01
5.740707808999448991e-01 2.693773468128310422e-01
5.077379470997602784e-01 2.372353183375687513e-01
5.681320499356670162e-01 2.053118338215784155e-01
5.408658741852527818e-01 2.093582814050033714e-01
5.114982404842509656e-01 2.700921869252037033e-01
5.320151091381043473e-01 2.319069518585895051e-01
5.200243514470238582e-01 2.605358790622246956e-01
5.804080164073268655e-01 2.591947946346754295e-01
5.869026358033379021e-01 2.716065507806145196e-01
5.659206215914465155e-01 2.212046476533579553e-01
5.878867014348427844e-01 2.098569615788114517e-01
5.996807798931049760e-01 2.283405550005004891e-01
5.560861219806186861e-01 2.739019394379709205e-01
5.911706067845817758e-01 2.410769939582891319e-01
5.302709500132132270e-01 2.518429618607679332e-01
5.379447780325881112e-01 2.843213271954380672e-01
5.604982516585257368e-01 2.965935123507181803e-01
5.111538693402428724e-01 2.149939111103834066e-01
5.071850634178691752e-01 2.406974627921434073e-01
5.187687029570695607e-01 2.284765807638576285e-01
5.630556601696576902e-01 2.149499761074172011e-01
5.955108478857715770e-01 2.743067140348094402e-01
5.832202546532948562e-01 2.603310356541314596e-01
5.790419105123091326e-01 2.228479282414977947e-01
5.323963831971048055e-01 2.608704209658656570e-01
5.845709419048794597e-01 2.535221518270168728e-01
5.386473292470381757e-01 2.068130844075961594e-01
5.298236597699343964e-01 2.569917015368202162e-01
5.693365612957749233e-01 2.778821418915219388e-01
5.526721739561510915e-01 2.065314211788476795e-01
5.170514425404924008e-01 2.030203829077587563e-01
5.671908404584926622e-01 2.746757743005952546e-01
5.476459067784811285e-01 2.051114280170032167e-01
5.419422455007701922e-01 2.967074283794478573e-01
5.464611871184260616e-01 2.636826458428259690e-01
5.225579250992725688e-01 2.838955321813997346e-01
5.444089531499464174e-01 2.191859461674884324e-01
5.638246876833447052e-01 2.555078795182684215e-01
5.085098244649070010e-01 2.883949937723248036e-01
5.707707476238947919e-01 2.744854307681441341e-01
5.294349656076113853e-01 2.998318725530684237e-01
5.248999895557036055e-01 2.846535899474627596e-01
5.300296521344461942e-01 2.305907159575507070e-01
5.611017269503182359e-01 2.191421789437342782e-01
5.385675235630063007e-01 2.573429660720361611e-01
5.926517166107760914e-01 2.453197550185410858e-01
5.959357014319983659e-01 2.662521580210243100e-01
5.450095862009252112e-01 2.829228357264052529e-01
5.846342133794728557e-01 2.650646322859931958e-01
5.555154293061276283e-01 2.525489457914764091e-01
5.161624186973703399e-01 2.891720579402513036e-01
5.233888573319712689e-01 2.706001182861669241e-01
5.284422540213797870e-01 2.534958743209982379e-01
5.256311562422366634e-01 2.593569112176251079e-01
5.085740434758964090e-01 2.510554021509536216e-01
5.220723859043521209e-01 2.672276636725791077e-01
5.941342179245867605e-01 2.584157126625417078e-01
5.105541988244381990e-01 2.980040543794951757e-01
5.309177778836817740e-01 2.696900466032266519e-01
5.639747504062114780e-01 2.441797951546353929e-01
5.171264274995187593e-01 2.812259421600232789e-01
5.057651881682149186e-01 2.142773094009363943e-01
5.561453979160613237e-01 2.649052663119396689e-01
5.514930749906814533e-01 2.078504695051423545e-01
5.558756633665159486e-01 2.029600656871924924e-01
5.491656636478638998e-01 2.063234341533890515e-01
5.585410428499106850e-01 2.475352735905787804e-01
5.117852063236190130e-01 2.032037777585443961e-01
5.805863768722724361e-01 2.705094070384971294e-01
5.359761994271977636e-01 2.778888699399904016e-01
5.106707451206711212e-01 2.094445867365607172e-01
5.127939266508898530e-01 2.222362381373461093e-01
5.313210302343334135e-01 2.311338498821592924e-01
5.947108762731169174e-01 2.699333840613346025e-01
5.807285854219241816e-01 2.764012611621654014e-01
5.307264746907517372e-01 2.997356497720420898e-01
5.611724455468788397e-01 2.693721450505782156e-01
5.748265882085141776e-01 2.627913401030452234e-01
5.171868590360870765e-01 2.780521262958108863e-01
5.286370914410087885e-01 2.718243068451213218e-01
5.496995996955840180e-01 2.621439582913560051e-01
5.116789939776222873e-01 2.569820850637420939e-01
5.108954322411205506e-01 2.626678362609329298e-01
5.088343882774390980e-01 2.567778534840993721e-01
5.599426937074055699e-01 2.252153140436702894e-01
5.770992472974799670e-01 2.362531943379006238e-01
5.637338317061771908e-01 2.327175810654455723e-01
5.342721774794350065e-01 2.651842219132603540e-01
5.810413897865496224e-01 2.070775315123641880e-01
5.864558739322361935e-01 2.411595687063224080e-01
5.977671120694746376e-01 2.043864803528893659e-01
5.828419874144902257e-01 2.614155211389839195e-01
5.284478434926630497e-01 2.588994190798251105e-01
5.756526093916420894e-01 2.853298016910662538e-01
5.536265589828536227e-01 2.095803907088268914e-01
5.722171544221683614e-01 2.060268215367520583e-01
5.728337758571783178e-01 2.179043423882227604e-01
5.035168878357789701e-01 2.325822867120069803e-01
5.774532833428421830e-01 2.227131118201494675e-01
5.385726509436499221e-01 2.503966804679729763e-01
5.630621972883255166e-01 2.654332787000999172e-01
5.766213206309822592e-01 2.923321673476779181e-01
5.833667918847340594e-01 2.344356840383332585e-01
5.053952575081173126e-01 2.994970543477029623e-01
5.645062176855855096e-01 2.834506340602289121e-01
5.986001344097890975e-01 2.898282649562284319e-01
5.960998187911610291e-01 2.380812704627474907e-01
5.822370342533123022e-01 2.911565709862695139e-01
5.001476820706559634e-01 2.865662961897385563e-01
5.493478797762578747e-01 2.728777408586838260e-01
5.154632251709003743e-01 2.187038676405145265e-01
5.361074697948979839e-01 2.509985940767673340e-01
5.346016862076558018e-01 2.691507078539803199e-01
5.547484469229393422e-01 2.152576347203651874e-01
5.163688085008495410e-01 2.901510699952034034e-01
5.119232071797241712e-01 2.193498656775922095e-01
5.995504858835258855e-01 2.535981050553045013e-01
5.584182873459536678e-01 2.896200590188651725e-01
5.102228774700696690e-01 2.159883984049409400e-01
5.499178533018775905e-01 2.232234697614449703e-01
5.362905356006812951e-01 2.172398183165443752e-01
5.953656276140260051e-01 2.132562498063218515e-01
5.860378460871762396e-01 2.718752724040468527e-01
5.110992903501651030e-01 2.447066453477379222e-01
5.756682101056794787e-01 2.582134300663274096e-01
5.492414233759593811e-01 2.691231332475028104e-01
5.316087679809924360e-01 2.843824976441979846e-01
5.414817925119033148e-01 2.533347069265223239e-01
5.283489339300750931e-01 2.294875067494492049e-01
5.380424872093909627e-01 2.244389067730469811e-01
5.173177020625933098e-01 2.362433572492824430e-01
5.291784548160423096e-01 2.352642998747993819e-01
5.941956646976440659e-01 2.990542520306128660e-01
5.546692941392589171e-01 2.122304825699369568e-01
5.590701988026498537e-01 2.002629539020988059e-01
5.455685715825129289e-01 2.367425871952944516e-01
5.608581032081048079e-01 2.145478686610593488e-01
5.598654655436511307e-01 2.582284391596283424e-01
5.009630011261787530e-01 2.401174267915230920e-01
5.046433761878327262e-01 2.194120728728327085e-01
5.767263374331175196e-01 2.998899868317299600e-01
5.018941233009956981e-01 2.272930860596190650e-01
5.272689704969817370e-01 2.028362738383543418e-01
5.054768870802125447e-01 2.385686298890448698e-01
5.681113218488327288e-01 2.534038153904917823e-01
5.982232108820160210e-01 2.406321040071848216e-01
5.378694395165576347e-01 2.217595537868271571e-01
5.065360580852031891e-01 2.398929625248110431e-01
5.968952269917600084e-01 2.391819410743220020e-01
5.376554237608626163e-01 2.447998799892088795e-01
5.155477141098059324e-01 2.326924501151348412e-01
5.644320534377952336e-01 2.259138211422284659e-01
5.968979446472120198e-01 2.091279102530569090e-01
5.860419636329295967e-01 2.417754224068053848e-01
5.819649806949127591e-01 2.559287307806504819e-01
5.440206320690924580e-01 2.306114328975064631e-01
5.957152484769894230e-01 2.873448973636689163e-01
5.677023100105932363e-01 2.961436957177501772e-01
5.927100360854178351e-01 2.279023043512616864e-01
5.606712897476965329e-01 2.942725526094694954e-01
5.855351810202219509e-01 2.393265318484193993e-01
5.813200122052725183e-01 2.282852117635329470e-01
5.814757538723198671e-01 2.626231321053871803e-01
5.899683421176770137e-01 2.834306730599946422e-01
5.784391782719080499e-01 2.263369667126022555e-01
5.599751179266050372e-01 2.691410177401526438e-01
5.920887882985670370e-01 2.412677276282707006e-01
5.029435788713687572e-01 2.157452610726655617e-01
5.132935735301831226e-01 2.031805500537932074e-01
5.899935046597452049e-01 2.260861847967242100e-01
5.922501629265385370e-01 2.546409237818265114e-01
5.089151212047098305e-01 2.492017919104269619e-01
5.771736559438442882e-01 2.044400922694313005e-01
5.971535716120704995e-01 2.684925299518606812e-01
5.770442723143179853e-01 2.140568853870400134e-01
5.103245525763833168e-01 2.722625036140920995e-01
5.551384682556192995e-01 2.697762430605096795e-01
5.285225421459034401e-01 2.411103928350841752e-01
5.398083078669900781e-01 2.833722986205808314e-01
5.094820732404156116e-01 2.227136864263204452e-01
5.234715078788908516e-01 2.679596928972218239e-01
5.460903613136940393e-01 2.733838204896188451e-01
5.078450854257667846e-01 2.057422726385221001e-01
5.212969991533570324e-01 2.311609108376601607e-01
5.971220761530768861e-01 2.639504543231913081e-01
5.385435034543053501e-01 2.705631797953792494e-01
5.746179152960980696e-01 2.750596376219445194e-01
5.852782213652906185e-01 2.104064713247511542e-01
5.412065536709050884e-01 2.549238112425672997e-01
5.013293501921459727e-01 2.661914313983855251e-01
5.711854593143916858e-01 2.368313299865631438e-01
5.254353986391177012e-01 2.833768056157782156e-01
5.502392565636252675e-01 2.822840687116934255e-01
5.836491593651053078e-01 2.453208418191038520e-01
5.972434962245771750e-01 2.544059442906745350e-01
5.784144503239017077e-01 2.534663945777708149e-01
5.697124057063246427e-01 2.433292616433754552e-01
5.223901510486812505e-01 2.913771720564193313e-01
5.139048733561145665e-01 2.649098374252236154e-01
5.291301238579128041e-01 2.797827663450945801e-01
5.754606001368138823e-01 2.879587726256290225e-01
5.511424380230063313e-01 2.001339379110094185e-01
5.466842577397730274e-01 2.713859263322697113e-01
5.966127473238335144e-01 2.518047482063160425e-01
5.306770776953022573e-01 2.884810841122084080e-01
5.688188741249000646e-01 2.591866216779447618e-01
5.006801634473213580e-01 2.131296181138349344e-01
5.238471648814042592e-01 2.691617065783409313e-01
5.835702375078996029e-01 2.658543021551668661e-01
5.104974615476554067e-01 2.600034972629609031e-01
5.350493861551072206e-01 2.294030342107502285e-01
5.723554929093608301e-01 2.336988632096187735e-01
5.588484011274661434e-01 2.927406249972505092e-01
5.836011450360387709e-01 2.172798714219049965e-01
5.543142132140219669e-01 2.998767435517959989e-01
5.077394409752415960e-01 2.240365622587191519e-01
5.463261859449108915e-01 2.568929012002711953e-01
5.385378661094308850e-01 2.104829926532101048e-01
5.948467873000951034e-01 2.548596566685219500e-01
5.094323798855268093e-01 2.125412836354004797e-01
5.443593011576125518e-01 2.232802627408977947e-01
5.726854313408197283e-01 2.170102165647186387e-01
5.106719215554701430e-01 2.559624528439671809e-01
5.531287429488659368e-01 2.588592520314750844e-01
5.416968507390327314e-01 2.316722647788253819e-01
5.000599571262981380e-01 2.923271825582177685e-01
5.040852033164961998e-01 2.652328262508382717e-01
5.268938525554249797e-01 2.146278566136124999e-01
5.053622526158422223e-01 2.432194389118540467e-01
5.140581622445741239e-01 2.772493671452428976e-01
5.294982569394497407e-01 2.467332299468754375e-01
5.390569195442929118e-01 2.090955671948236394e-01
5.445442088673826397e-01 2.879924880436202095e-01
5.175157729462001033e-01 2.169055304736050849e-01
5.364215278303918755e-01 2.487152836635611874e-01
5.295491739946700527e-01 2.798609213290531028e-01
5.172515949772141797e-01 2.402349809634989064e-01
5.334428813459555219e-01 2.274363283448055939e-01
5.901245969394015578e-01 2.462278025903890943e-01
5.327581942037542539e-01 2.295809608326408457e-01
5.399634086642914887e-01 2.201189715663448565e-01
5.144758499250005057e-01 2.952904647513120429e-01
5.516489965938519147e-01 2.686679424878967715e-01
5.493678614559338591e-01 2.517392117746733438e-01
5.962708916569868789e-01 2.997569277481916261e-01
5.910627595707431681e-01 2.419246187852822083e-01
5.404953391722795430e-01 2.537678798567700733e-01
5.188085548616917508e-01 2.553806344047550581e-01
5.726455720243216474e-01 2.940887242871481067e-01
5.887124635908940196e-01 2.333133537560561077e-01
5.415330668049739282e-01 2.071336902361705645e-01
5.900723515287065180e-01 2.009708946289109899e-01
5.422144415532335060e-01 2.674101862214822711e-01
5.760494424955224790e-01 2.343299454935165171e-01
5.115010196140701293e-01 2.996721037011859656e-01
5.280397865344594877e-01 2.709261075843588107e-01
5.207109273253419657e-01 2.217079352740498610e-01
5.714761076411993823e-01 2.037327670631070009e-01
5.710311879696355897e-01 2.717359296753020792e-01
5.753950476504254841e-01 2.294813185045867232e-01
5.092102796541086995e-01 2.632767391560428827e-01
5.492628070542352470e-01 2.037463237688149353e-01
5.338700743663959969e-01 2.336455548790953851e-01
5.139813228208057749e-01 2.448194543423408975e-01
5.586862068892022304e-01 2.242299906505397789e-01
5.782917841485291088e-01 2.008790261351257600e-01
5.363010304485918978e-01 2.062741712359283386e-01
5.175882639574417299e-01 2.507097223930203622e-01
5.904148115617875447e-01 2.341947124893015431e-01
5.618099547005188654e-01 2.315990728574248703e-01
5.272095414595155960e-01 2.444450727685087421e-01
5.796929272718861492e-01 2.920538140454624898e-01
5.988790900461510303e-01 2.328764530266479449e-01
5.553701698088979732e-01 2.992311725103285469e-01
5.000764563159822984e-01 2.582578176429530248e-01
5.442221086192361446e-01 2.546166046310678333e-01
5.000403089916887200e-01 2.635201361115279139e-01
5.112267857440236929e-01 2.874954572777672079e-01
5.333963154839105325e-01 2.153923937564297675e-01
5.500292460983591258e-01 2.436556060897933085e-01
5.226834378077231946e-01 2.195234845647217881e-01
5.942834705854954658e-01 2.225316971245726583e-01
5.088938646579324043e-01 2.402617212677610747e-01
5.492523884287298097e-01 2.562138381772859352e-01
5.801123158565006932e-01 2.470348740955561062e-01
5.611532805044616712e-01 2.245761208749940119e-01
5.928939874590438697e-01 2.399331648786263704e-01
5.003893144980898766e-01 2.887259354129640410e-01
5.090435680645652994e-01 2.349252647306752650e-01
5.117759944015261020e-01 2.867456177079643620e-01
5.816849244574034961e-01 2.579804497714957012e-01
5.671020672169500010e-01 2.637743971823155453e-01
5.267267763521469304e-01 2.928392264976241166e-01
5.595682912508396223e-01 2.560627430236673274e-01
5.078776357270871067e-01 2.269288897787163917e-01
5.303132599757801602e-01 2.544343511955454717e-01
5.894158135712667113e-01 2.989210742324198700e-01
5.023713092334542996e-01 2.812236332380113057e-01
5.400001629996074026e-01 2.397483146029402434e-01
5.290284213500405786e-01 2.897132082750398241e-01
5.413404244980811741e-01 2.563839299740150457e-01
5.746656252373397722e-01 2.076111760188154853e-01
5.086814028129856835e-01 2.441543085833154936e-01
5.804315131586823551e-01 2.841484650430428083e-01
5.960881409545244480e-01 2.131781230586292097e-01
5.397587404503301212e-01 2.883230238403456935e-01
5.831445646789996662e-01 2.430330319895232238e-01
5.653391900777149370e-01 2.448149725419397904e-01
5.925867702406548698e-01 2.876153019129207289e-01
5.756444573289969391e-01 2.843406526643725285e-01
5.138696447984205662e-01 2.384373648011050562e-01
5.134247669254277113e-01 2.994038233596297283e-01
5.499173438501915312e-01 2.262432401453547681e-01
5.177415676047082416e-01 2.170234071579384416e-01
5.817273024716379526e-01 2.362949134886264679e-01
5.842056336164078711e-01 2.186667158337413375e-01
5.341751236637942712e-01 2.822333903935544952e-01
5.254108610221597253e-01 2.368287965529758954e-01
5.453112585043158322e-01 2.963483949478716850e-01
5.487888490551550147e-01 2.386981257122932076e-01
5.373322870540278018e-01 2.142628040841869641e-01
5.475509243814054017e-01 2.879016655134805092e-01
5.126837027294730564e-01 2.792398438746941380e-01
5.848130316395431239e-01 2.923554805495930387e-01
5.853771152750575357e-01 2.378508398426416037e-01
5.562103743249848797e-01 2.725047989911372204e-01
5.422940169484116169e-01 2.428139473530551984e-01
5.453148250650390327e-01 2.529251246541384668e-01
5.474995759688219277e-01 2.672686686856378668e-01
5.084838159195672613e-01 2.967511376943599566e-01
5.872565866844345894e-01 2.530697346783830626e-01
5.669993003005421306e-01 2.589997992085944500e-01
5.181515783627639316e-01 2.662515370877398535e-01
5.724109225118592104e-01 2.647678830259390659e-01
5.211710267674916075e-01 2.667616338215045291e-01
5.566612186175364796e-01 2.851269998049132393e-01
5.379530902761665567e-01 2.442639398628999869e-01
5.128049771190839046e-01 2.984171986016136424e-01
5.547370235506647873e-01 2.043938308353994981e-01
5.336954854694673234e-01 2.244240230600144104e-01
5.702482821512778743e-01 2.983552606231019699e-01
5.821514998567777210e-01 2.799232689696109500e-01
5.672605184268748602e-01 2.829854023036292854e-01
5.850013167350335275e-01 2.703074873817358226e-01
5.002294856903481968e-01 2.538087014795047947e-01
5.438393134819404784e-01 2.377275637123385521e-01
5.059557362035589367e-01 2.399094127083805095e-01
5.251093407404974212e-01 2.487350400373286585e-01
5.070669418244055926e-01 2.094369177440207341e-01
5.308410980404812962e-01 2.735823062652245619e-01
5.940640224231436006e-01 2.817603952999467865e-01
5.924587614905034716e-01 2.830828353871728265e-01
5.840386753932405028e-01 2.778348777670535674e-01
5.143007828941864590e-01 2.297362175703987486e-01
5.883440307291890603e-01 2.480537396399708494e-01
5.870197873433400382e-01 2.835352150630804924e-01
5.106221333568347065e-01 2.500111754859007940e-01
5.481302337537286018e-01 2.306364217446393861e-01
5.600000763592123398e-01 2.458788646381215581e-01
5.857448439276311536e-01 2.272028135356761180e-01
5.072755360782542633e-01 2.551075242752287586e-01
5.702175922904808569e-01 2.528743041916754475e-01
5.655671191389812780e-01 2.932772472083306492e-01
5.453638196695309581e-01 2.982214554433513243e-01
5.245656107962330950e-01 2.379574606730164299e-01
5.944265768980258047e-01 2.533431042259684518e-01
5.511627723146484970e-01 2.702749396261119874e-01
5.190879010884860145e-01 2.325425141947081720e-01
5.820593112003993319e-01 2.984348313301710687e-01
5.989939228043539288e-01 2.049949875489731344e-01
5.866126643564553156e-01 2.118778226236954221e-01
5.043123337354493696e-01 2.727829742843291272e-01
5.637468084245232935e-01 2.065848483375887779e-01
5.222747818295541133e-01 2.151641697917748841e-01
5.345022000662242867e-01 2.681474475122814227e-01
5.473264359822778147e-01 2.049643142956378561e-01
5.773527926088795059e-01 2.889223986439975467e-01
5.994880466097010085e-01 2.734886375480046206e-01
5.295460514648943073e-01 2.735938768498966112e-01
5.122397700816876398e-01 2.014943851772392214e-01
5.390072481643227720e-01 2.440912928748857902e-01
5.067099076409062874e-01 2.190230886319535775e-01
5.380663409756236693e-01 2.639420847028170480e-01
5.700682977371198668e-01 2.731019644451567752e-01
5.907173763385640264e-01 2.549984005307290302e-01
5.347530653238969922e-01 2.383741335012395379e-01
5.183870012119921045e-01 2.402467717398191760e-01
5.535183410477547694e-01 2.831298531724343870e-01
5.250707040104193313e-01 2.153510177939689796e-01
5.737484718228232916e-01 2.092829996512610147e-01
5.850235871484128491e-01 2.180150536119914717e-01
5.888737236740296810e-01 2.809587185120281938e-01
5.083466358721469014e-01 2.041417579458890685e-01
5.730131759763333887e-01 2.938987083192519112e-01
5.337438257941894415e-01 2.306671889274335141e-01
5.729017558824851530e-01 2.988388670875025133e-01
5.135449884994303105e-01 2.060401978392413236e-01
5.764656826565935921e-01 2.657847739854902192e-01
5.182468133197770666e-01 2.868046221704972920e-01
5.486863284581757760e-01 2.668052322904250206e-01
5.704134317350557648e-01 2.284660573069673128e-01
5.461867363470398473e-01 2.388317219359872290e-01
5.057967355426655764e-01 2.980193710988824352e-01
5.226980305400301674e-01 2.173455261281249107e-01
5.996390871865483474e-01 2.295957396545090790e-01
5.973646617894927680e-01 2.225776459978833499e-01
5.547958496838999443e-01 2.652542032411427386e-01
5.254317363481906256e-01 2.164640599490739170e-01
5.055935753135286648e-01 2.574940047009029453e-01
5.838851635306547827e-01 2.815689992654569207e-01
5.131247940088821125e-01 2.392797139320838873e-01
5.628407873167811104e-01 2.713822295822659880e-01
5.664763929102019091e-01 2.932170549194031417e-01
5.747650701238506965e-01 2.052672915937831521e-01
5.757154363112055862e-01 2.321060502075661114e-01
5.066158513246483697e-01 2.767092045676040057e-01
5.572147032438786729e-01 2.566361373967845361e-01
5.276363189689416977e-01 2.087508245604120238e-01
5.867023460575153671e-01 2.911531986238967695e-01
5.828855740696411436e-01 2.831901088417046464e-01
5.574581226922077359e-01 2.834101146380812453e-01
5.953578088763925580e-01 2.184356751720138989e-01
5.447540359978567670e-01 2.482062915647979540e-01
5.587481601340453796e-01 2.648252060131505714e-01
5.763106902187666858e-01 2.497759868748385959e-01
5.074798930506143613e-01 2.369143745270292367e-01
5.209273137415606492e-01 2.227519077938230341e-01
5.913045620155461535e-01 2.236777537678739103e-01
5.344830480689864993e-01 2.562663095301651039e-01
5.738339567972066124e-01 2.446685656318311475e-01
5.858799519672620582e-01 2.425318122679336330e-01
5.291836420704927324e-01 2.874862002630366731e-01
5.125154063458973175e-01 2.100602544350576584e-01
5.704189180206262755e-01 2.775461548060209616e-01
5.281141271435305651e-01 2.818089095836985858e-01
5.492344701858107303e-01 2.232413233584154555e-01
5.054432080094708457e-01 2.229584763594530672e-01
5.850061244501956192e-01 2.549992379722612057e-01
5.304335075061238358e-01 2.794503553680441899e-01
5.574015687497220206e-01 2.595222007061528391e-01
5.799489686408025868e-01 2.685250078436360321e-01
5.116970226543313682e-01 2.352943414990613658e-01
5.690920983615703754e-01 2.262466945733150325e-01
5.488645293178670004e-01 2.170410403884293071e-01
5.548727159085798943e-01 2.319825177852210540e-01
5.666121447752319185e-01 2.403241654539626238e-01
5.028107765889000547e-01 2.242782457643324734e-01
5.909808211496938579e-01 2.138661715323592061e-01
5.508183957615608861e-01 2.515520888619242612e-01
5.215520854326018974e-01 2.343199393780182882e-01
5.598221676774105537e-01 2.690089982169457938e-01
5.113832445597801257e-01 2.121721937249947398e-01
5.549461749635249408e-01 2.483547515207628897e-01
5.602539180226810966e-01 2.623599886301887785e-01
5.947242832647089417e-01 2.099199167235906716e-01
5.765796672212828433e-01 2.919794157080928820e-01
5.036999963345035747e-01 2.697632883446710039e-01
5.655347832464807656e-01 2.205353057881693501e-01
5.830721342390263739e-01 2.786420285062893298e-01
5.978456732658024020e-01 2.599145208839790389e-01
5.443546643008582153e-01 2.164492428327089713e-01
5.008915864163959730e-01 2.532570612820451150e-01
5.545865793782445152e-01 2.141821506332510228e-01
5.565792391222968982e-01 2.091569274720424532e-01
5.935608805506235042e-01 2.616995307798329340e-01
5.237781501869807066e-01 2.682566247644920798e-01
5.115677323499803197e-01 2.019413821439375867e-01
5.905286975725529963e-01 2.374618897719008859e-01
5.723969102570373169e-01 2.139981209241946236e-01
5.179956664900147167e-01 2.755113632919672373e-01
5.779513348574754072e-01 2.647972724000466904e-01
5.160096026469850328e-01 2.850969765378291720e-01
5.586918821961639470e-01 2.760651348199096855e-01
5.263030422814337639e-01 2.603586066066386762e-01
5.613411134920500700e-01 2.678173471037572084e-01
5.909684300285062974e-01 2.565720217339177434e-01
5.755472290510501576e-01 2.350143160669662667e-01
5.183843182198490940e-01 2.220862880916589233e-01
5.319183948832134634e-01 2.966697154066793019e-01
5.079839561636534384e-01 2.392449236387556855e-01
5.134079675972015311e-01 2.133694349698518899e-01
5.019722041706945470e-01 2.013458292776406644e-01
5.947940260803551427e-01 2.869606352937783544e-01
5.462397265043434924e-01 2.166454293369714512e-01
5.490113076232279177e-01 2.879969761091035751e-01
5.238130240024478912e-01 2.149612824394178112e-01
5.826194229645127454e-01 2.177738373104819991e-01
5.865540087649456780e-01 2.658702824917800189e-01
5.187093312891122299e-01 2.817461531901951366e-01
5.064452860112973465e-01 2.206359446336365604e-01
5.017506571170859964e-01 2.886944293495491420e-01
5.535179625976404116e-01 2.679493262638481532e-01
5.863308549216531551e-01 2.473005763715780958e-01
5.403908747826329240e-01 2.738754244974445640e-01
5.633157800476267241e-01 2.327668250431511043e-01
5.033128372610455870e-01 2.847596864010193407e-01
5.684636161492648831e-01 2.362836024462925122e-01
5.921641017236142224e-01 2.316339958529609055e-01
5.106695200669966184e-01 2.660027975787442878e-01
5.434899321416216678e-01 2.944308878101379867e-01
5.172221354775150548e-01 2.920289923135035437e-01
5.845446654244358387e-01 2.948232090034657582e-01
5.814067488333879430e-01 2.720305053752554159e-01
5.211071068818612373e-01 2.516072039317212017e-01
5.619012847310482783e-01 2.398094089898700765e-01
5.089491766153293462e-01 2.116745025607840724e-01
5.603085978897638375e-01 2.478328207102754033e-01
5.529548620930599956e-01 2.035542227368198898e-01
5.408196641927662807e-01 2.113858205524379863e-01
5.442099039801792104e-01 2.952296430808048489e-01
5.113823879631840263e-01 2.166992499586731236e-01
5.835264783463460780e-01 2.948760932995445616e-01
5.328913051332333506e-01 2.670874904549964679e-01
5.224886182536802037e-01 2.495755532644036156e-01
5.632854128472922772e-01 2.669253785089359954e-01
5.146122501594562193e-01 2.134230877091550793e-01
5.840139794406111751e-01 2.826576031055930693e-01
5.829971439482088957e-01 2.292804218757659718e-01
5.075602865479332815e-01 2.015238447077946915e-01
5.886553078037282116e-01 2.663770429083897051e-01
5.952807242547279998e-01 2.481607850450642805e-01
5.861072251279016987e-01 2.402661019518549657e-01
5.682347759085408789e-01 2.138165088582663353e-01
5.421441043335660792e-01 2.571557763007500386e-01
5.542785761458810523e-01 2.360025408332533936e-01
5.777888238796108356e-01 2.219775418341862760e-01
5.832839644028050552e-01 2.900307807953083072e-01
5.559276688229599639e-01 2.228947523441449086e-01
5.393660852279774653e-01 2.665141970079778488e-01
5.317774617634484224e-01 2.866655038883048068e-01
5.131090558901549858e-01 2.222018320159106497e-01
5.634431764400964493e-01 2.980142283471448605e-01
5.305728791718883341e-01 2.441539116901532414e-01
5.295746644639001133e-01 2.841350416876401996e-01
5.650567403983920434e-01 2.919726302364754611e-01
5.059067497266789282e-01 2.814789297472978791e-01
5.519631867920102852e-01 2.830534694248262872e-01
5.754655076522857682e-01 2.152128199768947592e-01
5.767473371766451695e-01 2.564568544887340096e-01
5.933857633086073724e-01 2.622840547380878018e-01
5.198054635190866302e-01 2.589111745189016656e-01
5.298359707694229037e-01 2.298280466293937674e-01
5.745377456636682201e-01 2.258571268303196933e-01
5.061043482519312908e-01 2.132660667439419677e-01
5.478176291024640099e-01 2.657480438672890632e-01
5.274380056162153441e-01 2.766081835259660004e-01
5.997779687124593639e-01 2.575287433192148812e-01
5.073637899872056600e-01 2.753501612105872520e-01
5.281554012155218469e-01 2.233542112854758899e-01
5.720735850571703196e-01 2.690603366733850255e-01
5.639861723110144442e-01 2.440077729297298603e-01
5.501035905043957230e-01 2.991856125632955110e-01
5.463283229580113698e-01 2.868976543773948396e-01
5.766868255390973363e-01 2.939395651985317048e-01
5.205594651170991627e-01 2.494779428395387522e-01
5.007370047047868811e-01 2.842582679654892530e-01
5.935380374275799342e-01 2.538818461622606715e-01
5.549436646279567453e-01 2.154146927910121356e-01
5.481973552109602466e-01 2.470320165354635278e-01
5.349385869609846189e-01 2.245468037332587485e-01
5.626837869550169735e-01 2.518172303620662134e-01
5.779279630470723905e-01 2.216093464586730843e-01
5.264396562654765077e-01 2.490230612951876976e-01
5.708232095640524140e-01 2.007687988313219263e-01
5.049271020296265400e-01 2.536096389763670134e-01
5.800162439307532392e-01 2.093934999608331182e-01
5.468830959168374806e-01 2.706591232454448881e-01
5.663408161766629867e-01 2.703198391064507988e-01
5.528207378984989484e-01 2.884175456356019573e-01
5.196303584791153174e-01 2.847786293203849461e-01
5.611081346997967012e-01 2.731332612222709399e-01
5.052074649448683452e-01 2.817903948922136914e-01
5.612283915877531726e-01 2.026244562709617614e-01
5.655247193483141643e-01 2.109313552148374959e-01
5.012442556427522122e-01 2.594871852848509852e-01
5.798591040924134798e-01 2.179594084330565007e-01
5.722952464921902127e-01 2.537938833402166861e-01
5.793942163721346184e-01 2.412014574194725480e-01
5.495276733292312477e-01 2.060935864604389600e-01
5.727765791125665196e-01 2.446149129593255533e-01
5.697945216984069416e-01 2.612459586815926160e-01
5.379727492688765045e-01 2.400417307745676410e-01
5.280659047431134345e-01 2.222999744169925074e-01
5.246185295141417848e-01 2.414661126904913691e-01
5.869178879952429151e-01 2.748578867316654462e-01
5.127696738940594745e-01 2.605531731959065400e-01
5.040598204044532960e-01 2.263189230359857473e-01
5.668624372531283484e-01 2.321901425491458559e-01
5.936491718470621182e-01 2.864109957073660562e-01
5.542958075952258978e-01 2.056192910906875504e-01
5.203018047832801418e-01 2.035165754039109653e-01
5.343152374541911831e-01 2.327169997670619217e-01
5.609365923396993914e-01 2.101531275400531362e-01
5.420849091631079197e-01 2.817704157999426084e-01
5.138583686224966751e-01 2.578843833126196472e-01
5.968754723887228497e-01 2.037602236572742809e-01
5.992800494903002262e-01 2.053891109632909884e-01
5.575389627063506159e-01 2.916711239427764446e-01
5.999981468845009269e-01 2.537837783967737959e-01
5.411462972231746438e-01 2.865769006308088729e-01
5.883669356085320379e-01 2.276776332406595382e-01
5.584600672240493946e-01 2.287877962364750495e-01
5.808285758815729949e-01 2.474586486513649375e-01
5.118308363873186329e-01 2.740508056878679377e-01
5.747871451567369006e-01 2.676603243659176345e-01
5.290158274819669604e-01 2.190025748750648593e-01
5.732638545653903073e-01 2.555551709655990433e-01
5.729914312080179872e-01 2.364165691912003542e-01
5.176540286578231731e-01 2.578106508604692815e-01
5.599426577321304777e-01 2.896815723726410829e-01
5.607267649615741423e-01 2.352398989327245116e-01
5.649919119764145181e-01 2.970390328485970621e-01
5.703254557677486236e-01 2.071882132645768426e-01
5.118836196456812981e-01 2.880705217910229932e-01
5.403449461479832294e-01 2.994650074561118203e-01
5.895418081832658475e-01 2.518013375688665789e-01
5.189714078890448334e-01 2.515755484962669541e-01
5.863998100801715019e-01 2.917652446246006837e-01
5.868671353734286056e-01 2.390747278048802882e-01
5.374463863844080036e-01 2.043432461010665224e-01
5.401099691265318636e-01 2.348476185232772628e-01
5.529743193918927879e-01 2.200467294397804863e-01
5.010260874452482360e-01 2.641341894268594004e-01
5.871085840452577864e-01 2.878941095840857889e-01
5.774027638963399323e-01 2.112859739936185366e-01
5.648075957182701057e-01 2.428244593605885793e-01
5.554753533578480340e-01 2.973531918053786138e-01
5.587822552540474552e-01 2.438891073397547182e-01
5.976150680221550271e-01 2.737421732839320221e-01
5.056003004558085046e-01 2.156576645654539603e-01
5.283950028880135541e-01 2.914411270052383318e-01
5.883965663007397762e-01 2.975838093822725239e-01
5.834561383614578212e-01 2.180444211346087013e-01
5.626994081843144091e-01 2.586685994406723310e-01
5.572223937286260309e-01 2.159001300536870227e-01
5.764461791080831565e-01 2.196512101217053814e-01
5.011231103529848463e-01 2.093045787660940404e-01
5.394872032835897890e-01 2.070888912092110623e-01
5.485109096117241068e-01 2.036553900680730389e-01
5.747853838484268119e-01 2.010672818654682392e-01
5.643330600715377177e-01 2.000044548338268668e-01
5.000459450039735909e-01 2.621017924766754770e-01
5.917096494995104372e-01 2.393249900409360476e-01
5.533118437844204429e-01 2.717102236194532949e-01
5.133795685781349372e-01 2.428957188933282552e-01
5.084608248167166167e-01 2.712986504484404815e-01
5.819841850711900966e-01 2.456918818782466984e-01
5.897373677626502886e-01 2.091214563513833502e-01
5.620303115669151861e-01 2.519983165654998136e-01
5.290981797474759718e-01 2.575471423399279258e-01
5.541111805426645054e-01 2.072749907840920058e-01
5.558415420992912637e-01 2.632343369478031270e-01
5.835083728951033777e-01 2.840170247393050684e-01
5.458544853239740702e-01 2.002122585806202781e-01
5.942164479497823448e-01 2.337220347515183150e-01
5.013906211241758726e-01 2.216441864292657271e-01
5.145922191024183689e-01 2.206973384749074119e-01
5.960300932567808019e-01 2.730963307763027981e-01
5.552191554993127776e-01 2.459772474350802596e-01
5.857400783101811559e-01 2.559863707515972475e-01
5.047240307692628658e-01 2.455102783162919911e-01
5.303145826558972598e-01 2.167249855049770413e-01
5.288101920927369415e-01 2.909809951504913061e-01
5.381394224238684743e-01 2.896814875905083797e-01
5.724471674719115999e-01 2.866321407759741535e-01
5.852402997939480933e-01 2.188710465745199452e-01
5.966052827868231212e-01 2.241839652264550065e-01
5.531429818530049225e-01 2.379798646883178881e-01
5.889299979919367933e-01 2.308493449415580101e-01
5.951817872511752094e-01 2.612302936663352115e-01
5.245538233821342988e-01 2.216004891399355747e-01
5.269657219393992786e-01 2.273258739614409940e-01
5.594162342865812709e-01 2.895302904229882235e-01
5.029634464015251272e-01 2.264426066075987398e-01
5.139863351400788538e-01 2.148676177489314554e-01
5.240593470404087961e-01 2.499703238204808442e-01
5.733165083988420729e-01 2.068085609284708859e-01
5.057367133090961975e-01 2.154766214361523158e-01
5.882276450204257934e-01 2.290050898510823663e-01
5.515925990297767534e-01 2.623889949866669014e-01
5.338881673513293791e-01 2.862171469460890738e-01
5.048166294966189849e-01 2.016105744846846681e-01
5.938484323218917726e-01 2.960478330176836148e-01
5.962256868385916730e-01 2.506915793596891651e-01
5.415700654269638425e-01 2.207273119713836218e-01
5.920560860034591588e-01 2.782380755468252809e-01
5.112003679824922431e-01 2.531029788000496716e-01
5.220411816264276528e-01 2.321869811702148012e-01
5.615939984560045506e-01 2.501447960086182198e-01
5.072571888648550464e-01 2.633599520684228867e-01
5.521132584736458959e-01 2.153634645214260457e-01
5.645484563599061367e-01 2.972646233626132228e-01
5.063312666403422257e-01 2.690139548119541146e-01
5.898104894918578811e-01 2.226844025963736762e-01
5.251150450681980608e-01 2.823517876634296653e-01
5.521601502730666411e-01 2.732597953573006055e-01
5.362867421092477604e-01 2.003906281047037052e-01
5.747119606382612433e-01 2.828924819400685520e-01
5.268880661822658018e-01 2.675524878308584431e-01
5.310066857706264853e-01 2.491176965047118275e-01
5.970307380722656987e-01 2.087710809640794807e-01
5.409213044591915098e-01 2.821783508304733790e-01
5.546617141205734125e-01 2.587841967483301975e-01
5.485514109478017986e-01 2.725751750799604856e-01
5.445648739601467447e-01 2.689809775478115283e-01
5.678413288939867520e-01 2.352386489784834278e-01
5.964228723228471862e-01 2.887625245176184130e-01
5.919044716219473701e-01 2.590097206983765221e-01
5.761413029522614027e-01 2.174070619659642933e-01
5.403329509463576930e-01 2.231489336242644672e-01
5.434022098793236388e-01 2.044143690941117586e-01
5.933303845670880872e-01 2.881560688275144888e-01
5.322466835735341073e-01 2.519227899586771735e-01
5.225195238739961390e-01 2.097796737003699841e-01
5.761850187567886250e-01 2.696130619858874700e-01
5.021636213404221394e-01 2.741736804754281720e-01
5.456325400963428773e-01 2.632252393862398732e-01
5.239509436187230751e-01 2.338680495535060966e-01
5.663914710056469071e-01 2.981649247593330387e-01
5.803843259984774461e-01 2.736832827747222030e-01
5.194643210102618536e-01 2.081494315128347150e-01
5.022224672452342276e-01 2.703681912567292289e-01
5.923619685947205671e-01 2.703670254359165637e-01
5.557153905313818587e-01 2.917709073178909041e-01
5.390768253876569993e-01 2.129809724858676145e-01
5.566891225213219663e-01 2.592971223626252542e-01
5.916896302631520221e-01 2.578743857108526383e-01
5.859618995031564692e-01 2.807859946401004003e-01
5.073072234915982914e-01 2.441494455244324346e-01
5.818494786599213153e-01 2.725799132668893510e-01
5.696384321967014053e-01 2.301059624360751177e-01
5.700076124566469948e-01 2.683160756339056929e-01
5.822203716310426769e-01 2.484009225769683582e-01
5.732799941093630336e-01 2.748588279834857095e-01
5.804140263578863035e-01 2.731374232990865236e-01
5.755706770270576644e-01 2.096367403896955972e-01
5.361301179022963659e-01 2.080379284341693502e-01
5.677004303260084761e-01 2.545234044668304163e-01
5.734089108149883485e-01 2.074992832162586842e-01
5.635275683628392374e-01 2.841372347272361210e-01
5.921087040968909809e-01 2.022144112328332910e-01
5.223410492143156780e-01 2.221941775212673831e-01
5.426705894900604177e-01 2.042426939716484313e-01
5.585104297189060762e-01 2.272862511166471589e-01
5.608583446828491192e-01 2.961320330510940901e-01
5.744000502148509657e-01 2.836555068254275058e-01
5.346668365212118301e-01 2.182874379766393258e-01
5.151622448534487475e-01 2.173509645495637077e-01
5.744260103839626819e-01 2.827472776425575818e-01
5.572734773603735814e-01 2.064610996764850437e-01
5.239526863989880656e-01 2.372317798278809065e-01
5.420746747231568463e-01 2.786805108661097874e-01
5.350960085970348779e-01 2.456162276321604832e-01
5.115616403103839804e-01 2.658362230554660588e-01
5.938853985511299838e-01 2.313212134185146929e-01
5.354918365713751127e-01 2.093745870626151362e-01
5.357276204574528133e-01 2.948854022692125598e-01
5.989444380854181960e-01 2.561522985003369945e-01
5.349241399746413883e-01 2.877154510761141260e-01
5.027865752067628424e-01 2.706509229117664006e-01
5.627662917422190381e-01 2.075125388962894002e-01
5.019685970092873095e-01 2.841359983318775817e-01
5.920752709322717466e-01 2.488120511513428890e-01
5.549823833011866547e-01 2.620102883340619249e-01
5.580946872954339888e-01 2.917196686411009932e-01
5.762918996032058150e-01 2.573401204026650735e-01
5.761051993752864808e-01 2.220090415933707040e-01
5.520054788943755675e-01 2.036808097908694437e-01
5.349391778074750192e-01 2.400607575709806096e-01
5.470636491717596472e-01 2.615029127765358119e-01
5.574522671354078529e-01 2.654254851769194956e-01
5.574251508838712343e-01 2.053392659257600172e-01
5.271377343008194494e-01 2.477736654497092184e-01
5.902034589962295019e-01 2.062970096126220121e-01
5.944481303491909729e-01 2.655454383679966002e-01
5.485126555963246719e-01 2.179514650199609327e-01
5.348154744456286025e-01 2.048391983700303398e-01
5.793909142264084267e-01 2.108565648733419784e-01
5.513128326143953428e-01 2.311323598428875470e-01
5.160125993514628195e-01 2.178668046074953013e-01
5.850499181193435927e-01 2.015215924333683406e-01
5.323671683849465763e-01 2.319992799253683124e-01
5.557762659458840293e-01 2.410714763744336853e-01
5.181511549011631468e-01 2.724134765928686308e-01
5.882385159272821573e-01 2.937320019768852042e-01
5.310953665233308918e-01 2.600594071481762692e-01
5.339000734648400304e-01 2.956632184230304494e-01
5.341058802580225251e-01 2.973201140917939855e-01
5.433068839909747094e-01 2.501410236165819700e-01
5.020631125180217147e-01 2.865793943321102710e-01
5.022333141843756676e-01 2.976262137270626051e-01
5.369191140074925928e-01 2.818373729473039324e-01
5.735529000060251015e-01 2.009919075219227802e-01
5.876885594192121642e-01 2.771533652998590114e-01
5.690778710787042227e-01 2.622314631628548387e-01
5.465093931583643316e-01 2.716560265284430065e-01
5.622810130655461203e-01 2.599685773221903085e-01
5.105986098424619701e-01 2.284747672946323416e-01
5.109136812093677538e-01 2.678820698053743787e-01
5.062461494585049904e-01 2.349627136636858460e-01
5.963005807060482999e-01 2.540435781006698535e-01
5.570253759241823310e-01 2.066048049818583754e-01
5.472980618650349349e-01 2.207716527471629275e-01
5.432682643619208829e-01 2.730152000291294345e-01
5.748125788613377418e-01 2.107096516332967739e-01
5.168972302658489948e-01 2.119191549905616867e-01
5.637944589808417950e-01 2.896601246456326217e-01
5.156623177036613326e-01 2.562602428941123112e-01
5.803738648042584547e-01 2.276861292234496625e-01
5.515838797038481456e-01 2.449886782389907869e-01
5.778838368345398102e-01 2.124645249725241880e-01
5.648083178612042232e-01 2.971124017130875594e-01
5.690801421899460699e-01 2.546805681032576762e-01
5.526636150661671243e-01 2.146471424219708046e-01
5.085732133327598437e-01 2.741468711526499624e-01
5.467742730681166563e-01 2.072720210372955563e-01
5.204398210429712623e-01 2.544658660964355668e-01
5.824159739310974526e-01 2.413725528504611362e-01
5.954578147221810669e-01 2.562939941060787818e-01
5.366466330076824498e-01 2.570957086538583902e-01
5.672362181259472669e-01 2.971809035421245637e-01
5.757183549216726703e-01 2.879424262366448994e-01
5.084855882371560609e-01 2.189328260249115976e-01
5.440874217503122168e-01 2.776594246388498499e-01
5.620396576220691998e-01 2.173241483194684187e-01
5.284283358396208996e-01 2.180474379394532203e-01
5.943357155145189141e-01 2.217101928689012569e-01
5.050660330414786792e-01 2.671509070593134361e-01
5.746588187145813542e-01 2.960658070150309351e-01
5.132119656563287613e-01 2.777783400659582513e-01
5.023035561565866169e-01 2.702318688346668218e-01
5.508510868496676594e-01 2.801493305883641094e-01
5.276676209886131952e-01 2.404154128391940148e-01
5.968001518772212410e-01 2.195337868468205389e-01
5.083494891869453358e-01 2.594317669339243904e-01
5.584669679387527230e-01 2.779951689266285664e-01
5.735902500577074736e-01 2.394748848425877208e-01
5.735652188846239730e-01 2.940449511133025884e-01
5.296330978046531746e-01 2.733243109960946104e-01
5.483676599926416984e-01 2.748257137058415234e-01
5.858930839028686499e-01 2.423825474156846016e-01
5.724569227144014061e-01 2.422365604033446806e-01
5.255429527900689068e-01 2.816046900348321835e-01
5.711922590949171097e-01 2.320078872550359605e-01
5.282350217058350283e-01 2.418517907891616914e-01
5.128345479525816542e-01 2.104905170264139147e-01
5.915421464471731783e-01 2.706974600381154006e-01
5.724141444198075357e-01 2.045415394557066058e-01
5.592812390629493535e-01 2.906614393936230445e-01
5.214582124890780879e-01 2.009527499495314395e-01
5.232787000886292006e-01 2.958467622590992829e-01
5.151378704382143514e-01 2.944925413663266323e-01
5.994053784591911738e-01 2.450188148785810982e-01
5.800390276517717325e-01 2.391550814143498516e-01
5.310885285558071267e-01 2.470323436392558025e-01
5.478008401709717479e-01 2.900101641486772519e-01
5.268080594065774891e-01 2.118934653931792422e-01
5.888411231663136514e-01 2.797822626205791474e-01
5.784842073346301294e-01 2.172294691865144511e-01
5.379570550956901398e-01 2.084853436594388820e-01
5.174242249971036101e-01 2.862940736520847018e-01
5.447728318578206608e-01 2.396551047323957351e-01
5.024917859949442622e-01 2.804341565955966731e-01
5.064524926991124110e-01 2.019320912233192322e-01
5.421327187370309497e-01 2.792529168341981727e-01
5.156214944000681033e-01 2.550395526371211918e-01
5.351380162251553330e-01 2.567132508625088461e-01
5.872905861272273986e-01 2.659118094753708528e-01
5.161130034649575871e-01 2.449586918766167853e-01
5.367452151549956252e-01 2.844953302326411748e-01
5.719232582318494185e-01 2.487711801823281332e-01
5.713686939481542604e-01 2.135724387699294291e-01
5.963631506580778785e-01 2.172861696725377489e-01
5.284542113179061529e-01 2.816800050025424773e-01
5.976359933928185875e-01 2.199679490861263520e-01
5.116700101882374341e-01 2.542010729947579706e-01
5.541974458547099802e-01 2.779352868867756010e-01
5.146428257294918263e-01 2.798261037406597485e-01
5.037765518884294025e-01 2.896967807634737158e-01
5.055710696411966909e-01 2.751287872248623922e-01
5.785881923101483526e-01 2.897396266871033466e-01
5.210086127705362280e-01 2.161463416729082487e-01
5.882711942131164662e-01 2.841229870089033716e-01
5.966166927368081740e-01 2.887976658952919329e-01
5.272589301300381059e-01 2.264070828099357668e-01
5.923342757801077774e-01 2.359699983159953829e-01
5.251051264861392731e-01 2.551857201127967212e-01
5.717890487170765867e-01 2.476695161705854686e-01
5.517339832969034852e-01 2.716203066953267742e-01
5.703162967210841927e-01 2.801440508115615180e-01
5.868700118151047862e-01 2.296289360435143645e-01
5.871737208615538384e-01 2.726306182794740463e-01
5.098083747885380212e-01 2.319763910905859317e-01
5.452599090193496201e-01 2.168725934508763664e-01
5.300742787900974973e-01 2.659532449963981637e-01
5.523108632701506648e-01 2.481982087041132157e-01
5.151953591199657234e-01 2.931271863277601919e-01
5.393669080222148748e-01 2.223482686743187553e-01
5.964634054991770906e-01 2.336319517478510910e-01
5.855146598596867591e-01 2.327871997295963835e-01
5.811906229934693524e-01 2.259049471777160867e-01
5.971999355005475074e-01 2.695441761294839478e-01
5.053905146933383996e-01 2.889350139148484375e-01
5.740897352965859124e-01 2.484009753608083793e-01
5.528784285245371688e-01 2.245850815568984082e-01
5.404749912006349133e-01 2.161879102601497182e-01
5.004179193044330232e-01 2.423449125370145119e-01
5.977650017879556632e-01 2.497436408549635889e-01
5.654556878168628398e-01 2.266281391751492902e-01
5.269742130841761352e-01 2.695287518512871072e-01
5.956791406849724080e-01 2.801251171748246338e-01
5.188053816853949174e-01 2.364888520365758806e-01
5.889463766239793063e-01 2.224677049045483135e-01
5.761641592526204336e-01 2.099744184457539298e-01
5.272824823092523427e-01 2.066061031657267510e-01
5.108601993642781780e-01 2.341194440642454522e-01
5.431861710249301645e-01 2.881226246797551904e-01
5.362919933227939806e-01 2.324962729609981460e-01
5.364223077410142926e-01 2.358092647792932040e-01
5.341724036136241693e-01 2.061852074843815441e-01
5.521784844835576633e-01 2.197370678424252488e-01
5.181997662279029804e-01 2.938248986527273732e-01
5.527722433997583895e-01 2.325674330638473342e-01
5.777776395945841692e-01 2.202516388263874025e-01
5.202962216443914878e-01 2.657382086276501298e-01
5.346803405116651309e-01 2.981795889276890321e-01
5.020176643547376027e-01 2.884537325383146888e-01
5.716160470028475160e-01 2.412259283093452222e-01
5.601958315492392426e-01 2.474134412803168370e-01
5.307200056763275997e-01 2.501643812962551228e-01
5.833026774158814876e-01 2.227843725333749914e-01
5.904898595599730182e-01 2.169000674350258229e-01
5.820566783234502051e-01 2.902766941416112800e-01
5.091194722727965249e-01 2.826497641004248051e-01
5.258516339487813163e-01 2.797195795930589868e-01
5.129309615924723120e-01 2.931424929872845642e-01
5.968794493711759852e-01 2.287930710401243073e-01
5.512387437884088692e-01 2.934809339088249036e-01
5.383548678907972285e-01 2.701264665462870807e-01
5.715264058923322787e-01 2.973821620368290453e-01
5.533144619101159067e-01 2.395943202932765137e-01
5.312168536782650996e-01 2.361493097570020183e-01
5.748347372114229747e-01 2.357805933190036951e-01
5.885516468615328289e-01 2.833666792309474380e-01
5.878490814179953006e-01 2.388794329394529070e-01
5.578913513612914210e-01 2.499087129241783500e-01
5.301864945193843770e-01 2.960602083211751334e-01
5.707001478113151727e-01 2.344909988379768606e-01
