5.365874408972344245e-01 4.403296609684301810e-01
5.549447627019873375e-01 4.009110518622719388e-01
5.977774948963866519e-01 4.140989017695229646e-01
5.475695788544513443e-01 4.681151369697630349e-01
5.276510623441597048e-01 4.745033494838938326e-01
5.336869918121576184e-01 4.903554410268339270e-01
5.433458533463401130e-01 4.822643801061419211e-01
5.023881731734864964e-01 4.151945813187384871e-01
5.061787555771604108e-01 4.039650334024273981e-01
5.248221795483944963e-01 4.314605304671265129e-01
5.383619557186557492e-01 4.885415523118564196e-01
5.290893212833711612e-01 4.186078000133348076e-01
5.205613881381070396e-01 4.248021736199980025e-01
5.375529032043430133e-01 4.150705871825208781e-01
5.333096276521429591e-01 4.547816435403537749e-01
5.725442926708188551e-01 4.601917512807492949e-01
5.717251139020111950e-01 4.016573257979090261e-01
5.206707519104218918e-01 4.197857717189095172e-01
5.688647749254889252e-01 4.062284779557571723e-01
5.389067801818416825e-01 4.287568007414833682e-01
5.535417490456270295e-01 4.418596841752039373e-01
5.288609493187403920e-01 4.054969922462588472e-01
5.921098424913013858e-01 4.296387391258527089e-01
5.245312978106579926e-01 4.965294834273852875e-01
5.638848869896503357e-01 4.147067428753540841e-01
5.297165280409102950e-01 4.835880084816279179e-01
5.719922151796962284e-01 4.617155197988069282e-01
5.959226501050504110e-01 4.918753011006744558e-01
5.965246667499810584e-01 4.123607096066711497e-01
5.680028419336775602e-01 4.210257749405996730e-01
5.550161060612665009e-01 4.069244070357604937e-01
5.534682978486252791e-01 4.214918676105809392e-01
5.429353576924162983e-01 4.095571935164480371e-01
5.154317415989708717e-01 4.528258290494820981e-01
5.627747606122031065e-01 4.032074455839141924e-01
5.633886419130826884e-01 4.108918482981173126e-01
5.839636906110821091e-01 4.344979993266555596e-01
5.446161469533579158e-01 4.262690045799679694e-01
5.759460543905432495e-01 4.130169995891476709e-01
5.967583772030218281e-01 4.843994923707516387e-01
5.842339677116137331e-01 4.675613608659847653e-01
5.045877381800394357e-01 4.539434497217386122e-01
5.209001574123500733e-01 4.100538291517518141e-01
5.738648193070761128e-01 4.355994077571264667e-01
5.698019846993085391e-01 4.389865009649288607e-01
5.238645816666437360e-01 4.140296037150590358e-01
5.082361635690525459e-01 4.469357163341584060e-01
5.120677086857031712e-01 4.769158344800389360e-01
5.802954832033722088e-01 4.265809217694191968e-01
5.981516093960558278e-01 4.240833540876240426e-01
5.457626916604930711e-01 4.971647414263058451e-01
5.465304697827619851e-01 4.688428008499437305e-01
5.551682310128345232e-01 4.315402836921764518e-01
5.716705855196059227e-01 4.336154851851801162e-01
5.300943972232966539e-01 4.955760563390181339e-01
5.219225633325325076e-01 4.223565978530440246e-01
5.489192310304320532e-01 4.952931470434179806e-01
5.735256236183652323e-01 4.493189172883618188e-01
5.638763761583927003e-01 4.081485274182056200e-01
5.627582944594793357e-01 4.861336088998577942e-01
5.340717744475915740e-01 4.813003037524871686e-01
5.424932513429432390e-01 4.941205801706378686e-01
5.713830659822117797e-01 4.807849282980006245e-01
5.400964849772459386e-01 4.487997934504418529e-01
5.297236568462402317e-01 4.378185416900502447e-01
5.862324005096555268e-01 4.347331678466307414e-01
5.872126769919792100e-01 4.284539020296167511e-01
5.380589952949992316e-01 4.726565710089010719e-01
5.640007481978501769e-01 4.874544113808292334e-01
5.355571408434760539e-01 4.413876311250397588e-01
5.424294404323076746e-01 4.011966400869930172e-01
5.441211101582148491e-01 4.743381241526845038e-01
5.342236205751661471e-01 4.082157817821263635e-01
5.122634487862699482e-01 4.679818211536134198e-01
5.967972396137850577e-01 4.929128001175505092e-01
5.392167497916832142e-01 4.046043616622090333e-01
5.270200633581472172e-01 4.254184971907357671e-01
5.029503499411684952e-01 4.118611140638883117e-01
5.414680156388527177e-01 4.065717403001201102e-01
5.252998209474201152e-01 4.408323162214274338e-01
5.532748852926155925e-01 4.695444772307406645e-01
5.283083369780992022e-01 4.475018685807629626e-01
5.998231182578940279e-01 4.040389564655235688e-01
5.316890597152089670e-01 4.176482461184671258e-01
5.054941277403728339e-01 4.546134813887289239e-01
5.762985371634798959e-01 4.572728978218407736e-01
5.368018107058879496e-01 4.178099547267833391e-01
5.722327257312443960e-01 4.567348683926107933e-01
5.618271230564493290e-01 4.578733371010266784e-01
5.403588123905065377e-01 4.196830806811466807e-01
5.005256884622802938e-01 4.669019614840578258e-01
5.557985384913100013e-01 4.002050928743975389e-01
5.560321597919943848e-01 4.934315834074920470e-01
5.860777541957553627e-01 4.832710527854603977e-01
5.195689474311713241e-01 4.893164412075967640e-01
5.472731327092077436e-01 4.518629007442351297e-01
5.868011531272739889e-01 4.052077790356420350e-01
5.808885923574218513e-01 4.259673447586435069e-01
5.073453979616600051e-01 4.598352923640024459e-01
5.798296452352342811e-01 4.685852895964252030e-01
5.781658560140037206e-01 4.390794630866612369e-01
5.298632191163465954e-01 4.717663070590295549e-01
5.660347820971096677e-01 4.865587511067452908e-01
5.571059922493106775e-01 4.890446259473748558e-01
5.218280423066797846e-01 4.976694172215008205e-01
5.857309881921149985e-01 4.202097699598387193e-01
5.134967605023388337e-01 4.446953917613669094e-01
5.475381266816397030e-01 4.152021404150914585e-01
5.796317901541205853e-01 4.055112268506519957e-01
5.493571003185998558e-01 4.254846050199324603e-01
5.953512888803002001e-01 4.423711889285474874e-01
5.412516268207121506e-01 4.818116156498242209e-01
5.215686841081296210e-01 4.055391576696872891e-01
5.641838323557267776e-01 4.894831481640355975e-01
5.074010869607896712e-01 4.061248951763265502e-01
5.787349176063063538e-01 4.081870154894875480e-01
5.923683291880140755e-01 4.065110723188175013e-01
5.353156719776928085e-01 4.196741718528799736e-01
5.929178145156197566e-01 4.736757809082358106e-01
5.035485072557943642e-01 4.168008594430290259e-01
5.042580499489481838e-01 4.476025325738440253e-01
5.947729059033584065e-01 4.847061696396289809e-01
5.098515352703841819e-01 4.287732603600417081e-01
5.121397962822200611e-01 4.231814501735980949e-01
5.822186701415084098e-01 4.621934535593391624e-01
5.577305634888176655e-01 4.453931342111299152e-01
5.845372912430017998e-01 4.542255539870161396e-01
5.156796774749813350e-01 4.479313346562523446e-01
5.175892599221949553e-01 4.548119938374703963e-01
5.207256130870591138e-01 4.685921546693143647e-01
5.460128205584968697e-01 4.240484642874605692e-01
5.498668273788352989e-01 4.223684224544722587e-01
5.025728877281177009e-01 4.071796008323618210e-01
5.577446317678849130e-01 4.836733940632655937e-01
5.582142483570506908e-01 4.376188865781334147e-01
5.320027981104333836e-01 4.904113708969840557e-01
5.708724306961054928e-01 4.491595825349763427e-01
5.324584621540018325e-01 4.516097213842665825e-01
5.052228157480761483e-01 4.016553020663615747e-01
5.716528956641209192e-01 4.189453606881756165e-01
5.521285600716151487e-01 4.104314421988016770e-01
5.883898205570259332e-01 4.149557187903037958e-01
5.232956479924407711e-01 4.256832710940838815e-01
5.954333540658102164e-01 4.739319909681271592e-01
5.888576958028073349e-01 4.286160057047683769e-01
5.705943741759351706e-01 4.727406716442837942e-01
5.065318689836475485e-01 4.009247526527176531e-01
5.729250069921918431e-01 4.204320514302624101e-01
5.245605757610726227e-01 4.540320351976354640e-01
5.909460293602004644e-01 4.158606606199375388e-01
5.705012224700198864e-01 4.881510533673565355e-01
5.427375084409130634e-01 4.246641413240475060e-01
5.650756326734704960e-01 4.709354841952621551e-01
5.817246590524061123e-01 4.618168550209427736e-01
5.750713358204615488e-01 4.743341354023863365e-01
5.365622609194291570e-01 4.114025367300916391e-01
5.674130798111367557e-01 4.783024119681299480e-01
5.217824468225924495e-01 4.644872544191129826e-01
5.719006208902633892e-01 4.660744874181206310e-01
5.331823786867601056e-01 4.489345533183184411e-01
5.807349890534800885e-01 4.192938251399744853e-01
5.899178336224107921e-01 4.448238712277035045e-01
5.716773903194006801e-01 4.556201819519417051e-01
5.351270701160937282e-01 4.092596037339709669e-01
5.062615298413472020e-01 4.447340536133524425e-01
5.136709282281428646e-01 4.605492802367703309e-01
5.015000880285275242e-01 4.656414708902434918e-01
5.284937759648064004e-01 4.912008593715189164e-01
5.031823911517991910e-01 4.163310299664348957e-01
5.019986609199122984e-01 4.134146335840703790e-01
5.816980293699804960e-01 4.618859567655488885e-01
5.280498899797745338e-01 4.234765084278924174e-01
5.003985948851986665e-01 4.962038218629848396e-01
5.516840582362947387e-01 4.303748717385311173e-01
5.852198957975455196e-01 4.460825552072004152e-01
5.492191879237942054e-01 4.401621508258956594e-01
5.756580203735834900e-01 4.171876686687492342e-01
5.290928077206408231e-01 4.871913242048573900e-01
5.775033209127771183e-01 4.811154128481108794e-01
5.704419810963338167e-01 4.147878746646534442e-01
5.594993628719447942e-01 4.499336912481370909e-01
5.479705692980139098e-01 4.582728154000933474e-01
5.450531885002808385e-01 4.142239883854459404e-01
5.417600632817234363e-01 4.627503474764317337e-01
5.321221020853426076e-01 4.819538045801172732e-01
5.939228199194672708e-01 4.685923106649536596e-01
5.500391158369479783e-01 4.264537787411852854e-01
5.253911364095872338e-01 4.541464936351158332e-01
5.581793336976554887e-01 4.829676123597004267e-01
5.305732311301059045e-01 4.904108879826606371e-01
5.861207526138069168e-01 4.026688622466167988e-01
5.898101376889471892e-01 4.718641691328482879e-01
5.848350214000050951e-01 4.203158586659934137e-01
5.336870229846836233e-01 4.349699628247560845e-01
5.073753504829812133e-01 4.313994038085490201e-01
5.849108011723477274e-01 4.239480314562856789e-01
5.866159478491328461e-01 4.794648055677985243e-01
5.584146589013699868e-01 4.573741165502416828e-01
5.930090417934851255e-01 4.751797023840079737e-01
5.775150803172856007e-01 4.067177953105913235e-01
5.793718230060997954e-01 4.246656728137216952e-01
5.456794637798192404e-01 4.441073113480784595e-01
5.291714885928359147e-01 4.734666856640887822e-01
5.119933830506053773e-01 4.142700306941522470e-01
5.318759046051153572e-01 4.012765300875653640e-01
5.149954384467001489e-01 4.851439102012199411e-01
5.415244829034170371e-01 4.035409463069794533e-01
5.574328515788784522e-01 4.490301522517287647e-01
5.180541110511672764e-01 4.679811382613658921e-01
5.917983587925124134e-01 4.947810343242577957e-01
5.034107361777278022e-01 4.672125130468248733e-01
5.417750635707390128e-01 4.602946837559663829e-01
5.970033417306312984e-01 4.606607531682920254e-01
5.938174276883778635e-01 4.385077281730365151e-01
5.191236999585859824e-01 4.607122369844500742e-01
5.068454468401004664e-01 4.312481496919997603e-01
5.802684149992605178e-01 4.150621166109355054e-01
5.994011005863391084e-01 4.336256681566030280e-01
5.702051122299542918e-01 4.450041946070584231e-01
5.063421358461327459e-01 4.254658331015101491e-01
5.853878298207485509e-01 4.133768723934822531e-01
5.334580620235845894e-01 4.158481413119239356e-01
5.488388040785443511e-01 4.353681669030926571e-01
5.507358673187024989e-01 4.095769732901017868e-01
5.451127399052865252e-01 4.429754106884891129e-01
5.554310292540287630e-01 4.904394691294581832e-01
5.145145725163425832e-01 4.230026960801779312e-01
5.644079436379149106e-01 4.975528648628282369e-01
5.421810716184223278e-01 4.736742326886066445e-01
5.175139470522345242e-01 4.454788713075869544e-01
5.951643265825815599e-01 4.569748155871923845e-01
5.310958856177991905e-01 4.759053116548459528e-01
5.376325386135875073e-01 4.138881559388066789e-01
5.057797101421909192e-01 4.217901407154466265e-01
5.073734203564984613e-01 4.157923429619541089e-01
5.766847246931993132e-01 4.958263299868735929e-01
5.764648749622844903e-01 4.103549252151162952e-01
5.547742874050319850e-01 4.959362580099460627e-01
5.013225698139327502e-01 4.319320640157519042e-01
5.983087129533901649e-01 4.200773728258085926e-01
5.355042933070078837e-01 4.169930490279102342e-01
5.866514216166562878e-01 4.460943035094922515e-01
5.719831778286030843e-01 4.279342742703535762e-01
5.679019293632625587e-01 4.243400066700394602e-01
5.517291895787295175e-01 4.848188594716190680e-01
5.035038854953189924e-01 4.820022240834866967e-01
5.868957165805834819e-01 4.058282566892847942e-01
5.812261225028767520e-01 4.357497217457980687e-01
5.807210916231821951e-01 4.257100536522079315e-01
5.812889175013602472e-01 4.148851028075623004e-01
5.568601768875707236e-01 4.035229798687517411e-01
5.497682868804538714e-01 4.407365301797420143e-01
5.363443066360917832e-01 4.854116420515440788e-01
5.424361380076554440e-01 4.718336647206849421e-01
5.959950907986536484e-01 4.809498351935620475e-01
5.429938306585513352e-01 4.264479102786981057e-01
5.173927529604784858e-01 4.935117445117184198e-01
5.547554279817425993e-01 4.506762543668308418e-01
5.591175202635468855e-01 4.414886551813278492e-01
5.502190538715440171e-01 4.047983767401249211e-01
5.124795767691097126e-01 4.481894036465082221e-01
5.747592852183613932e-01 4.502212809141561412e-01
5.429911691173443522e-01 4.958113016185824451e-01
5.245073875298444932e-01 4.736984167306975135e-01
5.234119194327837565e-01 4.433933341251008464e-01
5.017022708147075294e-01 4.127456006948019840e-01
5.318675985197782730e-01 4.288578812597370615e-01
5.361319414237888381e-01 4.433108801660390341e-01
5.672659966190048975e-01 4.823158332805769222e-01
5.799284198216166919e-01 4.406516763626616151e-01
5.112762670481398875e-01 4.724626118704186029e-01
5.282947179750552280e-01 4.614764817605757075e-01
5.831636941672884156e-01 4.287094541414366855e-01
5.553214866980882292e-01 4.536249634260905994e-01
5.622795633817773142e-01 4.414540744072071865e-01
5.504507380410053052e-01 4.936745563881086429e-01
5.990145196059678545e-01 4.301104155238290039e-01
5.592783468272852776e-01 4.331554582835885348e-01
5.552278754654194071e-01 4.227740220038859742e-01
5.658709882910395450e-01 4.954901694658822020e-01
5.862630983501582183e-01 4.522669108152325146e-01
5.183708135512847814e-01 4.769537734182056621e-01
5.834080506338438221e-01 4.770513803148134779e-01
5.723077797807274436e-01 4.130668894928494761e-01
5.120224961556310017e-01 4.571292076234888535e-01
5.779971526258046444e-01 4.108851577785797016e-01
5.430738890878735736e-01 4.256885110843940945e-01
5.143475582308276728e-01 4.894268316140973907e-01
5.405413482441716599e-01 4.957175727297190582e-01
5.013957306569281069e-01 4.335170654639733945e-01
5.234300601089038052e-01 4.427443699774077368e-01
5.363174723227759344e-01 4.019060542976661266e-01
5.936315252088449901e-01 4.313653577785020454e-01
5.590575082383755223e-01 4.981919814224677889e-01
5.011895707440379155e-01 4.572211795762888276e-01
5.036096022239631154e-01 4.399902342218033890e-01
5.861594696169588614e-01 4.870931207528090834e-01
5.977540188866409254e-01 4.180096311608982873e-01
5.758713961656317659e-01 4.926734596035181046e-01
5.972938405108166871e-01 4.205345735718382660e-01
5.328443610930371221e-01 4.086576667012684072e-01
5.276949097299276081e-01 4.448981147933617208e-01
5.182760916743567314e-01 4.300720075290974664e-01
5.705780154814590333e-01 4.010909386147163413e-01
5.842716600799754412e-01 4.778805155225842594e-01
5.734712431068007543e-01 4.747589646069196867e-01
5.431362478541233996e-01 4.074454782701075195e-01
5.491322015601716178e-01 4.634800469833875169e-01
5.091725743674530014e-01 4.286923002945293715e-01
5.811227845501694134e-01 4.112337722743252821e-01
5.905509906763098948e-01 4.122884478734098468e-01
5.976104116805082134e-01 4.335725534110096979e-01
5.106218465938248130e-01 4.550660375806877544e-01
5.162560650328236189e-01 4.201161403522875037e-01
5.538878845996125788e-01 4.657375307670685860e-01
5.911403884131398723e-01 4.394886390683842015e-01
5.345987735309956079e-01 4.108363829527381661e-01
5.292658614014745799e-01 4.726948261361114678e-01
5.318099080117193456e-01 4.087041161464192163e-01
5.094377047011253712e-01 4.378731033530177674e-01
5.459433760001449754e-01 4.042253144367640161e-01
5.530274678510109787e-01 4.577630715417924101e-01
5.343752284381982909e-01 4.021193677547950651e-01
5.229164883408130571e-01 4.125162547876889962e-01
5.321515011236697124e-01 4.605625273149425714e-01
5.213910496582182530e-01 4.330476951670341190e-01
5.035580336760413500e-01 4.591059870159401868e-01
5.411967834578750303e-01 4.638516129602058280e-01
5.859627940097603682e-01 4.113072594985222596e-01
5.555229246766817397e-01 4.415172164487946582e-01
5.652720691598706049e-01 4.010788793930096796e-01
5.115923857070112657e-01 4.979461403847266210e-01
5.110575527153409237e-01 4.411493829565024116e-01
5.615849258463767590e-01 4.170274202128552710e-01
5.030546576780754453e-01 4.553496910583366697e-01
5.970742197720498856e-01 4.460187955427352691e-01
5.294204886624017670e-01 4.204437608793989978e-01
5.643807023704914272e-01 4.627776481728697044e-01
5.532210319850724423e-01 4.752412431139461657e-01
5.607370398922799648e-01 4.015843374598384585e-01
5.133613462322247356e-01 4.314669007244842924e-01
5.545923453656580460e-01 4.829954166506415514e-01
5.813133335109874622e-01 4.431239939129149041e-01
5.723562563716844132e-01 4.716057390713405129e-01
5.294441223179846556e-01 4.839179455441071642e-01
5.494199384279804255e-01 4.538588150401640098e-01
5.423319181229807606e-01 4.692323721620499377e-01
5.327749103358601079e-01 4.276890101945711731e-01
5.302336741046493884e-01 4.169127516956578905e-01
5.582747392499409766e-01 4.503772394713567717e-01
5.597595399101120694e-01 4.098787731166267934e-01
5.781596630486531829e-01 4.776457620906744417e-01
5.832777572106887520e-01 4.040525915348565644e-01
5.037825965547897411e-01 4.752287883940986557e-01
5.242879980622319191e-01 4.197334846928927332e-01
5.152086690700663496e-01 4.764042098520343549e-01
5.920936412723798448e-01 4.035383755755131419e-01
5.785039331222155967e-01 4.738747446036381539e-01
5.589710164262680081e-01 4.909270310505366997e-01
5.313986168001147981e-01 4.786132735576493769e-01
5.667528048525071194e-01 4.989206829190603321e-01
5.646852771020278716e-01 4.409215909454355931e-01
5.379769835958008173e-01 4.506750038075693077e-01
5.094154650850003518e-01 4.453682377834589090e-01
5.719355611427662245e-01 4.529671021026478450e-01
5.789371845261064298e-01 4.566874878756601586e-01
5.476998208875027974e-01 4.252888079889537432e-01
5.831410070326810136e-01 4.900214576819300616e-01
5.418505402945095195e-01 4.137933889987476799e-01
5.628921577574814705e-01 4.065012157105383217e-01
5.216364818900042222e-01 4.312933496579549053e-01
5.414180478305682387e-01 4.048142339384735999e-01
5.861277864692220341e-01 4.272585994961177747e-01
5.788528202695782943e-01 4.670435723550844243e-01
5.874816663539966788e-01 4.289469352232245791e-01
5.436445807054437473e-01 4.953021121168455498e-01
5.859100216606811795e-01 4.681622143347057285e-01
5.753349403390988215e-01 4.690870827475075999e-01
5.556199763400470060e-01 4.128917897618245014e-01
5.744051753928118842e-01 4.307283837164621598e-01
5.625260167584575921e-01 4.345365170835892021e-01
5.962036288861414235e-01 4.202756677764217241e-01
5.180739355742263186e-01 4.159114799288518571e-01
5.039053232748178512e-01 4.248750399855669713e-01
5.071591502538165264e-01 4.715897599288424447e-01
5.788306825122888633e-01 4.901156954778209673e-01
5.023375044109508192e-01 4.848170738846362404e-01
5.167929986644884677e-01 4.477730778944163381e-01
5.235173122969520865e-01 4.059200571529771873e-01
5.416138727111892148e-01 4.171433982325984391e-01
5.317489881837222931e-01 4.485866046926042516e-01
5.107060420263020983e-01 4.545710123681435677e-01
5.094727951376130104e-01 4.718798404015224213e-01
5.496178436052056027e-01 4.772438726984479795e-01
5.222241436872749887e-01 4.746982619491048050e-01
5.226238775821135940e-01 4.026073454754853231e-01
5.169586142222397651e-01 4.672246785967504312e-01
5.873022971969589223e-01 4.596995617454808780e-01
5.083595293093269296e-01 4.761963876230050907e-01
5.954310644558482579e-01 4.157670433565556767e-01
5.634570254395353528e-01 4.409371672933412034e-01
5.079210312467079547e-01 4.293334311243753865e-01
5.077989403226410570e-01 4.088031077631558152e-01
5.408432970765437720e-01 4.276225047771218257e-01
5.176572868599691457e-01 4.989820619582109318e-01
5.227837739756656665e-01 4.650550148532759387e-01
5.357829033249366102e-01 4.285981688848956583e-01
5.917001314989085436e-01 4.532172522826392047e-01
5.531654076841032719e-01 4.049063062539661750e-01
5.586026999975497453e-01 4.788419076628565585e-01
5.180538924286803848e-01 4.992079265450470871e-01
5.871224169999157416e-01 4.857970101418500608e-01
5.845845547475950754e-01 4.669666637752365457e-01
5.342860818292411995e-01 4.531273819016209403e-01
5.952356217814094297e-01 4.514729022274361903e-01
5.299069721336069350e-01 4.642422775513120325e-01
5.971150912004683509e-01 4.966675734571085465e-01
5.371108887962479095e-01 4.270150434962538544e-01
5.194001309649862730e-01 4.157369619722412479e-01
5.200436841136599764e-01 4.399668162685127504e-01
5.188699990402090290e-01 4.204970745653014985e-01
5.532358039604781119e-01 4.319392252634554064e-01
5.308397289958066700e-01 4.628041445294975853e-01
5.698224589503722015e-01 4.673053895435846927e-01
5.132784758386613744e-01 4.018331346161928552e-01
5.743288406562400139e-01 4.548484295778000841e-01
5.083322370961615988e-01 4.377202086818433591e-01
5.883202751301921385e-01 4.684362561894978016e-01
5.993845403756359325e-01 4.600041012746982627e-01
5.565293815051998161e-01 4.332861228512000507e-01
5.204781687211751384e-01 4.201800999963342109e-01
5.347089641239193281e-01 4.341052157464896366e-01
5.557468477003177920e-01 4.773929223872260819e-01
5.816079395946762709e-01 4.735458040340801977e-01
5.531432390525463649e-01 4.326501169836151628e-01
5.967709668445508875e-01 4.893760002223632166e-01
5.514450960601126051e-01 4.935692832895821613e-01
5.951153788058954897e-01 4.276473434639594950e-01
5.710503761065018891e-01 4.066797475692807140e-01
5.116711838421288405e-01 4.322303874220877473e-01
5.925324078077578438e-01 4.495239908242690263e-01
5.766823801755273093e-01 4.176292552990657492e-01
5.282573495244238249e-01 4.566043349652700867e-01
5.441879036200369946e-01 4.795796448682124735e-01
5.148586076057219962e-01 4.751772330918478948e-01
5.770170889470772613e-01 4.145858525841078501e-01
5.351949938088820247e-01 4.302799340583159382e-01
5.916523084717262293e-01 4.983521286075699441e-01
5.900854153741935670e-01 4.883528037953210887e-01
5.294210440668470907e-01 4.659957634194010767e-01
5.720362024233817122e-01 4.341333415628475523e-01
5.967013299785143277e-01 4.239500901340214067e-01
5.102230064565633771e-01 4.913226683184315213e-01
5.791950083925677673e-01 4.053114036935262510e-01
5.478787544721553937e-01 4.647068889064791541e-01
5.872571144947257293e-01 4.236267040766176217e-01
5.003915779177052769e-01 4.851204043153800605e-01
5.734711485751771143e-01 4.233046217720817239e-01
5.599847743125451194e-01 4.717449930889305865e-01
5.712165753075212349e-01 4.953929635327747327e-01
5.867389729324440362e-01 4.981534114893640952e-01
5.520484328057297940e-01 4.342575537310791045e-01
5.790807812148888178e-01 4.236273946117270484e-01
5.609542714779789385e-01 4.457738972212543227e-01
5.541247470155381549e-01 4.566001744246707683e-01
5.317864439073118898e-01 4.082472656607142869e-01
5.421595610918787944e-01 4.966708416080362620e-01
5.547758540191956023e-01 4.975127362220339577e-01
5.706923907238368177e-01 4.951177444339667222e-01
5.253305827624634716e-01 4.417457796545338766e-01
5.232798491020259624e-01 4.047683179336841186e-01
5.147362696257284931e-01 4.591004068873233424e-01
5.721383150485139790e-01 4.762945532331405163e-01
5.159307740952721044e-01 4.465460931511449072e-01
5.751337569138553762e-01 4.743990766033134854e-01
5.058112935172878188e-01 4.793532127957158551e-01
5.544298309658272084e-01 4.908867944585983967e-01
5.840416301221769135e-01 4.257594176283591714e-01
5.395718632350243738e-01 4.726094608741864267e-01
5.908342064519043202e-01 4.978158843623995411e-01
5.687375052430885258e-01 4.503919403575316616e-01
5.396012132883791779e-01 4.800334306606556245e-01
5.563053828316490979e-01 4.366732138574079825e-01
5.170439248324172343e-01 4.555866489729002988e-01
5.804907194186670338e-01 4.237206336900355419e-01
5.037619485359030591e-01 4.844876631808018308e-01
5.089478827725892884e-01 4.865230568997496174e-01
5.212511272876182433e-01 4.024958416193482602e-01
5.838602743246616988e-01 4.229227340409829061e-01
5.247530834322300386e-01 4.166755076210176822e-01
5.470574874308150592e-01 4.863419505062848147e-01
5.377427683510656031e-01 4.069034718156198660e-01
5.697210224587916372e-01 4.558323354987988130e-01
5.249482102315981003e-01 4.156827876041134795e-01
5.780576954699474523e-01 4.268973331186779463e-01
5.051278583576486181e-01 4.073874889706746716e-01
5.921609802241010190e-01 4.761246928685484159e-01
5.937043269099337994e-01 4.507061745288848398e-01
5.274348059751310380e-01 4.239947365058592266e-01
5.782111707567784142e-01 4.582629357185701302e-01
5.604336219518735174e-01 4.167846837517816261e-01
5.930953092327491127e-01 4.029346153206059267e-01
5.189595977695927731e-01 4.418374300259024778e-01
5.183300565113115876e-01 4.317501156280671992e-01
5.751902070261493138e-01 4.432941126925978303e-01
5.605779926710436900e-01 4.489212835450493988e-01
5.501874042522979513e-01 4.049654815553491716e-01
5.305824640850438367e-01 4.218323360698601476e-01
5.003329860049715583e-01 4.299250983294115036e-01
5.659650520642337534e-01 4.805171835604232222e-01
5.286484694839118648e-01 4.133451752170128057e-01
5.173911776317252631e-01 4.311274563824499806e-01
5.012879808994490372e-01 4.646566495750579784e-01
5.599786244701403515e-01 4.097822458609872154e-01
5.200775763182959865e-01 4.172829082409604817e-01
5.674848182537817198e-01 4.869042830066965255e-01
5.819919642020713324e-01 4.989398124027287218e-01
5.730053143799191950e-01 4.756565453970532653e-01
5.102865231940488799e-01 4.490747183892273564e-01
5.368658622259107061e-01 4.991874242699967379e-01
5.120043275200937272e-01 4.727111771623245806e-01
5.687560912950344605e-01 4.883282765910176293e-01
5.960618544872690050e-01 4.362871706455871967e-01
5.342341482285253296e-01 4.156042968600328069e-01
5.543490050178464523e-01 4.551023418673499910e-01
5.974012209413205321e-01 4.793376098177892786e-01
5.441399531343465990e-01 4.411096069978475143e-01
5.404720445431322462e-01 4.995133574868367288e-01
5.690547353784540796e-01 4.117994834383730263e-01
5.605600763695257616e-01 4.707869612010791571e-01
5.450257082782825613e-01 4.097448918771567361e-01
5.370286051049302234e-01 4.914365441931932144e-01
5.927266075356206754e-01 4.689294459495325640e-01
5.871511468349217555e-01 4.572123927378255459e-01
5.260279724791815381e-01 4.818455088343298609e-01
5.514349107244846948e-01 4.433350858726430310e-01
5.280364714481435851e-01 4.813028056301242863e-01
5.634120567094107468e-01 4.611040837172387663e-01
5.945733470542482468e-01 4.220327084765577164e-01
5.550800745995185803e-01 4.837295946831609017e-01
5.795803217266677354e-01 4.587258820351374222e-01
5.174385079107541863e-01 4.020923468030579429e-01
5.797873460855371697e-01 4.248225389822710141e-01
5.466067341877225427e-01 4.261266321755250996e-01
5.283354802170763254e-01 4.018351656904919356e-01
5.731217845673513001e-01 4.556903439724412919e-01
5.397602933243758061e-01 4.886348944125218363e-01
5.443633089235467848e-01 4.363542453119660380e-01
5.281909993798956648e-01 4.218764322682812540e-01
5.461602465497017445e-01 4.335438990662831005e-01
5.434983986571635395e-01 4.174136033058131745e-01
5.301803497035354473e-01 4.510389626866032620e-01
5.374223293910451726e-01 4.533691782135442772e-01
5.942365592042058164e-01 4.560989343766186921e-01
5.580989687109427777e-01 4.663811967078710374e-01
5.949621181064337350e-01 4.796556799889929446e-01
5.350343922618546744e-01 4.368654886066302145e-01
5.924245825202205662e-01 4.801644392671453598e-01
5.827419277829490873e-01 4.946615789813195718e-01
5.384175755531910301e-01 4.448380308431971186e-01
5.936225130042027676e-01 4.858231429488769626e-01
5.737167426070372001e-01 4.992350169152112715e-01
5.728914684405507218e-01 4.397011393242902244e-01
5.398114591194357326e-01 4.114459764795367347e-01
5.065314408889374231e-01 4.887782301061595058e-01
5.675122975723726482e-01 4.531017382634621171e-01
5.229203144036418394e-01 4.252846921481116538e-01
5.091324125516737409e-01 4.529341160068055538e-01
5.444593775514844358e-01 4.562653889260490647e-01
5.810870460773699397e-01 4.608871200690298764e-01
5.511247990530602214e-01 4.383321255476236855e-01
5.435475762102530695e-01 4.582146461588063047e-01
5.647950031579251906e-01 4.228328255163924521e-01
5.090801954483860081e-01 4.361354800553821631e-01
5.865106220907962964e-01 4.576912598831550660e-01
5.305632520875634972e-01 4.718140674233726184e-01
5.732853429955024893e-01 4.041813373117683073e-01
5.519741823682531301e-01 4.680081895401212999e-01
5.235978788320019284e-01 4.930521781510279755e-01
5.039722468694093349e-01 4.904919113658063878e-01
5.696052626672145625e-01 4.626241380480621834e-01
5.935919766500252770e-01 4.357511796601573062e-01
5.488098156434346730e-01 4.498441614813892819e-01
5.015628244401326707e-01 4.247494218983877134e-01
5.969606323452537611e-01 4.886013751145060757e-01
5.110404520901633552e-01 4.202621373097438218e-01
5.103406340251528395e-01 4.875767828107101520e-01
5.179847411373648125e-01 4.239044542942773663e-01
5.763580786422163316e-01 4.545936084741824534e-01
5.726452766782290649e-01 4.534338487383896554e-01
5.045981959747098955e-01 4.026621391702982500e-01
5.726368404386973365e-01 4.774043021105448537e-01
5.140720148096470377e-01 4.363369480250134935e-01
5.766251285492287604e-01 4.853257997481542629e-01
5.725157272516829821e-01 4.981520382636580591e-01
5.053765949647233136e-01 4.887504875405412896e-01
5.710046320365486094e-01 4.432417508149233409e-01
5.941033257724466221e-01 4.750710854644035197e-01
5.874942285102006112e-01 4.366720365910178314e-01
5.579510662193952752e-01 4.695175211930497916e-01
5.199564035160709752e-01 4.488482073804156425e-01
5.375841021271767772e-01 4.378369856595568654e-01
5.778274038694882764e-01 4.869280077944153073e-01
5.694750430451910317e-01 4.191235968350022767e-01
5.463969915507211894e-01 4.600045151116247122e-01
5.512982122696756804e-01 4.354198066254879596e-01
5.890197779583326021e-01 4.792883734654983519e-01
5.894823889938358707e-01 4.113405778746012098e-01
5.067301225058500336e-01 4.732391595758562719e-01
5.465930961729444926e-01 4.684888897776874339e-01
5.983988970105843519e-01 4.761825857257198091e-01
5.182424491260828603e-01 4.850418024801234629e-01
5.006434416938433385e-01 4.904060850571936858e-01
5.533899626376486136e-01 4.787054957635453745e-01
5.485448938818692222e-01 4.498815414082524833e-01
5.233834968356605444e-01 4.836548946438007368e-01
5.304341974364831236e-01 4.707586349539031323e-01
5.763111288556704848e-01 4.263263370077542413e-01
5.447900667397780339e-01 4.784711329745041097e-01
5.559580903488579029e-01 4.333408392519361718e-01
5.337656677881291722e-01 4.078674655136067528e-01
5.882601734217413059e-01 4.028019036313869594e-01
5.765326209323549111e-01 4.135789193264487462e-01
5.954200091344024059e-01 4.303209273064363405e-01
5.832317648530959131e-01 4.005686798590405995e-01
5.749568698564220259e-01 4.196465422362488096e-01
5.366913640303757616e-01 4.332413609835541468e-01
5.511858334827425265e-01 4.753739368965980705e-01
5.791284541396002350e-01 4.571493080928990538e-01
5.605315626333178258e-01 4.323237497215103864e-01
5.191962534679239738e-01 4.660125264339516349e-01
5.591495359530315179e-01 4.372844880501106646e-01
5.915052806245498784e-01 4.090189407445460890e-01
5.449293381934543490e-01 4.861513171686805412e-01
5.787624662108159512e-01 4.298312836317791930e-01
5.089906115572644385e-01 4.339739243851991057e-01
5.237121363534253948e-01 4.516609755332931520e-01
5.004922555719272248e-01 4.954759217333949417e-01
5.681895447389146980e-01 4.514962389450426494e-01
5.713814798694925035e-01 4.024708319739183082e-01
5.395529925900063306e-01 4.278583717197312342e-01
5.126161967175699719e-01 4.060466968492967288e-01
5.356113775211353012e-01 4.826786944451071371e-01
5.889556262359381122e-01 4.178804965540635075e-01
5.740861290747913959e-01 4.137187781723561386e-01
5.718141031388833673e-01 4.547497680449392177e-01
5.523249964851186800e-01 4.582468472636027634e-01
5.453198332980794261e-01 4.439357516056099406e-01
5.639798359954010243e-01 4.136333270243641169e-01
5.592771090592388861e-01 4.075013755281454708e-01
5.101372647348616507e-01 4.617521697384972534e-01
5.516212493537486772e-01 4.292705538992237502e-01
5.829936991647225453e-01 4.690352713852607991e-01
5.189988536828812338e-01 4.378347747194907269e-01
5.706977928422001245e-01 4.776000576824923072e-01
5.599456752147198291e-01 4.402796778990973325e-01
5.013783798520794477e-01 4.502756515681526350e-01
5.208411794786499405e-01 4.473548863630960604e-01
5.871462673168771351e-01 4.604666925055057036e-01
5.592631923423388995e-01 4.092075104579411260e-01
5.015634566343418754e-01 4.197839957459365001e-01
5.783178694413334542e-01 4.632093123667038181e-01
5.785468252908366749e-01 4.873858304342786329e-01
5.669517722030051887e-01 4.969988152922688585e-01
5.673168395345106196e-01 4.300652803655176104e-01
5.814627370510268012e-01 4.878347199049508642e-01
5.255777791374701691e-01 4.055062421927112526e-01
5.857477729754558826e-01 4.172332018385351837e-01
5.463316546366073778e-01 4.936976412838083861e-01
5.269782194498807693e-01 4.360083686543675396e-01
5.765821980858559792e-01 4.076804372809951782e-01
5.257465421955513918e-01 4.357367691674854937e-01
5.502698063754234425e-01 4.125491128584643508e-01
5.433160159448658932e-01 4.401831518456245096e-01
5.065352850023965292e-01 4.034484801454050196e-01
5.362328812903667252e-01 4.073549302358155932e-01
5.422577706006185272e-01 4.544523320816466483e-01
5.988366953167412188e-01 4.065083140536456252e-01
5.539669411002208221e-01 4.378577224659900846e-01
5.126045607647843338e-01 4.801299081511646305e-01
5.762424194090082219e-01 4.496752841348012897e-01
5.634207521755042469e-01 4.748411349851179297e-01
5.254917783149534172e-01 4.853049705262266755e-01
5.864303278539615416e-01 4.701533963199017174e-01
5.616597425707421376e-01 4.620901299021170083e-01
5.518297624236170318e-01 4.705245902199270969e-01
5.101336860715961485e-01 4.160430738730565570e-01
5.435579128713208252e-01 4.592220104552471316e-01
5.079630685546856483e-01 4.411143714210382094e-01
5.704380199029105425e-01 4.304966706729664860e-01
5.564831159468139887e-01 4.065451550638031208e-01
5.050103348782274404e-01 4.323723195177853196e-01
5.305806061558243636e-01 4.363677161399903137e-01
5.974215841173081687e-01 4.917945392016959127e-01
5.541805685450944541e-01 4.187581574157922537e-01
5.616333739732169983e-01 4.818686965021777846e-01
5.587202723720879893e-01 4.404690272657920680e-01
5.827680637613575909e-01 4.994261151576910307e-01
5.852747306821454165e-01 4.474087463463350955e-01
5.540853215978024382e-01 4.025692728040675128e-01
5.326734577575272800e-01 4.714122118588793264e-01
5.628996653784745785e-01 4.593065243625562011e-01
5.498414876591314338e-01 4.448202096465102562e-01
5.741371667856658423e-01 4.377313355330660904e-01
5.670066604497785434e-01 4.532897167611545375e-01
5.961951052221506897e-01 4.675820462129005040e-01
5.907973033460404144e-01 4.813300302848504963e-01
5.579163363319071811e-01 4.148916419585199078e-01
5.489504000039606701e-01 4.584362135839600283e-01
5.074424100946763883e-01 4.843496705394534363e-01
5.549969244140193769e-01 4.275654391475843252e-01
5.167305264970208922e-01 4.204962005936574432e-01
5.027257853861497594e-01 4.467138373727322920e-01
5.797363017007042263e-01 4.888701417234891933e-01
5.654735501920694629e-01 4.325327616698132482e-01
5.067729654576558218e-01 4.548926357983353874e-01
5.773464458963381007e-01 4.849590696280564606e-01
5.420332706354020758e-01 4.090600052676028886e-01
5.583667236918982146e-01 4.021813971594061510e-01
5.498144418584087756e-01 4.155541781235743692e-01
5.838804221477501555e-01 4.326028927145767478e-01
5.970175113313516135e-01 4.737676079717046407e-01
5.673464152453564502e-01 4.765613713856012290e-01
5.212020533806710487e-01 4.137202402662722989e-01
5.441522874940686316e-01 4.855941423909168053e-01
5.290847866643076935e-01 4.022491895224989955e-01
5.144671816832890876e-01 4.623232171222985132e-01
5.488606089954461975e-01 4.544615911684347642e-01
5.638597179788970015e-01 4.772080863142391660e-01
5.871689286555816789e-01 4.569414758297958290e-01
5.768661150273685090e-01 4.094492167053299658e-01
5.005505619550143503e-01 4.351363530863931461e-01
5.936741250670540815e-01 4.001499499099528401e-01
5.245745020835386185e-01 4.201575688757773763e-01
5.446460979921957657e-01 4.231022672954408703e-01
5.910648184537607985e-01 4.017074578356784054e-01
5.456580805659431155e-01 4.198773852333915757e-01
5.303714146477582769e-01 4.913743781308334002e-01
5.883115151077146221e-01 4.042803128402490120e-01
5.287019208751957411e-01 4.929216128856762635e-01
5.713346004261296018e-01 4.367209490748947820e-01
5.727510784450046133e-01 4.066147096482333190e-01
5.326693018098567212e-01 4.258486926807140138e-01
5.433635907324192438e-01 4.585355082687515571e-01
5.073930540461589755e-01 4.482023978033744527e-01
5.882717069245908537e-01 4.322030456374995055e-01
5.649087625531074019e-01 4.558180555483459795e-01
5.913047590503867079e-01 4.698519689751195494e-01
5.330233234329274650e-01 4.281799204225277267e-01
5.688946819154014900e-01 4.436261263576761760e-01
5.338903381323265585e-01 4.611015294653252883e-01
5.103369337521064253e-01 4.413808106222452121e-01
5.424939384852087709e-01 4.383344897865863454e-01
5.821827161118527938e-01 4.024617014542337667e-01
5.201153877544286708e-01 4.076679701058815719e-01
5.943933099692598754e-01 4.502902777458620553e-01
5.446767709492609244e-01 4.353036511047204682e-01
5.917359650406025517e-01 4.411141555097527478e-01
5.119815399805660583e-01 4.029632006875845107e-01
5.516021863823881155e-01 4.191857737319112931e-01
5.855688221170900487e-01 4.601887148325183308e-01
5.289310357029722853e-01 4.223750199410090111e-01
5.436618092353945331e-01 4.172685593479725785e-01
5.727029663954547045e-01 4.504106185950524921e-01
5.989806712760400442e-01 4.886238733615654306e-01
5.063308452087742495e-01 4.276327106723737392e-01
5.468576363205990276e-01 4.975644579555964508e-01
5.455333200504620672e-01 4.194327413707911179e-01
5.860660067129197515e-01 4.766519801831222702e-01
5.488304172769908895e-01 4.711527527526834236e-01
5.688867783006916756e-01 4.253965353690354334e-01
5.485180487068987976e-01 4.571087952751620165e-01
5.526904058845417689e-01 4.753596717553035811e-01
5.304445317418938766e-01 4.675945527609145502e-01
5.650177021112038345e-01 4.642700201433871410e-01
5.900644425642629365e-01 4.820015211133357735e-01
5.511772582572085355e-01 4.374575234738978802e-01
5.044568358782028916e-01 4.871780443070166111e-01
5.355161174200770979e-01 4.313401188434244915e-01
5.035722261940202005e-01 4.258361465578945904e-01
5.085252322456496055e-01 4.922345590333295773e-01
5.498705535086277907e-01 4.391657648728763408e-01
5.702378402759855636e-01 4.877842021638763015e-01
5.844933519555126633e-01 4.794899760313491299e-01
5.339018055667472673e-01 4.030063857776806646e-01
5.244041945269606320e-01 4.276126584875973302e-01
5.441458107662191512e-01 4.458910823168189541e-01
5.875469351542391694e-01 4.706164865981434797e-01
5.954038184284077273e-01 4.569710628958562060e-01
5.862274142004357813e-01 4.685942028567306461e-01
5.420701692102776192e-01 4.312973247987945125e-01
5.124076843195162212e-01 4.159833522612810808e-01
5.633609782972567315e-01 4.304097126465896705e-01
5.858468781191217278e-01 4.718063150314396603e-01
5.243294611998119414e-01 4.041619669438359375e-01
5.150360917792677906e-01 4.415119568978779219e-01
5.369134946311973078e-01 4.183001379465087766e-01
5.423929769377315857e-01 4.056452092480162808e-01
5.999869961215219538e-01 4.345382940825915918e-01
5.064225981464113291e-01 4.066434781637384144e-01
5.520817195973874991e-01 4.226356919297182824e-01
5.421238707387463496e-01 4.568740038569429895e-01
5.729430350705239094e-01 4.356773406905855017e-01
5.450754980626333346e-01 4.977630393458225555e-01
5.646400881194084675e-01 4.467448765936555821e-01
5.250229928178208327e-01 4.377925849155368532e-01
5.825371148303934987e-01 4.652215422040385517e-01
5.745831340423416256e-01 4.888056847828001761e-01
5.605120490491150020e-01 4.500368345563641181e-01
5.828969536745294278e-01 4.305220367797241710e-01
5.526595153404372240e-01 4.631003329064189988e-01
5.856690073477416325e-01 4.304110018268155757e-01
5.805576219284641626e-01 4.245279176978303814e-01
5.338351062543776893e-01 4.349980718307117633e-01
5.829828133831086445e-01 4.101680922901010939e-01
5.299082223196563968e-01 4.905673464642545389e-01
5.260823307593354148e-01 4.190809020933462525e-01
5.221781730428041168e-01 4.890977664176597850e-01
5.916194926676413557e-01 4.085944007874058315e-01
5.332192593947311376e-01 4.132040088174420700e-01
5.398760062919456537e-01 4.079522893959052765e-01
5.307456256434232023e-01 4.109550281332400856e-01
5.708981441003169177e-01 4.192125603930268452e-01
5.359915255849355686e-01 4.008792837395096509e-01
5.780601641164571092e-01 4.438419730866125512e-01
5.034592344304755773e-01 4.029913896788229755e-01
5.901448910314820440e-01 4.937731480708237863e-01
5.027309276704482466e-01 4.887645764537528748e-01
5.730171044626242161e-01 4.099666612148648026e-01
5.800411877184058485e-01 4.237006075460104104e-01
5.190666859722818938e-01 4.122158505991094790e-01
5.243109177182456726e-01 4.735271580722099083e-01
5.040459371254092380e-01 4.698838930514980250e-01
5.277920514173827238e-01 4.145467107542584739e-01
5.173573413224509254e-01 4.149922549385856030e-01
5.621064024299009532e-01 4.192349406323258587e-01
5.866661128037037320e-01 4.250214825070850466e-01
5.393187322302156472e-01 4.155493428950822743e-01
5.021961743586726978e-01 4.838958317739908699e-01
5.423778983941192067e-01 4.980171809792325321e-01
5.921894437380068599e-01 4.732397773565209520e-01
5.802070916936035161e-01 4.175302277154712138e-01
5.239155090774125778e-01 4.095845669215808504e-01
5.509426323807250503e-01 4.597577696419308246e-01
5.858918797979328907e-01 4.896161262509488576e-01
5.672914895263716506e-01 4.739132513865346175e-01
5.713741477224247856e-01 4.285418330961474620e-01
5.309625757454089490e-01 4.023289285475754040e-01
5.962374697520240741e-01 4.717977412269308002e-01
5.459144183100370640e-01 4.431865868066775516e-01
5.459601141327624640e-01 4.681825392341977254e-01
5.260635950350053269e-01 4.277561788702142764e-01
5.251289577360602756e-01 4.736170626626584057e-01
5.269436676262591046e-01 4.014881558158012176e-01
5.954872816876667363e-01 4.521628326240078044e-01
5.065680512456247619e-01 4.136725301517734099e-01
5.340343430526222068e-01 4.301371761462224885e-01
5.585498572485830815e-01 4.909186614095736312e-01
5.431459558038993496e-01 4.409044377003677462e-01
5.184917407731332029e-01 4.711512601618867979e-01
5.622612494894687618e-01 4.774864966872429117e-01
5.643525546180470087e-01 4.279639604695792965e-01
5.986997465232610782e-01 4.584043946894754695e-01
5.161731503530364584e-01 4.847166240941734872e-01
5.133839221152827204e-01 4.073182445591542744e-01
5.921489467034756204e-01 4.142110036218460412e-01
5.597565014804809502e-01 4.172997965496592077e-01
5.012659409568003266e-01 4.211582685473053700e-01
5.515028272664861397e-01 4.897117829422150681e-01
5.188920724929650952e-01 4.306865128146868948e-01
5.677395583183388883e-01 4.118882198666477534e-01
5.373365972755682618e-01 4.136180958337861147e-01
5.902785405840197397e-01 4.378734446122060087e-01
5.388709069963988352e-01 4.083913508143121596e-01
5.554166706867095238e-01 4.814340423543415071e-01
5.714146119732788076e-01 4.698244513894217489e-01
5.267650145787456939e-01 4.167521358893162553e-01
5.078211602628304178e-01 4.644899458657305580e-01
5.989113431881045724e-01 4.291742095508108146e-01
5.120354605635034639e-01 4.581240103257802065e-01
5.024715094909821822e-01 4.512831375268156475e-01
5.868309248849883364e-01 4.683652293160052715e-01
5.567258887034635118e-01 4.204148123141021598e-01
5.082372101767616002e-01 4.203402316056525923e-01
5.807501422050452833e-01 4.189990273409893717e-01
5.214470440329654899e-01 4.407364220838109192e-01
5.741161958169614943e-01 4.155234854301492198e-01
5.381420976675432843e-01 4.286720194102691117e-01
5.347699489320264510e-01 4.794812792463125639e-01
5.295032651718359906e-01 4.195997943754022907e-01
5.282585939842884271e-01 4.146552491949128672e-01
5.997096498392633368e-01 4.637801663746830005e-01
5.744903246921684303e-01 4.083721739755714619e-01
5.852857600202836519e-01 4.874143792375282835e-01
5.700404146569623132e-01 4.211276986575424042e-01
5.816422000163250505e-01 4.504953342207345113e-01
5.751124507087321813e-01 4.145610256068599231e-01
5.117745722842337308e-01 4.093601925127717811e-01
5.571577876748754488e-01 4.186684647167520090e-01
5.634396279103941474e-01 4.650793181410761701e-01
5.115276094049737710e-01 4.400134974934595267e-01
5.591341973445456137e-01 4.165489945245258729e-01
5.523920726933149172e-01 4.127688957892196031e-01
5.430714199017843136e-01 4.249117362188867819e-01
5.950791521060775358e-01 4.746438422708011973e-01
5.113096341890768226e-01 4.050048806336436491e-01
5.553010737462207302e-01 4.594564456017053988e-01
5.862872063511941345e-01 4.287811167765107623e-01
5.717733762086569804e-01 4.318928860680265047e-01
5.487185207819027521e-01 4.157479152364584873e-01
5.448554338586506507e-01 4.386084059398019930e-01
5.238858939134579673e-01 4.583250983833910830e-01
5.180050723824592973e-01 4.211101791923812510e-01
5.299325339546465674e-01 4.400943190048893783e-01
5.611106762298933015e-01 4.966612432962120849e-01
5.583513437172635818e-01 4.744129568640755856e-01
5.272223334707643039e-01 4.159788951249319133e-01
5.606318389127340485e-01 4.857965136505114634e-01
5.732780196867661715e-01 4.183870231186484490e-01
5.146745737078269878e-01 4.440227835714537497e-01
5.962462573054614356e-01 4.377566205843891889e-01
5.234845478117760020e-01 4.026242216551803033e-01
5.654042657608723266e-01 4.103322985092068276e-01
5.225591370958955206e-01 4.445694176746536885e-01
5.718827351826556438e-01 4.438985093937046211e-01
5.715879441404533301e-01 4.658069544547637220e-01
5.422719620596849754e-01 4.939761239605688359e-01
5.404882995507855892e-01 4.177263137227283929e-01
5.012392993330909707e-01 4.863804614669227089e-01
5.354341089635891171e-01 4.622062345921590376e-01
5.849443967068268524e-01 4.977649809160326067e-01
5.851242878037697936e-01 4.315352495445018977e-01
5.358627736983911927e-01 4.798431750839341481e-01
5.393646378557311882e-01 4.887919522885008083e-01
5.785899601904840317e-01 4.212006635269983645e-01
5.920094923873944204e-01 4.454131551231103048e-01
5.526456372835876207e-01 4.678394303407171773e-01
5.329445189307620012e-01 4.326776158782769111e-01
5.450619673747337801e-01 4.585535142214531845e-01
5.314819588031174380e-01 4.609359057343400679e-01
5.863251693059183811e-01 4.598610283619897210e-01
5.471968520557360938e-01 4.446648053304396164e-01
5.221044196208473043e-01 4.615686021499226799e-01
5.959079494011286782e-01 4.465742858942424731e-01
5.297243450401144527e-01 4.150065016719159394e-01
5.012419966546091121e-01 4.711285222901121506e-01
5.519894399436713339e-01 4.299145573136002874e-01
5.577064023271626203e-01 4.244400323592250057e-01
5.442305126844376728e-01 4.026381341768692779e-01
5.106558435006581798e-01 4.779223688175492368e-01
5.694454143111605804e-01 4.379395369941039839e-01
5.033330345457998067e-01 4.024509598670410471e-01
5.501805600317084544e-01 4.160039927487466649e-01
5.424419645297687831e-01 4.704883315733744409e-01
5.239635846765809957e-01 4.909820079449596086e-01
5.247411349351023269e-01 4.304401632566713931e-01
5.851170019485874008e-01 4.131440033389339739e-01
5.228414345123613138e-01 4.998988719753518217e-01
5.119773183380350590e-01 4.080378781295455060e-01
5.258297791720616399e-01 4.910655312576686082e-01
5.552871885197327995e-01 4.469596354112690406e-01
5.871277129778693649e-01 4.049455937906675240e-01
5.214460942053587011e-01 4.605681516251421415e-01
5.557245204537700767e-01 4.161008076057068905e-01
5.331530976777212327e-01 4.318256911075822879e-01
5.588636907104339580e-01 4.307506418783090818e-01
5.755949674567468755e-01 4.707817172705223152e-01
5.370055507849154086e-01 4.638218850028182905e-01
5.461611346263073319e-01 4.494425380166148232e-01
5.939989700077322743e-01 4.223111440171857800e-01
5.062865962794802499e-01 4.671238883322545998e-01
5.321392603135590704e-01 4.786529595355640265e-01
5.912473504898160259e-01 4.439585637613704394e-01
5.751926677259412424e-01 4.160030927239207754e-01
5.586022328034302431e-01 4.655552798041037166e-01
5.982945224008043850e-01 4.867672151609641062e-01
5.953223248609020857e-01 4.446604888642856634e-01
5.291573735854513405e-01 4.729597918284892399e-01
5.158371514906172628e-01 4.075453784676608682e-01
5.963190478094086977e-01 4.789158556068046080e-01
5.004161821566820434e-01 4.960830823230598097e-01
5.911799521068886731e-01 4.535710704890300038e-01
5.459794526308604512e-01 4.368125117386300049e-01
5.920444961063842104e-01 4.808099498434663110e-01
5.061576225603261481e-01 4.939109450876069118e-01
5.743355111144388125e-01 4.011155707430011930e-01
5.623361890422886589e-01 4.108875186965984527e-01
5.657420978377969423e-01 4.310751662455912792e-01
5.931256712635128991e-01 4.143572170424593137e-01
5.628817468872355789e-01 4.080472889710986539e-01
5.802983434574729982e-01 4.129602762504852587e-01
5.776907213680335662e-01 4.229720948582647022e-01
5.658172972125499189e-01 4.137073457766873297e-01
5.880179107989531584e-01 4.291392251305663486e-01
5.363299545938560176e-01 4.385245854592780823e-01
5.930712966088398375e-01 4.642820617342955924e-01
5.475490981405292112e-01 4.578921789192833547e-01
5.907484753560330315e-01 4.722934724690996955e-01
5.749718614267015360e-01 4.553603722208349747e-01
5.285588145024590068e-01 4.394284195143883798e-01
5.874813332197428295e-01 4.809138225363281949e-01
5.847341250579274341e-01 4.122897885501142778e-01
5.904681866405846469e-01 4.441537113978889506e-01
5.621639345514132247e-01 4.502582650675930331e-01
5.145556713565728746e-01 4.942844531945507769e-01
5.337017189144916962e-01 4.179892110484669243e-01
5.372299653772950601e-01 4.967415833134589676e-01
5.719697581898615102e-01 4.941779626204810816e-01
5.683981971469717065e-01 4.071781861107281464e-01
5.243596706382350758e-01 4.473500277797036739e-01
5.992534130972272388e-01 4.318419943992783949e-01
5.849618626765547003e-01 4.378874844104019282e-01
5.556155466207498561e-01 4.537642509216694986e-01
5.033978182246048316e-01 4.414890430485686190e-01
5.554922402043842578e-01 4.493148532160019526e-01
5.395361524972249745e-01 4.836742262419064242e-01
5.118556227750337140e-01 4.441411989249350878e-01
5.374414086084210451e-01 4.199068128332792416e-01
5.374277765650179450e-01 4.589128449949397837e-01
5.770270191409829774e-01 4.007152165602635430e-01
5.181501108263317779e-01 4.694445553600308241e-01
5.676368459096245989e-01 4.746895763689842340e-01
5.285817758795297028e-01 4.647276070806731774e-01
5.523300089312966898e-01 4.450722227595855784e-01
5.754260229644341251e-01 4.023219100032394691e-01
5.379832975789293759e-01 4.030390074858518634e-01
5.220771644265609357e-01 4.278499298556093233e-01
5.734884863042672976e-01 4.849895212212607110e-01
5.068041834663999934e-01 4.888093740147277377e-01
5.052628838680668366e-01 4.135046905814148133e-01
5.338815058908703559e-01 4.772492821581623135e-01
5.320195551231965414e-01 4.734098323424742460e-01
5.972932930754792924e-01 4.505169780025671811e-01
5.494189443906248860e-01 4.270255968421421966e-01
5.280201180255663651e-01 4.617254359088299176e-01
5.086780368719393541e-01 4.204836669164654372e-01
5.303180232535941174e-01 4.629963879423248940e-01
5.858254291948440384e-01 4.524336105673889552e-01
5.908289034982594501e-01 4.576685645845937067e-01
5.784121208174662909e-01 4.939386913193782314e-01
5.826446012834100019e-01 4.474536204500904057e-01
5.440041784592288820e-01 4.471995397390559623e-01
5.994604142164274840e-01 4.776031933484400360e-01
5.998391671537739445e-01 4.751381603889975325e-01
5.613376566649929122e-01 4.210400521530678342e-01
5.736629429119431967e-01 4.625936271039328140e-01
5.168581020348903543e-01 4.999733292383760075e-01
5.062836028421022760e-01 4.569167586013234694e-01
5.258526928233618891e-01 4.707507892944455818e-01
5.312441827125811145e-01 4.228621441348447973e-01
