5.024162741397537602e-01 5.732622193945380307e-01
5.199659240767782187e-01 5.418456277143028910e-01
5.400399621897191693e-01 5.831564059042804171e-01
5.279599152019019970e-01 5.917719490457260534e-01
5.106552646606717927e-01 5.967273817457127150e-01
5.437827733991078549e-01 5.813801633603817853e-01
5.010059214064792599e-01 5.963887688545776999e-01
5.456917148340852952e-01 5.978949475410417769e-01
5.066085807245065409e-01 5.811427119262424501e-01
5.077050633663775514e-01 5.908379292930592275e-01
5.133601186978163922e-01 5.962907451189550789e-01
5.310372215379955962e-01 5.577449749360898767e-01
5.133052941440714445e-01 5.914426967756095666e-01
5.026186116863166076e-01 5.357076552147244097e-01
5.430857467396429383e-01 5.832238684467296874e-01
5.186823572482740508e-01 5.909851787791520206e-01
5.353270288989240289e-01 5.988463458637933723e-01
5.247653286276318108e-01 5.814074595039075977e-01
5.090008012248650182e-01 5.700832911195105046e-01
5.150970279336370972e-01 5.971201418611402634e-01
5.504767290919901912e-01 5.903006219091688767e-01
5.236655002783101587e-01 5.751128895156607523e-01
5.313141504059383236e-01 5.684890118566807704e-01
5.296202289680181918e-01 5.938634074714053135e-01
5.024341543250827602e-01 5.487629402967217906e-01
5.004144502455332155e-01 5.921247772967959122e-01
5.223330534832275607e-01 5.991289563331225754e-01
5.402256532546149126e-01 5.920021387452039097e-01
5.363612252932626889e-01 5.967259021137448771e-01
5.043672936321118572e-01 5.638846480273571604e-01
5.098325050660872382e-01 5.896324518107385337e-01
5.395580650890913210e-01 5.951813170897485294e-01
5.235872362654908629e-01 5.495841874821528750e-01
5.189011267398206950e-01 5.887700667305985069e-01
5.097053453292248459e-01 5.465487127470428641e-01
5.125371316672362454e-01 5.838542639086907737e-01
5.227368571324817470e-01 5.977962072222157142e-01
5.213622876308089404e-01 5.784474277101661066e-01
5.407028801632748349e-01 5.919490970951207798e-01
5.033660128435494263e-01 5.555464383619360680e-01
5.485445506184573050e-01 5.986611781142020527e-01
5.073944994772886519e-01 5.889290676672434000e-01
5.026611377869366626e-01 5.791296577129485534e-01
5.011823260153155379e-01 5.972385408957771036e-01
5.084335569946972777e-01 5.057110216516299550e-01
5.021564931547595201e-01 5.719798160313279700e-01
5.360824568574910076e-01 5.983865613733407862e-01
5.160514105734743673e-01 5.883559088500611711e-01
5.012669689833526565e-01 5.846752116730398185e-01
5.045271110499092160e-01 5.504808990084524289e-01
5.769854542912334905e-01 5.490491945673575680e-01
5.721198766638688760e-01 5.716778358154404049e-01
5.016610667972970505e-01 5.247326986139089211e-01
5.979270174258439763e-01 5.859094810309728452e-01
5.349965593997850766e-01 5.420237215941732245e-01
5.035462037518073641e-01 5.257856114632999400e-01
5.929597260642712753e-01 5.411649815687578080e-01
5.445952950934797032e-01 5.105566462145869622e-01
5.692902151068021110e-01 5.218348425955866565e-01
5.664377202355426189e-01 5.363890014145442642e-01
5.310874672015761799e-01 5.612396052767627541e-01
5.152359978634933890e-01 5.807838545377130846e-01
5.967285622594048489e-01 5.676707171629579163e-01
5.686097564994851972e-01 5.230254924621469126e-01
5.583398516188228244e-01 5.088060807955112619e-01
5.333153854291905471e-01 5.260726086336440233e-01
5.192215218202227422e-01 5.559232095655850525e-01
5.398692087938683493e-01 5.688665719090190143e-01
5.832015791545077654e-01 5.619309180832533501e-01
5.509344939223078663e-01 5.395880762982374623e-01
5.571495125142933436e-01 5.264905157496375665e-01
5.722429127773844826e-01 5.214336125527270216e-01
5.846260769678410796e-01 5.771471608658547137e-01
5.539635378656180276e-01 5.317474727907874898e-01
5.836730808742728316e-01 5.313255466738958654e-01
5.828782041696417560e-01 5.736104244646916817e-01
5.900009346383955355e-01 5.264418073515233498e-01
5.611219692524543889e-01 5.105853091441998615e-01
5.665771651048943092e-01 5.762896142646156683e-01
5.683204357329372236e-01 5.124583341118930102e-01
5.643331893595142645e-01 5.455016232685889754e-01
5.793997215402721945e-01 5.701903992388741571e-01
5.076526395751278509e-01 5.032510019437457238e-01
5.043114244312709715e-01 5.588240647113478232e-01
5.373458907256394301e-01 5.886401667678071714e-01
5.064248859140390024e-01 5.326738054156774371e-01
5.821841432718428688e-01 5.004838807218811025e-01
5.140027045698627450e-01 5.778821102814830635e-01
5.918116919766369666e-01 5.641024884381902194e-01
5.645353025890809118e-01 5.211412555063579255e-01
5.753240152737485458e-01 5.148223506172422415e-01
5.214341803549156218e-01 5.836018893076494463e-01
5.409064481109653322e-01 5.796586603697300166e-01
5.739235846062546997e-01 5.536169759329512274e-01
5.654679676064101601e-01 5.098499339933273422e-01
5.338757158581792783e-01 5.573740156930149237e-01
5.088889757390371305e-01 5.723079157746344681e-01
5.134526477203307238e-01 5.724374869410319144e-01
5.162609077804434232e-01 5.141772585979298427e-01
5.353883816695717002e-01 5.516594923577220477e-01
5.284829577030356607e-01 5.577406672045119862e-01
5.898086577080091653e-01 5.966763950982887366e-01
5.659878671684718254e-01 5.978453838911270690e-01
5.289416814637875053e-01 5.481552532938938072e-01
5.829376685877436515e-01 5.321304134728794821e-01
5.659498134798387481e-01 5.918716507851624620e-01
5.640208464024319968e-01 5.098782554757985697e-01
5.842803847222652891e-01 5.919678198172753092e-01
5.296979180487023653e-01 5.423238103940610788e-01
5.827088615708406749e-01 5.156431053299506129e-01
5.875565812034305724e-01 5.053977870099721770e-01
5.960379649506420963e-01 5.729011175030480629e-01
5.893054856106741957e-01 5.441183666813798059e-01
5.498605626113508560e-01 5.190959694429295723e-01
5.706859616000491409e-01 5.941556324308195913e-01
5.178316347411484610e-01 5.216825318795312860e-01
5.167521527898288891e-01 5.541856435784486834e-01
5.127569130809073172e-01 5.044081794745256531e-01
5.889570951676832422e-01 5.952999894884879462e-01
5.830721972876237169e-01 5.793765715620109447e-01
5.667903394372200143e-01 5.964997323242016147e-01
5.416761729671163428e-01 5.054051335039169146e-01
5.565948495461797707e-01 5.483016891078338340e-01
5.015166996146451783e-01 5.921331658016562027e-01
5.493742486192905172e-01 5.094419859024255093e-01
5.470458232945718535e-01 5.720688740975277131e-01
5.451030565123878846e-01 5.432159444420118222e-01
5.070154886268363192e-01 5.813653676927637015e-01
5.791777547760871281e-01 5.053879776431186022e-01
5.510350120683595865e-01 5.791519973294130263e-01
5.880570072808368742e-01 5.508522523061888387e-01
5.720516923181169222e-01 5.964216266625588236e-01
5.926883263531455004e-01 5.506621044822260780e-01
5.777648529092448415e-01 5.176463418949934780e-01
5.094217389458658429e-01 5.098434316662379118e-01
5.276532610298650949e-01 5.743413410355773241e-01
5.961630237522235198e-01 5.854631579512705741e-01
5.174185847638402835e-01 5.485750202324268798e-01
5.335019989126627005e-01 5.063995262033409439e-01
5.503561449858589416e-01 5.624418168472065105e-01
5.666807038866545909e-01 5.712862241079971204e-01
5.625926938874924454e-01 5.214275910757285581e-01
5.758351327576691769e-01 5.016308196505361305e-01
5.784440846565910288e-01 5.151552887995355379e-01
5.406157707512394550e-01 5.866736367741309799e-01
5.940980401168401981e-01 5.567788864000783322e-01
5.374471539284629840e-01 5.944385592259808782e-01
5.277966146419496019e-01 5.364617663269914960e-01
5.686217730488589694e-01 5.574703548319964730e-01
5.235806400728033605e-01 5.544157423508588867e-01
5.104389136141728178e-01 5.190755136530031955e-01
5.921608403523550557e-01 5.421340897791979696e-01
5.921507639925666089e-01 5.214283753347024319e-01
5.288394558408232582e-01 5.326185203882225494e-01
5.249538668994306878e-01 5.221886670683603127e-01
5.626774198399601135e-01 5.826640509912976995e-01
5.712976596502824522e-01 5.733432335071482200e-01
5.057187206005105962e-01 5.982970063363586277e-01
5.530919899397329642e-01 5.709678485994149622e-01
5.893101173194646991e-01 5.906590811872254321e-01
5.324915806039064448e-01 5.219443930161543621e-01
5.719691439357756924e-01 5.550389237550077404e-01
5.928354058161688922e-01 5.339409133726729095e-01
5.622386547553341885e-01 5.021175584961707905e-01
5.902313048318805766e-01 5.500991504439634028e-01
5.791240172977074607e-01 5.171576746516216572e-01
5.055599653797572257e-01 5.543237234150877324e-01
5.764296356992391068e-01 5.523363198415907060e-01
5.084899747072519904e-01 5.256192412961073757e-01
5.476890766578683678e-01 5.735365893183881347e-01
5.378701793434341738e-01 5.284769082335953883e-01
5.303471430404151921e-01 5.301909249384386680e-01
5.173347744205866183e-01 5.204287696515836892e-01
5.653053296757069024e-01 5.703225473587103522e-01
5.051891851183026860e-01 5.548328413087381117e-01
5.255123751987565983e-01 5.449166661407645051e-01
5.078917328604245496e-01 5.954044519424896986e-01
5.941230981780329934e-01 5.644824257036751280e-01
5.859211180119944240e-01 5.467774117249329935e-01
5.296457063042586677e-01 5.596112657811171953e-01
5.179517258454322537e-01 5.048220087604867734e-01
5.937869769607464487e-01 5.993817871433422262e-01
5.829086088604225058e-01 5.354032698525358347e-01
5.479196499346276061e-01 5.532656740262387185e-01
5.839934171025554788e-01 5.165406325571109125e-01
5.530039048017466596e-01 5.333176548036479003e-01
5.604465886536911245e-01 5.034442368190692463e-01
5.277890322948149970e-01 5.355643177411097966e-01
5.533237732036067058e-01 5.209510827808687683e-01
5.733247174648854472e-01 5.376641481706817549e-01
5.707397315850309960e-01 5.353731348668033796e-01
5.980636116134830926e-01 5.530510518752013160e-01
5.882977191132174877e-01 5.071361708879091879e-01
5.748031258530776899e-01 5.365866659011114814e-01
5.589135342088821234e-01 5.148860127572907341e-01
5.203621797825072059e-01 5.415829259104947280e-01
5.566616389792130581e-01 5.171958974286142707e-01
5.600927632317426186e-01 5.822820922358432627e-01
5.500384932768818125e-01 5.150728897988946509e-01
5.410613716174261789e-01 5.105834489813749766e-01
5.353548555140745790e-01 5.146762308354163595e-01
5.277578973370551374e-01 5.034998815158768792e-01
5.678080058869258151e-01 5.920725703408806773e-01
5.545070617393417223e-01 5.722623076532387110e-01
5.250080331329841643e-01 5.640819414212199234e-01
5.706236246584245331e-01 5.882227998690474635e-01
5.843553443476005027e-01 5.014217896194467228e-01
5.611173812119050197e-01 5.975548022583061503e-01
5.098428242991080994e-01 5.346586197914772187e-01
5.563414854202850535e-01 5.788905843691798392e-01
5.986664401678372105e-01 5.355619959345627734e-01
5.739785106321537711e-01 5.270507233419137183e-01
5.755937570629107158e-01 5.663555274240896775e-01
5.748511800576174835e-01 5.018919632190469438e-01
5.475641370673125508e-01 5.904801478328352005e-01
5.991453177124681506e-01 5.242261705222378554e-01
5.499982819506088472e-01 5.024557175576189749e-01
5.615686555309292727e-01 5.914607363808292995e-01
5.172125353474965603e-01 5.755630255015971031e-01
5.894986177344794243e-01 5.794123819162946276e-01
5.864475292679760532e-01 5.257712441057484920e-01
5.898054774668184397e-01 5.299417193027269324e-01
5.414342597360931597e-01 5.889701842556598343e-01
5.220811039803372466e-01 5.819521829711054028e-01
5.926624163106107845e-01 5.455465105183254781e-01
5.418733366311596633e-01 5.073539949400388549e-01
5.828423485056428710e-01 5.213791669096314862e-01
5.301651200967849586e-01 5.820911460449802455e-01
5.595111396970725570e-01 5.724870744664177780e-01
5.325839723196472697e-01 5.705348393756874970e-01
5.921203887380844799e-01 5.469328351309851177e-01
5.382286198302288494e-01 5.437860506989842246e-01
5.723474029464911128e-01 5.623186606619275940e-01
5.553760777321781195e-01 5.095911341666363725e-01
5.058339619746488047e-01 5.602795079345217477e-01
5.790296843227307200e-01 5.443989695913534765e-01
5.731265592955849808e-01 5.414342500975721784e-01
5.677340921742516366e-01 5.182496296846064165e-01
5.936536050056698821e-01 5.137538678134900838e-01
5.236925006176950115e-01 5.129640149338287047e-01
5.969156629517056167e-01 5.377698331513547370e-01
5.400891941599623713e-01 5.755971657959824128e-01
5.590309913368598504e-01 5.589189872946752624e-01
5.825596342371606173e-01 5.199779741704879665e-01
5.703808141890672756e-01 5.122869561815652784e-01
5.226645931636628717e-01 5.255462769036778337e-01
5.365160916012061687e-01 5.499192079754808837e-01
5.343046311733218312e-01 5.188364994424924381e-01
5.145931090877639003e-01 5.315086614176937063e-01
5.777119388059006599e-01 5.286196877180771025e-01
5.648732206798845468e-01 5.853108493672704027e-01
5.944235653558872512e-01 5.387703361359305054e-01
5.356411483987002509e-01 5.770350306537548324e-01
5.673401875109830295e-01 5.901333750275379320e-01
5.635447349607615175e-01 5.716236674727431799e-01
5.845844719427970571e-01 5.111437575978413639e-01
5.506579999103471401e-01 5.428402166480396085e-01
5.199029897553739676e-01 5.123772954624481457e-01
5.795447145647866227e-01 5.042343664198943864e-01
5.585225573683704203e-01 5.898496495792666661e-01
5.296151767591248394e-01 5.425195416741768195e-01
5.829911902657320955e-01 5.997299523799070053e-01
5.597717723104372878e-01 5.987555994341108301e-01
5.680313097516311860e-01 5.069640885884699744e-01
5.044307364478469724e-01 5.889240940142357328e-01
5.601924446800387036e-01 5.191024386434017757e-01
5.819440973673871698e-01 5.042119521187219400e-01
5.398088604383162181e-01 5.470684967757382111e-01
5.166826940626240150e-01 5.258593089603643689e-01
5.611237167262922432e-01 5.656525467086865877e-01
5.958856288579333915e-01 5.489566688172593523e-01
5.504139624004278364e-01 5.633641904976078862e-01
5.328345787492230201e-01 5.433482645478283635e-01
5.029798560237213056e-01 5.327576062418990510e-01
5.044012385118842312e-01 5.967730470626257944e-01
5.741561869231603943e-01 5.649245327980414455e-01
5.596918196635022325e-01 5.485389623586869323e-01
5.381693701276090147e-01 5.028591966041695560e-01
5.418553266757620834e-01 5.130368924769284078e-01
5.091563190502459424e-01 5.143393584373905369e-01
5.268293722510246635e-01 5.865630539114186082e-01
5.438232168866375948e-01 5.232793413375058655e-01
5.840115276265409605e-01 5.455627046721888140e-01
5.344503410070292615e-01 5.105050792265333204e-01
5.607039028124071178e-01 5.302189682812682436e-01
5.983079171312949418e-01 5.113981756263334955e-01
5.630610861646294651e-01 5.228417623667146463e-01
5.105002666911205855e-01 5.165880480543298958e-01
5.503679987329419543e-01 5.177800605043096915e-01
5.214738025665478505e-01 5.143298599129093596e-01
5.560547881968322947e-01 5.451094282219393072e-01
5.079101086566364387e-01 5.196878133110538478e-01
5.705659311933177769e-01 5.930092349678734998e-01
5.910316419668882881e-01 5.756470003901259513e-01
5.788315899030830325e-01 5.619401532268213373e-01
5.133789575015732520e-01 5.353980740937239746e-01
5.959016928153406667e-01 5.808984339392482266e-01
5.522506972981506834e-01 5.641765391448350098e-01
5.137666896997163946e-01 5.750211514759144826e-01
5.694200018871249380e-01 5.285317906578609337e-01
5.858546727156116463e-01 5.060386471053794910e-01
5.724889364873957387e-01 5.655235977944015335e-01
5.446838509068718803e-01 5.067450094044638753e-01
5.988105839625069704e-01 5.311556493459901329e-01
5.993768784895505686e-01 5.575569686712182893e-01
5.389697608018434449e-01 5.079432196346191919e-01
5.487063251873507408e-01 5.443436056269370660e-01
5.836278670769499133e-01 5.480837542685618180e-01
5.526886147325791310e-01 5.401490594125580857e-01
5.825874896086721266e-01 5.093155638021718001e-01
5.839590183107368215e-01 5.408413175565092157e-01
5.954207563050548657e-01 5.745887761334185218e-01
5.155578618525352708e-01 5.230770137708713463e-01
5.704826570151471099e-01 5.614658673316494930e-01
5.584074866459524111e-01 5.824010878446317374e-01
5.450475063427491218e-01 5.118344139358206313e-01
5.981651466042694487e-01 5.703928970631596540e-01
5.543182441795145854e-01 5.371358739361329349e-01
5.400388377422244979e-01 5.381079061956983711e-01
5.547170196357191774e-01 5.622319550525032295e-01
5.783004967750976499e-01 5.226001824430283049e-01
5.973903259086209561e-01 5.456548897090902628e-01
5.495565017002516095e-01 5.119385486430316767e-01
5.024172186944507734e-01 5.572467215643900351e-01
5.383665988738955965e-01 5.164398118458697340e-01
5.206959181796591007e-01 5.062790514879467185e-01
5.530014647727709010e-01 5.227838314031751921e-01
5.767249173479389590e-01 5.383891263883044953e-01
5.304314606523246045e-01 5.566984826138079434e-01
5.160295465028565953e-01 5.364491555470449757e-01
5.564045690027503710e-01 5.362624589041800061e-01
5.615386693216294356e-01 5.745622019975988870e-01
5.742243539501592497e-01 5.879845299496003763e-01
5.931719477231239823e-01 5.214482602112859855e-01
5.205345017644191774e-01 5.564309415753972976e-01
5.340780044480583078e-01 5.235823979065926670e-01
5.914705799362373062e-01 5.117005178589625336e-01
5.823812083619326341e-01 5.365672523557755147e-01
5.818649634679589067e-01 5.476191181114167250e-01
5.597980471410952674e-01 5.214296458011072888e-01
5.544201128253751776e-01 5.385724501649286067e-01
5.600561745619803133e-01 5.114155425503806862e-01
5.733519356185495797e-01 5.561012142410548531e-01
5.531727130792034597e-01 5.761606205353482224e-01
5.923653662469193781e-01 5.420158616959174225e-01
5.539568056416573905e-01 5.907441962445988404e-01
5.304903929848037158e-01 5.817417773516311286e-01
5.156774051124595193e-01 5.175249178250997950e-01
5.105880995763554253e-01 5.517262905644940707e-01
5.288572922536971532e-01 5.272797954731112124e-01
5.118375362217204572e-01 5.757288178869540696e-01
5.999712269066796999e-01 5.762753677843719391e-01
5.950784366084049815e-01 5.081505844451343901e-01
5.084228851353418399e-01 5.660810834711491601e-01
5.227728819249790604e-01 5.847563419123198436e-01
5.807555653950553509e-01 5.665361948873239850e-01
5.877180580875275284e-01 5.646846603860917746e-01
5.582642547283769296e-01 5.267087171436506399e-01
5.943138104621661366e-01 5.949492810433096857e-01
5.909801417485452957e-01 5.639540700009102459e-01
5.398618729616613265e-01 5.822516194219534702e-01
5.506038949990008646e-01 5.526528462110955608e-01
5.530082818624822982e-01 5.038721529275678179e-01
5.411313171145719636e-01 5.316826122564067836e-01
5.884643610067002983e-01 5.484060059859272585e-01
5.042753483864348407e-01 5.887690520898035684e-01
5.175230762357942993e-01 5.085327039052227605e-01
5.118609894258163706e-01 5.410061857112233863e-01
5.061361536591535426e-01 5.446238237530736104e-01
5.635787503953237909e-01 5.590351444158910832e-01
5.761079085983269454e-01 5.386609867843302757e-01
5.195424293657883164e-01 5.633960286425772068e-01
5.869767291492937744e-01 5.703935830355915115e-01
5.487397364279200662e-01 5.887841310992940613e-01
5.478896392862512288e-01 5.323986842536054809e-01
5.545601004263627232e-01 5.181427062050348864e-01
5.866237840791757030e-01 5.321549235205268458e-01
5.336918000304631260e-01 5.654336361734785266e-01
5.142984051993967354e-01 5.823782605763987430e-01
5.319328820169810790e-01 5.516924920757964035e-01
5.802517035684876534e-01 5.589465118209179240e-01
5.334357339064453862e-01 5.823730819392839431e-01
5.176889776120108255e-01 5.289552599033594538e-01
5.552078654889477383e-01 5.608360638549279020e-01
5.748917611570638631e-01 5.639378857650219068e-01
5.073524743158982497e-01 5.445526727617256979e-01
5.203774550331020654e-01 5.964376070558281562e-01
5.379610525566653756e-01 5.058092778619329710e-01
5.036033021882959648e-01 5.660032650060190518e-01
5.640506108018261688e-01 5.544222066249728798e-01
5.871175047817253079e-01 5.213240435889394675e-01
5.795292545817198882e-01 5.481029339532557110e-01
5.878734328811842103e-01 5.159799868786126842e-01
5.444629162847911541e-01 5.678596751715284663e-01
5.623948913063072652e-01 5.824877685916240999e-01
5.965405485054552370e-01 5.138632293256256700e-01
5.708581452462861971e-01 5.140122247523045695e-01
5.353568337775980179e-01 5.212836585292022207e-01
5.875507168539217950e-01 5.419155003413687055e-01
5.010969358571379928e-01 5.190348244904772201e-01
5.775854331750152060e-01 5.151528041193075280e-01
5.901032334956709535e-01 5.971853725016138537e-01
5.639956404082138164e-01 5.933588143217534139e-01
5.930160247926962169e-01 5.858498982723313597e-01
5.892572423325738162e-01 5.188186154134329930e-01
5.878936519537768524e-01 5.760708312789832863e-01
5.388776371778594143e-01 5.345310405258241193e-01
5.837308482370444640e-01 5.268307719389472288e-01
5.940999930042405452e-01 5.352100069947847150e-01
5.186060292894083545e-01 5.630137363875045153e-01
5.938792413080768995e-01 5.332580454627293687e-01
5.279013729388580822e-01 5.288473305277187064e-01
5.519085358608617486e-01 5.593787192993070478e-01
5.727688665582769678e-01 5.163887438849199540e-01
5.204324746928975509e-01 5.272565555318977637e-01
5.935980958880811009e-01 5.089214472154317548e-01
5.502962398473535410e-01 5.925030082743705240e-01
5.928749198776142038e-01 5.732625005363555237e-01
5.094373087829358049e-01 5.485099400119307633e-01
5.792558434372852005e-01 5.532917875394118834e-01
5.392587334539167276e-01 5.073632420125154807e-01
5.341493080826561490e-01 5.151569914264784167e-01
5.676950728399234869e-01 5.594971595062121494e-01
5.051389364108214153e-01 5.651749802069998552e-01
5.701283999080755116e-01 5.735237011392041451e-01
5.571048186031617444e-01 5.585367327981917152e-01
5.124725132797803839e-01 5.520095885417342085e-01
5.064611276777252202e-01 5.971305878535868583e-01
5.901906764808935169e-01 5.408522538057757290e-01
5.635460178362168282e-01 5.567748478331306927e-01
5.167721187519040971e-01 5.859683031063118719e-01
5.228789547783279090e-01 5.297790932085784110e-01
5.234725325161493359e-01 5.500584602612240692e-01
5.889264277840478012e-01 5.584942775849712771e-01
5.905639241455594712e-01 5.497409539297588577e-01
5.369614038219279184e-01 5.573510893245725573e-01
5.883324394743070229e-01 5.681598671845876636e-01
5.786525735126041292e-01 5.357164461649257525e-01
5.470670853057963967e-01 5.040611962632224330e-01
5.950089475742815770e-01 5.715222796915253589e-01
5.670285557083942773e-01 5.367861954379798961e-01
5.506840784075129891e-01 5.984590765661873535e-01
5.261800159355529694e-01 5.629481539796892253e-01
5.108940169735911585e-01 5.419787130879329951e-01
5.789140663390894836e-01 5.258569994509132428e-01
5.259723611383880781e-01 5.234541993192062259e-01
5.349245562172044721e-01 5.532172686190569566e-01
5.616605130191756334e-01 5.015029226292673226e-01
5.768746689820131168e-01 5.060187187216204086e-01
5.769545441487256010e-01 5.521133188656786039e-01
5.232015940689540567e-01 5.450042665789068819e-01
5.089123529980695837e-01 5.306881298349046538e-01
5.934650050841741020e-01 5.142227831245906877e-01
5.713630429662825971e-01 5.366045086698731925e-01
5.369440800386044987e-01 5.229749626525652673e-01
5.697151072277946149e-01 5.278060267040441955e-01
5.047874131702498879e-01 5.881286102037035501e-01
5.179567255602082199e-01 5.832773811310852929e-01
5.670146090347634171e-01 5.509339100217096608e-01
5.743264127151275211e-01 5.838670399660818022e-01
5.242472916871689925e-01 5.410557007792724526e-01
5.240495162185494493e-01 5.600056670606601283e-01
5.242809062099097472e-01 5.082622175103436168e-01
5.786799033086306165e-01 5.270729196564726271e-01
5.558101978418150679e-01 5.327013569816935190e-01
5.320889677874846013e-01 5.689809439125458335e-01
5.248198361229402531e-01 5.419589406472657966e-01
5.700896873203018522e-01 5.456418656725432470e-01
5.472695949026891160e-01 5.429335212122865517e-01
5.992931268395114142e-01 5.093833917392233124e-01
5.009103209209413432e-01 5.415793283549991122e-01
5.852048784935089953e-01 5.533010812226455410e-01
5.352761391363608512e-01 5.128281339925978566e-01
5.015665489391575305e-01 5.930994472569943721e-01
5.907540253678886799e-01 5.141264656063958549e-01
5.930669225345123197e-01 5.573263053563359826e-01
5.690568178675694533e-01 5.448169839343721677e-01
5.686463996428419154e-01 5.139785136135794907e-01
5.753369221298456626e-01 5.250188823884807121e-01
5.859858094066212608e-01 5.319635771251891576e-01
5.687198165345526135e-01 5.369331086512697526e-01
5.826681928157675383e-01 5.195682692765626332e-01
5.007888664842848891e-01 5.189306835610000279e-01
5.730776655859326496e-01 5.984875129478612887e-01
5.547431228334956943e-01 5.790014662839224613e-01
5.786582929514856311e-01 5.960878977758286013e-01
5.147069019254801869e-01 5.232556295731007889e-01
5.444470912456509382e-01 5.586145100871260372e-01
5.188695180999496337e-01 5.069665851767465314e-01
5.940922715044596458e-01 5.048857544963682997e-01
5.551240227532455718e-01 5.489493431026529757e-01
5.749269647437584840e-01 5.169809202944999349e-01
5.455450029944011181e-01 5.151573200931374164e-01
5.741302856134281596e-01 5.547026099813343603e-01
5.929181674215961984e-01 5.871562617116259375e-01
5.525872691846722695e-01 5.699303284878736164e-01
5.378217114652733555e-01 5.154939447575856981e-01
5.697724449456261775e-01 5.343175336712101542e-01
5.088520407128950263e-01 5.745800434830538039e-01
5.833339681432996304e-01 5.133169720811734393e-01
5.635541728220768709e-01 5.255631625091287118e-01
5.208732706646108657e-01 5.077105618186100733e-01
5.806931306486275979e-01 5.922060024623363450e-01
5.493649018161776976e-01 5.721764978981159766e-01
5.937203507532153868e-01 5.493576946764330282e-01
5.484587014595094789e-01 5.109769279581355406e-01
5.923012113414733992e-01 5.935630135438403343e-01
5.904428915127244437e-01 5.691796382524667575e-01
5.804318430619447300e-01 5.873435732557426014e-01
5.541232290991731091e-01 5.825831985097480459e-01
5.733639308354745445e-01 5.712690359240200078e-01
5.568746093152814325e-01 5.797122283954267985e-01
5.900951113751250476e-01 5.180652149720759159e-01
5.291974614098708951e-01 5.368097307356052283e-01
5.081242254075553078e-01 5.793959566890052315e-01
5.188110470832389964e-01 5.354776827103717718e-01
5.210527059935401439e-01 5.394424466727797407e-01
5.061363280259785213e-01 5.366112778114389137e-01
5.448958608822537242e-01 5.720198588140902318e-01
5.906396026324209902e-01 5.256406727143174695e-01
5.797299413278114155e-01 5.928358845269107169e-01
5.506017540127210452e-01 5.383075544327764472e-01
5.211907676478282347e-01 5.516155332438121839e-01
5.948939989438009057e-01 5.272971662818543015e-01
5.243115989807847210e-01 5.537434692037284112e-01
5.109290326881384958e-01 5.745841686007576721e-01
5.382815477565471296e-01 5.980195902881673131e-01
5.036639125070165868e-01 5.027545844466017044e-01
5.839309251126665323e-01 5.073241238566305045e-01
5.089742660753752146e-01 5.355422788114809762e-01
5.871473313638592151e-01 5.767063617768131145e-01
5.463285003205666790e-01 5.561283053867611681e-01
5.516780296739171030e-01 5.318912171339034156e-01
5.894855280081163773e-01 5.107949967634733968e-01
5.464635211704766959e-01 5.369993515426344510e-01
5.789087176464682294e-01 5.264713098754034704e-01
5.362989221405931595e-01 5.861410785399112644e-01
5.723138120408757246e-01 5.896610884666878549e-01
5.170851021359436084e-01 5.207181316191533682e-01
5.597538778879223020e-01 5.099108004389425464e-01
5.596777620179613777e-01 5.712648813090747124e-01
5.015748395547852123e-01 5.112750737005311574e-01
5.794407079703620678e-01 5.473533727086855594e-01
5.484869163820501603e-01 5.587511569452056071e-01
5.727323225955499586e-01 5.001312891382077019e-01
5.766970375332074461e-01 5.091205693596796422e-01
5.961329127788160820e-01 5.542147793027307756e-01
5.515425053131444155e-01 5.725920315925556725e-01
5.481445061038744404e-01 5.493628167674171614e-01
5.753442950560136993e-01 5.180301144695793614e-01
5.092340909104106084e-01 5.790233967429000428e-01
5.609530606875527958e-01 5.848859141585871502e-01
5.690366485559119614e-01 5.625357647320580190e-01
5.401085782528260992e-01 5.199375570352116060e-01
5.980726346206021171e-01 5.113825981666815235e-01
5.402890804429185678e-01 5.357591109449840738e-01
5.818989750009440076e-01 5.807366258972519457e-01
5.924184538706823711e-01 5.739553353535242763e-01
5.966776817704944058e-01 5.048525320684408291e-01
5.086238296475625864e-01 5.119452006016810275e-01
5.628296930433303036e-01 5.123899023118203555e-01
5.377380734168724086e-01 5.756464086057579976e-01
5.359755675870746527e-01 5.731430379560591426e-01
5.497522125876064258e-01 5.186853934087920504e-01
5.121004129249093761e-01 5.948577816519786676e-01
5.277248509549636868e-01 5.838252569839464945e-01
5.476845932512880433e-01 5.063244873303727189e-01
5.476601842798438646e-01 5.809572811784275981e-01
5.596123874779510565e-01 5.239444121909816454e-01
5.015992151244490493e-01 5.633274307452650342e-01
5.571513510372805289e-01 5.787052862976622691e-01
5.299496967425713079e-01 5.942005423471083958e-01
5.207703332800527329e-01 5.804062381613208643e-01
5.454506784654159501e-01 5.159595542132678903e-01
5.180412140909695928e-01 5.661207654193228800e-01
5.996748699194794918e-01 5.567676079879699813e-01
5.533730227268853774e-01 5.371407551590129392e-01
5.562214526314963603e-01 5.766307336121585525e-01
5.026660531043869451e-01 5.371466987191926279e-01
5.748990743085826693e-01 5.583323455586362005e-01
5.472279823798721354e-01 5.517029020602077782e-01
5.096744459256592474e-01 5.154347393425479096e-01
5.961393387408504552e-01 5.160830758716344890e-01
5.154231013840745446e-01 5.824236175770297619e-01
5.464691566456081340e-01 5.253746374306000888e-01
5.405024672006588649e-01 5.234455811345801735e-01
5.938247011890133153e-01 5.520848615429605477e-01
5.880397207802451343e-01 5.548551687984593084e-01
5.351465098688226174e-01 5.492665357119990155e-01
5.512221109688856258e-01 5.056609875057991310e-01
5.161120499959527264e-01 5.584018849085152780e-01
5.749488017240593773e-01 5.238934943879123285e-01
5.857009287353276417e-01 5.579154610953473981e-01
5.677086719659256708e-01 5.220774763728970314e-01
5.275769194153887565e-01 5.013259627571267085e-01
5.645439732463473081e-01 5.039150205113329672e-01
5.869079918628404835e-01 5.098758176399871278e-01
5.505370047297190039e-01 5.338973530381574406e-01
5.600839710754248468e-01 5.689511908963165165e-01
5.853878839515037624e-01 5.673655413723039942e-01
5.074343884031609075e-01 5.592782774772806498e-01
5.514455636236214042e-01 5.757165412674107863e-01
5.895598075137397087e-01 5.680309871652626796e-01
5.552107320478689712e-01 5.657528798513374868e-01
5.262980881400478594e-01 5.737131162707272969e-01
5.391289151621185827e-01 5.564400891050135245e-01
5.357566465984817672e-01 5.627717355722354764e-01
5.658532205207630339e-01 5.059311788490764572e-01
5.287473181357189578e-01 5.470069762925644508e-01
5.724825114663800729e-01 5.888684791060128099e-01
5.748517322250830119e-01 5.271078053503468475e-01
5.020069559882456289e-01 5.203931978111868695e-01
5.858374314542174055e-01 5.126183042376489807e-01
5.650767615112721742e-01 5.472599120273604623e-01
5.536169597800888464e-01 5.104456157126330273e-01
5.778853739881752993e-01 5.336455920985683221e-01
5.118546417922882341e-01 5.785685872346864045e-01
5.762824115419259430e-01 5.393818702391388609e-01
5.888621521497579003e-01 5.449445827240684270e-01
5.245618056458956069e-01 5.124279121582526741e-01
5.363500108297742930e-01 5.850697893444560815e-01
5.162924855223905984e-01 5.109533885759872662e-01
5.368713863640791617e-01 5.284626337231658200e-01
5.547161942117699862e-01 5.899372660063877394e-01
5.130158109138273081e-01 5.264819976668384527e-01
5.999754523382256899e-01 5.815635359718700492e-01
5.869424306544369641e-01 5.454956299129023467e-01
5.926653912724877404e-01 5.927768950329087572e-01
5.510057026827177573e-01 5.304022536457506654e-01
5.107731224875362575e-01 5.280440062332192319e-01
5.627027034581321141e-01 5.780621619142455314e-01
5.274614849222755142e-01 5.003724164998544222e-01
5.002802106733464926e-01 5.637711207773571376e-01
5.858144977629359262e-01 5.127967410579342689e-01
5.729851756128206963e-01 5.953387406086554368e-01
5.840413623526585774e-01 5.603357490742929548e-01
5.732870607817541764e-01 5.068183179691411189e-01
5.205459574639659248e-01 5.596524700677545372e-01
5.252166770641681914e-01 5.127290648375479876e-01
5.887027688086099442e-01 5.338423571977276572e-01
5.314928758203147918e-01 5.698430957204552172e-01
5.093692083292964412e-01 5.249526044683399117e-01
5.590656296762849253e-01 5.514640318982194644e-01
5.403059835551407009e-01 5.892429820774972571e-01
5.525394188526351336e-01 5.696767852023809642e-01
5.343249411897241785e-01 5.971606574289302083e-01
5.900786456793279955e-01 5.515952025299757366e-01
5.325600006178682344e-01 5.636857269379378366e-01
5.903446797193667717e-01 5.528187044721430965e-01
5.828615415619483597e-01 5.265429963859560303e-01
5.539965051318137546e-01 5.354178055429112959e-01
5.396714961690656231e-01 5.274193078564086701e-01
5.647208711237839962e-01 5.441869244458892307e-01
5.061582430817899159e-01 5.361078020175834569e-01
5.341716061570760399e-01 5.283993393178236797e-01
5.223670168905496514e-01 5.035958589325744139e-01
5.321224387580690829e-01 5.316178040804580007e-01
5.576164621444676950e-01 5.916641231268161549e-01
5.772755313965950430e-01 5.356614323279145218e-01
5.304096374262796676e-01 5.113462016823608902e-01
5.326965933574864254e-01 5.903795739480227622e-01
5.896072424864750028e-01 5.971295753707678289e-01
5.331195305089870828e-01 5.134069374926556462e-01
5.829459765939067895e-01 5.898947711024632445e-01
5.181911338238842646e-01 5.075248831471645961e-01
5.811152429034748268e-01 5.428454200753254355e-01
5.393889885013781749e-01 5.505297927502008637e-01
5.359679237721743927e-01 5.264865218983311168e-01
5.284829678740546877e-01 5.647038855086361497e-01
5.884380761890100064e-01 5.875982644683819256e-01
5.204462925547976848e-01 5.373587932386234556e-01
5.792467116123722892e-01 5.943082390117263580e-01
5.853623160747405407e-01 5.410565488587439908e-01
5.519464072981679070e-01 5.046482785614785360e-01
5.687230531078454332e-01 5.277134983059794671e-01
5.743153354844086067e-01 5.245334819683378225e-01
5.143019002783951743e-01 5.108665660989103463e-01
5.265557713820658847e-01 5.042093226453399080e-01
5.045151741982439875e-01 5.811347515423390675e-01
5.852953570266554717e-01 5.867853448387019277e-01
5.544747965701666281e-01 5.326090825775152693e-01
5.986083996255089357e-01 5.434335218641848098e-01
5.508138017706523115e-01 5.433678421343839382e-01
5.889347589620889112e-01 5.533836852500233494e-01
5.130806332272248582e-01 5.562743806426910798e-01
5.620434973403874990e-01 5.232029105825553028e-01
5.903775689146673056e-01 5.889512978925959263e-01
5.583995355625079871e-01 5.286947404934004835e-01
5.860155753175919635e-01 5.317847848105555775e-01
5.667786742319523841e-01 5.212083805863569896e-01
5.549232695510500912e-01 5.033728447443519549e-01
5.927328624186199990e-01 5.212458037407698974e-01
5.689450276945721141e-01 5.423409212619283437e-01
5.918292084003677900e-01 5.481456793618346701e-01
5.109075591124974114e-01 5.363850609309616102e-01
5.627839597339931998e-01 5.269780787868739713e-01
5.318127988010317164e-01 5.667170152713607578e-01
5.022181716879070557e-01 5.843592237764656527e-01
5.761570669455204907e-01 5.634594130101990839e-01
5.917467949625871970e-01 5.186401917762638591e-01
5.956054778474548783e-01 5.803799103721423158e-01
5.280053508373239168e-01 5.154579782565975599e-01
5.500399074278435885e-01 5.361711710338419312e-01
5.440948344241964829e-01 5.228747616886805227e-01
5.272424419478898283e-01 5.594648343669281765e-01
5.962682180655005659e-01 5.926461963188320858e-01
5.314622152571245595e-01 5.250061496508957593e-01
5.957715377146245439e-01 5.581668466619749136e-01
5.026162438482728589e-01 5.542262563800517405e-01
5.805076477953405867e-01 5.993441251794719982e-01
5.105350646316773044e-01 5.915527429452720476e-01
5.146167896765392324e-01 5.220307442535938591e-01
5.533476054863810667e-01 5.675052954479465894e-01
5.985592360127881539e-01 5.937120706634169132e-01
5.690798249730465441e-01 5.506076116952989263e-01
5.673031970201261043e-01 5.043940399435262734e-01
5.211082083734667192e-01 5.981437411016645722e-01
5.377496120296640925e-01 5.302420467294122197e-01
5.108250532075272465e-01 5.813853648512662398e-01
5.669636427365785103e-01 5.470952474205551530e-01
5.810345583430935879e-01 5.241188189677988829e-01
5.900477214469477261e-01 5.486128696478521638e-01
5.708381572904316359e-01 5.347605776909225561e-01
5.212602809487041355e-01 5.099379938947861124e-01
5.187160315143960476e-01 5.427380310585853129e-01
5.411655633213203753e-01 5.501872388312799567e-01
5.433234494616299148e-01 5.357449348589163884e-01
5.823648179882828790e-01 5.552812497265610103e-01
5.772620050620751453e-01 5.737779083381731038e-01
5.108640093125941251e-01 5.495049406931378222e-01
5.101505894317268641e-01 5.242518443615891144e-01
5.881654685866291032e-01 5.997482559780282774e-01
5.349710428447899124e-01 5.541618132748302727e-01
5.073950006122378564e-01 5.933007024261940376e-01
5.873268501888156967e-01 5.300610552377700291e-01
5.782996914012145107e-01 5.847063690864362506e-01
5.751917453579183936e-01 5.194625288526588669e-01
5.237060453227296852e-01 5.145687673876715440e-01
5.249007186500815880e-01 5.130344130086917920e-01
5.416223669905810834e-01 5.197576782794844918e-01
5.118027228748999180e-01 5.077924905143262890e-01
5.188657166009489341e-01 5.490600804428320547e-01
5.263282705197961375e-01 5.924394449289818176e-01
5.385723029782077953e-01 5.764086783564865701e-01
5.295730754067559110e-01 5.212149968264427891e-01
5.125901247576698516e-01 5.155452740043729998e-01
5.520455700650319653e-01 5.830407962678295641e-01
5.699723070296746075e-01 5.553152060987655014e-01
5.081218524234347722e-01 5.750531740113125068e-01
5.936695368017690377e-01 5.758561733744322897e-01
