5.225661454819461316e-01 6.864066407257283231e-01
5.340525548132292188e-01 6.811385024174241298e-01
5.424146600913256622e-01 6.994217461804915770e-01
5.912334306782501825e-01 6.802736664345843121e-01
5.514049774938278858e-01 6.999465186604243438e-01
5.158417555423320255e-01 6.481929528943826124e-01
5.055714882952911937e-01 6.246728741852822786e-01
5.896447337081259787e-01 6.724193632120443187e-01
5.064716291073823040e-01 6.727702734006048013e-01
5.396784426411248559e-01 6.635691817419178129e-01
5.353003305337250550e-01 6.747045143418475277e-01
5.370920031240885573e-01 6.535009165453695701e-01
5.390455525521656854e-01 6.631405573588839975e-01
5.386288399070776611e-01 6.762117928752662266e-01
5.032551583956724750e-01 6.436870823298994626e-01
5.832275206686017288e-01 6.606170412512000212e-01
5.385322334364009977e-01 6.647242114846032557e-01
5.188275590514008773e-01 6.990579970868304738e-01
5.009235234785873736e-01 6.543115195907815984e-01
5.188875788680307188e-01 6.531867449808967940e-01
5.120901970644292645e-01 6.945886787886123015e-01
5.220227597744282466e-01 6.727245257390374045e-01
5.039526373653854252e-01 6.219879668610885926e-01
5.406918868600559813e-01 6.822021162300274666e-01
5.869859137514708003e-01 6.901419442780720725e-01
5.783794562690187657e-01 6.941555925127405047e-01
5.154268070534372415e-01 6.929792028564273343e-01
5.647930892661212621e-01 6.756310992978791230e-01
5.247963039876247793e-01 6.922521785327856447e-01
5.140844952185186223e-01 6.889531144250553574e-01
5.979970575663503540e-01 6.479490446774784917e-01
5.282954859236115297e-01 6.405994060881640140e-01
5.013841336578362951e-01 6.879343737277723303e-01
5.493302145238792011e-01 6.835357024671986359e-01
5.371012541564911258e-01 6.567811461151878971e-01
5.543409060500870122e-01 6.418600588402876284e-01
5.225870844939589643e-01 6.418381874594957237e-01
5.793839690652849983e-01 6.658055763718195852e-01
5.685982577282229222e-01 6.521337844854619981e-01
5.032370605201876845e-01 6.934908967016549797e-01
5.000033791654870940e-01 6.875066060169662263e-01
5.281129242329063445e-01 6.983454201604987199e-01
5.538535459021953766e-01 6.444382659213632181e-01
5.242664056704380293e-01 6.757953070435253062e-01
5.617813156331042945e-01 6.943168783716376913e-01
5.063917906422955584e-01 6.622520205771077473e-01
5.462605519048773228e-01 6.968310903114206534e-01
5.442822413539972759e-01 6.522454914996602682e-01
5.193789313890766479e-01 6.658602438044470828e-01
5.602653621732983646e-01 6.770996169316767510e-01
5.808353561917347641e-01 6.854452149267057370e-01
5.133581931892925443e-01 6.705426829032008484e-01
5.130412882362286320e-01 6.721808301909253380e-01
5.111824028354977623e-01 6.917792998898050216e-01
5.119006930926007781e-01 6.477796946978533477e-01
5.109884012572813994e-01 6.871257834159282263e-01
5.446063842153074930e-01 6.330463830016593851e-01
5.253159483531498752e-01 6.981229186506562323e-01
5.047712396902239718e-01 6.784217608580955794e-01
5.298174473460174339e-01 6.969276785650664330e-01
5.094389880606348120e-01 6.600245070917342138e-01
5.100057012188325967e-01 6.935784539133695858e-01
5.010319313121859297e-01 6.864227140155576556e-01
5.231791308169133625e-01 6.650655942205404569e-01
5.312911101842286987e-01 6.662062664595876926e-01
5.350349682757096215e-01 6.727787823006540213e-01
5.087985305927396062e-01 6.448877724245907217e-01
5.180220724551156675e-01 6.584043362753055906e-01
5.391000902481729584e-01 6.395568158572614292e-01
5.310386204340123983e-01 6.825895946378391921e-01
5.092774204707952723e-01 6.910838825437226607e-01
5.447245351950215086e-01 6.407032539077489597e-01
5.222700398570324642e-01 6.817687820316362668e-01
5.251826460210390346e-01 6.720398400884040058e-01
5.525207415645511100e-01 6.973590838463477048e-01
5.561840553322625613e-01 6.991414677332593586e-01
5.243630305620566867e-01 6.109525567668255830e-01
5.858790513849077009e-01 6.811533590754443868e-01
5.007596386215776851e-01 6.496185119857589285e-01
5.179682925520872061e-01 6.721873825829787208e-01
5.145047752471301195e-01 6.832268853970767664e-01
5.026803706177970232e-01 6.759881966822649524e-01
5.069017199827177134e-01 6.802160965227961320e-01
5.344473670942250232e-01 6.389375664640124519e-01
5.124463914291434996e-01 6.996609361211071354e-01
5.446657481284635782e-01 6.894212217918308516e-01
5.921046747729059589e-01 6.996716803347610147e-01
5.211433246226465643e-01 6.789405913645181201e-01
5.126868246260191109e-01 6.456552136885244098e-01
5.291248352366537677e-01 6.783707357927857284e-01
5.018273530365016111e-01 6.545418447732409550e-01
5.031232772788399865e-01 6.874901164318512059e-01
5.126342867497016842e-01 6.863399697692843526e-01
5.403334457553132797e-01 6.116081125040477851e-01
5.241546598341005891e-01 6.693460285554750921e-01
5.023543825764770210e-01 6.121462829707011721e-01
5.012756340551693945e-01 6.822292826880725913e-01
5.072928690379182592e-01 6.595750637766574220e-01
5.040057252476399796e-01 6.674112018909142963e-01
5.034634542143514579e-01 6.623151835470959536e-01
5.136874802382698224e-01 6.321081637590696412e-01
5.220288477472009303e-01 6.569166551763626627e-01
5.661074313530971569e-01 6.801002190667779779e-01
5.117722211764631490e-01 6.634144603830801623e-01
5.186093133294142898e-01 6.338331490176116745e-01
5.681488443215703121e-01 6.881009126835571088e-01
5.601091428002493711e-01 6.389874240734515487e-01
5.466678248838131582e-01 6.912231575955503082e-01
5.021090290486941443e-01 6.615659229099309924e-01
5.059600413613533076e-01 6.088900879211394113e-01
5.190024804685889892e-01 6.967367701162363591e-01
5.262648402113413448e-01 6.522588691557413831e-01
5.229607907110153109e-01 6.630181303945487103e-01
5.163827725031209237e-01 6.769974730719032774e-01
5.099159958665419046e-01 6.688781371909117146e-01
5.424268896618527069e-01 6.967462931014329897e-01
5.054261425876904745e-01 6.190700960299697631e-01
5.284606113386909332e-01 6.898809000138947933e-01
5.538406773413189210e-01 6.881641995189482497e-01
5.474549652003487532e-01 6.899617818640162437e-01
5.161404872849686409e-01 6.799543458539023533e-01
5.119029467371076780e-01 6.569447712207282519e-01
5.138715060619357677e-01 6.029155639566921021e-01
5.303462551510165213e-01 6.356624171214938501e-01
5.310920205523711468e-01 6.715460819379142077e-01
5.850728116815554491e-01 6.912821902314405520e-01
5.232599186450477280e-01 6.939971201347231444e-01
5.131660547012550921e-01 6.996399021166497256e-01
5.530130710527619842e-01 6.690566636013933755e-01
5.291676381064748247e-01 6.913107693820726984e-01
5.099163024559781876e-01 6.272218686205426330e-01
5.031696990905683009e-01 6.010833260553442026e-01
5.056727915640943927e-01 6.681752587700098278e-01
5.841708395072198190e-01 6.076947257959619542e-01
5.004949548127942682e-01 6.957328456376100645e-01
5.151750873656752994e-01 6.847674774270561260e-01
5.179027531624527114e-01 6.887461111540535974e-01
5.031454217126669626e-01 6.539055446959060047e-01
5.130711813963252377e-01 6.193320468207207385e-01
5.513564606059089268e-01 6.813833291347314303e-01
5.250738194928999958e-01 6.747244362602972112e-01
5.481573789897895566e-01 6.804443629454478559e-01
5.018812051591318157e-01 6.043006381950722927e-01
5.470034177225037153e-01 6.775218527902753252e-01
5.858249259130356990e-01 6.899350902011530673e-01
5.736055460928870531e-01 6.934938091114963843e-01
5.249333245918023083e-01 6.933149921546346572e-01
5.645135340194336049e-01 6.654281750241691773e-01
5.450083452230685133e-01 6.555372416448603801e-01
5.036263600996380152e-01 6.563975606470505708e-01
5.073659694981165202e-01 6.940643523427545425e-01
5.392838431107664920e-01 6.997714212443386650e-01
5.048091904719111955e-01 6.871755217997445042e-01
5.086965098480522585e-01 6.846811677805318963e-01
5.006724243195426194e-01 6.844558527438899809e-01
5.312064549716826178e-01 6.954051966320732303e-01
5.082536808145630136e-01 6.936362450187015805e-01
5.302332275887382540e-01 6.957702055023617937e-01
5.314546433200586506e-01 6.919268193968459713e-01
5.502364799274126472e-01 6.459921173766344227e-01
5.354390563249571411e-01 6.702735775347422598e-01
5.579424883120298606e-01 6.184710842028420252e-01
5.272705284330403419e-01 6.543534518505239594e-01
5.033777430111407991e-01 6.528070481996885999e-01
5.661535992346794499e-01 6.746816768624742666e-01
5.150976987455150313e-01 6.214104817820906845e-01
5.169883909898417285e-01 6.499989489619013572e-01
5.307326351474408455e-01 6.882549114764626719e-01
5.272964803349048379e-01 6.926721966585936974e-01
5.736599680219173214e-01 6.601204538815829137e-01
5.153112625598141872e-01 6.292395004014000870e-01
5.429429913659892248e-01 6.968692454878060438e-01
5.474839018166086646e-01 6.957304158674176842e-01
5.069960785913464330e-01 6.439110874255460359e-01
5.025400841322588130e-01 6.700024816351358714e-01
5.023830430230499244e-01 6.670834500727662597e-01
5.443997926596804149e-01 6.959237106847452337e-01
5.111774354258233899e-01 6.759242760330967936e-01
5.647776834968183390e-01 6.957171003583072499e-01
5.018392695208389043e-01 6.691234704257139621e-01
5.355075697449351857e-01 6.773200152754721426e-01
5.350443704712030124e-01 6.685771171821277559e-01
5.044051688592692262e-01 6.807798131049889179e-01
5.012612810827252741e-01 6.716990694312832133e-01
5.422777798043149078e-01 6.790724287939863268e-01
5.643592769636193163e-01 6.910998461156382389e-01
5.621112474559104566e-01 6.981263030359929900e-01
5.760985771056179594e-01 6.865720344566632605e-01
5.386123112942317048e-01 6.457110891914026318e-01
5.137273911727648912e-01 6.436602127537542906e-01
5.056690242643687716e-01 6.009544872420961026e-01
5.793521575024263015e-01 6.974804865035267865e-01
5.427649868954516066e-01 6.934750200227722816e-01
5.184298510203697585e-01 6.567565159428240262e-01
5.283767106338735919e-01 6.768281919294992788e-01
5.301924020328048215e-01 6.340688667928627842e-01
5.252533914715793451e-01 6.471319990763143570e-01
5.294008792225989302e-01 6.952933048858332965e-01
5.186639869613699494e-01 6.092418441786978667e-01
5.000490833427289061e-01 6.194380888891029002e-01
5.093064637522805027e-01 6.384887390899245396e-01
5.104431363735763005e-01 6.318463633585887917e-01
5.327177186388029062e-01 6.894987394673209868e-01
5.040786909263879068e-01 6.937020246806411272e-01
5.082769694367686997e-01 6.821606588873789789e-01
5.061839594845953805e-01 6.143853700238707249e-01
5.615454734809741666e-01 6.963129522294663198e-01
5.274181883130328874e-01 6.841714289778387803e-01
5.257551882682734989e-01 6.861270503902735518e-01
5.253284647261248219e-01 6.830591278603912464e-01
5.655785549568501658e-01 6.882310397841766569e-01
5.131929226395147703e-01 6.164109749268025240e-01
5.498669744909090440e-01 6.501493606147605853e-01
5.508985202508671630e-01 6.885555709668376156e-01
5.460161511155774416e-01 6.894153014622912412e-01
5.773633981554742167e-01 6.722150049859907384e-01
5.909196575299453524e-01 6.859200218306342745e-01
5.456323588335539876e-01 6.962724115569162153e-01
5.306078631959527669e-01 6.617223167837216202e-01
5.061622670356676901e-01 6.484966163411515216e-01
5.277470195971177835e-01 6.894415719393663933e-01
5.172766184662397349e-01 6.029881515785051604e-01
5.168187161561101917e-01 6.482519002310677125e-01
5.048971172879042069e-01 6.237280201183659223e-01
5.515362708250706181e-01 6.960996127514814669e-01
5.431582942460384533e-01 6.804319802506003656e-01
5.102995909269780750e-01 6.696442680397952651e-01
5.299172021081772765e-01 6.937122488328354430e-01
5.143294752683474913e-01 6.686740732905062101e-01
5.028283637015436014e-01 6.333426461489365389e-01
5.084832388629703104e-01 6.098914363268872485e-01
5.438058039280356804e-01 6.696069977648843041e-01
5.562118678004266403e-01 6.786761338191250603e-01
5.116826892898420631e-01 6.878510241107000933e-01
5.649976581839770695e-01 6.785231266359292857e-01
5.510028366709830427e-01 6.838780208224077839e-01
5.043307647526298343e-01 6.574103968916106266e-01
5.861057799421131032e-01 6.737258563081895968e-01
5.290330720474942794e-01 6.802651954411561563e-01
5.320739954375024450e-01 6.872363654490428742e-01
5.100817857974877523e-01 6.771518339807962583e-01
5.229453446243916837e-01 6.196153832765544101e-01
5.452071062872497764e-01 6.780221753738484569e-01
5.567820888945149704e-01 6.155332616414657121e-01
5.109627427211800299e-01 6.894539237967266532e-01
5.235066337090964472e-01 6.554396287863218928e-01
5.333763178847739095e-01 6.677900085372359129e-01
5.201023217352593875e-01 6.978154452787254103e-01
5.028565558006702352e-01 6.429469277295183360e-01
5.066885581998280541e-01 6.746706589825092193e-01
5.061251129743030708e-01 6.721346974209643221e-01
5.118331090745626977e-01 6.734167464806516401e-01
5.022395700139278274e-01 6.680210942192179591e-01
5.098847343249659492e-01 6.738990881975031044e-01
5.685789350820723564e-01 6.470270270313305261e-01
5.147201427910101934e-01 6.815406269393213812e-01
5.028869523524566176e-01 6.214787636641300184e-01
5.140268665365770318e-01 6.001114181356975719e-01
5.024438006931027934e-01 6.335177412305178501e-01
5.222588217227102092e-01 6.886028651723787863e-01
5.014038453722868827e-01 6.583241917603004367e-01
5.264858149404966214e-01 6.857641109786960509e-01
5.192430720253232712e-01 6.587466627672341479e-01
5.334277917075190834e-01 6.726400656356641417e-01
5.039828456221716602e-01 6.650783127319876975e-01
5.057960024181383796e-01 6.872953487353710145e-01
5.209104569762744719e-01 6.730126469079638074e-01
5.010681033430033349e-01 6.508710447975092350e-01
5.186934547021592179e-01 6.857918899727293294e-01
5.103137972927056509e-01 6.998697871148892302e-01
5.504934938128849264e-01 6.086932822237542950e-01
5.422088562530485989e-01 6.522555878327289669e-01
5.158560315993055978e-01 6.937443795136114533e-01
5.004624323901332161e-01 6.662398181360036364e-01
5.344136265012747744e-01 6.720498838933338659e-01
5.177909871672087272e-01 6.992247334515380164e-01
5.621240409265197968e-01 6.920755958086400872e-01
5.201124856358025905e-01 6.856035172182148862e-01
5.130080189519343747e-01 6.586430089008502575e-01
5.204897873285515564e-01 6.443732011933335224e-01
5.477727921837662883e-01 6.863324816037401632e-01
5.079298214622396390e-01 6.899632074720576380e-01
5.449248125084991123e-01 6.395374248599876577e-01
5.276881767649601596e-01 6.442831472726684439e-01
5.064623135542243304e-01 6.725393505582808462e-01
5.152053952565004424e-01 6.196711460086955503e-01
5.363217050328844548e-01 6.791602383533567044e-01
5.133316031096752940e-01 6.739733036925702470e-01
5.044546757790723257e-01 6.418228746623381165e-01
5.217358529758688857e-01 6.128028163833656450e-01
5.372248011345840402e-01 6.102250362065735345e-01
5.722056188208380911e-01 6.634381599747298797e-01
5.644179674574498762e-01 6.579258514400985192e-01
5.355128024094358841e-01 6.507395557203107250e-01
5.058040692427214768e-01 6.739082959934233896e-01
5.261899194905014232e-01 6.775193105309076369e-01
5.217477919238395767e-01 6.451965793770834123e-01
5.187388997944678559e-01 6.498676368558078398e-01
5.266898709083913666e-01 6.394851128083807179e-01
5.047819563597327752e-01 6.989480612221433686e-01
5.094141043761659660e-01 6.900426759901068241e-01
5.445001411530038249e-01 6.726719150181400542e-01
5.053984013017105426e-01 6.953465736604461656e-01
5.478605449164100083e-01 6.941773269079377640e-01
5.454827144886902346e-01 6.786040241580237886e-01
5.156159425149577924e-01 6.812651887663124795e-01
5.344875055190222435e-01 6.383246423283784887e-01
5.152683863243339157e-01 6.880899966888479602e-01
5.658477680939180132e-01 6.740757021000425286e-01
5.195501002594881124e-01 6.768396506919738265e-01
5.123401406743562925e-01 6.243375955900918317e-01
5.106123459492447614e-01 6.975788983127094722e-01
5.257089966623335053e-01 6.968887925980344900e-01
5.190922359938113795e-01 6.857395672304760215e-01
5.689989866121641926e-01 6.745218641034409490e-01
5.819316797877822633e-01 6.941716933904280573e-01
5.131688879162430439e-01 6.940790204837511412e-01
5.386823005145103815e-01 6.946403152154255745e-01
5.185780504331237717e-01 6.922909467787607962e-01
5.402892289027786399e-01 6.443305686083721229e-01
5.915709002180228326e-01 6.893367521923445818e-01
5.392457786075051107e-01 6.684031383872314214e-01
5.087784659126382003e-01 6.965418227017937669e-01
5.428734397000042344e-01 6.866488350301940269e-01
5.216432827226298308e-01 6.536899188111745529e-01
5.037856406941999543e-01 6.748366440226538643e-01
5.203954585081764783e-01 6.988429915841840590e-01
5.829568611984399240e-01 6.862431549373920747e-01
5.118443781120688429e-01 6.867407804217400269e-01
5.064397705187414500e-01 6.850234608961510707e-01
5.194542227559992842e-01 6.970753995866877384e-01
5.032857506675119108e-01 6.988082955120733519e-01
5.225940715092693978e-01 6.882414229845865705e-01
5.235604349047808803e-01 6.434641594534969977e-01
5.961904090059193528e-01 6.919712572017049368e-01
5.821026507190740773e-01 6.761216684420883194e-01
5.528749459774751074e-01 6.561893306102593026e-01
5.366780016533352349e-01 6.852553621730490541e-01
5.383120308455263681e-01 6.619626796666773227e-01
5.356325720444027327e-01 6.915712298071003961e-01
5.056100050161489445e-01 6.651547859876434377e-01
5.106651192872996292e-01 6.279058764086754563e-01
5.560211579549888539e-01 6.417254665587386331e-01
5.011128669423525750e-01 6.791661693079542594e-01
5.785604248262856686e-01 6.150402922516498005e-01
5.222612348395219151e-01 6.854086836767929736e-01
5.986052476266914280e-01 6.658249681704654366e-01
5.630741329670984063e-01 6.989358383069044223e-01
5.242336444608289847e-01 6.459403858689423128e-01
5.383445372218745861e-01 6.511313454737959194e-01
5.792897824045711852e-01 6.930953642032200435e-01
5.450211464261559557e-01 6.761012759651144899e-01
5.026482978802262469e-01 6.682095392233148301e-01
5.421454902593311198e-01 6.971274329941327119e-01
5.203827017843624114e-01 6.887378323973860628e-01
5.273297704607102787e-01 6.845108812389305575e-01
5.556944085452180104e-01 6.880103498081732161e-01
5.134703924812473730e-01 6.656389847233133983e-01
5.013448703387453076e-01 6.997647497963174201e-01
5.076699183316176756e-01 6.826020338012959154e-01
5.678586384556472133e-01 6.919466027265284147e-01
5.003678845546678522e-01 6.976453097351600352e-01
5.006379195982592067e-01 6.780252527592357525e-01
5.086926366830484270e-01 6.344479495816806036e-01
5.247009256090330309e-01 6.939362721695032654e-01
5.130035517331226202e-01 6.640021415116479364e-01
5.873004921889879437e-01 6.959900154439260245e-01
5.071447637557920940e-01 6.578147432055041488e-01
5.950217127606006740e-01 6.936916138426542089e-01
5.432106473968337790e-01 6.785052684705586978e-01
5.052534929561458554e-01 6.275547281229638674e-01
5.571482540906231851e-01 6.302945431410088561e-01
5.225690669294328350e-01 6.759211343157441876e-01
5.120059784506724165e-01 6.820488334178491652e-01
5.189416846290472174e-01 6.903795272162569496e-01
5.110308763067490379e-01 6.687996420678978815e-01
5.136374744164698969e-01 6.774827689642316519e-01
5.032902209689045225e-01 6.640636890197870734e-01
5.123963193097121893e-01 6.882972770248005911e-01
5.220598510297452810e-01 6.741567968761809082e-01
5.336130954698524720e-01 6.523735305835811626e-01
5.124088525663405003e-01 6.503621940998435269e-01
5.587430039510069557e-01 6.103337666626227342e-01
5.787846980517482587e-01 6.702402597215926239e-01
5.603420041469235890e-01 6.971278320617811941e-01
5.009410187756203614e-01 6.158000958997795760e-01
5.102937707439979542e-01 6.069135490024664126e-01
5.234192378262723100e-01 6.878297836725488779e-01
5.464316528566213194e-01 6.856668500832516777e-01
5.144114484138533339e-01 6.545897416734289820e-01
5.124325945884617983e-01 6.903639189066863580e-01
5.346274513879024637e-01 6.886667986556959109e-01
5.265224539068832366e-01 6.745496531752347424e-01
5.292165372791507449e-01 6.955801730211785827e-01
5.399776213077003284e-01 6.703415733903181906e-01
5.781677847512157742e-01 6.559805160452332196e-01
5.195066908629091262e-01 6.803170545121411950e-01
5.214251642722128599e-01 6.659837013042331222e-01
5.439860124415316633e-01 6.877326151546585553e-01
5.200546875803220281e-01 6.892791937200827279e-01
5.361072050183826043e-01 6.961861410576787312e-01
5.360239214997960522e-01 6.956715379959266254e-01
5.543088884156962548e-01 6.817613311380820162e-01
5.099631248314027143e-01 6.812461242690915908e-01
5.082563294548155808e-01 6.792100751612595300e-01
5.080958850771019053e-01 6.902752459174945621e-01
5.057254640703597870e-01 6.721608901583681073e-01
5.109566810210148802e-01 6.655223179231753994e-01
5.724465230687596495e-01 6.672184145330594118e-01
5.180088305421216566e-01 6.147577245326037998e-01
5.402628411465356661e-01 6.612087133816577644e-01
5.277894051058845681e-01 6.584576347674810926e-01
5.439138461096509891e-01 6.912403712187014104e-01
5.358699652027754112e-01 6.766463117063080679e-01
5.272997640189324153e-01 6.963190660658595821e-01
5.174633408952045155e-01 6.050933703392533669e-01
5.764760695480962704e-01 6.769040823838103904e-01
5.070385900043222760e-01 6.916772802580442026e-01
5.062303931612587293e-01 6.673855478820585052e-01
5.161826362293531201e-01 6.835461060328870131e-01
5.470520057726603325e-01 6.571348425084718725e-01
5.290306085624987276e-01 6.907512303307510315e-01
5.991630612188240113e-01 6.734145394807112828e-01
5.206580042840350808e-01 6.805021749464649217e-01
5.060219718976537440e-01 6.985857482104860239e-01
5.245175836487067089e-01 6.637961368424349917e-01
5.524771965254121620e-01 6.760516385745183321e-01
5.036838811580887088e-01 6.557697494447051190e-01
5.579392030923958634e-01 6.737883172624483663e-01
5.153829419833357850e-01 6.131824269584651432e-01
5.427068678030547710e-01 6.263078162463464604e-01
5.244065641801212152e-01 6.542559060880023258e-01
5.337939470755657112e-01 6.467763021725410066e-01
5.351411513140079679e-01 6.237668645227439912e-01
5.613842060857898719e-01 6.445336120963642834e-01
5.115824135444035914e-01 6.513287647750966025e-01
5.161012915036475857e-01 6.500413129573309190e-01
5.595472703597865749e-01 6.815044738688480486e-01
5.151580161664588431e-01 6.555335255053703625e-01
5.110970287034599657e-01 6.416872021053487973e-01
5.070049682673105629e-01 6.666043474643866817e-01
5.069247548765859479e-01 6.226158251547178057e-01
5.324281281619475115e-01 6.872408311595366026e-01
5.033660115320632844e-01 6.637468117520892719e-01
5.322712669742500902e-01 6.393421792022095929e-01
5.425392214452804396e-01 6.698171256961529263e-01
5.512870592921950141e-01 6.898252803684504775e-01
5.335237954909570757e-01 6.747161369825912525e-01
5.064515808717147127e-01 6.868010133603479339e-01
5.095000267475868760e-01 6.374983546854648964e-01
5.120676076769073992e-01 6.976699919979674203e-01
5.157927640584418771e-01 6.475868283726096131e-01
5.245877857415177647e-01 6.072996228683172903e-01
5.063536117553089078e-01 6.932051402259612471e-01
5.032970064372389585e-01 6.492569209468141977e-01
5.577071520262643078e-01 6.757572268736018462e-01
5.136157523353251930e-01 6.252458574104176048e-01
5.357732328293914881e-01 6.769302044485634440e-01
5.299348703481310263e-01 6.974524815067436601e-01
5.283330958263722232e-01 6.703479761697441752e-01
5.009967502454102384e-01 6.457399456181696085e-01
5.196225132475457142e-01 6.729444676271989501e-01
5.112627534652609551e-01 6.998352523793601732e-01
5.547758956532132801e-01 6.790662457978724476e-01
5.597551827091489240e-01 6.707131069380962707e-01
5.209341148460836513e-01 6.960910713287646878e-01
5.076204964935632225e-01 6.316667145399632588e-01
5.146311278132900124e-01 6.449383432801361060e-01
5.219104669931355911e-01 6.586335199530574114e-01
5.470062245487410379e-01 6.940620832354753578e-01
5.592880249062827103e-01 6.778835548671336975e-01
5.013021104869825884e-01 6.909113141841709549e-01
5.265006497443831535e-01 6.752663096251397823e-01
5.771337370433773373e-01 6.898225857953423912e-01
5.081277761723010933e-01 6.829997857106545611e-01
5.405018141297990297e-01 6.277179227951575902e-01
5.181362004150972256e-01 6.557061265501089586e-01
5.627885410286270762e-01 6.740524713359081765e-01
5.622475457490407891e-01 6.887487019673539379e-01
5.120894359419450037e-01 6.877719161870849973e-01
5.005724838289716816e-01 6.960230253217675189e-01
5.972856857348990411e-01 6.774249898171970097e-01
5.204046735399469048e-01 6.277907864012978179e-01
5.278786630058192042e-01 6.916311005416968527e-01
5.164854562700890162e-01 6.491935142108368195e-01
5.155885649228217904e-01 6.844802172316555300e-01
5.020111145606004355e-01 6.237483238384122775e-01
5.380199686379293356e-01 6.937279048727480468e-01
5.668375018606979232e-01 6.716917536771778163e-01
5.297682119904080222e-01 6.431219396525619247e-01
5.467125123116336471e-01 6.851673084601256347e-01
5.245312557019622401e-01 6.953408474027402697e-01
5.074367611022604363e-01 6.417246619337734215e-01
5.954055008781737879e-01 6.819213807634374458e-01
5.074698133234951669e-01 6.259089844922554047e-01
5.277837842279748948e-01 6.956860390428696306e-01
5.168421525972290986e-01 6.831869861686055145e-01
5.356038776000184853e-01 6.812665389597349908e-01
5.051693847710744256e-01 6.867359895165118244e-01
5.491553006366830525e-01 6.620664482839763165e-01
5.121948656090050678e-01 6.977824101865163220e-01
5.076795444604836893e-01 6.514797826630210897e-01
5.504160765289765056e-01 6.972288682560998652e-01
5.164860009603535751e-01 6.819638249257858886e-01
5.069134577628522376e-01 6.544026647578873312e-01
5.115303407434370619e-01 6.707873959418075849e-01
5.132279832798090080e-01 6.537436540835903642e-01
5.510031775819030919e-01 6.252052541062823598e-01
5.105385905274431035e-01 6.234176346225712706e-01
5.372351580320254838e-01 6.649867779124958300e-01
5.163427478624834643e-01 6.817064635063052602e-01
5.292978027031869370e-01 6.576824529926048601e-01
5.153828122195092121e-01 6.820630884005804973e-01
5.445380868845898226e-01 6.915959574602816851e-01
5.230822312688139242e-01 6.085880947916948447e-01
5.530881277413636221e-01 6.676287737919189835e-01
5.019971456386610464e-01 6.917686470614820005e-01
5.363037903102766402e-01 6.981712060753106908e-01
5.388034264394350181e-01 6.847623091213375091e-01
5.135167597580222454e-01 6.962953429854215059e-01
5.322657102291631359e-01 6.623725401775147903e-01
5.379120654195703732e-01 6.832500003975756631e-01
5.548732058151188973e-01 6.803951370395144860e-01
5.160929721665271641e-01 6.378834589707549352e-01
5.357133525128935370e-01 6.757098091625053371e-01
5.359929320658303187e-01 6.998917873844949789e-01
5.000809914751168650e-01 6.940511895353528304e-01
5.341234988896456093e-01 6.999563031219664389e-01
5.333464795725375573e-01 6.938643597817678588e-01
5.111708072073511966e-01 6.347239506388876462e-01
5.677712641172845132e-01 6.841923193869621223e-01
5.294239584981162983e-01 6.479874651040224975e-01
5.656122397972487281e-01 6.566688183966902237e-01
5.042423083563678521e-01 6.434626876921267780e-01
5.336727711052390299e-01 6.955589059090372395e-01
5.039268992117824641e-01 6.973639279207362041e-01
5.635087098039289755e-01 6.898845030625069263e-01
5.714318276047959388e-01 6.947141617725822726e-01
5.040772146568179846e-01 6.145205434147236190e-01
5.074902533257256154e-01 6.882290947540078418e-01
5.194784615477804346e-01 6.468801977940040748e-01
5.227909272887714121e-01 6.976745279989480242e-01
5.269492325434259605e-01 6.855056231235345798e-01
5.534657357368814035e-01 6.969002273383770873e-01
5.548224185967718380e-01 6.997186115830449360e-01
5.001459654305506763e-01 6.548775003661111427e-01
5.294634975231246043e-01 6.865316528241629523e-01
5.025039453160151659e-01 6.638152424733119172e-01
5.154066604215689074e-01 6.526253318087692490e-01
5.133238006563789479e-01 6.558966586271618437e-01
5.062928562996038551e-01 6.987681225169548593e-01
5.629122944670613693e-01 6.300638500388003882e-01
5.235630108197111277e-01 6.814316092890327914e-01
5.388440282577308116e-01 6.154231278532354965e-01
5.857256926913060324e-01 6.923097454241703419e-01
5.822473747327618909e-01 6.919101735874670922e-01
5.497589936062627913e-01 6.838053251557379975e-01
5.470789011214302056e-01 6.967821296259819608e-01
5.149289295628298735e-01 6.910732912675552342e-01
5.070583295478696684e-01 6.948693573705658766e-01
5.182449566166164034e-01 6.751346455370962341e-01
5.106568602977923366e-01 6.145046932297699716e-01
5.069242119748571529e-01 6.236110885644539081e-01
5.599890662155817544e-01 6.590122770795544538e-01
5.113986080639956189e-01 6.784860128925462863e-01
5.026787721968342115e-01 6.917406203441588408e-01
5.665025985828402444e-01 6.942659129353209169e-01
5.317460582781142753e-01 6.907681517433852392e-01
5.008898461222357490e-01 6.962128341112699959e-01
5.695374930617551623e-01 6.929057244042781116e-01
5.135223934538191148e-01 6.609341253744099864e-01
5.159634608195172722e-01 6.488381023715916740e-01
5.224276847056731343e-01 6.913486002696745958e-01
5.289137231898772828e-01 6.838466952873859528e-01
5.061271386148048501e-01 6.763979982668218982e-01
5.250972365623340909e-01 6.950610902728757701e-01
5.749321137617555699e-01 6.910804852669838461e-01
5.249078889654490432e-01 6.857213817075744622e-01
5.091900896807732835e-01 6.698033010711176294e-01
5.075699487800717780e-01 6.540177815454253363e-01
5.219590338885365943e-01 6.680262708548989625e-01
5.697757629412961711e-01 6.881458589619637856e-01
5.274230131856204595e-01 6.845664612983998198e-01
5.031455611851610721e-01 6.980182092164621821e-01
5.034172567058542436e-01 6.323043471806426563e-01
5.162921257654532470e-01 6.768001099391300901e-01
5.137730390982966355e-01 6.521876129994719218e-01
5.116358302286048154e-01 6.997022977074149885e-01
5.685949223540137654e-01 6.813694506953005270e-01
5.018119837256685978e-01 6.931624867396699585e-01
5.623978516486021206e-01 6.784126298026839086e-01
5.377899966136492349e-01 6.574203038076567029e-01
5.764181248269747426e-01 6.966734768703937153e-01
5.679195431914823011e-01 6.958160163908304607e-01
5.349774628313763714e-01 6.809154950967183373e-01
5.153788172630967557e-01 6.206960964925732904e-01
5.112364858296323256e-01 6.914757851373237729e-01
5.331716113680808888e-01 6.498071604408780511e-01
5.127911230145913990e-01 6.685698954084696721e-01
5.657461936019096971e-01 6.919196350167760023e-01
5.866136776524446539e-01 6.611074386012345538e-01
5.688553081177326609e-01 6.748590889686132410e-01
5.161961060397088907e-01 6.410064947479534592e-01
5.301237122775543931e-01 6.641333442826486966e-01
5.227540154192551469e-01 6.738840684407714221e-01
5.250333553802787323e-01 6.685774289896257994e-01
5.080947522497067936e-01 6.644617281958412613e-01
5.209725138820918700e-01 6.818743634880737314e-01
5.010245607405319213e-01 6.778957224259963832e-01
5.105041122527411712e-01 6.700244055790411934e-01
5.168798727480238275e-01 6.721744421729253238e-01
5.062093745473161821e-01 6.646585129374260603e-01
5.271915609146051729e-01 6.691057729234123341e-01
5.150765119751613552e-01 6.621611887808790398e-01
5.574108528153207676e-01 6.784807657487649246e-01
5.691671335619833405e-01 6.658306771009180336e-01
5.349334508215507489e-01 6.746961380588865076e-01
5.271407277938570113e-01 6.909332991246217581e-01
5.598142506336619695e-01 6.936059878578756388e-01
5.500145194450269948e-01 6.851325295816848016e-01
5.089294326518276623e-01 6.886341524310973794e-01
5.069860866692783574e-01 6.431702298586758904e-01
5.440498346194215795e-01 6.602193218876877268e-01
5.025555300205739595e-01 6.690569318010095579e-01
5.920878221548411258e-01 6.723448112335954630e-01
5.030144833776424296e-01 6.115214166134531615e-01
5.393551708900545805e-01 6.775568897043827699e-01
5.069678985184178366e-01 6.710495163570989741e-01
5.166171574064364336e-01 6.449109023157004739e-01
5.189641707755957567e-01 6.139552567472459366e-01
5.456108875576360928e-01 6.729792638933380644e-01
5.122392750771779246e-01 6.842354590502061074e-01
5.589332218996376778e-01 6.894072379752276269e-01
5.180597124683644639e-01 6.834684645070716602e-01
5.630954334092274083e-01 6.846038430859606727e-01
5.400254555750296781e-01 6.523184182816875731e-01
5.291748508718070454e-01 6.960245600719954240e-01
5.081291481655946241e-01 6.241602719575489733e-01
5.080117809709617793e-01 6.978970004520445025e-01
5.251149425899345191e-01 6.857396285606404129e-01
5.598783438972182447e-01 6.774806802385411331e-01
5.112353593463749846e-01 6.939647488059637048e-01
5.463060526050064203e-01 6.682580369243051877e-01
5.292438414961736504e-01 6.406698723471074830e-01
5.345167408829794020e-01 6.844372504489129039e-01
5.684273242214936683e-01 6.996376063747131724e-01
5.499571738811773747e-01 6.393052969664501095e-01
5.021811338892613330e-01 6.334638463310351408e-01
5.199521025018162268e-01 6.056151846769417535e-01
5.843893327615145017e-01 6.764259349728832804e-01
5.015251214187612661e-01 6.961433906161279550e-01
5.289878076486227432e-01 6.728510530928113464e-01
5.009580019027219944e-01 6.729173653092508367e-01
5.079427226266913786e-01 6.687896022542056951e-01
5.109997933146794846e-01 6.926106199279757902e-01
5.065312856251721341e-01 6.400791914941277305e-01
5.288608297746570930e-01 6.818540288373993175e-01
5.652444569199525093e-01 6.843020138500306437e-01
5.197991568312192445e-01 6.646643196316154301e-01
5.441679538937204130e-01 6.903911778022114865e-01
5.494940923504662011e-01 6.725458701939499573e-01
5.114032507421819584e-01 6.856428121829335476e-01
5.368541881083837009e-01 6.654125678061678650e-01
5.640978333258199751e-01 6.795931113419895198e-01
5.150034278429376222e-01 6.994893597746250080e-01
5.407895872483126087e-01 6.731668392925053146e-01
5.208556184946396828e-01 6.921901051413739125e-01
5.036599012476891124e-01 6.712148647192948125e-01
5.212262449313229684e-01 6.924196858018968337e-01
5.255802838648160336e-01 6.872244561933354978e-01
5.405701764222164973e-01 6.961459201036875877e-01
5.265990356124772287e-01 6.737607250798985925e-01
5.044492253564882844e-01 6.700623985717270026e-01
5.202717170700517091e-01 6.843815713266375722e-01
5.346505786565413088e-01 6.438102415410533741e-01
5.335812500603216435e-01 6.467967256679310051e-01
5.332606237105452784e-01 6.486070656743774254e-01
5.405333724959489050e-01 6.509122044078857749e-01
5.917548382057343792e-01 6.843915597803389428e-01
5.088711571619439766e-01 6.284293157814616615e-01
5.014045713677933724e-01 6.659952555331560831e-01
5.654948422664308749e-01 6.843102904687916599e-01
5.334587694846072425e-01 6.950244067368284151e-01
5.531158769878007364e-01 6.963212581960454006e-01
5.272438391830271964e-01 6.715289406605635669e-01
5.328414655086829432e-01 6.783144813384669458e-01
5.991641859558268779e-01 6.667335429934556634e-01
5.054652444698181091e-01 6.845638126714772564e-01
5.517029093662353390e-01 6.702035403568390448e-01
5.557429923842973629e-01 6.683088196910852430e-01
5.091922160188132596e-01 6.988045717221565978e-01
5.007236789815305844e-01 6.709179657972459410e-01
5.946845619962101148e-01 6.871203773472719378e-01
5.776755117419037910e-01 6.748871345627994733e-01
5.125331266940869046e-01 6.058901100872967627e-01
5.411224219029262539e-01 6.975082803080412397e-01
5.652958415063487063e-01 6.054745209557745866e-01
5.239088139384886489e-01 6.851362047848960080e-01
5.008405660953385574e-01 6.820723305388916025e-01
5.038719780886058430e-01 6.861000600728899279e-01
5.241749812336138348e-01 6.736927356936018851e-01
5.027494517967810994e-01 6.923710110494729619e-01
5.485491409755494097e-01 6.466195288180447420e-01
5.148823673025987313e-01 6.514459369408549527e-01
5.062192526926071467e-01 6.843710907469682247e-01
5.098222053353916872e-01 6.444509958897332025e-01
5.306569271662560094e-01 6.997823038401496110e-01
5.065147943165200228e-01 6.719574539542929603e-01
5.399554558531606263e-01 6.524230598017052296e-01
5.160691347035867294e-01 6.331105901043202477e-01
5.613365459868241425e-01 6.665175003625620764e-01
5.737623784785884640e-01 6.825625164845454673e-01
5.153106340855615475e-01 6.483832651577248196e-01
5.091341130592239583e-01 6.958723150251840961e-01
5.028031042350037394e-01 6.804819057066020527e-01
5.130927179692755802e-01 6.920118488262879675e-01
5.376935511886814512e-01 6.975241405079897206e-01
5.913028571167978642e-01 6.977978369833797156e-01
5.090394982500968668e-01 6.847322543661603644e-01
5.031124094439609618e-01 6.289754880956259786e-01
5.379267652551213974e-01 6.015776091524125402e-01
5.396376532025343176e-01 6.444431454075608690e-01
5.701367838173450053e-01 6.808174444633450229e-01
5.353950959963255096e-01 6.621213761687291255e-01
5.415228507167918481e-01 6.992060564569571035e-01
5.657416885503515624e-01 6.824419472840008716e-01
5.184386337719422144e-01 6.972458186194168128e-01
5.371354158133622159e-01 6.671446555248056187e-01
5.274773172681761491e-01 6.735944460706894121e-01
5.153735402396495413e-01 6.110989446619621290e-01
5.047955981710602336e-01 6.992057634896230445e-01
5.061432353803896333e-01 6.499234597529131019e-01
5.155036765850713465e-01 6.858419676347574656e-01
5.773255086558587434e-01 6.803568932296176763e-01
5.350064561354245241e-01 6.807260800416744528e-01
5.448660078726396128e-01 6.720855940740545487e-01
5.434326218909526496e-01 6.979433662541753014e-01
5.053645863449782727e-01 6.909222384812822026e-01
5.097649950456645263e-01 6.573943783411511088e-01
5.049865192168786487e-01 6.905465358508207085e-01
5.324708551128586320e-01 6.924780146583668916e-01
5.152605501944077515e-01 6.897700069326185845e-01
5.023157983273202065e-01 6.854171319320429001e-01
5.301207009215189725e-01 6.689742181169058277e-01
5.455374442535292356e-01 6.849571075227013361e-01
5.360920515417753052e-01 6.426618081568434837e-01
5.598401000680389705e-01 6.803188173823587759e-01
5.343496549370704285e-01 6.860060868002610945e-01
5.282309731037848621e-01 6.764048400023489060e-01
5.162969361302359728e-01 6.458106280958624268e-01
5.164196290543153767e-01 6.660799234756989984e-01
5.092321017553802509e-01 6.187332706983255104e-01
5.135779285347836787e-01 6.645128426952539025e-01
5.715443850701150685e-01 6.999085461864322788e-01
5.380602953096071950e-01 6.405790582556319945e-01
5.405843478551353165e-01 6.804513811709023141e-01
5.868192450830828077e-01 6.394752869142034113e-01
5.117592632430539856e-01 6.926683290409694216e-01
5.071074194897822185e-01 6.705459987669339927e-01
5.144605183117720859e-01 6.961288838198990137e-01
5.116275794432474378e-01 6.488877960505112785e-01
5.533227405535389165e-01 6.883008856055835567e-01
5.716700176678866097e-01 6.527011823275705726e-01
5.034552132850792505e-01 6.560782390362825955e-01
5.349485141737106986e-01 6.821812856183848695e-01
5.846491879297801564e-01 6.939469737595851395e-01
5.264017806233992625e-01 6.752675979582143384e-01
5.130236740245414095e-01 6.293869878592410760e-01
5.225278400976317572e-01 6.635596048147157644e-01
5.041910960790305651e-01 6.774073487003142713e-01
5.456763635468095952e-01 6.861189734421645481e-01
5.294860351901655715e-01 6.746385375151656705e-01
5.939305461728028313e-01 6.787092131989219679e-01
5.179117330593731028e-01 6.943762920823821627e-01
5.119266920221030581e-01 6.641102138919900977e-01
5.174966082773946319e-01 6.538304196144939517e-01
5.346891948557034313e-01 6.703718999823521374e-01
5.278296238733437562e-01 6.519155065863501131e-01
5.008914184477661902e-01 6.709832301414504485e-01
5.055961477450291452e-01 6.844930502427857277e-01
5.384986814219404616e-01 6.017114382672721362e-01
5.840347916902571823e-01 6.726540865127186297e-01
5.163164875262329367e-01 6.810124392560805706e-01
5.392379877993019877e-01 6.995220442474503475e-01
5.074572041079532525e-01 6.937143508603401676e-01
5.187305312966731252e-01 6.986172542695752163e-01
5.037890620899729832e-01 6.812922340854830061e-01
5.415512169767585648e-01 6.628867118258068292e-01
5.177640895218031947e-01 6.859324968611028028e-01
5.176744360157544689e-01 6.797622189385443825e-01
5.353063617924748163e-01 6.793943704280992479e-01
5.070227759571418469e-01 6.141489482991864257e-01
5.214137272359683495e-01 6.695465825238452462e-01
5.538413850885730572e-01 6.942238014275010638e-01
5.721147049779926608e-01 6.946177069302647000e-01
5.111081679737853323e-01 6.583774367142893880e-01
5.116157131047819329e-01 6.151655127737407636e-01
5.268781840990635068e-01 6.952783573870703338e-01
5.154439708315051716e-01 6.819811272813981473e-01
5.357489143108982166e-01 6.477198181732118920e-01
5.083882456838315633e-01 6.591624213023696832e-01
5.330925195198040756e-01 6.442282824720869661e-01
5.763344135189747419e-01 6.475639808370530215e-01
5.130687865016227978e-01 6.794687968309764958e-01
5.395443889332680598e-01 6.666883422873218779e-01
5.638376232467101623e-01 6.761783321711384298e-01
5.351525649108128668e-01 6.800810806579962176e-01
5.284822340627590709e-01 6.755793115152025630e-01
5.240173480118802685e-01 6.772215918637594090e-01
5.040721320190839627e-01 6.996840441011266121e-01
5.283180851091191510e-01 6.324040744735903719e-01
5.391128442014587741e-01 6.520435205477670415e-01
5.909217298562101650e-01 6.867988369535625859e-01
5.021323788130361843e-01 6.625267107826756652e-01
5.258632923523672842e-01 6.905141978849439477e-01
5.541887879891989055e-01 6.940098255310841457e-01
5.235869463387995415e-01 6.690295484868573617e-01
5.230960220988899456e-01 6.645035830191382553e-01
5.721862185286107350e-01 6.930358698264280637e-01
5.144339623558493724e-01 6.586441738889873276e-01
5.178796232885732875e-01 6.291530866178485226e-01
5.233316766450919477e-01 6.600974466773873450e-01
5.602269662354119051e-01 6.823378017821496444e-01
5.138359504705045655e-01 6.733762418716117137e-01
5.264135197729133964e-01 6.046940852273308131e-01
5.766660187372371071e-01 6.905795218088155440e-01
5.631678362282410699e-01 6.893429253494227638e-01
5.056249528796379344e-01 6.317890783402716481e-01
5.243759159799382674e-01 6.694382519204171711e-01
5.711665369480991572e-01 6.955821645214926852e-01
5.034205461863308084e-01 6.897254271418309379e-01
5.219018460563278339e-01 6.480073157890466895e-01
5.225263049192996334e-01 6.546099367813695835e-01
5.700707530611278662e-01 6.298460649577168891e-01
5.388136313915511399e-01 6.848274112900966104e-01
5.270344057307629893e-01 6.858356269784402492e-01
5.218738469374550881e-01 6.736639241332191830e-01
5.059400327995945412e-01 6.627902456106242735e-01
5.992958930621161695e-01 6.665253927991526828e-01
5.426540062937962317e-01 6.959149237396493604e-01
5.377681885719840515e-01 6.501893898458301901e-01
5.178621499969040531e-01 6.683907108706308442e-01
5.242817312808379926e-01 6.630814865636304178e-01
5.588049470581836209e-01 6.995790447537807433e-01
5.400325607829450369e-01 6.752256249406269895e-01
5.049595766748148362e-01 6.159948711262570598e-01
5.378756623284576266e-01 6.678021168862063872e-01
5.597867527123622233e-01 6.861778601421604229e-01
5.573201164695170684e-01 6.166749341843488219e-01
5.243282576714454191e-01 6.385667679319401158e-01
5.192614817596932220e-01 6.842134262394818922e-01
5.099015492510247105e-01 6.644492291821278984e-01
5.770851476950163983e-01 6.897768425781680701e-01
5.059867626349919822e-01 6.386164524280826260e-01
5.030675326147335813e-01 6.870196103486677641e-01
5.204512205022955307e-01 6.870637224819003963e-01
5.182773999703097489e-01 6.868797106931149310e-01
5.087426556534615507e-01 6.973129177272845425e-01
5.682927455069717304e-01 6.978846662296733783e-01
5.503662231906604196e-01 6.605950135218567887e-01
5.144548648902901311e-01 6.913175166871243782e-01
5.413187433097591539e-01 6.308801590896762068e-01
5.376136181550413840e-01 6.743795401481407215e-01
5.249403782524512119e-01 6.921467157086171884e-01
5.457100954627359668e-01 6.718608726044104085e-01
5.687804902353132963e-01 6.818229170814733564e-01
5.053065187811458525e-01 6.735738578090841866e-01
5.310200548475695337e-01 6.555576391033028916e-01
5.045670614713129165e-01 6.617449097989437368e-01
5.382624824759729698e-01 6.385565699923441141e-01
5.257096819083277861e-01 6.574901158617485475e-01
5.432540536241821094e-01 6.858652837308389927e-01
5.027820570640246789e-01 6.794559570600183784e-01
5.064715615995788456e-01 6.888494032824505897e-01
5.047811286789899432e-01 6.081044947432244774e-01
5.089500954113569398e-01 6.719756109134916722e-01
5.911944982095482803e-01 6.987791404198842038e-01
5.120421200636618986e-01 6.958107584470801799e-01
5.329889240051304267e-01 6.791632771268961699e-01
5.032858320724128420e-01 6.958097429073840656e-01
5.618349414901721017e-01 6.835701002269075621e-01
5.225318175820053979e-01 6.854899073602115367e-01
5.102789776928094989e-01 6.819643383536118098e-01
5.731515871744042867e-01 6.968305264703635871e-01
5.342686251450292634e-01 6.628937509097722058e-01
5.147280605353243832e-01 6.769183902058890645e-01
5.131976588874531675e-01 6.927013429237173225e-01
5.353891613150559836e-01 6.605648334782306952e-01
5.982412811333914782e-01 6.348416291132167322e-01
5.027425137911347708e-01 6.446685614499755301e-01
5.737548802523501079e-01 6.851840466827519016e-01
5.011157474648630927e-01 6.235487673520129226e-01
5.617273415334782527e-01 6.830184345628060871e-01
5.409255662274969900e-01 6.859762147360833895e-01
5.136526390042918111e-01 6.889693433210560825e-01
5.183246319659026158e-01 6.597480471841182803e-01
5.806326843802416260e-01 6.857325127404698684e-01
5.191374036595131081e-01 6.784493576232721868e-01
5.310519519266355681e-01 6.764728622201640063e-01
5.152960795136634076e-01 6.983856442010685228e-01
5.134237885619036268e-01 6.073950973114257135e-01
5.558737823381610932e-01 6.180126116920386936e-01
5.371308517054339537e-01 6.824764074174347606e-01
5.000295161927905685e-01 6.505518448908409468e-01
5.078188613689088582e-01 6.753594392974081595e-01
5.239796272125771814e-01 6.709827327712192258e-01
5.294139742823036343e-01 6.380905089145294529e-01
5.354320534326894032e-01 6.652290489671178753e-01
5.293669427183846921e-01 6.915006442765493366e-01
5.042560884091515927e-01 6.595480366069503830e-01
5.034417522987894023e-01 6.980568802278179774e-01
5.054778689507709588e-01 6.856842682811348233e-01
5.164519602370194473e-01 6.913372617445603385e-01
5.261984394234457962e-01 6.862089631949591650e-01
5.232643274124794130e-01 6.959422768964422801e-01
5.199494450353996378e-01 6.843444790937065481e-01
5.301380817964445047e-01 6.809346347108132802e-01
5.063400595542613125e-01 6.580880401062270124e-01
5.563968657055108347e-01 6.914540017490564683e-01
5.244826152844891398e-01 6.422195940283107474e-01
5.087018683892401416e-01 6.775741414122151696e-01
5.071180931997172348e-01 6.780580846027459696e-01
5.706947864778650903e-01 6.528013737682947237e-01
5.629953458954402024e-01 6.775416576716351003e-01
5.313029824574173610e-01 6.873249916024986028e-01
5.186112390323849297e-01 6.498007046812249721e-01
5.671044182778498532e-01 6.506279243929574685e-01
5.008467752867827860e-01 6.632955230869517216e-01
5.150678844698559633e-01 6.723497713794995834e-01
5.628358574825165217e-01 6.698660297018079746e-01
5.756557224030171005e-01 6.619214074622330468e-01
5.408438066709742031e-01 6.978725150520895815e-01
5.028853076842343395e-01 6.585959740514896188e-01
5.808501943762112152e-01 6.934244515529737196e-01
5.357265393499365258e-01 6.448661546139851097e-01
5.485011471810725681e-01 6.923852747699010823e-01
5.147827411458246738e-01 6.659442744904507938e-01
5.001755304079372744e-01 6.634427437479429868e-01
5.140121530471994937e-01 6.878469031121017263e-01
5.482070154108033000e-01 6.960441640876295910e-01
5.401905269850777458e-01 6.859359990917106575e-01
5.722457262812541412e-01 6.836457201606460643e-01
5.153670312811110543e-01 6.849269925901974032e-01
5.117728684459054156e-01 6.404417202076932991e-01
5.502923813925139074e-01 6.611566488836674305e-01
5.020640622503484973e-01 6.468004376643448072e-01
5.063425111377604093e-01 6.931698638669935297e-01
5.129512438743891733e-01 6.295388251634892463e-01
5.094422456128426813e-01 6.748119366407685504e-01
5.259903698622594437e-01 6.979894656288366805e-01
5.276698085692717033e-01 6.856549245289389471e-01
5.283274170041601936e-01 6.780536037500392021e-01
5.662600385802056824e-01 6.972409295331285506e-01
5.368514974343310264e-01 6.867361480322788925e-01
5.271816026158983037e-01 6.860412742748368542e-01
5.248390112584989664e-01 6.920813749101589751e-01
5.067629702859436369e-01 6.983738727245947242e-01
5.041126810144220816e-01 6.812761636383055652e-01
5.357414623538789833e-01 6.313446056331708522e-01
5.130088665503623746e-01 6.164805403687465546e-01
5.193723516378412342e-01 6.685038662386870723e-01
5.359753015555878131e-01 6.619977860395744873e-01
5.146914837504313889e-01 6.772739790730727405e-01
5.003939435189507234e-01 6.536104640081357164e-01
5.435278784323086532e-01 6.584978719780157919e-01
5.323027757337218668e-01 6.563695180681221597e-01
5.250288617327549812e-01 6.417354616472905615e-01
5.013494222682365331e-01 6.034012605015495190e-01
5.587415636177787137e-01 6.962743645106890256e-01
5.680132464289031624e-01 6.905752593550419371e-01
5.296255082881754506e-01 6.857797246541182945e-01
5.820343252995399119e-01 6.920622726054362905e-01
5.592041558131186640e-01 6.851323225444329035e-01
5.249420587776797431e-01 6.988947435774831574e-01
5.161173170236739161e-01 6.816993429555020523e-01
5.341676691371973762e-01 6.959934728626597789e-01
5.762902256150574942e-01 6.700970341917108497e-01
5.024101230833305509e-01 6.240321291525616765e-01
5.796857480735706503e-01 6.802102513901258085e-01
5.083712140594183193e-01 6.677198133815853698e-01
5.249956082462672313e-01 6.835508823541851520e-01
5.831395470411475657e-01 6.608325602494266038e-01
5.771584428725139437e-01 6.735611036789159733e-01
5.216777090211011103e-01 6.447384872258892230e-01
5.014961745703320206e-01 6.834137740400872962e-01
5.279285537415047136e-01 6.305950850143134945e-01
5.076511757388363355e-01 6.930464669766411845e-01
5.425100457764102657e-01 6.546321781768604797e-01
5.158635544506301462e-01 6.688021963510106804e-01
5.319787313892612168e-01 6.684572257837114728e-01
5.083494160066817091e-01 6.191731799962874039e-01
5.218309816627113573e-01 6.811647308564763303e-01
5.056170222357380117e-01 6.698537626879836893e-01
5.058414996000972774e-01 6.432862181705147897e-01
5.042744366624665187e-01 6.451029995621587743e-01
5.144671357972454562e-01 6.923803477257726158e-01
5.271316534419470123e-01 6.720177437560251876e-01
5.287388357298381525e-01 6.450051916039000188e-01
5.885215359649920153e-01 6.714266403162796326e-01
5.086844747432680558e-01 6.996409158207064216e-01
5.120885075324907998e-01 6.947038965828425949e-01
5.107164747990542431e-01 6.969989256004840428e-01
5.351821239551813880e-01 6.983440448953576185e-01
5.402094092394882363e-01 6.996048535007735047e-01
5.112106881115280332e-01 6.739139073926359025e-01
5.948845265124659276e-01 6.999237096138272163e-01
5.569260200772383484e-01 6.029685186716300382e-01
5.193364813487396647e-01 6.926133023917095954e-01
5.405105421032693203e-01 6.815921079806711580e-01
5.972987120151906915e-01 6.905658025995855542e-01
5.174013745029554245e-01 6.781742835071080666e-01
5.147491368544958590e-01 6.864766990455940521e-01
5.493604980625269585e-01 6.947192325801752055e-01
5.033734660522363180e-01 6.601823936873311149e-01
5.304973117463909205e-01 6.748388759111139112e-01
5.041201711551076547e-01 6.185709831393881863e-01
5.460100778614902506e-01 6.835801971848756153e-01
5.081060078088242005e-01 6.220290142206006401e-01
5.480893926917457248e-01 6.842544276967006400e-01
5.108532960560931979e-01 6.933562159575361594e-01
5.525051004013210587e-01 6.563543973742732573e-01
5.193786691467983108e-01 6.797595711652729689e-01
5.074089898062456028e-01 6.408581465959206636e-01
5.725122257723344044e-01 6.845456960657866352e-01
5.975062639940409426e-01 6.842621686566372485e-01
5.414021207116104240e-01 6.613741930525829371e-01
5.321586029573123211e-01 6.449037614679364872e-01
5.235121845837104049e-01 6.428081965723960733e-01
5.047389775142023804e-01 6.625353234372345357e-01
5.186796732915264219e-01 6.646050256541535806e-01
5.346990580186998798e-01 6.943631394763805087e-01
5.064176970718429205e-01 6.748096888959447259e-01
5.516288821808780218e-01 6.969102903984907282e-01
5.472342955760532979e-01 6.946171778534633301e-01
5.037359953417219760e-01 6.805049149541652076e-01
5.067116861436363751e-01 6.506323078460013454e-01
5.348654137226590555e-01 6.927919583321687780e-01
5.146285365606382278e-01 6.356657787742171495e-01
5.012021403892835680e-01 6.409033808879244232e-01
5.187132081841214770e-01 6.830757856524817262e-01
5.265139102242435420e-01 6.393772152744092718e-01
5.000035684703157957e-01 6.842787000836563216e-01
5.228486884056200434e-01 6.793848482565435498e-01
5.167711114011844797e-01 6.871766808885484412e-01
5.632265775412765851e-01 6.967260355195538102e-01
5.377969233324271237e-01 6.971113383263423113e-01
5.319310115589227506e-01 6.783568965803838946e-01
5.277289568341755333e-01 6.947841232144642554e-01
5.044266685969115427e-01 6.720820243063302390e-01
5.292979069456551500e-01 6.829509954952971418e-01
5.096622827954432333e-01 6.998257602083527429e-01
5.659634800628106088e-01 6.992445000061677796e-01
5.909395066752827219e-01 6.572286633138723078e-01
5.088486976443591381e-01 6.873326941280728519e-01
5.158971761205896067e-01 6.348608488669957861e-01
5.027008738069613791e-01 6.606537666414571408e-01
5.174766825590315644e-01 6.933502324253199012e-01
5.367838327454325098e-01 6.693009500116846588e-01
5.168662985498470031e-01 6.944896168060157304e-01
5.166849016036643150e-01 6.229092702728631359e-01
5.235660878693652043e-01 6.757979816283815611e-01
5.607821078065347020e-01 6.552830017172350807e-01
5.555028812072059230e-01 6.672187309932559041e-01
5.102511801902791522e-01 6.344266729559155937e-01
5.372298440790647112e-01 6.970701176819256162e-01
5.041902504066775315e-01 6.950891073298679501e-01
5.837201125882461872e-01 6.437134717222932068e-01
5.558177976282039356e-01 6.552368182971575195e-01
5.049360609190377547e-01 6.936843592661219304e-01
5.005865624220864341e-01 6.317397029879289194e-01
5.098077857718358308e-01 6.574948609240112152e-01
5.207218706103909911e-01 6.117129628743740444e-01
5.181443698696740485e-01 6.914304620063047579e-01
5.551967386580123343e-01 6.128934611830774148e-01
5.031221729732868742e-01 6.401240783967304671e-01
5.500929865424402099e-01 6.370667150654339972e-01
5.018327459110170086e-01 6.640761832895543115e-01
5.086727794540190084e-01 6.541077260420881112e-01
5.211483201222880668e-01 6.682113932700720627e-01
5.478494739229464727e-01 6.432423963697684322e-01
5.215347009760613606e-01 6.880685056601307803e-01
5.288169585693245356e-01 6.854715213782801575e-01
5.648212363728077889e-01 6.173169304224510601e-01
5.025655363799519382e-01 6.326070586332810386e-01
5.220119823553892591e-01 6.300167377785319545e-01
5.312450248866974478e-01 6.170687596349482273e-01
5.262801513978675461e-01 6.225199619519939942e-01
5.100496248372097252e-01 6.951866065385302607e-01
5.024659965482184409e-01 6.849198827321716365e-01
5.024189048516219946e-01 6.931118956929547270e-01
5.609559666277886825e-01 6.976506553508581288e-01
5.242871191919896701e-01 6.426852463259744574e-01
5.700709251975689673e-01 6.943618044493703456e-01
5.117693065800233976e-01 6.954532666762426318e-01
5.384685297295164208e-01 6.489703347630374486e-01
5.189148942162998823e-01 6.514223949264832392e-01
5.641511335538376137e-01 6.879436651752034448e-01
5.265257252702619795e-01 6.469729329932412121e-01
5.067811659405905278e-01 6.239700610158089855e-01
5.098880701574565188e-01 6.387663950048543260e-01
5.336532688714391570e-01 6.589443177586798983e-01
5.504598761183288058e-01 6.725346588625207289e-01
5.586250862153480101e-01 6.820714638902269922e-01
5.055659587401517552e-01 6.994805234596206400e-01
5.649930850676949667e-01 6.896458481207562441e-01
5.592510355680306855e-01 6.951859018841639593e-01
5.182141383462116613e-01 6.729521964356117714e-01
5.635950625388810309e-01 6.798324387649257172e-01
5.033806486658862767e-01 6.533137569489944063e-01
5.159875143645397122e-01 6.976353228921384764e-01
5.806785569971505412e-01 6.865269577014894153e-01
5.439880379728272430e-01 6.845997876188856246e-01
5.048069166317877832e-01 6.623041452259535999e-01
5.893494471692856118e-01 6.695836922371035671e-01
5.577574270205245544e-01 6.627044753396312826e-01
5.125986558781499003e-01 6.474762168036329868e-01
5.014621624302405545e-01 6.355362413854986903e-01
5.979232837094173858e-01 6.382095619673280318e-01
5.003176951529267891e-01 6.880997182065953233e-01
5.007159562569769573e-01 6.640578827602605649e-01
5.331062849205427945e-01 6.532024576055663889e-01
5.031269830670471732e-01 6.582385017188874254e-01
5.094103294858394193e-01 6.873352066698283913e-01
5.596190452100712198e-01 6.416605120913515536e-01
5.310814069735696474e-01 6.629748846236978022e-01
5.794419201983673773e-01 6.939942916803633066e-01
5.506326241512604636e-01 6.603988901085642294e-01
5.058903469186937230e-01 6.796550808792747311e-01
5.723931928472075770e-01 6.858325722403579849e-01
5.095588547090622589e-01 6.578328705533866838e-01
5.022375440296636961e-01 6.263181377450379728e-01
5.573153524738166942e-01 6.103239909774240690e-01
5.150301095304082866e-01 6.715405676328659590e-01
5.152177122757984895e-01 6.839554138134924521e-01
5.553915989613414927e-01 6.773887320052897065e-01
5.250085329156251035e-01 6.697474618923069389e-01
5.039658330062961600e-01 6.869335471940302140e-01
5.470377814483536882e-01 6.815778804734698992e-01
5.064026095687640394e-01 6.987463799665371011e-01
5.032646100690064683e-01 6.895677516987548383e-01
5.078453900003792043e-01 6.691000288450673628e-01
5.410404523631895390e-01 6.935405150345619329e-01
5.105315212254830648e-01 6.978414026791723845e-01
5.010222300197717527e-01 6.815460864523533724e-01
5.066959896700247157e-01 6.664551848629214348e-01
5.420345312221634959e-01 6.528553500725376990e-01
5.208056189498486699e-01 6.300107230357111510e-01
5.460435576798400303e-01 6.742895636629319123e-01
5.456531295590889563e-01 6.949741369145308045e-01
5.403000689164318970e-01 6.030025270840755347e-01
5.166030898458319198e-01 6.585139597774517517e-01
5.395166524599105395e-01 6.838853393594185315e-01
5.402999365784708630e-01 6.461133321471368429e-01
5.074515414772761135e-01 6.838277309655025338e-01
5.070138719831142060e-01 6.349969111297250057e-01
5.801994844347898583e-01 6.934882866999478868e-01
5.092285403772953689e-01 6.199988171216517241e-01
5.585983183330517354e-01 6.793181595018032981e-01
5.126682015314147911e-01 6.835955994602103125e-01
5.221373988733778448e-01 6.319388805928589647e-01
5.467400410814061695e-01 6.798905220553257411e-01
5.007208971018524135e-01 6.773569718162707476e-01
5.195727266921695842e-01 6.863073007305631190e-01
5.109923011096194623e-01 6.996779517673270554e-01
5.118421056878217357e-01 6.769695795689844031e-01
5.009235807048645350e-01 6.792593598055938209e-01
5.411429273698856734e-01 6.520881799201664331e-01
5.120965659233087663e-01 6.659213079331114393e-01
5.308379666423966858e-01 6.930609969457227626e-01
5.305782083753435296e-01 6.939972878776665688e-01
5.176051802347002573e-01 6.657283356074500391e-01
5.190156020948799576e-01 6.648113993292632529e-01
5.063000284531958828e-01 6.926980308656041085e-01
5.087078858517340985e-01 6.870928754292042751e-01
5.151025196031130404e-01 6.956120438743260692e-01
5.013051847049740939e-01 6.909171709006194373e-01
5.474192964277800888e-01 6.819096611361569193e-01
5.089301504218688432e-01 6.762809893152269547e-01
5.975093498648815782e-01 6.810597449623820854e-01
5.064182826504772805e-01 6.924580119624172969e-01
5.042020998455285508e-01 6.965695946582339815e-01
5.189546981431700789e-01 6.640001974675314722e-01
5.435744215558674375e-01 6.744844993954327572e-01
5.209535218250932465e-01 6.343537057996159190e-01
5.416870801937170299e-01 6.764786095106701813e-01
5.798591631796803370e-01 6.660013817473130482e-01
5.022643556136906495e-01 6.515032721634109736e-01
5.080692620472823107e-01 6.810650873669734651e-01
5.206143025000843361e-01 6.301430063315373031e-01
5.488313150965689058e-01 6.094337227876200913e-01
5.275716374459284985e-01 6.576915409251267164e-01
5.472362287938650205e-01 6.983227242926124401e-01
5.102153280791129619e-01 6.883938357310369627e-01
5.022613864548597373e-01 6.978483648475057866e-01
5.518575773976615029e-01 6.951438062777697269e-01
5.143972247905440609e-01 6.678712190308864205e-01
5.074599860040627242e-01 6.947157231054228443e-01
5.624458612564937621e-01 6.826309507054888481e-01
5.070211631789554030e-01 6.952858630291481878e-01
5.484559521447694985e-01 6.931517339382320397e-01
5.154695669400618518e-01 6.495064764585219974e-01
5.697489523195632399e-01 6.612253633230309458e-01
5.647971741075038521e-01 6.328026796093606521e-01
5.874634840648553791e-01 6.921404157809458724e-01
5.612199141103848543e-01 6.635930275397865508e-01
5.042033007527948474e-01 6.629828856111279478e-01
5.315663235135306142e-01 6.372300953641794052e-01
5.519071442503896696e-01 6.789218749418221011e-01
5.196227944803383236e-01 6.739997494422292901e-01
5.239975058591642698e-01 6.395933115337824049e-01
5.302290492787926635e-01 6.958365797774788142e-01
5.575804957573391452e-01 6.402949340089486574e-01
5.078438960408547809e-01 6.597069473706015375e-01
5.092829076435664293e-01 6.864389966877009197e-01
5.101955325774246708e-01 6.484831306835147080e-01
5.222616964270435647e-01 6.989598554753275739e-01
5.005354496957959975e-01 6.221378864129476494e-01
5.017527361943406872e-01 6.716246183265499603e-01
5.513085222208683467e-01 6.937330788404001414e-01
5.451466452803345186e-01 6.775640142574955727e-01
5.039633833152563636e-01 6.552388288207299238e-01
5.027318449760216357e-01 6.655316778014801482e-01
5.196806391515775836e-01 6.910181401550078428e-01
5.013087010309738023e-01 6.864261296932115952e-01
5.053503670062673425e-01 6.700412158982570476e-01
5.211836809404560844e-01 6.811193380241226114e-01
5.005201320392856923e-01 6.877156364748594486e-01
5.671366345562730560e-01 6.960909905569883094e-01
5.215722247525050870e-01 6.625065138230920025e-01
5.760097779235973103e-01 6.968152947867948255e-01
5.554034791675538374e-01 6.886331368098876915e-01
5.367241752305231817e-01 6.964611048912981994e-01
5.121822076915107935e-01 6.626214273097671414e-01
5.430697913790630826e-01 6.930261981307292984e-01
5.401369429942147748e-01 6.297617737968593810e-01
5.482438582122366455e-01 6.975290083716361167e-01
5.540482859690178952e-01 6.659032944532212728e-01
5.129316975516835519e-01 6.410199377445691127e-01
5.164261342050101566e-01 6.851056860120919856e-01
5.015760195027567647e-01 6.793218477606369765e-01
5.036792554928579690e-01 6.786478806492862725e-01
5.455577949078809219e-01 6.385704302301360435e-01
5.223956937838105663e-01 6.923244942257458234e-01
5.849364141350662516e-01 6.767385733820101557e-01
5.086157047416166588e-01 6.962462127628449293e-01
5.086180294866162743e-01 6.925595603039732540e-01
5.646477037412813704e-01 6.925328098644708552e-01
5.441796568217042163e-01 6.532773347057436730e-01
5.606401950129460410e-01 6.732880367501375973e-01
5.658874230090329416e-01 6.705707777183612661e-01
5.175799592664782622e-01 6.394697532165469767e-01
5.159405518992473683e-01 6.735462104493569191e-01
5.472941832601391221e-01 6.733856356641199081e-01
5.264126780284215101e-01 6.888448338547694672e-01
5.693208951397416007e-01 6.730279572754869211e-01
5.859481192952359363e-01 6.843696637053396925e-01
5.209986535834776333e-01 6.252497975092505822e-01
5.062569817355990764e-01 6.701061282302955835e-01
5.169587771105214058e-01 6.735270584091311852e-01
5.103466600944195353e-01 6.625221152310943884e-01
5.271395718859034352e-01 6.667041955209146442e-01
5.163214796312732835e-01 6.779681696790663681e-01
5.090624385057749279e-01 6.564589317586638773e-01
5.445303297239837415e-01 6.874916487192538339e-01
5.616427430462658243e-01 6.933359999111061711e-01
5.483335259120335481e-01 6.093916778747208163e-01
5.084668701739893937e-01 6.743190403759928842e-01
5.305196045229600976e-01 6.885929682178827393e-01
5.366840617557402382e-01 6.697937641814138976e-01
5.414472544605959392e-01 6.918747322582058379e-01
5.410676424840367149e-01 6.927595738777441170e-01
5.011114538063420332e-01 6.612893324798779782e-01
5.495096300565450731e-01 6.993841255106385546e-01
5.475695189265170626e-01 6.653408240461377021e-01
5.045222029217254489e-01 6.401279923341802736e-01
5.244122980102328135e-01 6.290969622371203052e-01
5.158511411732070728e-01 6.662024724380284368e-01
5.077806482169847646e-01 6.988684585693306639e-01
5.396307318346710291e-01 6.825366621589644689e-01
5.609643732187398202e-01 6.659612963425496357e-01
5.708473421081505794e-01 6.998888446732686175e-01
5.182304634443917202e-01 6.993486467042249188e-01
5.006813489158254971e-01 6.812685436493876034e-01
5.408365777738415314e-01 6.980250838451983464e-01
5.037927734623248721e-01 6.834518700515407330e-01
5.749321171505614725e-01 6.436094910621288356e-01
5.192766560371316897e-01 6.821841884145553037e-01
5.136084963686184945e-01 6.873216301547440121e-01
5.004253514921107593e-01 6.912394889535066200e-01
5.560860716302294948e-01 6.925652629368992397e-01
5.647816856457641421e-01 6.785685302108105388e-01
5.269646504660189246e-01 6.619417664376142652e-01
5.038808688172508043e-01 6.338121555074267555e-01
5.159250950035434435e-01 6.948977855408140503e-01
5.413888836339290078e-01 6.867436006854000796e-01
5.013942274422452661e-01 6.290641908869819554e-01
5.150225787655081655e-01 6.198869740691985708e-01
5.096662263222981881e-01 6.778790450079930086e-01
5.101784337635548727e-01 6.999863662317709068e-01
5.600749717054892551e-01 6.349599610412464123e-01
5.354162824428970735e-01 6.887358630643567459e-01
5.037977160093213280e-01 6.634637990051112100e-01
5.646231739415598083e-01 6.771729153478364127e-01
5.071423517000496206e-01 6.948645234044216190e-01
5.840230568172970482e-01 6.541756001032220658e-01
5.063006999703179023e-01 6.658588407886206761e-01
5.441390555735663437e-01 6.478255825680824254e-01
5.132107766232461010e-01 6.723146671270014973e-01
5.683644693072819054e-01 6.923861503517626526e-01
5.281184475327028727e-01 6.353452932959037236e-01
5.229385352058174563e-01 6.798467390242103336e-01
5.204333075417786336e-01 6.685714474394446327e-01
5.857362054631733983e-01 6.892744205143368497e-01
5.238222470913440620e-01 6.873749904536911037e-01
5.211275321192547771e-01 6.056430404267484358e-01
5.002684029145768596e-01 6.899533159326740606e-01
5.221956920622886633e-01 6.647634696108313257e-01
5.135025237844990098e-01 6.996950302473762262e-01
5.902135788831872620e-01 6.813906450365142531e-01
5.277091467326578966e-01 6.174290828792479147e-01
5.092627542916895456e-01 6.895579069772187486e-01
5.039014854132638499e-01 6.413358096504191419e-01
5.103788912885954820e-01 6.883202168538187227e-01
5.367504659400608169e-01 6.593154065978158451e-01
5.194948505570515795e-01 6.852607885552861600e-01
5.379224005633530536e-01 6.810035782013108552e-01
5.273131968846637152e-01 6.957992173214314624e-01
5.454068469513739803e-01 6.882663847576520055e-01
5.349350358471790523e-01 6.300185471384504021e-01
5.310535982772535135e-01 6.637469211035468275e-01
5.110215314128961905e-01 6.810471524447246905e-01
5.130711739866909982e-01 6.688368347003240677e-01
5.520112654105299166e-01 6.869548195287482617e-01
5.092683450336821238e-01 6.134903516033056725e-01
5.221722577327942982e-01 6.610782324492036066e-01
5.391699543352822532e-01 6.845692837573782441e-01
5.045858646401785164e-01 6.712560789803980743e-01
5.747125613125844135e-01 6.586416766597308348e-01
5.177901231308480456e-01 6.139487171728776893e-01
5.950505724094568016e-01 6.845918645664808011e-01
5.322364866943862793e-01 6.735274623550697726e-01
5.312223548963357356e-01 6.935071556767971046e-01
5.583864508650191461e-01 6.998055991225466954e-01
5.181367814806865368e-01 6.539625282657296479e-01
5.064161983438867365e-01 6.413464113136125855e-01
5.487420614046023548e-01 6.990303966171618200e-01
5.335741975173299290e-01 6.990699595171001590e-01
5.165975082597463741e-01 6.865464076973625263e-01
5.242098248749018641e-01 6.620079415132682499e-01
5.709573844810830190e-01 6.808964680586434559e-01
5.191466516887823790e-01 6.521624400518207798e-01
5.193920470727740879e-01 6.902597938422241342e-01
5.818781313574303837e-01 6.966723594327437485e-01
5.285243789157566541e-01 6.950453758011452265e-01
5.327676138629471314e-01 6.927305927484185277e-01
5.127875914105275434e-01 6.257685066098992444e-01
5.323570600149657439e-01 6.978031400518217575e-01
5.407864100448812605e-01 6.894664020941246863e-01
5.562883135986080863e-01 6.730158700552946183e-01
5.701659317667188143e-01 6.744432051041491238e-01
5.081446522955895828e-01 6.839919333069472973e-01
5.214826250468341806e-01 6.936379908507901426e-01
5.139232300528967512e-01 6.872301871266366380e-01
5.466231902138136700e-01 6.854032129643384819e-01
5.763104896202477789e-01 6.805540960725633415e-01
5.191772537382185471e-01 6.725497831966290585e-01
5.055425474826960031e-01 6.582585216079606116e-01
5.162891442663368746e-01 6.649006884070409740e-01
5.060315400385496654e-01 6.712488374431986315e-01
5.244606427723915720e-01 6.982494990838699067e-01
5.374020826104274340e-01 6.775857619473328874e-01
5.545815810992867911e-01 6.778766207177092662e-01
5.310872857136832437e-01 6.159464736990094558e-01
5.754615742527209310e-01 6.590753031106044713e-01
5.514377593068929828e-01 6.632143973056474628e-01
5.071208690427085886e-01 6.984495943117629002e-01
5.268637788713605996e-01 6.792485956745940578e-01
5.302871364718079183e-01 6.470899173062192311e-01
5.581327339606972915e-01 6.918184313164443822e-01
5.569717816884913741e-01 6.532830468927655065e-01
5.037138272174546128e-01 6.226895842855812990e-01
5.304335114416129926e-01 6.938018903128648773e-01
5.454229929007591293e-01 6.477463311849978034e-01
5.066365079307098007e-01 6.627299584201460370e-01
5.137705076097739409e-01 6.147027261218428462e-01
5.472648970002716995e-01 6.398357865339454609e-01
5.499330095546927089e-01 6.761380131815014627e-01
5.698528462442333797e-01 6.929567668646025025e-01
5.095118067604706980e-01 6.753430184877637910e-01
5.119125364328767080e-01 6.837820389719061476e-01
5.187133963348767862e-01 6.754231675292468040e-01
5.067008165273862996e-01 6.851349646537355786e-01
5.058067747853229879e-01 6.914853530000205639e-01
5.948249047604976525e-01 6.957663815882443314e-01
5.297493237240326058e-01 6.858420898593755588e-01
5.164906152807546835e-01 6.565826854215233155e-01
5.263433621092628023e-01 6.776306931578333081e-01
5.166275048514442636e-01 6.809486624225691287e-01
5.576018371597578627e-01 6.313656054039793464e-01
5.126361440198243802e-01 6.870284037251438436e-01
5.124983999550374314e-01 6.475272886903490344e-01
5.034671318639564186e-01 6.880389206160513194e-01
5.389088055984518899e-01 6.984372793414346248e-01
5.323711711981060635e-01 6.997641790436781584e-01
5.095746030308128116e-01 6.989575067444911971e-01
5.090772144913251473e-01 6.404522983561699023e-01
5.299424012765378000e-01 6.731342738692016603e-01
5.107113448357983865e-01 6.530529778879122782e-01
5.649061458290700610e-01 6.728124245995941166e-01
5.154073385442795585e-01 6.718882596015164355e-01
5.556745532745220872e-01 6.914780639446568289e-01
5.287742805661955758e-01 6.916250543109385696e-01
5.452196644188892494e-01 6.908710388673962033e-01
5.236545752939782972e-01 6.548017873387106391e-01
5.110127163205895329e-01 6.793701347988421180e-01
5.357784237972693653e-01 6.871748733966522860e-01
5.251525758756553364e-01 6.697485451522046107e-01
5.095382392429713692e-01 6.966181441960785925e-01
5.312377458226807958e-01 6.419307641308912293e-01
5.579728680525365414e-01 6.619272611549783525e-01
5.521915740535351391e-01 6.521955904731994158e-01
5.921498780908086568e-01 6.755312147331482553e-01
5.474778107197860733e-01 6.801040514747465071e-01
5.443007762401018690e-01 6.756655903376628247e-01
5.490913306004028271e-01 6.679704934290083829e-01
5.450414443732635172e-01 6.911812109882953248e-01
5.224547267497148262e-01 6.818856560095587493e-01
5.153128033175859990e-01 6.994558511967217118e-01
5.708640519997718599e-01 6.922019615176339125e-01
5.034852391799193860e-01 6.844903407363014392e-01
5.064183609901733440e-01 6.460382626309765230e-01
5.478569656274736577e-01 6.930237912209659124e-01
5.037641294345930332e-01 6.670345662013661414e-01
5.072631163181458014e-01 6.471433226241444236e-01
5.399772631598246386e-01 6.989468381741220648e-01
5.435329556122339145e-01 6.484525833971180875e-01
5.145431305931805754e-01 6.965431784720355068e-01
5.804500020154785833e-01 6.950349531680322102e-01
5.147855658003251955e-01 6.125680822572350248e-01
5.202261890749909634e-01 6.408615960758717867e-01
5.062662144957517096e-01 6.630809136230185752e-01
5.811528640331653506e-01 6.830403120614606527e-01
5.225980735907466146e-01 6.648284951742218229e-01
5.103719355392604129e-01 6.267994574797592922e-01
5.159621011330023377e-01 6.726682960697510927e-01
5.671298167736047446e-01 6.940611605276877372e-01
5.196198725569114441e-01 6.984605283696798672e-01
5.005228928007401379e-01 6.696333184700388186e-01
5.021490289524509487e-01 6.484211303062529241e-01
5.456570504184716786e-01 6.996684344938839395e-01
5.056889536619053604e-01 6.869060545873482138e-01
5.618692886454903501e-01 6.969715475705670071e-01
5.905150921823220100e-01 6.723261061968470731e-01
5.828308730869150578e-01 6.891578136113564179e-01
5.162283743408766501e-01 6.656461981225375579e-01
5.533756084704278821e-01 6.611385951675484707e-01
5.727914571868779614e-01 6.948076776225634577e-01
5.114286719549820948e-01 6.280774411866361095e-01
5.175801811733238278e-01 6.746519401525759019e-01
5.234623481027352865e-01 6.840884960693630612e-01
5.201559074673852701e-01 6.816197112147596160e-01
5.015817910648044942e-01 6.944005591787038023e-01
5.197040410805080501e-01 6.748524437764594763e-01
5.240155461689498528e-01 6.162136013062521345e-01
5.427646983617044896e-01 6.655646393862467702e-01
5.572977218751662409e-01 6.061731091266633342e-01
5.337502954371599051e-01 6.519894250696699478e-01
5.067290500216979909e-01 6.250553695730001191e-01
5.156450541875761129e-01 6.983552660388676614e-01
5.267953336523011343e-01 6.782107177868800241e-01
5.057833573444280306e-01 6.991667656336831849e-01
5.283017009635473382e-01 6.141258518624916896e-01
5.517435539494377483e-01 6.814142412801154070e-01
5.766812216639911615e-01 6.823213332768323092e-01
5.067433714586653259e-01 6.391305513191528620e-01
5.030849942267149322e-01 6.658653601945392353e-01
5.112750742580330909e-01 6.902567144687141720e-01
5.062929178930519747e-01 6.939865465541639189e-01
5.205709352043199623e-01 6.884430116193230864e-01
5.400887104133205163e-01 6.393996927503958760e-01
5.325756491993404174e-01 6.366045015057643086e-01
5.124240734786049689e-01 6.590176023707310371e-01
5.041226191102570198e-01 6.088836529662695618e-01
5.232390283874137626e-01 6.988121346314976057e-01
5.205488485741945892e-01 6.734544481254762793e-01
5.371580052827652496e-01 6.822201941346802689e-01
5.593213256576730075e-01 6.959852975580854695e-01
5.203631678759701451e-01 6.922631913519843305e-01
5.508800694722263414e-01 6.825453250764602631e-01
5.687086652179504931e-01 6.372758713975363865e-01
5.435184910808055214e-01 6.940944488976118487e-01
5.291182642649692180e-01 6.706573246881013528e-01
5.185403800430200549e-01 6.346467013080894226e-01
5.031644767526295414e-01 6.793274209271431552e-01
5.479065676771274207e-01 6.486896933062112902e-01
5.016335396288192916e-01 6.598977221163332407e-01
5.954891366996599711e-01 6.915062299523294653e-01
5.360278413272977494e-01 6.227437831521767109e-01
5.116711102162792013e-01 6.972515596018064032e-01
5.123945462049106503e-01 6.940488338281448621e-01
5.371031319117808289e-01 6.864523542115059662e-01
5.008810105510121957e-01 6.241249099135208755e-01
5.236490919138008238e-01 6.878676809116639479e-01
5.111846703742922715e-01 6.996364759535942390e-01
5.272947274219869085e-01 6.753821005540795452e-01
5.003973458415889031e-01 6.457663203143091391e-01
5.239596249753882828e-01 6.755337396566620800e-01
5.598602931435574526e-01 6.965195129277387265e-01
5.135316841879592475e-01 6.393866867917040731e-01
5.051018743766454433e-01 6.402518234652324614e-01
5.037040884363332971e-01 6.086656366438543131e-01
5.077336705910082681e-01 6.691215662789661289e-01
5.191182344150780947e-01 6.319449804379807523e-01
5.130321380813901433e-01 6.421172115221920329e-01
5.180847862645772128e-01 6.750111139203415211e-01
5.206561474614255225e-01 6.766989609241552683e-01
5.975725747408882071e-01 6.188651999692917904e-01
5.713981520377787726e-01 6.452332540565340890e-01
5.531391664590140644e-01 6.438523199661959628e-01
5.882808247090561826e-01 6.146930102628105352e-01
5.032150835879949380e-01 6.648516627757616870e-01
5.481428235106419189e-01 6.129223756193129535e-01
5.917380590484232483e-01 6.071975986834370342e-01
5.865364045677193827e-01 6.417118168789877064e-01
5.972320527965291337e-01 6.542081498974166021e-01
5.647759883894170052e-01 6.812240200897564657e-01
5.314463938507717478e-01 6.294115971062566040e-01
5.410223006747704177e-01 6.975567343305442147e-01
5.779876155996117593e-01 6.184621401871108759e-01
5.447083192480099978e-01 6.917528914260144823e-01
5.605825942636659676e-01 6.697448537743578845e-01
5.851580618340779250e-01 6.413846974650159183e-01
5.997152583369070866e-01 6.815981595914216706e-01
5.266436950266643047e-01 6.268716902768491916e-01
5.680760985846032840e-01 6.011398759025065042e-01
5.446743783106597903e-01 6.430142789012356364e-01
5.763914560410863253e-01 6.079459739319829081e-01
5.471138855647927901e-01 6.384262701012981545e-01
5.183827937463360014e-01 6.535523302653236666e-01
5.534287795326469084e-01 6.372954631216454224e-01
5.912811036273917242e-01 6.294270629636884440e-01
5.167676524736638521e-01 6.430800126438880326e-01
5.470834429399161758e-01 6.577532213712209419e-01
5.433573575650318954e-01 6.347029756516628929e-01
5.272962520368826844e-01 6.581457560395749251e-01
5.697285597288621606e-01 6.181682137104618224e-01
5.860777407110717707e-01 6.807756467503226494e-01
5.636190083411739549e-01 6.447041976198765179e-01
5.103276559581860772e-01 6.005324027016278876e-01
5.165625982033010821e-01 6.106154021747083327e-01
5.391730862022972026e-01 6.963703691675400265e-01
5.253951546944642947e-01 6.952832934754624716e-01
5.268633961556828949e-01 6.019081999655583326e-01
5.041824798531691076e-01 6.149524825833208030e-01
5.488028362589416620e-01 6.630709877803547814e-01
5.711587885643421014e-01 6.766004822519238182e-01
5.698627940083453858e-01 6.319932146984068577e-01
5.001134882849280761e-01 6.436906035878197097e-01
5.474567255901473528e-01 6.144862037938148003e-01
5.081384768906805904e-01 6.485259600983934725e-01
5.971438096338848034e-01 6.720535426896007136e-01
5.509649821442075268e-01 6.271653257080955779e-01
5.980873651328207918e-01 6.442420322086332973e-01
5.142869933308301666e-01 6.601226876402523924e-01
5.103215110636163399e-01 6.569966938965290382e-01
5.433015637220977023e-01 6.514404159616205003e-01
5.049070402024631310e-01 6.402284362276524643e-01
5.000197354622267776e-01 6.446739180907228306e-01
5.849275603790291544e-01 6.565621506498078297e-01
5.473509289559358448e-01 6.459484438511622351e-01
5.907088369150264029e-01 6.434660902619843137e-01
5.745890342216419810e-01 6.312325212960003817e-01
5.717865037014382423e-01 6.434568227638894911e-01
5.812467117994539745e-01 6.637478237796321512e-01
5.312364977842483071e-01 6.494718951135618479e-01
5.920054209663934142e-01 6.949269996298512719e-01
5.803968987303536053e-01 6.087926896862307924e-01
5.563888240589638379e-01 6.597595527675371718e-01
5.471920779083854214e-01 6.402632278180406811e-01
5.507766552861887988e-01 6.538521868887667843e-01
5.747608203985878905e-01 6.193207612027042952e-01
5.487367299706273904e-01 6.006816699039252416e-01
5.320997048316220557e-01 6.940489203052784273e-01
5.404917342010870929e-01 6.568806478585411668e-01
5.033692565686717080e-01 6.326996594918709027e-01
5.809395142937283651e-01 6.529024809009682517e-01
5.550443673334057859e-01 6.242390475019093943e-01
5.392530864364702969e-01 6.212705091974513039e-01
5.601021965507420042e-01 6.070128820134348402e-01
5.582649797196639341e-01 6.986931719850330014e-01
5.192541864689474984e-01 6.316473267756665955e-01
5.284589783355804204e-01 6.043773510250358694e-01
5.124764334763036722e-01 6.701391509932412838e-01
5.775850994226500168e-01 6.157203857714432793e-01
5.482995992025880838e-01 6.199312067396897108e-01
5.451649622025436237e-01 6.691268802344858546e-01
5.639591643978216773e-01 6.710744131376226163e-01
5.363859590065164218e-01 6.069678493563546162e-01
5.877801415357347681e-01 6.029557229214028702e-01
5.814484937357105032e-01 6.325768897864640916e-01
5.538726188921634375e-01 6.041084085829078187e-01
5.863651836596260880e-01 6.690453947534580337e-01
5.222967427742075675e-01 6.847635257605324544e-01
5.261732647203596347e-01 6.236283314960667790e-01
5.127831075291146012e-01 6.061082706771432349e-01
5.930133204165405347e-01 6.485994963191421547e-01
5.772783263638275875e-01 6.179470271502454093e-01
5.789684085328259400e-01 6.390594149299699822e-01
5.802032123066098723e-01 6.200526382584026219e-01
5.425349063522024728e-01 6.411678412851614661e-01
5.721096066713081685e-01 6.045335593380579686e-01
5.168742539139632441e-01 6.383450158162367050e-01
5.877728627830174357e-01 6.430055422484297623e-01
5.623285222009948292e-01 6.587343240824321544e-01
5.630866121890651943e-01 6.632863602278618043e-01
5.793391770593888657e-01 6.442197252756793890e-01
5.382805826419669870e-01 6.858545890622456120e-01
5.414029606336634437e-01 6.599059082760667660e-01
5.437561778091362097e-01 6.783315968873657731e-01
5.688679312776637742e-01 6.526693803957037687e-01
5.255200667201633813e-01 6.153363495730564958e-01
5.869456123716155771e-01 6.659474782522663006e-01
5.698558958873133351e-01 6.059204669876875338e-01
5.724112378195371775e-01 6.694990565159135709e-01
5.709926931325693955e-01 6.072543441962299227e-01
5.790174304469900557e-01 6.206034936854933903e-01
5.726658633255169439e-01 6.849034973808973970e-01
5.064848630527813977e-01 6.970485378243077568e-01
5.573932493649821351e-01 6.312188064912096497e-01
5.260383580750453980e-01 6.660248461585499546e-01
5.984516714906007451e-01 6.749662061280359282e-01
5.349146912130748888e-01 6.893008445282794439e-01
5.256534768997346285e-01 6.140487160246230758e-01
5.649493220996806286e-01 6.385432793768781590e-01
5.804480722348588362e-01 6.836070364657063081e-01
5.265882249416566907e-01 6.885638282767039264e-01
5.922621720514462673e-01 6.105866545362856890e-01
5.105761470428067383e-01 6.192117147305029601e-01
5.594726077308427303e-01 6.764634952249692912e-01
5.006890507400658663e-01 6.281926232214142258e-01
5.150442905925349812e-01 6.523778267000979181e-01
5.977542729425899815e-01 6.764109315932809174e-01
5.479043836148920210e-01 6.120908158270714772e-01
5.886501168587280342e-01 6.881526980337534516e-01
5.178358001517560094e-01 6.696628787530427562e-01
5.420164612423308270e-01 6.071060838167308127e-01
5.763152734608868455e-01 6.124833588568834308e-01
5.542292559561241561e-01 6.286622612680901057e-01
5.643515495281593575e-01 6.743827923455447682e-01
5.998869885927502477e-01 6.160887597373616575e-01
5.933076850003379255e-01 6.009009104689420067e-01
5.140388325848503914e-01 6.300716958128780298e-01
5.798524017668675867e-01 6.519340792218857317e-01
5.139196310273601576e-01 6.852550786293012397e-01
5.954005600343355020e-01 6.654644736420164408e-01
5.149081633749401643e-01 6.285406487499922701e-01
5.812311225762651912e-01 6.632190261411071708e-01
5.948883046009877384e-01 6.696467113623809642e-01
5.085036224355843348e-01 6.379625919446468840e-01
5.052462121922508542e-01 6.254802973637951791e-01
5.998163898188564325e-01 6.421009709922691489e-01
5.251731929187085646e-01 6.837648799555602341e-01
5.665207199131219173e-01 6.867135017991143897e-01
5.533861640935145987e-01 6.216893471445625874e-01
5.099718496032235038e-01 6.035625991155086911e-01
5.069698175081323033e-01 6.854237414128188099e-01
5.084122696449439038e-01 6.136185433749932194e-01
5.942042652029411176e-01 6.121522789392872532e-01
5.396401029206764344e-01 6.479678446784051804e-01
5.885521526202142084e-01 6.522745400187843767e-01
5.256093542498192495e-01 6.586026135679095006e-01
5.614501670448880377e-01 6.069627303923005313e-01
5.395407261430841261e-01 6.169230020604559162e-01
5.543323784258613607e-01 6.532505435712576691e-01
5.875841170720791373e-01 6.528271032214372216e-01
5.119343178098589853e-01 6.391794248497548736e-01
5.342345657571622164e-01 6.207476448297657434e-01
5.155001388459800049e-01 6.315129167958795087e-01
5.271212382843040167e-01 6.416385064986314113e-01
5.959366382511561699e-01 6.088500442504058974e-01
5.106351228349766957e-01 6.341292636044189024e-01
5.414366848897819162e-01 6.892703487767516402e-01
5.501259754746768982e-01 6.260226035229676800e-01
5.755196473232289112e-01 6.802944595179583054e-01
5.664177105884831143e-01 6.829316753543297480e-01
5.592079905495535019e-01 6.305506853965061609e-01
5.846951857710290801e-01 6.767326805704687587e-01
5.312695847576071051e-01 6.997504133594472098e-01
5.680051272924815375e-01 6.543092760310311728e-01
5.848211565706609161e-01 6.398712826351805605e-01
5.993268224230565711e-01 6.602695805064502377e-01
5.534840276987271768e-01 6.431021934084897307e-01
5.234372099923195742e-01 6.053050819415344286e-01
5.993091627103700469e-01 6.314519483385632181e-01
5.956762854962479592e-01 6.343575150459853651e-01
5.424422973746808596e-01 6.287672292546253594e-01
5.389104930668111582e-01 6.615495460750597800e-01
5.505683705076063195e-01 6.833790133825188295e-01
5.373127863076865296e-01 6.318100718898369550e-01
5.402824793570556450e-01 6.756177185714802302e-01
5.746952123413155977e-01 6.221498280986248464e-01
5.627761334469344456e-01 6.264346072316302472e-01
5.717642307104755517e-01 6.200012777986290136e-01
5.312353959484369392e-01 6.236591901821497697e-01
5.423983529362810252e-01 6.716497152232991930e-01
5.706417078687785471e-01 6.156791791002376169e-01
5.261748280250301280e-01 6.471558700214639082e-01
5.069154372149771159e-01 6.848534749725956328e-01
5.490383125422408916e-01 6.811441528906083676e-01
5.972200547836117313e-01 6.626692361900765604e-01
5.307509358861167703e-01 6.390849317154093656e-01
5.269569610778218616e-01 6.818812520158390456e-01
5.391950869408010938e-01 6.876857237189990535e-01
5.807109105770525970e-01 6.651435260685347739e-01
5.920965947588449074e-01 6.160760503892949158e-01
5.519473078796026666e-01 6.739354897146184742e-01
5.700136884821842553e-01 6.715294522208918870e-01
5.381778344291434646e-01 6.102854464658127309e-01
5.012294114308175619e-01 6.011745435619422206e-01
5.833090489184136196e-01 6.450555215000772780e-01
5.292390139760411172e-01 6.719574172966138459e-01
5.976346939366617983e-01 6.534424079930148954e-01
5.352349113552672399e-01 6.407662434137307850e-01
5.856373542069320814e-01 6.317100807582420874e-01
5.846364597068782754e-01 6.234516605357127705e-01
5.376178463164921206e-01 6.406243042072781169e-01
5.973696647990393016e-01 6.307206107586208477e-01
5.261241885732913515e-01 6.778186233538807670e-01
5.575262572626149549e-01 6.961822832116393300e-01
5.537727907744267597e-01 6.699916377600404482e-01
5.431263204897809338e-01 6.029965583728087442e-01
5.385281897545611818e-01 6.038540663452083290e-01
5.679240794648845458e-01 6.927133258235058655e-01
5.246458028152233277e-01 6.268815086268608727e-01
5.542223238167127697e-01 6.067467415387153284e-01
5.100947320903145288e-01 6.565750820147935318e-01
5.618095151271809140e-01 6.053800927185697400e-01
5.485926997312106090e-01 6.120310865309677162e-01
5.130950489230277078e-01 6.377006382607376400e-01
5.829525341251360349e-01 6.028122037805786482e-01
5.170047104327094578e-01 6.047558184728654140e-01
5.086272271194745009e-01 6.969187004070925839e-01
5.681048287768528660e-01 6.683528185931849608e-01
5.965745532272723750e-01 6.629674214767831142e-01
5.981652195159526952e-01 6.123921694774097091e-01
5.684971050907902113e-01 6.029582990835418155e-01
5.523463559823728053e-01 6.333105386367543499e-01
5.978179283318540982e-01 6.705410343741944335e-01
5.127506614785628525e-01 6.559682388835683664e-01
5.546341072415083007e-01 6.417466693229938457e-01
5.533609641644573474e-01 6.200429179987509976e-01
5.579581873948311621e-01 6.863998800580102255e-01
5.638794857887956535e-01 6.301422166819390380e-01
5.865448931580364844e-01 6.306652132990617776e-01
5.019781457124032897e-01 6.309215393378104775e-01
5.985922000543895116e-01 6.240917751102390554e-01
5.196857625411388515e-01 6.276679532335300848e-01
5.267403961998432527e-01 6.577316945756039868e-01
5.131020329829266702e-01 6.076876060718574557e-01
5.469002765899126928e-01 6.607409870290944509e-01
5.483636200123164217e-01 6.746759633265424494e-01
5.752542265775636432e-01 6.358501413206885111e-01
5.770770920818346639e-01 6.521425469055774915e-01
5.870275618391380679e-01 6.018019874833220317e-01
5.891667627769977544e-01 6.606226799556802476e-01
5.513347961597455660e-01 6.381680193994816452e-01
5.124509860242482118e-01 6.953356600259872344e-01
5.426175718149315319e-01 6.996907333814391672e-01
5.924796989319918161e-01 6.833641134847938670e-01
5.149669642336407449e-01 6.898333031733892007e-01
5.077040548031501732e-01 6.384384688884900960e-01
5.825298818100110854e-01 6.572432357729416363e-01
5.756442348777489615e-01 6.384898816190853754e-01
5.959336396919073797e-01 6.620992366367084436e-01
5.897495617864764172e-01 6.309379206241203519e-01
5.199464141714943421e-01 6.539280196461133565e-01
5.835341336527094525e-01 6.713234242283814268e-01
5.947756429234801745e-01 6.732233461793507567e-01
5.443455119486190208e-01 6.160692077455307558e-01
5.388868932461904349e-01 6.361735258974612339e-01
5.176811084410082309e-01 6.500673935123830738e-01
5.639148680677829040e-01 6.537447014378310328e-01
5.895299439039708433e-01 6.335714583674417755e-01
5.234671211981459793e-01 6.467308713385271357e-01
5.947618998319919026e-01 6.226161457062475701e-01
5.714551094836697320e-01 6.517139614086218113e-01
5.821516925583944957e-01 6.196122303803768272e-01
5.043307811116335415e-01 6.258054853949572838e-01
5.358958150853609936e-01 6.669171567446742221e-01
5.635021436727500888e-01 6.949732047521111067e-01
5.992501142221919874e-01 6.046888561739713897e-01
5.938222191326061328e-01 6.008772484837279215e-01
5.434626997124467618e-01 6.979219619202097213e-01
5.668601644449418053e-01 6.300042450413214645e-01
5.363658295747427696e-01 6.121351871818063728e-01
5.088102383270397544e-01 6.362590966065009290e-01
5.623831595558466123e-01 6.465689965807044359e-01
5.193174180099986437e-01 6.400954989535201367e-01
5.352553171862616255e-01 6.575883134285009923e-01
5.480362747312551575e-01 6.598881019163056472e-01
5.713237774421254800e-01 6.665248858052624792e-01
5.821062035107417154e-01 6.436544484989363824e-01
5.994102083452809149e-01 6.066848137928155804e-01
5.261095130532849051e-01 6.463115134935971673e-01
5.036148251444502177e-01 6.515045364924034743e-01
5.971876540646893217e-01 6.515287479527610559e-01
5.722316344472709870e-01 6.100642733673086182e-01
5.683347842566199848e-01 6.004811678482794290e-01
5.233951446532508767e-01 6.026360612134042949e-01
5.297406571715816970e-01 6.159400626892252983e-01
5.274390011816467716e-01 6.632479312217455236e-01
5.643812662051466145e-01 6.108756732115742105e-01
5.895855654685240310e-01 6.482774963670987489e-01
5.037510494959943630e-01 6.900130180598575969e-01
5.671638861798962150e-01 6.917330384394674292e-01
5.845724749105951634e-01 6.388608026231437087e-01
5.143802397947425664e-01 6.252833665471779767e-01
5.003166599273793924e-01 6.132811083116999074e-01
5.892794237717075001e-01 6.942519326494651644e-01
5.575779407210234018e-01 6.027360169814965918e-01
5.823747835164999609e-01 6.063335282603543597e-01
5.166568896982601800e-01 6.184525180824658186e-01
5.520451173507959775e-01 6.021713411674335381e-01
5.932853261424504421e-01 6.041301690907274757e-01
5.055155700996945001e-01 6.432216159906112285e-01
5.300995219772746125e-01 6.134305774439219316e-01
5.398585577243739664e-01 6.119122375413335035e-01
5.561980323991978503e-01 6.035344737601302523e-01
5.860682907659864327e-01 6.094342012918256835e-01
5.229273171213273397e-01 6.045215969821745583e-01
5.750737435212061044e-01 6.301193126201898309e-01
5.094964111655715389e-01 6.524498802441303091e-01
5.307437359074058669e-01 6.998147274485040370e-01
5.560908511255385767e-01 6.044196558877681369e-01
5.996545326691650191e-01 6.313091103947161553e-01
5.838919733689008629e-01 6.260483458672274626e-01
5.028419496166223190e-01 6.962553145528869170e-01
5.165507092029431035e-01 6.112681873362401097e-01
5.937821182614635429e-01 6.508761996766559976e-01
5.395960917638444876e-01 6.857844021348207253e-01
5.870583375577560492e-01 6.576501565338263022e-01
5.374506235014346878e-01 6.204442945685255673e-01
5.676766364907860352e-01 6.059935862495599013e-01
5.569933660464809755e-01 6.201515738494640662e-01
5.444526713734442191e-01 6.893763190973107857e-01
5.616164688271427785e-01 6.330317186633804827e-01
5.726875830285420577e-01 6.822625412044392990e-01
5.438777975513642282e-01 6.351511928960693609e-01
5.043571300447422523e-01 6.061449159289309385e-01
5.752641816742306569e-01 6.591540060242688792e-01
5.036640545384619694e-01 6.085624258623303362e-01
5.228400029012771899e-01 6.295698616196244712e-01
5.415942927510555283e-01 6.440820847850405872e-01
5.276414518287468880e-01 6.166962942038649587e-01
5.341935846524358267e-01 6.791114053804322426e-01
5.955101713236239380e-01 6.540148353541033188e-01
5.632955691590301184e-01 6.892157924079025388e-01
5.795451598295930928e-01 6.225739073651013200e-01
5.708744306343094266e-01 6.084544861002145755e-01
5.382811292832141437e-01 6.133304546647047051e-01
5.917569286215700330e-01 6.262826897901097034e-01
5.325641695697234113e-01 6.259510613954852865e-01
5.332969253004349319e-01 6.606510817481787701e-01
5.119249774586966950e-01 6.468205029125874139e-01
5.650145817447004282e-01 6.481146472888871246e-01
5.633136879588435120e-01 6.558147524850499455e-01
5.248226801823573373e-01 6.658223414435362475e-01
5.145660814714131392e-01 6.745966096220705754e-01
5.121669865845051017e-01 6.567378959883938272e-01
5.410995347926426113e-01 6.950197221422254046e-01
5.774174683506562156e-01 6.835199952509118937e-01
5.004565270991644388e-01 6.584927230971906464e-01
5.562692449514708981e-01 6.122077754989218024e-01
5.211881987745651257e-01 6.566307996092627386e-01
5.836851399399352047e-01 6.562268703762506039e-01
5.036266221823288980e-01 6.342305742120244449e-01
5.250901929676418112e-01 6.509226016547546845e-01
5.853788482308217578e-01 6.112044379795409377e-01
5.383000985031100027e-01 6.359006882082525181e-01
5.872738487938562457e-01 6.323255770048209490e-01
5.993485051868697733e-01 6.280623579801283274e-01
5.908925646732962056e-01 6.531848141925606921e-01
5.184946131110905743e-01 6.002181768098555636e-01
5.893620002573266570e-01 6.993892697742537523e-01
5.114238805637906227e-01 6.323652079521876468e-01
5.994272961454699677e-01 6.161857542968091073e-01
5.337327548098607100e-01 6.389171827138993009e-01
5.086609778735782239e-01 6.621495985113636795e-01
5.540249853758599796e-01 6.037365762870248176e-01
5.410193462220264093e-01 6.572454556454969676e-01
5.757563552360913661e-01 6.976081689091688798e-01
5.839000555370819079e-01 6.220052249763905472e-01
5.545864499965060812e-01 6.426893058473976961e-01
5.921217116536507952e-01 6.265157642072196609e-01
5.158767553494004732e-01 6.421468136293364548e-01
5.273272243723831076e-01 6.826247219881197426e-01
5.222148769353699427e-01 6.574452436224820229e-01
5.622098849160086509e-01 6.355356134799934331e-01
5.448116876262248942e-01 6.168266904844883491e-01
5.678993979355425603e-01 6.004921748221258015e-01
5.535816741694913334e-01 6.300005758853521876e-01
5.201676112446507183e-01 6.164354789553829761e-01
5.100545015521971148e-01 6.909609144926920354e-01
5.699030789853056778e-01 6.239511398871920855e-01
5.217560481514347259e-01 6.589211276034461218e-01
5.912701169536306312e-01 6.075038373380889922e-01
5.195931850141662922e-01 6.691856133948883567e-01
5.521176522264285014e-01 6.663577182131013021e-01
5.356510681695969556e-01 6.873205469853469474e-01
5.623603126457532575e-01 6.763098613010669613e-01
5.256951458699095081e-01 6.582529209545597837e-01
5.427511230833164113e-01 6.093250422538205591e-01
5.176048595533968566e-01 6.851974070245798742e-01
5.070756306126950053e-01 6.962041362551277812e-01
5.834151193080590048e-01 6.597305890278839513e-01
5.882773095641617989e-01 6.504881743360610979e-01
5.888128313431482130e-01 6.603383112880749639e-01
5.698723292857920120e-01 6.170140951456075662e-01
5.670959313756820386e-01 6.912583743499135513e-01
5.551747565072290280e-01 6.900430847542482482e-01
5.845547528960920447e-01 6.350102381019617770e-01
5.653854687266300916e-01 6.358446769829311229e-01
5.888866936888906833e-01 6.390206415809812635e-01
5.434601409131382121e-01 6.897629452278595252e-01
5.745583033969551279e-01 6.783508957629094116e-01
5.742668265768688940e-01 6.875565755789236899e-01
5.413381578571542230e-01 6.787273333446878221e-01
5.675315320544742637e-01 6.592620932404194001e-01
5.569014827189535666e-01 6.657147736579758224e-01
5.392661963440035233e-01 6.932771218828774895e-01
5.305969998568327295e-01 6.272127514679834981e-01
5.175137616960454601e-01 6.189269786405691143e-01
5.344545382656974430e-01 6.190136007763448189e-01
5.606891224280055042e-01 6.603656623186260344e-01
5.409279904825249341e-01 6.179301582535592363e-01
5.501669949639643731e-01 6.366164918938967965e-01
