6.019117240490901022e-01 2.244443625007674914e-02
6.941287551142032441e-01 9.793610838803123997e-02
6.203051727841177865e-01 9.285624591164723385e-02
6.982533718866953398e-01 8.134252693202231876e-02
6.261303896974179661e-01 8.018731694733899351e-02
6.881625944126839034e-01 6.189462616862992372e-02
6.672419813816383716e-01 2.266869586207276299e-02
6.813044924171725025e-01 9.559232587491181543e-02
6.733808517053164744e-01 4.744792143191381428e-02
6.347812697796585413e-01 8.792035115166085824e-02
6.512628054255923393e-01 5.776009584026153831e-02
6.917768052380954824e-01 2.628523535669574640e-02
6.872909356026996042e-01 2.897091982482502548e-03
6.400098200094984646e-01 6.577374610578140546e-02
6.147316161175460092e-01 2.815254030266906016e-02
6.112271670701164838e-01 3.760081338284437802e-02
6.755832980736398152e-01 1.806943055813814425e-02
6.863325229458282495e-01 7.710623023706875134e-02
6.881143396911786336e-01 2.100911308377972908e-02
6.480516985158523147e-01 2.797568756479440477e-02
6.298509633766624649e-01 9.995369055600933361e-02
6.400419218973260049e-01 8.966824818157267951e-02
6.514631525427260206e-01 9.241834303143175999e-02
6.889653227588234952e-01 6.037852233475282659e-02
6.056643826797476482e-01 4.357600950626372427e-02
6.730182909739853558e-01 6.108368753385717831e-03
6.402216980606663110e-01 4.251773802154845683e-02
6.334378637510852394e-01 9.264546922931837791e-02
6.138665870362527421e-01 3.270806980416163245e-02
6.492295283442790499e-01 2.784188904963424971e-02
6.133021786298626932e-01 7.862808171740334751e-02
6.045466400603238810e-01 9.077511830990647734e-02
6.072323556465456518e-01 3.866954432474395409e-02
6.276667672944955534e-01 8.167756570370610092e-03
6.486377553123402473e-01 8.853886488601375726e-02
6.232126537066637884e-01 9.309266575586888637e-02
6.592621867818324599e-01 9.684775694621902686e-02
6.890063699220350113e-01 9.753794336749610494e-02
6.029057682088672099e-01 2.659677704011709221e-03
6.400730043562715688e-01 9.149817643353341801e-02
6.027383192632621567e-01 4.313450066915547332e-02
6.303913660234442551e-01 3.108085355880735312e-02
6.126221493814287822e-01 1.267585449119035257e-03
6.397247301104019845e-01 3.462339560882210510e-03
6.098997486388871847e-01 9.304075167890843434e-02
6.997843939196544127e-01 6.452736323936300589e-02
6.754732499019107106e-01 2.830242092597834436e-02
6.436987605127726386e-01 7.812736722908061870e-02
6.569871432552033541e-01 4.869137993731459391e-02
6.054173374977702693e-01 6.026292194895035981e-02
6.116699012335587993e-01 6.460338119758199382e-02
6.253743960073497865e-01 7.933268630538894972e-02
6.706303743897074066e-01 9.812955067982387369e-02
6.917503283782369117e-01 3.024440188081806147e-02
6.977529890799251122e-01 9.105977806304899058e-03
6.955865843080474287e-01 7.308091756138129780e-02
6.981511799230170068e-01 6.692489003275614579e-02
6.644401250128583181e-01 1.154095138276478583e-02
6.109819968960868986e-01 4.693336663385927476e-02
6.293801449223723754e-01 1.734073974697281084e-02
6.655685131247519593e-01 2.386989911746928428e-02
6.137369843918595302e-01 9.090404863378845346e-02
6.927890735617946438e-01 8.929450003562014460e-02
6.937241724087260808e-01 3.188294795957197225e-02
6.669221844092982909e-01 2.412239465694299145e-02
6.172659867804616285e-01 4.496188520150221080e-02
6.014900624148634689e-01 9.269136640535990956e-02
6.458547432378375364e-01 7.133330068602986018e-02
6.654676787874561628e-01 9.839042710759857147e-02
6.034068454936369896e-01 1.363763447602317491e-02
6.806002499758122548e-01 8.785303683975984046e-02
6.323194657254957995e-01 5.142694647148365883e-02
6.105418443203642909e-01 2.607072745892430321e-02
6.229630270291289795e-01 5.991422892978143233e-02
6.875008777392797032e-01 4.533803439391531631e-02
6.458631075440203206e-01 9.189114207366566589e-02
6.292524457538243299e-01 2.530026909906113453e-03
6.900204059514634114e-01 3.170988442775879435e-02
6.397911536333451554e-01 8.618720008336819283e-02
6.673488176065939248e-01 6.925253286718949242e-02
6.508606720977894167e-01 6.115261875441507788e-02
6.366280077554727912e-01 1.709693710887066898e-02
6.814039456727868371e-01 9.921475496933063187e-03
6.999256988390062384e-01 2.772041786888035375e-02
6.415728131733249295e-01 9.630766189566103419e-02
6.972349214176697396e-01 7.840321434229111097e-02
6.541440653459794641e-01 8.837550093027626841e-02
6.480347572924705091e-01 9.971988027132969168e-02
6.462338577756221447e-01 4.274317692837115157e-02
6.780289332843478789e-01 5.967772064207360616e-02
6.644330048436635217e-01 7.594533584679299953e-02
6.401500683876115705e-01 4.227948587488139509e-02
6.570287445529880976e-01 8.957244101439801320e-02
6.284140654552480276e-01 4.847429297580022056e-02
6.351545418125805753e-01 3.648136741783547521e-03
6.818357474832515974e-01 8.400863264587643542e-02
6.305491708991948219e-01 4.688528191849716809e-02
6.774537772509262590e-01 9.237587317281906185e-02
6.088925260078801305e-01 3.599257524308541178e-02
6.200791301205812456e-01 5.051640890467914979e-02
6.157848859771531957e-01 2.707511289792235987e-02
6.234534909092410704e-01 6.708831254950373135e-02
6.349512134477293124e-01 9.200972237592153213e-02
6.412442977289011248e-01 5.641531811309993816e-02
6.644099659070198394e-01 7.781912748287375670e-02
6.358560310119298897e-01 6.190603202383643255e-02
6.619762938810104247e-01 3.288391077054209077e-02
6.077322578126643782e-01 6.841046342260445612e-02
6.813100610616451558e-01 7.233958296196046911e-02
6.675825786075140211e-01 8.367848553319445770e-02
6.790731259283585564e-01 8.258495590375147799e-02
6.202407180442084389e-01 2.673244425446597017e-02
6.240523921827111353e-01 8.058782092123520369e-02
6.912997361154593623e-01 7.443436699158087477e-02
6.989148754040656053e-01 6.411351137934440114e-02
6.362361696282725632e-01 6.264223574165228570e-03
6.476649695350511493e-01 6.359342795179953600e-02
6.837113144375913665e-01 1.293512671221119792e-02
6.475003788465429899e-01 2.151723972584157485e-02
6.128123018182310977e-01 6.412009752287617381e-03
6.462182119611686870e-01 8.625780052310147439e-02
6.938311408727864116e-01 5.619191443909746231e-02
6.181963407821582379e-01 6.649070563222642116e-02
6.228284623910080864e-01 2.712429308080216428e-02
6.031572575144206194e-01 9.219850784895719520e-02
6.692300017994448069e-01 6.844227277522343944e-02
6.368056818999268121e-01 5.313374856051852890e-02
6.188814117292501527e-01 7.963691045581622330e-02
6.844160849040205052e-01 9.722818900297636180e-03
6.255905463695184965e-01 7.248817502165280646e-02
6.152019207949346313e-01 5.053804193257688260e-02
6.328098791357228414e-01 9.548930337858529960e-02
6.891832855188499973e-01 6.179780940911877574e-02
6.697623411855272435e-01 9.805685570742025958e-02
6.038141159110264056e-01 6.791755432832541350e-02
6.432617454014312175e-01 7.731599619448903393e-02
6.363199581365819313e-01 9.799543094851481673e-03
6.812538582264154874e-01 7.870020270565980525e-02
6.721794061524279940e-01 7.147755010844444867e-02
6.170279931672139062e-01 7.732961589919284950e-02
6.957680907644375745e-01 6.196107120385643818e-02
6.200711204218817274e-01 6.372225857811178451e-02
6.042065069309801029e-01 2.741169557598216455e-02
6.824790884627869314e-01 8.423196804556318251e-02
6.831694004702022482e-01 3.343305670379864702e-02
6.200510991180760989e-01 1.145614629627095260e-02
6.752418272352924689e-01 9.062073588608590691e-02
6.387193299941698044e-01 8.512684301650835783e-02
6.135855123826355895e-01 9.178554326930127294e-02
6.829678681495354731e-01 4.730128728046931186e-02
6.900885235779113946e-01 2.839720814339774524e-02
6.478974020637889852e-01 8.619626036201136210e-02
6.342685653482569297e-01 4.903265447914170738e-02
6.645959951719540015e-01 4.521370010708283815e-02
6.365699715475170439e-01 8.185087753585715276e-02
6.295165118301485618e-01 8.996703176428394455e-02
6.883856813614874781e-01 7.000739494729138479e-02
6.005927911408964759e-01 4.441333841998337806e-02
6.437029018704660821e-01 7.258298206874988501e-02
6.478360143027961371e-01 1.079637077180395366e-04
6.727224875701941498e-01 1.556260702149525610e-02
6.553959534308579915e-01 8.764986977731481499e-02
6.663297654564763750e-01 3.274018191189076443e-02
6.644960825981184316e-01 1.112857925798754755e-02
6.376890031990480878e-01 4.842043882000754418e-02
6.574001454766548180e-01 9.640780881339591768e-02
6.866672095022009481e-01 6.940802150577241036e-03
6.336383518499423273e-01 5.807738638981344015e-02
6.853317599424192386e-01 7.325503397913973869e-02
6.733789552275893930e-01 9.509534494089688650e-02
6.037581257754388586e-01 2.924726863258747533e-02
6.870215140390363295e-01 8.505724413959891983e-02
6.156381281078794343e-01 5.840983902826610286e-02
6.179624230597376977e-01 6.886389372397630493e-02
6.201300851154584182e-01 5.798781353695722784e-02
6.992021491396764876e-01 1.080587930161724941e-02
6.444882778500000686e-01 1.228472260001284289e-02
6.409591792191262627e-01 7.104227970905777068e-02
6.340792476885830364e-01 6.829752474543038243e-02
6.531307216260343607e-01 4.384972036631051839e-02
6.771251373160550591e-01 3.686564163791705706e-02
6.575183470331601443e-01 8.357590083733781872e-02
6.332581063850013514e-01 5.718291768373073847e-03
6.321269166046771248e-01 6.436883067717019680e-02
6.642813187356110260e-01 9.402835863295744279e-02
6.748095543105909755e-01 7.997504237511360303e-02
6.112406306752944385e-01 6.312464585478230750e-02
6.989012060757137101e-01 5.478869700696009648e-02
6.362352158758646237e-01 5.298609376702503870e-02
6.116696631538112161e-01 5.846761143494710877e-02
6.467892163274616690e-01 1.650949974744830850e-02
6.528621725242258478e-01 7.263639660912166174e-02
6.827765669068600607e-01 7.187687289223340659e-02
6.563360647183074104e-01 7.920053194673598584e-02
6.574612985692822598e-01 4.845996737028188117e-02
6.197567632848919317e-01 6.473079686740429439e-02
6.094830218520869147e-01 1.819232198809062062e-02
6.641987535794676711e-01 7.384351032262859160e-02
6.456047216518834286e-01 2.432642254405320559e-02
6.252309499264222525e-01 6.678637167309098288e-02
6.465435632448733871e-01 1.668843525609742251e-02
6.739882513171284728e-01 5.009348937160729154e-02
6.079977251267822957e-01 1.981207675230733933e-02
6.948545783422558353e-01 3.941914384783651304e-02
6.752489274252784224e-01 4.449872899135773330e-02
6.198315271306511498e-01 1.003638361861036721e-02
6.196954455669958506e-01 6.481609306393909531e-02
6.221349726398003321e-01 4.130029518974492886e-02
6.844523350759257330e-01 3.608493469975471157e-02
6.031877833792127497e-01 2.025897394753400915e-02
6.910889754825340070e-01 9.728945714723957749e-02
6.626394761818216184e-01 6.701832880927607872e-02
6.267069659271644610e-01 7.529174970978053105e-02
6.557875186117247956e-01 5.236608806088199897e-02
6.024750318305425179e-01 7.291122533896574054e-02
6.864624736255878767e-01 1.712916672600944823e-02
6.139370583564016659e-01 4.255043017057058563e-02
6.266774488185403724e-01 6.361293084350341798e-02
6.471525602603079852e-01 1.338237073923531639e-02
6.757512327093148086e-01 5.233114828547211217e-02
6.187007651068472391e-01 6.282710672352173620e-02
6.147502053311244552e-01 5.052323917170656320e-02
6.496333326156059629e-01 4.569430128907889244e-02
6.336841089327750476e-01 3.072855446398436996e-02
6.579521756952966260e-01 4.194623688722559640e-02
6.299693879686963927e-01 1.416561942325944568e-02
6.832436070005246664e-01 3.139316785700174695e-03
6.222121806098231955e-01 8.593476000067645781e-02
6.346662014005204355e-01 4.611711677012689248e-02
6.232810287195454935e-01 5.801420039050703137e-02
6.989442406933799035e-01 9.450186459158130270e-02
6.078136445344879402e-01 6.635393759035815298e-02
6.869175537903454698e-01 7.283541952311861634e-02
6.973049512705994379e-01 4.034090706395920822e-02
6.690299179001738539e-01 9.290887501362976586e-03
6.052739333670311694e-01 5.513200395759873529e-02
6.497346698441263113e-01 5.110964962805217282e-02
6.424851180721621313e-01 3.999747338967146737e-02
6.934944314667138565e-01 2.333616967620277816e-02
6.977834480191499322e-01 2.642359132932980970e-02
6.689791912360385506e-01 2.720844134645789003e-02
6.794976104308387832e-01 8.775604539359271872e-03
6.563640925978364571e-01 5.167016144090963436e-02
6.746162188834388118e-01 9.190565758902644045e-02
6.819505815772882729e-01 9.131978683822872256e-02
6.910180001001926531e-01 8.367668377095571763e-03
6.018376169957477817e-01 8.094728614262530764e-02
6.407958902347307140e-01 9.079837765137355188e-02
6.255668266497326213e-01 9.055220592234805577e-02
6.186905792757906308e-01 1.987420713276816242e-02
6.726983702020984390e-01 3.520441945793290062e-02
6.725715360114123964e-01 3.664996445267171277e-02
6.673803083963767424e-01 1.378410115996392404e-02
6.142953534159992790e-01 2.544463887502512733e-03
6.972139963897777681e-01 2.845910924807454334e-02
6.126415847820029237e-01 1.854710780811469339e-02
6.909151222251618263e-01 2.024486013245385685e-02
6.881876968468327860e-01 5.111855832013875722e-02
6.941043234541418583e-01 2.887008792704198745e-02
6.670909409093073172e-01 9.120394495510394939e-02
6.504444350103142369e-01 8.092590152796438896e-02
6.872186511433102662e-01 6.437349881535203711e-02
6.562595366430422628e-01 2.899479085858697180e-02
6.562544529494601653e-01 2.746040060618354373e-02
6.423798010988327478e-01 2.219070829500380260e-02
6.940778668777588534e-01 9.906195667568995500e-02
6.896403124030413556e-01 2.356943731115745955e-02
6.523021787476652733e-01 9.254438893878286221e-02
6.234211158065607883e-01 5.967586041958822252e-02
6.397787855319779782e-01 9.535690495789367338e-02
6.359962850824587566e-01 1.802221412117943622e-03
6.310750274887716449e-01 3.082926875835811931e-02
6.713065850593822326e-01 7.560718354617357306e-03
6.773603332686831680e-01 3.472496068301456074e-02
6.524031199007679360e-01 4.687575860180809295e-02
6.155310242225244810e-01 9.493267925244242011e-03
6.742501483484122371e-01 1.112125708725864026e-02
6.280393739624055005e-01 4.107136234019020948e-02
6.389197306988536607e-01 9.148118408155953007e-02
6.474452183280371420e-01 9.080837027622012947e-02
6.726560776179696388e-01 4.184614495153166080e-02
6.544534495629353854e-01 6.143253471981469094e-03
6.187924340898535158e-01 6.691104550701515441e-02
6.992284801193728860e-01 5.833956769774167883e-02
6.378118147939951799e-01 1.222280025387129099e-02
6.558058172334044755e-01 1.292872140171735795e-02
6.496281220041505433e-01 4.764944897008527303e-02
6.744568223438007770e-01 5.060837490601216571e-02
6.509056841516166481e-01 3.958560123318083379e-02
6.459849279772111874e-01 4.391525907256760286e-02
6.732086816793790840e-01 8.996873899249580031e-03
6.105234674201247547e-01 3.495655418857329666e-02
6.936783710567743233e-01 8.299990402712517645e-02
6.225531144100229231e-01 5.865686971060177224e-02
6.971295386563326479e-01 7.340438897958062592e-02
6.060913835162038410e-01 2.526207088350479468e-02
6.196496876094921280e-01 7.939286362538872099e-02
6.119471704117500632e-01 3.993051047279583265e-02
6.176842622459663978e-01 5.894954287235409929e-03
6.694088974981510232e-01 7.368654873217481138e-02
6.127205745654376035e-01 4.503308099748581927e-03
6.055474341449235132e-01 3.380932295666883025e-02
6.174657431224734871e-01 1.090094549351383613e-02
6.455064420123652891e-01 8.322756406692075060e-02
6.594957267137387946e-01 5.122585261284906544e-02
6.115889680399604345e-01 9.989339391521975808e-02
6.465516410879085241e-01 2.369685174996050137e-02
6.352187165286604653e-01 4.212244545821619557e-02
6.932771404070336985e-01 1.614394949204989160e-02
6.106932417031963878e-01 7.983380770114814617e-02
6.536122963714140477e-01 2.136907737902415949e-02
6.547830311671953840e-01 3.233818552840511673e-02
6.522296179005437899e-01 2.952001079678934214e-02
6.262378231918618310e-01 4.448813114686184234e-02
6.604290962212954197e-01 7.156925921224180365e-02
6.314653454455622095e-01 6.894752516228766503e-02
6.309480602090945522e-01 1.772164990715574540e-02
6.675329387530714031e-01 4.383255051347495490e-02
6.644434913505542495e-01 4.931539253651973098e-04
6.937790529778163906e-01 1.589130290707452264e-02
6.312449352107674105e-01 8.787618820292175670e-02
6.625200472931366269e-01 4.243230366539579856e-02
6.138369569077557486e-01 6.500361834304524411e-03
6.161479377035403715e-01 1.847889667489527321e-02
6.443105161561795136e-01 3.667989495431001057e-02
6.996223747704997109e-01 4.380523617697312799e-02
6.988469274769067985e-01 3.094877806201795645e-02
6.906244061018095293e-01 3.238650000472098611e-02
6.701293912923224072e-01 7.756045849071524501e-03
6.177117286972725330e-01 2.999347529588858308e-03
6.018473863703113214e-01 3.391777775178012044e-02
6.584372901707209458e-01 9.478536316911106985e-02
6.164364148723131542e-01 1.398570844713858952e-02
6.386369691968599716e-01 4.793327787492204783e-02
6.026771765742148235e-01 1.405152917654517442e-02
6.900314312821111962e-01 7.833507658087957015e-02
6.228686955314802765e-01 9.801368067078577995e-02
6.763092717493390804e-01 6.196197851702969772e-02
6.987631435455896600e-01 1.972204149356276970e-02
6.805299162238718225e-01 6.130798679507692972e-02
6.316896622362000446e-01 7.013689679258586218e-02
6.519558891164772829e-01 2.465114759085795804e-02
6.775024751995653016e-01 9.147849272789049246e-02
6.368479733996499359e-01 8.764724637758267156e-02
6.087522734280096381e-01 5.939582611548360758e-02
6.799409090517024579e-01 4.902571292738577835e-02
6.075033410308542381e-01 5.320444897972079201e-02
6.652658454668842758e-01 7.530966405612818382e-02
6.139356781107283556e-01 4.452429690653411654e-02
6.627957918391564895e-01 2.584230917895669055e-03
6.836753606185588250e-01 5.588217490758173867e-02
6.566293837276846457e-01 5.512413052835340999e-02
6.926703837776543304e-01 8.480281454073831937e-02
6.497639377951925921e-01 4.645704961981886316e-02
6.751157024756545555e-01 7.416727804342454489e-02
6.773705280917019511e-01 6.852109505378328747e-02
6.896554533654658536e-01 9.216284924346107577e-02
6.538674410530826986e-01 8.170794773269621225e-02
6.324400109678460780e-01 7.495190029234474749e-02
6.471455407049884201e-01 8.077089064121292794e-02
6.946002973595154506e-01 7.636689723799469642e-02
6.308563801880925359e-01 5.310641963075082850e-02
6.560693387945135679e-01 8.570041675235048895e-02
6.843508150248117650e-01 5.449749472082568436e-02
6.215040211183632257e-01 5.812488283577821324e-02
6.453830055395323173e-01 3.066723281184297045e-02
6.807727480107594875e-01 2.959084828164021408e-02
6.096995471352597562e-01 4.846518701240939975e-02
6.477572693746499466e-01 1.597392417961923661e-02
6.753122900477160906e-01 5.459788617821259571e-03
6.153779925222514491e-01 4.553016895297107292e-02
6.212791499032200848e-01 8.797339588904640184e-02
6.543173166928085704e-01 4.813910089961401240e-02
6.445976156814443581e-01 8.974996931691928137e-02
6.319277551248226876e-01 2.901070096755659078e-02
6.801625808572360210e-01 9.257670295661504789e-02
6.930048854153771920e-01 4.458095773784923055e-02
6.264480029066507027e-01 9.020570325249008259e-02
6.255760859847320221e-01 9.148482794718651445e-02
6.431197397004257965e-01 1.423306025095422145e-02
6.594811932386304143e-01 5.643506950250304355e-02
6.962206044761809487e-01 3.067375040312331214e-02
6.305721040817388046e-01 5.026533406759053912e-02
6.257229976658513770e-01 8.386633657566758271e-02
6.909025405651129104e-01 4.520782277611432032e-02
6.082742263062054233e-01 8.570846298382778228e-02
6.259472331873127127e-01 6.842244398865751642e-02
6.721356761069555708e-01 1.610892372468014644e-02
6.326050215914442720e-01 6.293716976461347090e-02
6.648500237512900979e-01 4.676784635961020453e-02
6.510331244625089386e-01 1.160220716059889856e-02
6.300339346917330774e-01 3.656215392138656428e-02
6.174044401240879054e-01 3.681804575094799192e-02
6.399557911307982572e-01 4.804998275848626488e-03
6.107661162690486423e-01 5.173206838202096258e-02
6.989907557633370239e-01 5.187986151351858810e-02
6.424285714155528737e-01 7.988938472159090587e-03
6.626086317631492140e-01 6.566357743024359150e-02
6.494109336559160672e-01 5.394357163032062474e-02
6.750550304703770710e-01 4.474043035233843391e-02
6.101468260439016911e-01 5.960987728329622537e-02
6.266797015451641695e-01 8.155568844627697489e-02
6.348477796738271062e-01 9.753277547637054234e-02
6.055004814126514479e-01 5.823725810948698900e-03
6.427946337263774623e-01 5.957858428482540325e-02
6.625680220599852177e-01 7.946672030944476606e-02
6.046049754996180026e-01 9.902888269280565869e-02
6.908802714736441697e-01 8.344412233845299731e-03
6.575888372377041158e-01 9.994975085142643323e-02
6.944731559359647033e-01 5.605669245239477960e-02
6.214957332320374395e-01 7.924041317933347428e-02
6.165656011568064754e-01 2.442184391207335992e-02
6.424776922424715320e-01 9.839624844879496512e-02
6.469980239011366985e-01 3.625982477952421901e-02
6.930443848436614873e-01 9.018646928590279277e-02
6.707293642008846923e-01 9.719323821767500426e-02
6.276500412729562051e-01 1.613359777780098980e-04
6.232524613831618154e-01 5.296970331244327257e-02
6.297267324819117995e-01 8.509383795513064674e-02
6.339274919043434986e-01 4.862655218483377673e-02
6.767919820221200977e-01 8.692373434264305532e-02
6.261316190475776366e-01 6.542836107062727224e-02
6.981541559551663889e-01 1.435736756714545148e-03
6.457555342658384268e-01 4.123563398415580616e-02
6.183196354195193978e-01 7.406510626354342874e-02
6.489210633235306114e-01 3.538372942652878717e-02
6.197992496826477682e-01 4.320703279222609661e-02
6.024119880939700078e-01 5.903790053534324622e-02
6.025077274921385451e-01 2.521783659481097173e-02
6.590453179357370628e-01 9.914049541935116006e-02
6.669388469917499895e-01 7.442198134594235626e-03
6.113925857943908193e-01 3.599299444150799721e-02
6.367225632941964086e-01 3.605704207527554717e-02
6.544188135627402314e-01 1.848742501338146438e-02
6.399390602079307877e-01 2.032533341924014358e-02
6.986721413374333833e-01 7.474036649295565105e-02
6.926103792627484879e-01 7.457953488053525870e-02
6.098949963680919684e-01 5.917571118519668327e-02
6.183143981073014883e-01 8.133958040343441942e-02
6.699429213471275180e-01 8.531708670926829718e-02
6.093626102409832601e-01 7.463345636410056994e-02
6.509897524391259349e-01 6.311317004204833325e-02
6.382473511313261350e-01 1.447977379663156761e-02
6.365080460380184713e-01 9.285305312566605185e-02
6.609172073116025281e-01 5.256551673047382689e-02
6.479164814853850540e-01 9.608821930260066924e-02
6.522481731502529634e-01 8.175128501863901387e-02
6.844171292263304673e-01 7.035418259797163176e-02
6.555396775715832680e-01 9.929800476777866924e-02
6.584833439714847803e-01 6.635797048462557801e-02
6.205332612526420766e-01 4.344027869950417564e-03
6.209471891039992641e-01 8.459465940453592125e-02
6.105094985417842679e-01 6.293437117341427189e-03
6.747339426772083204e-01 8.086652461801388525e-02
6.034400012661418344e-01 4.128448289769537372e-02
6.791670849002289234e-01 8.180817297349574080e-02
6.176114185266565748e-01 8.222331736931123847e-02
6.504466167625904127e-01 5.594000424733661103e-02
6.968428137993606386e-01 8.503816428103755376e-02
6.216364254909031439e-01 6.266487497741218826e-02
6.552692307666392324e-01 9.246239069815895273e-02
6.103369434230272450e-01 8.060862871925511541e-02
6.935916925033051017e-01 7.739309751568002049e-03
6.818925828462379934e-01 2.933929199062906834e-02
6.540476481403962872e-01 1.704859958235432904e-02
6.621509473100035681e-01 1.583269925658625787e-02
6.305423842612568608e-01 1.360350753635169996e-02
6.658465896786428528e-01 2.705292121619023993e-02
6.707853185767013171e-01 5.993652834355500669e-02
6.371175654560012891e-01 2.719507973264356782e-02
6.959378358905990991e-01 9.849829010358202019e-02
6.520287730425139427e-01 4.306875381044206197e-02
6.541968146435525044e-01 9.518014521510242965e-02
6.179583554071230722e-01 9.082401294894082433e-02
6.914262558542384474e-01 3.666987548058775470e-03
6.244552398004934446e-01 8.115021719619425200e-02
6.847758613069754308e-01 1.182042740726640950e-04
6.650980792020394494e-01 6.898229184754409160e-02
6.732527788415928471e-01 1.757934735855326558e-02
6.509353055313833458e-01 3.597862432309789638e-02
6.056793847050846447e-01 2.566162755652146021e-02
6.822577057873474571e-01 3.420699840133217817e-02
6.455861827070619174e-01 7.762382059721634198e-02
6.229282021400761593e-01 9.543055586021104153e-02
6.969373588204365033e-01 8.150690965518789244e-02
6.333088725003914732e-01 6.775949332285016724e-02
6.154788205403946000e-01 1.728956687288224492e-02
6.413130998824531082e-01 1.984408406634557975e-02
6.768422708372168195e-01 9.851514958941873235e-02
6.207644096924155308e-01 5.241531192168802367e-03
6.155442306757917814e-01 7.000514333043231230e-02
6.116872186041137915e-01 2.834025974821879901e-02
6.821659929168709668e-01 9.196266004117464865e-02
6.508068877463676349e-01 6.951111235208803918e-02
6.749594394336430048e-01 4.862195842706101834e-02
6.313762493581266400e-01 3.838972023122133592e-02
6.109703709380841508e-01 6.691065174888979894e-02
6.421582655238281534e-01 6.715408382369678075e-02
6.439787130078414856e-01 3.578431626284578337e-02
6.111787821578419377e-01 4.740684168531869580e-02
6.982991875512729596e-01 2.557877365816196846e-02
6.524351647027590850e-01 7.081256605091948431e-02
6.577093428692635246e-01 8.062063967710594858e-02
6.210241461501480043e-01 1.712999228220901671e-02
6.093048377461797172e-01 7.080167915254348410e-02
6.744561121840867424e-01 5.740491515448795101e-02
6.194642117355684263e-01 7.276138771987739062e-03
6.988002470986611758e-01 4.503487543507347923e-02
6.110006838048351874e-01 8.772068858364265309e-02
6.587849033246253594e-01 6.971631872100819693e-02
6.875284265820523766e-01 3.790491302209486602e-02
6.540718428785020633e-01 8.139650143585777653e-02
6.162296228164992895e-01 8.673092778895130639e-02
6.041873801297861224e-01 3.289938335361952682e-02
6.257928586059392506e-01 2.030212064827313645e-02
6.186015762018678421e-01 4.267099871025198388e-02
6.463828558932469548e-01 3.870807262361053436e-03
6.907772722948556376e-01 2.493374993808694651e-02
6.967600487925996733e-01 1.124428798523480211e-02
6.111107702306441958e-01 3.396929267751125359e-02
6.991341208556990372e-01 9.677680459696896831e-02
6.364130525096597379e-01 6.912977999936351092e-02
6.423314336944824232e-01 6.510290378398025934e-02
6.122889547455580006e-01 2.856840681001721061e-02
6.563404267969090711e-01 1.319830494715651392e-02
6.604263515270559770e-01 4.284085869166925908e-02
6.999714340730628370e-01 2.879273845771485041e-02
6.138230756689184719e-01 7.870362098390870642e-03
6.238424469908905312e-01 1.431877314244545119e-03
6.857212165092030354e-01 4.170821072831581988e-02
6.205763802160233489e-01 5.346132692219673910e-03
6.455119476818399482e-01 2.127547751025232747e-02
6.511679845322195792e-01 1.456341713917069791e-02
6.062451841481980574e-01 8.569513002429071657e-02
6.132956809323875103e-01 8.160854613305734695e-03
6.233930781285608180e-01 1.797447857721684583e-02
6.388180587505594143e-01 4.873107906039600423e-02
6.629085173356140670e-01 9.291451627594871088e-02
6.034715998586166474e-01 9.027742825453932696e-03
6.085466953007241386e-01 3.370788914225897326e-02
6.815246590517399783e-01 3.218711708128207949e-02
6.791342579127686019e-01 1.424552829344682969e-02
6.251018701934958344e-01 6.357795057872048239e-02
6.486968713416136900e-01 8.904323858136078962e-02
6.852137785502824263e-01 9.999121918787615138e-02
6.835279382717863728e-01 9.395214726548634099e-02
6.839456286307208366e-01 5.142685303038063704e-02
6.186183757839335273e-01 7.280033901190235968e-02
6.107270109930483803e-01 3.186547964842534331e-02
6.833980012283243921e-01 5.412137259064789263e-02
6.326807777274071620e-01 1.544075076802930990e-03
6.224129116236589709e-01 8.216442663317288786e-02
6.288366748549297780e-01 2.232978882784769636e-02
6.682570582521809577e-01 1.693568927603134044e-02
6.612785258658581133e-01 7.600503041397344006e-02
6.479304579288004406e-01 5.714659267105859364e-02
6.829071748004656994e-01 8.488879653383799018e-02
6.296073664696293370e-01 9.596546901403321672e-02
6.104701041627144109e-01 3.826141584176162569e-02
6.075123938362843035e-01 7.652419323813514085e-02
6.819722639225567207e-01 6.120747561138975557e-02
6.894274698198992191e-01 9.659297515201040185e-02
6.803209420448801392e-01 9.723060091458224363e-02
6.467623880915538415e-01 7.027871371208083140e-03
6.498552713520616697e-01 8.517967035757476046e-02
6.959654556385599378e-01 6.160144676976916922e-02
6.113698670628751053e-01 2.780198714138099048e-02
6.281929483564561156e-01 4.550449303081499641e-02
6.142710095295372819e-01 9.544323151858283283e-02
6.030687504229285123e-01 3.287721534501286680e-02
6.470517877396890771e-01 6.734009617355712907e-02
6.682959155646364113e-01 7.794575688761398724e-02
6.742927054904520601e-01 8.368257621546518199e-02
6.136186982953004687e-01 5.204904264274151648e-02
6.537084480528727592e-01 5.264279698081400505e-02
6.807347740112340562e-01 9.071249835593916955e-02
6.438794182195550775e-01 7.958510996251777492e-02
6.443897481261534610e-01 6.188079084571809774e-02
6.295409832877784106e-01 1.901261660653996710e-02
6.677021347194603829e-01 9.086621660284394109e-02
6.593173227003172876e-01 4.072447845131782485e-02
6.625891954549540941e-01 8.171230991229477825e-02
6.531546958289852212e-01 8.696059594638538837e-03
6.589543454414241719e-01 5.664800268136171990e-02
6.757975581462616343e-01 8.160180089014751337e-02
6.445019967221243817e-01 5.806236233610179154e-02
6.279844161050673890e-01 2.781903943517199940e-02
6.257027757089772546e-01 3.711651954189520985e-02
6.734375938343484247e-01 1.656433756026443049e-02
6.617964934001198118e-01 4.234082645166753478e-02
6.604789164516130517e-01 2.874377409329526012e-02
6.633510637701541812e-01 2.494662650741841237e-02
6.852976393889432805e-01 6.394881732266843866e-02
6.653031959985646893e-01 7.048816891185669120e-02
6.829170239802868636e-01 2.688282093393673522e-02
6.092191851836440408e-01 4.870932043151243729e-02
6.584941125468486423e-01 6.362488182783762602e-02
6.916975713526384295e-01 4.723547714815759524e-02
6.614559819886944858e-01 1.721928578387904585e-02
6.908148328897222301e-01 3.703531632353807002e-02
6.480238353014040609e-01 1.948679483670423540e-02
6.174968917867859064e-01 2.723701009955553642e-02
6.114759780379022125e-01 8.831618975112467962e-02
6.347551613357482747e-01 9.473483749648758945e-02
6.741655801658406055e-01 8.678520356316291040e-02
6.353612485643542751e-01 9.243293418161541153e-02
6.417478220022181379e-01 8.348698168805365749e-02
6.799503105916803181e-01 3.786096458576365675e-02
6.368700671877556285e-01 9.608250125468006941e-02
6.128724531551053012e-01 3.236271936447787656e-02
6.114869772014542848e-01 5.788295015217095885e-02
6.846210828057012199e-01 7.407640814292670850e-02
6.804594753509477512e-01 9.506308049643028002e-02
6.168269446757055352e-01 2.303867185684038699e-03
6.898910300792017170e-01 9.632780276619898330e-02
6.890992992604505485e-01 7.158971055661544902e-02
6.788409117770668466e-01 9.095816949785148764e-02
6.503120840410412384e-01 7.957086612779121215e-02
6.994206838549545946e-01 8.004630447147331740e-03
6.393167907178394227e-01 8.003132865287770903e-02
6.802893199621510290e-01 5.537173235555092887e-02
6.430832414105022155e-01 5.546778713949382378e-02
6.325861914516880402e-01 3.286487931391540718e-02
6.173470876312967537e-01 1.593832705802866734e-02
6.641841425923151743e-01 5.717205456700341637e-02
6.019648124119391097e-01 8.965338826007251960e-03
6.333116741060963450e-01 9.612343606263362705e-02
6.176419815872417063e-01 3.980128082101025422e-02
6.989964341831699235e-01 4.601786299700558192e-02
6.445355828257207653e-01 4.140048101910687173e-02
6.227387620060791384e-01 6.649487816359042625e-02
6.221441255823080274e-01 4.685497421008272267e-02
6.627594543278901851e-01 2.248215199177028278e-02
6.103002701698726495e-01 7.819670820525659316e-02
6.094130936466477522e-01 8.590770266863900773e-02
6.550044399375153370e-01 7.465038671730134245e-02
6.168989961004369693e-01 8.031165648029303661e-03
6.896575989956520436e-01 9.183233989237202244e-02
6.814765013037507035e-01 8.848501366320310479e-02
6.123450403880947857e-01 6.011339247649072348e-04
6.383041754589448002e-01 5.060610581552968390e-02
6.488564083071577393e-01 5.708829509052271156e-03
6.313014355638078001e-01 2.231441550696661169e-02
6.441630933333298836e-01 6.763898208113405808e-02
6.194684340725002958e-01 9.308623535208004895e-03
6.000853581770634326e-01 7.606729795691211105e-02
6.833848362553822664e-01 9.393051983479644429e-02
6.355507741441106528e-01 3.457451837616593027e-02
6.843208333815365974e-01 7.341142257355881551e-03
6.851604398882530367e-01 9.041450509003012836e-03
6.579603353952381273e-01 9.980278550738086452e-02
6.144157113806538728e-01 8.409901669064973051e-02
6.464444629223095040e-01 6.675371356597115113e-02
6.312649994885526361e-01 6.163167436784428022e-02
6.095322066603158229e-01 3.230395345922998374e-02
6.955138693393762006e-01 2.895304864750214424e-02
6.360754043266390045e-01 4.003904914190797859e-02
6.148498857560751318e-01 5.388817039080640026e-02
6.703760293174044760e-01 5.538796885535240966e-02
6.451463872213494266e-01 1.593322281487008496e-02
6.823694302413965129e-01 2.975626103416867396e-02
6.836617854908114689e-01 9.014093821737584333e-02
6.868695067038512736e-01 9.452016489621065110e-02
6.389461021074067659e-01 9.553121469224648554e-02
6.482028922030577123e-01 1.696572411541380498e-02
6.309059081788548351e-01 4.779054670333904298e-02
6.048362862813226881e-01 9.628651958514980458e-02
6.305594700894719962e-01 6.450365106225544598e-02
6.074827017512616223e-01 6.568799594546745335e-02
6.023163649262286423e-01 7.855609243369501837e-02
6.406156797489529486e-01 4.034313087407531695e-02
6.916867821376838643e-01 9.108959630832685894e-02
6.687068570677907609e-01 9.271507547014182227e-02
6.133552711121175172e-01 2.779926561285572806e-02
6.026588310149343375e-01 7.655076032948127107e-02
6.824961259496824528e-01 2.645298626685094190e-02
6.227834477345357556e-01 9.284253410579720867e-02
6.603636173190119418e-01 1.882293442594024091e-02
6.122903004388053905e-01 7.859990680866577040e-02
6.926142000123159947e-01 1.078498382862430605e-02
6.306960239390212442e-01 5.730964680034744685e-02
6.329319650622627913e-01 2.954217002908277045e-02
6.353188281875239429e-01 4.056056049245404527e-02
6.099391170845503973e-01 6.858186338236371693e-03
6.159933125881718041e-01 8.720839956671425086e-02
6.191787902907858188e-01 1.867800645949813099e-02
6.931358375999412402e-01 3.954317896501818863e-02
6.187468988532551784e-01 2.948572522745468438e-02
6.505889788708190125e-01 6.819198001798251751e-02
6.710831333747531158e-01 8.602182794182713921e-02
6.445791226933227369e-01 2.963481891990843442e-02
6.292972116231811963e-01 9.095633952482087836e-02
6.952332305386543787e-01 7.440840592639480500e-02
6.310063616525216634e-01 1.990906880181425587e-02
6.441951020828777796e-01 8.329300922303631283e-02
6.499368402824607927e-01 4.967391193144302108e-02
6.730911614994725678e-01 7.105617411301817787e-02
6.065135097666268793e-01 2.508767340934098256e-02
6.776238994672209026e-01 2.077282948754444192e-02
6.810582274359269217e-01 7.504500288305362976e-02
6.071900601937554320e-01 9.069194157566801140e-02
6.300026266511942197e-01 6.912268704530932784e-03
6.181817193538979849e-01 7.993329997471099180e-02
6.015318695604284782e-01 8.164089028112295199e-02
6.668664224937475016e-01 3.277183057708377145e-02
6.672172921611430052e-01 1.831703460817268869e-02
6.004266934320794391e-01 3.922799560816275788e-02
6.341946379704351822e-01 5.117325902059549625e-02
6.436970359082774262e-01 6.687331338654642354e-02
6.729757652421824998e-01 5.315447137728016025e-02
6.965037469424838479e-01 5.366636738791380479e-02
6.349578582542594329e-01 8.166768532564797067e-02
6.842411340558591792e-01 6.060452473013869246e-02
6.171693948486759451e-01 8.370104728253510706e-02
6.022728857898065336e-01 2.055825498101843118e-02
6.896649181197243017e-01 7.555034928993470400e-02
6.692227943469520879e-01 5.201987848964373384e-02
6.713255291112026901e-01 3.899211019307902149e-02
6.986559781338936848e-01 9.269356324441369033e-03
6.188193671644965921e-01 6.898455963535926605e-02
6.416112490258107925e-01 7.664638578389340595e-02
6.978360854653645751e-01 9.591620456372576542e-02
6.929863057398795156e-01 7.377892493834972698e-02
6.191086775298266787e-01 3.149153542336791123e-02
6.458629383408215352e-01 5.023515343124174137e-02
6.985741345446323525e-01 6.531014263860132618e-02
6.694913296807583070e-01 8.594980991583789365e-02
6.676931142292265031e-01 2.690835985865036584e-02
6.581125814821671138e-01 5.620837601853798104e-02
6.716123779700461371e-01 9.505525008825507771e-02
6.556413800305944672e-01 5.724719335629241401e-02
6.559830706388710686e-01 4.533898013432041685e-02
6.771323603184027373e-01 4.764568141801536760e-02
6.988862259506481989e-01 2.655264219832087491e-02
6.673071771275151942e-01 1.773344473524929299e-02
6.755663254787289684e-01 8.679733704745168366e-02
6.161740548623678704e-01 6.212392819663853372e-02
6.713606057446916964e-01 5.279202036926761155e-02
6.729981050329184589e-01 5.194726595124710133e-03
6.756840241200143815e-01 2.978342797810185072e-02
6.438019978913901431e-01 6.337772874844260773e-02
6.677072725574034751e-01 9.872321161103669862e-02
6.416565183345706025e-01 9.146376770575673221e-02
6.424498921545682695e-01 3.013724407339773981e-02
6.596393440188542678e-01 9.045729380243092144e-02
6.161043728205618519e-01 2.975011025287310762e-02
6.127246257358767156e-01 9.352472859889229828e-02
6.996785035012047516e-01 5.531607912621472334e-02
6.438848644966338464e-01 9.720377678340128003e-02
6.145963832820519057e-01 9.802591216620923364e-02
6.571817741253872525e-01 4.012133892746894137e-02
6.503770540939178835e-01 1.620679197809921090e-02
6.076397623087569366e-01 9.535146421113774307e-02
6.489631746328918815e-01 1.541891490920194174e-02
6.627230703344412222e-01 6.710883712817181102e-02
6.157226315024126873e-01 8.657779518297309407e-02
6.180240440722586381e-01 9.190584168324211767e-02
6.721028223383745948e-01 8.606188629176100835e-02
6.871122916285757887e-01 9.056909551636538325e-02
6.651256203545342638e-01 8.935353021877101565e-02
6.094510878376985241e-01 2.587263723939525750e-03
6.491257519638718998e-01 1.932117972437824571e-02
6.229971503856754911e-01 4.426734138774005012e-02
6.118965795907151950e-01 7.040291985302019051e-02
6.106129825907630204e-01 5.632720861575343796e-02
6.817982599152464518e-01 3.676818108854706946e-02
6.492928323364074439e-01 8.902732934769427842e-02
6.709839058701851933e-01 3.433287259227285615e-02
6.398166473337721927e-01 3.138652596438268327e-02
6.060181419024751603e-01 1.444677008268779872e-04
6.293373772496002605e-01 3.284328714522133374e-02
6.404883850079511332e-01 7.641020190572064830e-02
6.639518342093632119e-01 6.687312934551589705e-02
6.525197339114167105e-01 1.041777457992881795e-02
6.285010249635050172e-01 5.770949073557590792e-02
6.873988396759358466e-01 2.204968308731647397e-02
6.951172048837978013e-01 3.393217857056057829e-02
6.199598512634423297e-01 8.655815081806295108e-03
6.068784720805667776e-01 9.791750500324214457e-03
6.610476639271685162e-01 5.489406324367956946e-02
6.228791984407127114e-01 5.926775240837320324e-02
6.940851295408119181e-01 7.354236001549058210e-02
6.259293658670574967e-01 8.287855642678643164e-03
6.027002369830470885e-01 9.202363603169350093e-02
6.713077718894495671e-01 1.490984908836118228e-02
6.803380220675895318e-01 6.387977427222812921e-02
6.440474464867251836e-01 3.786446897450562732e-02
6.315771706349557757e-01 8.069626054880374433e-02
6.185073374526587342e-01 7.201100474696020548e-03
6.741146291744615215e-01 8.886571497858097857e-02
6.958710821463758300e-01 9.911964111389726106e-03
6.953925871179539309e-01 8.607421510007962073e-02
6.125116694537706685e-01 3.732228996026848433e-02
6.229381055846319182e-01 8.648522256433641142e-02
6.745995595968941050e-01 9.473591673329215257e-02
6.894142874695289303e-01 5.406965145810013751e-02
6.267776679965034736e-01 3.441658030863103956e-02
6.112396892577629526e-01 3.960419526429331816e-02
6.508721790969680399e-01 9.882710140198261439e-02
6.879469761789087645e-01 4.483956814505579702e-02
6.514111735850279805e-01 8.240041404707570960e-02
6.379205331164391479e-01 1.436298185808537742e-03
6.935530972580298270e-01 6.469672730492251334e-02
6.009958777659694107e-01 1.543959177172599118e-02
6.267324673202200325e-01 3.547565159220389397e-03
6.462087896643206042e-01 3.835526374033404462e-02
6.407013950341896580e-01 5.058458251186348509e-02
6.220163805550503744e-01 6.722443173657716153e-02
6.335525103918362433e-01 7.938494933996306790e-02
6.943771545207313434e-01 8.036670287708905236e-02
6.749631365620292200e-01 5.793594685929309707e-02
6.409008550705945773e-01 4.145890241546895671e-02
6.740611102817077871e-01 9.084684775109141963e-02
6.529861058531054585e-01 8.608587246896123868e-02
6.224072195506958893e-01 7.176285091178027931e-02
6.959757410021153445e-01 7.335769648765874673e-02
6.965098064955798085e-01 1.463320895812375566e-02
6.274395505916927629e-01 1.653265175344009741e-02
6.814932927807345608e-01 1.363990821383964658e-02
6.056612795945965910e-01 8.024180693040389167e-02
6.271452637316321521e-01 5.889664962873306098e-02
6.939395958150078592e-01 4.089562921913159066e-02
6.606535561954199887e-01 4.123330579595491097e-02
6.801255782474462386e-01 7.657777976463886471e-02
6.592077081206457745e-01 8.306150645575099967e-02
6.976062246509929787e-01 8.333731598130897367e-02
6.088372274611288937e-01 9.202288396805571868e-02
6.647525289820273020e-01 3.036346652423610459e-02
6.147749528634676164e-01 9.158634903978901676e-02
6.018309091113990261e-01 5.532011317634072389e-02
6.815899682036481444e-01 7.313129916014288190e-02
6.286469150460166633e-01 5.611755667057324870e-02
6.049628155810486962e-01 3.107032418264887852e-02
6.915266780550686221e-01 8.060470752794232641e-02
6.030753007026501411e-01 4.158070252134460354e-02
6.083995978845624375e-01 9.390494387452344438e-02
6.368429795204927357e-01 9.397377603234793875e-02
6.309711871089568325e-01 5.347002794349542398e-02
6.976703404768335171e-01 1.452234703092408763e-02
6.856585205877551159e-01 8.535706207477289365e-02
6.986358094486103676e-01 9.694402687820866116e-02
6.816200898774911199e-01 8.897027313301492102e-02
6.611507271042775802e-01 2.567328848436373212e-02
6.039007718278648351e-01 5.397467629837407466e-02
6.914856700566730519e-01 7.681277379269077499e-02
6.882066900446932589e-01 9.167608521715261971e-02
6.117027119676872182e-01 4.483978867884730324e-02
6.051341381202161029e-01 1.012338439099474963e-02
6.419309792519424240e-01 8.207783931866527438e-02
6.483663370330995379e-01 9.875491241582851076e-02
6.237344217816018777e-01 2.336058722844119862e-02
6.136543383038113308e-01 4.686282268662247952e-02
6.808145210992118113e-01 7.362268613081515700e-02
6.538016690218624305e-01 8.399881375023715568e-02
6.004959133491267753e-01 4.468326850626969104e-02
6.037661353868850611e-01 6.483338716026187942e-03
6.983113619842860054e-01 2.465042972071895822e-02
6.326927423200356948e-01 8.257576565967139626e-02
6.312645142400652443e-01 5.327121415989671815e-02
6.637016324097064768e-01 1.554355139263674523e-02
6.344039684973659110e-01 4.378263351021943750e-02
6.970680011258583164e-01 7.140673599462799004e-03
6.464459662772559234e-01 2.336475478923716320e-02
6.390310192914999687e-01 6.251545631120197788e-02
6.507801990928019364e-01 3.482634835607928414e-02
6.450958594743609886e-01 5.314985448666814660e-02
6.916556431746041511e-01 5.595524166162982316e-02
6.102067790081739940e-01 1.111839231295941310e-02
6.980950050534330265e-01 6.758399710791057613e-02
6.220353611792720505e-01 6.895011178413215647e-02
6.145262279604003508e-01 7.423158250325559426e-02
6.873586264890192421e-01 6.216322104907540114e-02
6.534997276028229329e-01 8.395876186795173113e-02
6.086469619087749860e-01 8.262061971853995601e-02
6.565388994183350979e-01 2.556438064228161444e-02
6.254689973720605201e-01 8.448190014309361895e-02
6.581308758415512772e-01 6.294446473316661628e-02
6.442254324072335114e-01 1.154434689179445472e-02
6.405144001226008577e-01 8.764196121575135168e-02
6.080868413852144050e-01 5.381969326793367703e-02
6.347004969038201327e-01 3.340937088501311214e-02
6.127696950096853667e-01 8.877424841819470114e-03
6.503094581436407173e-01 1.761544300024930898e-02
6.571727168502630168e-01 5.597924811838672632e-02
6.716794879514096372e-01 2.385691948591422973e-02
6.180012447147886778e-01 4.475302099814060242e-03
6.173476466532961116e-01 3.610160548363194888e-02
6.317314911672844424e-01 3.916531832292124982e-03
6.961355294141889916e-01 8.923664628062352722e-02
6.370520282475573559e-01 1.267488887980161572e-02
6.298647324100783429e-01 5.453296018171208126e-02
6.134846234704913748e-01 5.996427672636478468e-02
6.579386598315991597e-01 2.756602228053894876e-02
6.423789142296940646e-01 4.481465785389809886e-02
6.915067182953844593e-01 3.429818933187778196e-02
6.442278143630013609e-01 7.861279416959093824e-02
6.552570134303838945e-01 8.850573487559165731e-02
6.957132558682914691e-01 4.245074857274122593e-02
6.796382085958372343e-01 1.230941588573053469e-02
6.764905462761046095e-01 6.253556540749644066e-02
6.445241434524693336e-01 8.841801552846695333e-02
6.160058544270369252e-01 8.476572614880145684e-02
6.792649974241296018e-01 6.213440953254395493e-02
6.934243381906209924e-01 7.618913691874787397e-02
6.422687810551443999e-01 2.977201315675470639e-02
6.554413466001445254e-01 4.637092384221705443e-02
6.615033296842098842e-01 9.546983637786016219e-02
6.298128398336356737e-01 1.108215551551161582e-03
6.681437603312472273e-01 6.094690389377452333e-02
6.333329343778770770e-01 7.243741593549957170e-02
6.273072369777911161e-01 9.309899981810404457e-02
6.463305607056958335e-01 3.196703603877881772e-02
6.592973211649031384e-01 1.766536866378148884e-02
6.611880974106938424e-01 8.963833061402007307e-02
6.789518453540734910e-01 7.918613882303254803e-02
6.209973063131714044e-01 7.113572509877091887e-02
6.402531124350697711e-01 4.055942526442535279e-02
6.187309581658249069e-01 3.536350685440137198e-02
6.059593104081578696e-01 5.398361178565952434e-02
6.820709480544356884e-01 4.751232487794007642e-02
6.120428984185066756e-01 9.061083053975738100e-02
6.369491791065851061e-01 5.776876276978282210e-02
6.841943224149584779e-01 7.019657000041845674e-02
6.639237301697459293e-01 6.188457448979706177e-02
6.238825611145288885e-01 1.188362046814434025e-02
6.582618871621590539e-01 3.283755439894170403e-02
6.768689933404081760e-01 9.970817620464922371e-02
6.010977288980475786e-01 4.474868698426387459e-02
6.806415369990173048e-01 7.876390565493859852e-02
6.921628549264242647e-01 8.939092721016475562e-02
6.435275063595390366e-01 1.992026333580299013e-02
6.068657419425133037e-01 9.230005635510027395e-02
6.743065469186996230e-01 2.404018109540834169e-02
6.515885050854491878e-01 9.074690095202200824e-02
6.094420150542270154e-01 9.319665007561134251e-02
6.350983926290503234e-01 1.882909494168372166e-02
6.480656310168877443e-01 8.250820614377923912e-02
6.306311886231231734e-01 1.514930543795217632e-02
6.720662900128839823e-01 1.744725881931585842e-02
6.567831971716802109e-01 9.075834307785368704e-02
6.497265905959503929e-01 8.821279134506529451e-02
6.294666704036712135e-01 1.749826727442754803e-02
6.088447234036572508e-01 2.693965834203421172e-02
6.226099975782659612e-01 4.700189230536439000e-02
6.356483386818034820e-01 7.912736053293858984e-02
6.417307126886411250e-01 4.284364898100390118e-02
6.426033540731667104e-01 1.471816765460154386e-03
6.649044755719838440e-01 8.248504794880595625e-03
6.319991090827848934e-01 3.791699515284574495e-02
6.798562442809594764e-01 5.859724313367231652e-03
6.461048231002622932e-01 2.147926176691772326e-02
6.476258152334564144e-01 7.480030280571708934e-02
6.144687898548044647e-01 6.434045025709284049e-02
6.571764672840084698e-01 8.202997999052558109e-02
6.689629213822031462e-01 3.267160122363554908e-03
6.053615837109026510e-01 6.429383276314795670e-02
6.045609265392206666e-01 3.347217563133936258e-02
6.638952387648988651e-01 3.313517663819276482e-02
6.522310882058589554e-01 3.751093419522405492e-02
6.139828247336527323e-01 6.222157197200017809e-02
6.702461353456550253e-01 7.777082049539169040e-02
6.840334896562154654e-01 1.050180236345898965e-02
6.285106600672560884e-01 4.010859708800440515e-02
6.742689704514696070e-01 6.320541178108932123e-02
6.349472436095497940e-01 5.210854082830840284e-02
6.083730053546740901e-01 5.037494000376466219e-02
6.330624932527116888e-01 3.834353021555603203e-03
6.873181009080675530e-01 1.373300346534261918e-02
6.352601627442132637e-01 9.481390943050005404e-03
6.229124495777585979e-01 6.145180924223331287e-02
6.335919419777636952e-01 6.216350384131988371e-02
6.606370578494142887e-01 6.228875680159834394e-02
6.381039956193925722e-01 3.484403199871910495e-02
6.623880714526110269e-01 7.766886273872261603e-02
6.401149553058722574e-01 8.436715751454443302e-02
6.224105873523937404e-01 6.139436176988374849e-02
6.278671865942926367e-01 7.311494858400824359e-02
6.334741416145631687e-01 3.377761133056483844e-02
6.960261043298868744e-01 8.830244915183937948e-02
6.845642044919116875e-01 5.978338489563697622e-02
6.251750689613457812e-01 7.467481522419802675e-02
6.074948106348587729e-01 5.746208965050078610e-02
6.507180482460332982e-01 2.529359359024607734e-02
6.361161699422374083e-01 9.661417081498799297e-02
6.083491391935484938e-01 1.878448387270692521e-02
6.033210279948129084e-01 5.045143868219487127e-02
6.507777936086228676e-01 4.404362103524683825e-03
6.980742886653031887e-01 2.075205253813250383e-02
6.392212934042696970e-01 6.807143243318461434e-02
6.731392778057252446e-01 3.320419923924383676e-02
6.722803160138351997e-01 8.887289313051660589e-03
6.148966194561740206e-01 8.036170203451342697e-02
6.189930664079636990e-01 3.503351243730035147e-02
6.667475511280799294e-01 2.940744780831056060e-02
6.233707555155627578e-01 1.456978912961037764e-03
6.218862526297794791e-01 8.009923293363305219e-02
6.526934773250204769e-01 1.356391060332379217e-02
6.949471394197138663e-01 6.936129524782538858e-02
6.378149503301510093e-01 3.324495429609986008e-02
6.565703541491364481e-01 1.430155713227992953e-02
6.062861971840061148e-01 3.092461524699879893e-02
6.638626414376707086e-01 6.292416549695917238e-02
6.030648683208985616e-01 9.223268819966712329e-03
6.154373896718403625e-01 2.107874694008959882e-02
6.764708591633757928e-01 8.972428664325049485e-02
6.498182592655190604e-01 5.045189724456358715e-02
6.735427877695149279e-01 6.614172613589996974e-02
6.872211808042583137e-01 8.367461491484548541e-02
6.536818393609264977e-01 6.055452577432371419e-02
6.908442893577668720e-01 7.653816927990225727e-02
6.172800245176253142e-01 7.017260859237522963e-02
6.113500132888814997e-01 3.209459291870309094e-02
6.235152850002692038e-01 6.766697892154965865e-02
6.907379456237237036e-01 1.256023975929509984e-02
6.952274566508962472e-01 8.590062188293212664e-02
6.546749946296945843e-01 3.110022903356102209e-02
6.487619399346774562e-01 7.672836446808137256e-02
6.324155338743772115e-01 8.448789199894243818e-02
6.055850647716890522e-01 4.616572503904742275e-02
6.541124174654936452e-01 7.212786555339212313e-02
6.768572501208607317e-01 8.029425090711608815e-02
6.391141741656002351e-01 5.672074475971289331e-02
6.787284136006401791e-01 6.103961889348374914e-02
6.156854307607033672e-01 9.499837509590072782e-02
6.183666618320785568e-01 7.469380491209753892e-02
6.422127602632399235e-01 1.989993501264081255e-02
6.693972672865315943e-01 9.411703071436375301e-02
6.834458377167359489e-01 3.562978068517064223e-02
6.209833833448175078e-01 5.971391014229193717e-02
6.244566848776099688e-01 3.041088139953834757e-02
6.294529444953320674e-01 5.424627134121015604e-02
6.766025453989249483e-01 1.534738908067068142e-02
6.761329225108199115e-01 1.697068127915923874e-02
6.501605183888125028e-01 9.865715519111481480e-02
6.325959086364226769e-01 6.762030237789781739e-02
6.988529443675206565e-01 5.084628744308336556e-02
6.914748208960108666e-01 5.530001879561383116e-02
6.615244609612265236e-01 1.883822105522064971e-02
6.815413587959787689e-01 7.477999258628975632e-02
6.306506028303467959e-01 4.338810176209628722e-03
6.768003765937370408e-01 8.027891906339898465e-02
6.171193312071003856e-01 3.226119960276885301e-03
6.954163524724159551e-01 2.274768561586132387e-02
6.182383769157098197e-01 3.450282034622431659e-02
6.733116316847288507e-01 1.569139235843802771e-02
6.966765611457774732e-01 4.332872746648341877e-03
6.318893463856480874e-01 5.595450836814450102e-02
6.348632176933212135e-01 5.991030594390756026e-02
6.821063948833774315e-01 8.495454903515209377e-02
6.952396170332914016e-01 4.931974821586487812e-02
6.413300059637087047e-01 7.439020999978543380e-02
6.617804942497470533e-01 4.132508814040353196e-02
6.498722621170214264e-01 6.062903931110744105e-02
6.043213684504811223e-01 1.895932899894869905e-02
6.646252931494394112e-01 1.330032000843417439e-03
6.761347402804048778e-01 9.805230339446835419e-02
6.107919977860420957e-01 5.225060903490780229e-02
6.817638272609714001e-01 9.611044480389296929e-04
6.980865822892595718e-01 3.165612189257732689e-02
6.240548952701995278e-01 3.399012608422274928e-02
6.944003260113240650e-01 7.228314932379581448e-02
6.730971460701545839e-01 2.169233499210720950e-03
6.136002815135641608e-01 8.496104651327079926e-02
6.894975704018999618e-01 1.258436074548158201e-02
6.461773365078337106e-01 2.415682050574446960e-02
6.390091459301392440e-01 9.620429114608780585e-02
6.975324121434378633e-01 3.424132318195172164e-02
6.886914932365784114e-01 8.077465794188962156e-02
6.113260983453034925e-01 2.968054037239936660e-02
6.962776797271060802e-01 2.727543589307623861e-02
6.949839106472094352e-01 2.086999230654090765e-02
6.573216228075782208e-01 6.847875112030790690e-02
6.048150587854768112e-01 1.276897255044578960e-02
6.993512182369872043e-01 5.747126274479505414e-02
6.783188488173317321e-01 2.594470054987629837e-02
6.461951526186454631e-01 3.995246142334635264e-02
6.908825486474207134e-01 2.048407753943076726e-02
6.348936153520550185e-01 8.157639578855507834e-02
6.922184283313129738e-01 9.072689806058245598e-02
6.464085949541756859e-01 6.656264155361610313e-02
6.247046839779890615e-01 7.928593559835078741e-02
6.587076347267442067e-01 5.373284645169873475e-02
6.751962798611192973e-01 9.379465716981574830e-02
6.463169420406749133e-01 4.129154920019190156e-02
6.436567338483012435e-01 6.076085377850168334e-02
6.241302109093614936e-01 1.650662217498488626e-02
6.973285716210205765e-01 5.551707091783039671e-02
6.540121552889601730e-01 8.645964944169101662e-02
6.582973825810769508e-01 1.751190920179873656e-02
6.162973508139564238e-01 4.197659702578032670e-02
6.588713320920971395e-01 6.941443346444012286e-02
6.849814577849119290e-01 8.651011617801901421e-02
6.638713023003440794e-01 7.617492258824010154e-02
6.469840585025601332e-01 2.390049524005455339e-02
6.183114399479471279e-01 9.116509405157013912e-03
6.717956232026732755e-01 8.522509541061293326e-02
6.502949996135689581e-01 3.443829913383178454e-02
6.668927760432254992e-01 5.992344745831940100e-02
6.441671283681804638e-01 7.647892822287960524e-02
6.269902153895865471e-01 2.244939667907297487e-02
6.709303946536792074e-01 5.505271879483594755e-02
6.028967504496157703e-01 9.440071045669964911e-02
6.074799844645504265e-01 2.520319567258477722e-02
6.091881355479169535e-01 1.270035441710770652e-02
6.012516751600710530e-01 4.474806409047391020e-02
6.947326560146492858e-01 4.681813476875684721e-03
6.170111431019822401e-01 2.203076937580816796e-02
6.115556674507759416e-01 5.940595643145551996e-02
6.832731083817635831e-01 5.669854004374227929e-02
6.201317018517095159e-01 2.107401280869120042e-02
6.067942457876459583e-01 6.447119446538590593e-02
6.287772252261902839e-01 9.158877801343467961e-02
6.625390729760352038e-01 3.059776170797706696e-02
6.399168959056953376e-01 4.157708878624638560e-02
6.144607511161060964e-01 4.086403340509769944e-02
6.095865845815825468e-01 7.468773725600819091e-02
