6.490161010356543247e-01 1.654728508880631555e-01
6.554701920926891967e-01 1.953620238726884173e-01
6.580221284554790273e-01 1.878209797004821158e-01
6.984148654836718206e-01 1.743585285788558925e-01
6.991075302552833826e-01 1.900220848412632058e-01
6.742184718669397281e-01 1.552175761353836725e-01
6.182183954413436044e-01 1.147441390488919133e-01
6.584805191751949005e-01 1.850744476289620244e-01
6.094057754095605350e-01 1.473833614537333470e-01
6.889583191665011874e-01 1.320040362164738024e-01
6.800736072229233153e-01 1.580579940162142871e-01
6.430382892852355425e-01 1.525564317375255607e-01
6.447859171671661560e-01 1.818572453050766868e-01
6.821864551793073161e-01 1.037955505272980250e-01
6.656052888089271091e-01 1.363641093056671139e-01
6.991515615482666313e-01 1.765977669257447202e-01
6.578599118937923373e-01 1.858865247630430706e-01
6.576297110594205853e-01 1.829459864753370524e-01
6.398177568680930571e-01 1.120630184853670108e-01
6.520470691415400921e-01 1.575747419651244985e-01
6.548598275320511863e-01 1.203015626651982584e-01
6.545252419042175696e-01 1.982514784091977122e-01
6.543445301746435572e-01 1.526468393187490891e-01
6.918839359755599716e-01 1.125044891462549657e-01
6.321964224548728417e-01 1.414495968403350623e-01
6.294654678541887760e-01 1.020198239307604504e-01
6.394280904015493538e-01 1.124385665304326321e-01
6.764538414412477607e-01 1.717577148818886790e-01
6.272755703615809919e-01 1.226157760187343015e-01
6.415125734465486618e-01 1.741077098863169637e-01
6.257955360143803158e-01 1.299841707352147047e-01
6.934361238676111094e-01 1.466143671690721129e-01
6.018225799354334216e-01 1.869289093404936097e-01
6.263185801869944891e-01 1.143484764396312803e-01
6.617638856145174886e-01 1.409423469030268161e-01
6.383974253714785885e-01 1.801269305778477881e-01
6.822347929082754892e-01 1.686865710911526484e-01
6.534077699288121099e-01 1.895970505156064356e-01
6.616152967481300218e-01 1.403619919052375153e-01
6.377535516466787957e-01 1.520516154079577242e-01
6.116414521006597882e-01 1.407680171413754899e-01
6.797532908594517975e-01 1.721656777547269090e-01
6.474930945810696281e-01 1.417551434828128176e-01
6.511810971488495303e-01 1.843922727275061901e-01
6.146444581189813849e-01 1.632601678199657180e-01
6.032249246705639889e-01 1.764162271134450122e-01
6.164825551346998500e-01 1.219494547145528462e-01
6.536613663071990654e-01 1.806502015078786938e-01
6.625954405153580140e-01 1.484875051176765270e-01
6.698232294674583143e-01 1.706534357373560296e-01
6.238692625080706211e-01 1.337324507981242083e-01
6.826173430324682379e-01 1.788918343992450533e-01
6.359404460698491190e-01 1.785860710343895597e-01
6.302985138305630120e-01 1.840707824642178192e-01
6.266364611748669322e-01 1.721474747916041936e-01
6.829533008526921245e-01 1.682844813317693755e-01
6.150721125860461047e-01 1.064463252987958297e-01
6.716116645572526300e-01 1.689702216347070962e-01
6.764736472459755845e-01 1.250100622058947786e-01
6.595225385748790803e-01 1.148315153447247439e-01
6.119557984279114793e-01 1.717024602625006335e-01
6.400353522900109615e-01 1.532310465200638072e-01
6.989233359989375227e-01 1.874187359569369771e-01
6.295347451138155748e-01 1.505367069271263680e-01
6.167862638926426833e-01 1.706036875673949682e-01
6.438157566010691557e-01 1.453433820380365948e-01
6.995166315325631601e-01 1.678997781394597211e-01
6.312958300471793738e-01 1.959158885061302591e-01
6.426181490148902276e-01 1.817610830223156393e-01
6.447979965430523652e-01 1.230093827103754811e-01
6.826204273666166555e-01 1.565076157707546156e-01
6.751765188442810928e-01 1.230027823010481636e-01
6.637344420306942050e-01 1.443962428874727977e-01
6.491485460071216851e-01 1.866775359326990069e-01
6.440992515872755453e-01 1.358862672985096665e-01
6.159292378447079885e-01 1.248274271100326405e-01
6.032172681598735320e-01 1.791195408172348569e-01
6.303841530661909998e-01 1.888557815177252519e-01
6.657239863899435672e-01 1.302271753567532664e-01
6.633185264675299786e-01 1.278283801115382146e-01
6.199084110104601253e-01 1.091504674432184352e-01
6.096152614906968914e-01 1.702468339110395634e-01
6.099149023063389352e-01 1.256712065805892231e-01
6.607424735090274837e-01 1.864530193612939091e-01
6.250130316281905518e-01 1.666828014095393384e-01
6.235831455659562872e-01 1.877120329503963181e-01
6.648634755606319668e-01 1.683802345446879789e-01
6.150603590826191347e-01 1.363404731743524112e-01
6.155555540620784027e-01 1.833904957289247406e-01
6.487333777273466273e-01 1.449433348202638638e-01
6.029500612854250541e-01 1.958958716980615522e-01
6.636025087514804133e-01 1.325405237313382334e-01
6.689408449272896684e-01 1.084074256686737570e-01
6.037153493259160841e-01 1.020700446577088860e-01
6.257161384599959630e-01 1.525450313713718198e-01
6.928829403342607884e-01 1.931979918114469785e-01
6.403763071045134314e-01 1.684961989541214067e-01
6.274766075974094193e-01 1.202821233970780002e-01
6.564322212347697416e-01 1.952226781667715794e-01
6.068099197435650183e-01 1.765752434043253438e-01
6.827066849352799727e-01 1.933000094336389529e-01
6.721831086544088896e-01 1.943334504573118737e-01
6.880570212646185402e-01 1.018195560451468640e-01
6.351815143463380720e-01 1.051528625059920119e-01
6.636834784434408885e-01 1.401354522836726069e-01
6.952673085776915896e-01 1.198964252704826927e-01
6.495746768033094920e-01 1.675339697872094136e-01
6.091186531813332916e-01 1.199971439338314572e-01
6.758925849058678992e-01 1.680790369540008933e-01
6.139959132519390295e-01 1.945941832284071027e-01
6.974082597442389231e-01 1.614915465306298314e-01
6.214575279777013739e-01 1.783139388810344728e-01
6.602631706901248565e-01 1.284012623753680304e-01
6.143881793291625648e-01 1.320817417244485592e-01
6.408981829329406521e-01 1.508048424209317562e-01
6.591061939747216991e-01 1.175055278692892224e-01
6.927637668997184139e-01 1.164483370284398467e-01
6.414615364470324099e-01 1.272880186017819049e-01
6.184113912094453269e-01 1.974940873496754956e-01
6.690257642534679361e-01 1.445167322684081934e-01
6.569158425398726742e-01 1.909198870975644668e-01
6.445696422006715887e-01 1.079550955425567782e-01
6.970039310650247844e-01 1.324523990838583354e-01
6.560053317721115107e-01 1.725703622412606553e-01
6.806528767395854107e-01 1.591778236632654664e-01
6.659921249148491595e-01 1.853280566317487832e-01
6.430683307191832343e-01 1.452982945883271315e-01
6.106504527706317909e-01 1.880864728950211173e-01
6.934416450455306302e-01 1.960232439846247288e-01
6.603745193456822538e-01 1.804114304917823208e-01
6.637964245395855389e-01 1.226923079372887471e-01
6.041471640051944147e-01 1.546731536872533452e-01
6.777245159274893904e-01 1.114817821555626198e-01
6.499038506688448180e-01 1.535575033655817989e-01
6.421665338381610244e-01 1.154425677876538270e-01
6.250271517497604234e-01 1.457747239750353252e-01
6.952106934435323682e-01 1.743481129448800071e-01
6.394505196814858072e-01 1.344641094430759076e-01
6.028559321464638243e-01 1.998237551208578711e-01
6.734380709700105161e-01 1.751696677275916270e-01
6.486356628971194915e-01 1.488988978558688503e-01
6.105532441106905628e-01 1.531173202337478834e-01
6.465292672623149661e-01 1.659405030234176459e-01
6.614994150384849725e-01 1.348209093495403299e-01
6.187342404152391673e-01 1.229633670648991595e-01
6.756957493765722855e-01 1.509406243318706931e-01
6.679311726322471054e-01 1.912984176186888485e-01
6.380350746218206304e-01 1.423500738234647345e-01
6.426478542653869530e-01 1.636414807433484997e-01
6.613417872412850063e-01 1.641895356143335816e-01
6.984147896179047077e-01 1.376250728694480563e-01
6.616299617715617476e-01 1.870157831862377384e-01
6.486035760449172516e-01 1.931667674332860352e-01
6.162466877809490429e-01 1.698602814002677652e-01
6.245008850460473937e-01 1.489272468847321063e-01
6.519509646446619566e-01 1.638447245628974203e-01
6.837467985025058592e-01 1.515338660091538892e-01
6.146654168794440931e-01 1.652171031288479641e-01
6.636907998663726937e-01 1.920434780498332383e-01
6.133057078762990111e-01 1.680552871723978714e-01
6.731538232603098137e-01 1.254544001778690743e-01
6.081705740258764870e-01 1.140947275064569111e-01
6.261386333517282576e-01 1.345645730058102341e-01
6.397173298557017329e-01 1.747621479239444275e-01
6.254257220929687611e-01 1.400962406123747173e-01
6.084628552436346371e-01 1.310622134972448116e-01
6.473535778100356630e-01 1.180039450587085370e-01
6.587625138789126034e-01 1.835326754495060775e-01
6.739668073490956424e-01 1.334774730385289432e-01
6.253707869766601535e-01 1.580650399081121593e-01
6.677908980961342333e-01 1.896400049870070603e-01
6.591968147439942749e-01 1.298856639113216416e-01
6.391655867962113824e-01 1.820077711230437545e-01
6.632345360599428696e-01 1.509458452478453505e-01
6.092732378721177344e-01 1.793473198146913472e-01
6.260990339003293936e-01 1.952360822949414099e-01
6.478732961217928965e-01 1.463257722806683980e-01
6.668315622603889770e-01 1.816002013311983077e-01
6.395229472113187486e-01 1.338681480643769406e-01
6.157703810970867053e-01 1.098122977065312811e-01
6.811381094018298388e-01 1.777976871045187091e-01
6.945891616969815940e-01 1.607186232990023000e-01
6.230092478102815523e-01 1.884639563116272676e-01
6.113661915799003532e-01 1.849526600052621705e-01
6.683755087915903559e-01 1.839721315077765817e-01
6.722929076358842293e-01 1.013513498267163970e-01
6.417973414884442507e-01 1.794877818834777206e-01
6.125688031850329285e-01 1.231663721348539575e-01
6.642196777357949333e-01 1.091443132850073716e-01
6.201390226974538011e-01 1.874519785804112659e-01
6.651018838657792864e-01 1.679322822064653054e-01
6.083108465403117560e-01 1.656455476483547629e-01
6.524951016033138096e-01 1.831625298126743073e-01
6.892386388645896922e-01 1.555736199663426134e-01
6.778569203842215174e-01 1.330834002626113677e-01
6.825308298406286278e-01 1.873996394743612515e-01
6.146794974848494020e-01 1.598958655921531580e-01
6.687569158959963955e-01 1.870896274286242278e-01
6.992220392226757841e-01 1.255205077782159673e-01
6.527652725193791028e-01 1.691798070399380405e-01
6.686801426120273506e-01 1.490373849418199503e-01
6.301686345922593580e-01 1.300063418948561589e-01
6.839907253838459766e-01 1.967487450893001255e-01
6.653488733561957469e-01 1.917792985942476658e-01
6.028980591919921306e-01 1.336316583100850830e-01
6.698242685212995040e-01 1.597037893058670666e-01
6.043108753232587782e-01 1.891898068576232106e-01
6.638484357775621403e-01 1.187495298689083267e-01
6.567379655301854857e-01 1.948848063277858200e-01
6.814885212324461872e-01 1.390029565765363018e-01
6.457652085713144752e-01 1.153559732030855489e-01
6.474725070393518855e-01 1.045712046279193563e-01
6.131704358955629708e-01 1.837657089930310184e-01
6.363269455535004449e-01 1.574859215108163624e-01
6.390728041991022845e-01 1.073776125998530395e-01
6.802249570135301404e-01 1.469166099720488894e-01
6.311780306298240273e-01 1.646884866759143751e-01
6.257638735067408975e-01 1.035619969049688671e-01
6.972139481516260728e-01 1.186221696938264403e-01
6.031869605662353306e-01 1.154788636904297838e-01
6.714819968382311766e-01 1.775460084227774016e-01
6.111533720788918655e-01 1.725172470520727752e-01
6.947731343676661897e-01 1.200958547392072806e-01
6.731627006040870054e-01 1.018716614000706733e-01
6.092105349909086032e-01 1.433232320787005409e-01
6.025560488375911739e-01 1.488668991014306109e-01
6.068755680061878044e-01 1.530452355007580201e-01
6.107760929007601813e-01 1.988439831176152806e-01
6.735707627980038747e-01 1.762198731034845811e-01
6.796331823776018410e-01 1.276395354373343616e-01
6.854864383722666377e-01 1.860019865536722827e-01
6.638206323626046901e-01 1.939033009652478823e-01
6.246937895234073723e-01 1.803128565116151605e-01
6.137186246368635523e-01 1.249752560173895410e-01
6.205468289126702119e-01 1.540244693677630394e-01
6.393057609550302223e-01 1.494213792445062694e-01
6.827757425218430321e-01 1.350045335803022328e-01
6.136244293528160254e-01 1.636892135038113816e-01
6.174718928536835350e-01 1.562413263442156974e-01
6.840868553079170189e-01 1.467024196318732210e-01
6.032372192996466875e-01 1.493949742728863939e-01
6.257243671748233815e-01 1.679317856458108771e-01
6.943403115599611208e-01 1.532801450687630573e-01
6.649903961320775547e-01 1.933166473348995329e-01
6.331144671890586162e-01 1.426643003001493715e-01
6.217655855884375304e-01 1.355603598513158980e-01
6.048189914376079779e-01 1.498860417985777571e-01
6.940054504678778713e-01 1.215192707634099312e-01
6.107172572917638487e-01 1.682341194228302583e-01
6.560717772263870984e-01 1.459749770634407307e-01
6.826974566472225892e-01 1.014779111337261452e-01
6.531497040717462177e-01 1.290193766978252887e-01
6.645802108923294371e-01 1.715698677688887730e-01
6.319134426376931124e-01 1.378766049598757204e-01
6.884683340154869047e-01 1.653506054133895287e-01
6.253645903098169478e-01 1.988764706107022939e-01
6.160748010038608058e-01 1.534037815238240565e-01
6.683389676244162469e-01 1.419298043003864584e-01
6.800899352485453297e-01 1.371067767498782008e-01
6.638470709185267937e-01 1.753133381472226637e-01
6.673841646996341304e-01 1.799403132059929633e-01
6.203105245207414242e-01 1.838822744150669375e-01
6.585123109833250776e-01 1.608231551849649277e-01
6.302446270574608711e-01 1.390704069258553166e-01
6.798494568266365556e-01 1.414890920737216506e-01
6.690653005604101367e-01 1.275795712222103084e-01
6.055906103292265641e-01 1.207959372680072752e-01
6.182455040325199880e-01 1.601177482479743397e-01
6.462594520086365479e-01 1.512078011329019700e-01
6.539100789075455999e-01 1.471221273428870990e-01
6.346465389611510854e-01 1.829868192631426416e-01
6.513387035522416602e-01 1.948508015514561764e-01
6.703294038759929352e-01 1.789292822901694391e-01
6.780209517280150200e-01 1.216456310393526086e-01
6.275418106024790443e-01 1.103335560417047778e-01
6.843561856180736536e-01 1.399253706674278841e-01
6.791494971031903916e-01 1.554621523038298703e-01
6.904121886923276774e-01 1.115202825076727633e-01
6.250648533914333616e-01 1.589974251002536920e-01
6.276652379252539715e-01 1.876734379586367796e-01
6.223513006125234170e-01 1.010581675520017542e-01
6.713048246883326353e-01 1.190834583346330189e-01
6.124607357289826304e-01 1.922705929649701773e-01
6.102033463052465301e-01 1.867003119064430394e-01
6.326069135666537724e-01 1.511411928456269094e-01
6.387499652023447272e-01 1.194877161271268029e-01
6.681524126953251042e-01 1.673351049446253902e-01
6.597375043747968348e-01 1.208689760555354542e-01
6.982179748472521208e-01 1.688654761465830101e-01
6.632956236549019113e-01 1.369174395599734029e-01
6.853862361186520147e-01 1.317210004401510315e-01
6.652542230852850347e-01 1.578024735273592383e-01
6.408249880034583290e-01 1.235181971280694124e-01
6.451169709161593824e-01 1.739999494898730181e-01
6.977088776457368580e-01 1.173911366271174206e-01
6.434918377416585233e-01 1.739748599099765758e-01
6.714886196349928449e-01 1.195943481239230832e-01
6.672740862974726461e-01 1.625001213986357329e-01
6.435812190131198207e-01 1.993747189792862140e-01
6.233220759748177020e-01 1.495203986207763458e-01
6.945176237739124625e-01 1.508661908709891808e-01
6.966238298998888023e-01 1.479068832487018259e-01
6.451441385375762394e-01 1.091827019519088227e-01
6.727317481690820999e-01 1.267046218865886531e-01
6.917079795160903100e-01 1.824653040428506068e-01
6.190880370216361728e-01 1.241583264272383968e-01
6.190609075109079207e-01 1.467258474912694899e-01
6.322826151443563525e-01 1.715583218164112855e-01
6.768178525227952491e-01 1.656614077389228501e-01
6.572255029405317250e-01 1.237661594753767524e-01
6.368941510120490479e-01 1.449746735344036030e-01
6.195966215481645278e-01 1.890251623056540820e-01
6.940500327002929737e-01 1.552847694845347626e-01
6.637666617603218411e-01 1.090382104560351784e-01
6.022778657946865621e-01 1.838916273198965834e-01
6.706702992033601873e-01 1.785375945558261290e-01
6.199022049053599659e-01 1.220168119793412775e-01
6.627998881073410287e-01 1.820140351509649812e-01
6.270228305040235206e-01 1.519859581315211872e-01
6.197763139715357639e-01 1.508147764937173285e-01
6.924559453393528408e-01 1.324077008351766949e-01
6.604445752642228440e-01 1.681553652107722618e-01
6.927411493291439903e-01 1.473546037070234682e-01
6.042563398877155434e-01 1.928933247638937032e-01
6.912869882964373103e-01 1.864851707833724559e-01
6.476504764430085492e-01 1.416570926485824777e-01
6.826742848124740526e-01 1.388009516473160676e-01
6.211748457595167583e-01 1.508010952958852569e-01
6.169756479475693167e-01 1.773940734279395304e-01
6.109253154154733467e-01 1.594965894870535028e-01
6.164707611076606364e-01 1.983784531574835919e-01
6.740131484954573482e-01 1.263549809696183912e-01
6.303283835640525190e-01 1.486112157178808013e-01
6.736775879161277514e-01 1.263767986688450473e-01
6.860078520060617358e-01 1.150617012489227320e-01
6.794676516995831195e-01 1.919200598130648416e-01
6.754298754798304660e-01 1.688301016492009810e-01
6.504256981020629658e-01 1.373989878676830922e-01
6.737536741031940890e-01 1.459217780785291296e-01
6.522210023082797292e-01 1.382602065262097668e-01
6.663845018380163410e-01 1.877806928693669941e-01
6.583061388845324879e-01 1.561718080919383966e-01
6.989659799045840893e-01 1.684885473986779958e-01
6.356116292255111766e-01 1.403048198667423696e-01
6.105698904775135327e-01 1.092472910920503637e-01
6.017312608729820100e-01 1.337241855915587974e-01
6.006837397135950107e-01 1.179089635376508183e-01
6.114535031062093839e-01 1.017132851507147884e-01
6.171837356041467437e-01 1.100171746726642252e-01
6.367759789944029691e-01 1.336936888580509963e-01
6.961018824945681693e-01 1.620917280999556453e-01
6.284697012002198324e-01 1.415212411945178383e-01
6.363762694168180190e-01 1.431886899467410823e-01
6.482144849555544486e-01 1.094169432837717171e-01
6.480249554585119087e-01 1.609637260749012533e-01
6.458120562943097109e-01 1.185573507865600174e-01
6.702508409702044867e-01 1.617016041915761149e-01
6.437964448160311548e-01 1.770039489699999358e-01
6.746134792388602808e-01 1.083588361417682777e-01
6.308470892590559709e-01 1.443610584364400928e-01
6.558116828655136121e-01 1.168550383059113740e-01
6.322547421953550462e-01 1.439232133850329720e-01
6.480290607775073264e-01 1.238684454966871018e-01
6.590296837606334224e-01 1.432724935016485568e-01
6.575273880085066303e-01 1.005177245006063924e-01
6.616376886370494148e-01 1.032379864217820020e-01
6.096444677817203228e-01 1.132230496592339097e-01
6.225898697165362927e-01 1.530941351907752768e-01
6.901882551617769535e-01 1.054792402443573696e-01
6.778117264822849375e-01 1.537191816495392938e-01
6.658309547875962409e-01 1.219839829912959250e-01
6.803664663678788971e-01 1.800607188240309631e-01
6.694220052647907870e-01 1.629311641051442994e-01
6.973586568437766253e-01 1.985966865499032841e-01
6.487201475641938275e-01 1.592165754614897621e-01
6.041144686572276212e-01 1.924795242758616798e-01
6.216849486547361137e-01 1.069659729333426734e-01
6.267058630893496129e-01 1.577049664497547632e-01
6.717782390993828345e-01 1.134762409200816002e-01
6.012884235391163790e-01 1.942818771455662730e-01
6.058923867373871008e-01 1.049305196748329949e-01
6.349421088954578796e-01 1.222261760593885138e-01
6.656103400702363393e-01 1.599587813077392451e-01
6.620351644576879524e-01 1.142600188950325391e-01
6.158428782717753069e-01 1.361588628219761732e-01
6.505042230904741762e-01 1.222921882815614647e-01
6.355961489228681982e-01 1.766365814428174641e-01
6.228231736847873456e-01 1.903373132032199211e-01
6.264464322230886006e-01 1.312946095533864821e-01
6.075890977046829455e-01 1.174285635170030651e-01
6.259419222915374448e-01 1.456486937292769124e-01
6.434609647351132722e-01 1.005652854188642531e-01
6.069338560968163820e-01 1.417552026007014299e-01
6.097224784644208473e-01 1.033387754424940075e-01
6.350192657167339494e-01 1.062896029294724265e-01
6.503535348766590340e-01 1.254296370781748937e-01
6.242614838403233168e-01 1.496104679465335707e-01
6.290792393635700197e-01 1.299738692274960417e-01
6.582277754844677586e-01 1.478423158323887709e-01
6.008981659023745481e-01 1.547168041211995637e-01
6.619627150133317040e-01 1.152746415486015641e-01
6.813063684550334509e-01 1.598901999366105220e-01
6.873362903288844361e-01 1.733860681152833427e-01
6.831704648002717706e-01 1.462729235698472796e-01
6.663562718599325141e-01 1.179405073620376498e-01
6.378793899583321547e-01 1.156674740904225507e-01
6.298481127416468706e-01 1.279465315292542260e-01
6.469581135485754642e-01 1.608575233220532474e-01
6.794503551675529218e-01 1.851172452597742435e-01
6.507111929872880784e-01 1.746615004081230327e-01
6.275851742714593229e-01 1.912357573017071932e-01
6.671505183274161199e-01 1.810871445882149544e-01
6.722355182902143289e-01 1.951267847706059932e-01
6.912214905549802779e-01 1.781253813405030417e-01
6.109334490168498721e-01 1.991293917099654642e-01
6.032025842298228691e-01 1.154563072236555743e-01
6.976180728785382756e-01 1.187087196659690758e-01
6.874776382888497794e-01 1.394620499241148170e-01
6.765592395318040797e-01 1.127485397624243824e-01
6.109417282195798160e-01 1.303195598546867118e-01
6.329730373794213438e-01 1.579229932278408688e-01
6.575714918045508783e-01 1.095989828999885396e-01
6.945770256141396981e-01 1.211498790108127277e-01
6.639928411704323352e-01 1.599344035887190207e-01
6.659949081196240295e-01 1.001014967489812779e-01
6.856634135798319596e-01 1.473248487868884793e-01
6.287547086705829180e-01 1.097513530125887316e-01
6.488129347286255566e-01 1.850664163923910199e-01
6.507572985035215973e-01 1.852932546933092339e-01
6.217839207191835360e-01 1.563802412737065606e-01
6.374515189540228555e-01 1.379411110493822257e-01
6.084694233467835556e-01 1.981113618473138993e-01
6.633854819861837449e-01 1.595530298196556063e-01
6.411435946843033751e-01 1.984915286081279928e-01
6.248383651651090442e-01 1.718998796316916489e-01
6.060589612097816437e-01 1.524401568155302200e-01
6.312084593657600884e-01 1.977112473666777503e-01
6.072964925784301027e-01 1.166223418831154324e-01
6.259754474045070571e-01 1.381786458225373604e-01
6.426141937353468947e-01 1.190428062666883113e-01
6.653111040751850114e-01 1.978372065300570415e-01
6.998906603789105674e-01 1.865492082300463372e-01
6.937822041361423331e-01 1.334617489943869806e-01
6.688258755082430174e-01 1.570279644820158638e-01
6.901043768736968564e-01 1.287603692188125093e-01
6.639676962824818673e-01 1.698851647523100805e-01
6.735836067554726858e-01 1.780397433554190556e-01
6.984222026524593563e-01 1.095651156569895923e-01
6.314371664446800647e-01 1.070486936437015646e-01
6.554346050467304563e-01 1.078152807699738480e-01
6.889295120109758530e-01 1.091640915207875429e-01
6.822686459988768215e-01 1.071317370594201679e-01
6.163155511021735089e-01 1.438409536532592736e-01
6.760069338796136362e-01 1.284284319531175111e-01
6.470409299545466508e-01 1.275368697816508523e-01
6.402333502553794187e-01 1.822048810083841119e-01
6.975731837265887192e-01 1.776067422738231705e-01
6.064430990985210101e-01 1.877172269802994120e-01
6.094743573914569446e-01 1.278133541918360372e-01
6.142574292070123176e-01 1.845350681446333296e-01
6.027174435108830775e-01 1.166530149607885591e-01
6.141480856979457670e-01 1.170163381565387517e-01
6.050427739415397133e-01 1.498930170307891663e-01
6.084347153811211495e-01 1.511532785628370568e-01
6.636154443298529770e-01 1.744351902758363437e-01
6.305755191006088278e-01 1.067758964845696990e-01
6.047017833813439491e-01 1.268839317683653489e-01
6.747155318851604244e-01 1.557866275467078843e-01
6.088541138068392922e-01 1.888463308112585948e-01
6.268715450740980355e-01 1.431200669496905664e-01
6.434398895325945666e-01 1.296912720532906738e-01
6.975496250830749423e-01 1.230419077181117704e-01
6.990228212146220033e-01 1.210729579606753814e-01
6.923163869084406619e-01 1.620113536068677196e-01
6.336305452630833779e-01 1.185188080564737179e-01
6.783073439300608687e-01 1.647321127710811850e-01
6.165739001390732055e-01 1.820222252064233603e-01
6.356937469738266344e-01 1.419719135453202385e-01
6.365698188351148756e-01 1.907070544713197202e-01
6.113478974990415038e-01 1.280237208146704775e-01
6.374963283097330180e-01 1.973407156811876895e-01
6.202114478171496526e-01 1.721350441861317360e-01
6.706331193083590048e-01 1.274433072561408364e-01
6.908434555994436010e-01 1.758707965994364686e-01
6.666283536523778253e-01 1.302771775403417098e-01
6.206838826893852357e-01 1.576593423844500630e-01
6.818908456038289545e-01 1.677082642240243227e-01
6.882985999337949412e-01 1.928484209695575657e-01
6.762733236692857197e-01 1.706220341372242655e-01
6.699004379811870358e-01 1.716272354622500884e-01
6.611125629661172010e-01 1.941501994087672656e-01
6.149902245310046034e-01 1.807585234681901853e-01
6.181697914978323549e-01 1.859730899351405564e-01
6.494410078624929250e-01 1.867648117020890841e-01
6.440221391293756703e-01 1.456513391791154355e-01
6.874436207104800411e-01 1.407672661376078160e-01
6.260224018654839684e-01 1.127579901002145890e-01
6.892686725077113996e-01 1.161306792549192390e-01
6.152820045078676303e-01 1.422570471742477527e-01
6.845940223447006812e-01 1.295154569095726405e-01
6.892522888763780164e-01 1.881946444774203475e-01
6.945325553310618405e-01 1.527749532103899188e-01
6.116176708032876608e-01 1.567509746465699794e-01
6.378450385676152079e-01 1.995531112928041195e-01
6.882656167824988680e-01 1.280567759484781687e-01
6.524079529153408163e-01 1.456275444495409022e-01
6.963968551256950468e-01 1.663531144539248108e-01
6.863600858457311604e-01 1.810721382505852683e-01
6.446462635501519767e-01 1.749673850212857262e-01
6.072454493875178994e-01 1.375390766617568539e-01
6.222485630544630775e-01 1.401912246657465444e-01
6.924195581253991261e-01 1.973800119067425640e-01
6.008100373729516885e-01 1.707525986995186151e-01
6.185157658889289811e-01 1.162731881415203783e-01
6.155723995622357503e-01 1.256976804391386759e-01
6.699351630574359451e-01 1.113930440434380553e-01
6.380528377980260180e-01 1.985426294993540008e-01
6.358351897029846933e-01 1.988573926808725190e-01
6.488378615892723689e-01 1.145407753625781178e-01
6.740081626553938721e-01 1.663363827433583242e-01
6.590426216584098773e-01 1.893943934623187886e-01
6.230882306149049255e-01 1.645138705657277489e-01
6.961206474071570671e-01 1.853242037740856496e-01
6.550182565038860094e-01 1.290562386041232412e-01
6.262962113812202691e-01 1.168351908449304366e-01
6.520699931608748834e-01 1.110386249441323026e-01
6.711361725040323467e-01 1.341147267345681182e-01
6.887073347254729638e-01 1.442567583703328604e-01
6.445376933649312745e-01 1.464378875384508560e-01
6.179525786705084567e-01 1.816731106629107528e-01
6.433386214214865673e-01 1.964709606577006995e-01
6.196056519441190957e-01 1.930932473090692936e-01
6.787503046888117009e-01 1.207637029566141773e-01
6.170316986618641364e-01 1.215584860584047744e-01
6.172207210875592098e-01 1.000133419685228786e-01
6.341984181580011537e-01 1.681393902971155541e-01
6.834861445431424931e-01 1.394095004017864015e-01
6.185046603423680622e-01 1.695767188515168722e-01
6.249490917949599433e-01 1.790353542676293708e-01
6.017957879085759076e-01 1.928694090265895278e-01
6.659500338197248404e-01 1.323352403908691910e-01
6.797930060156331944e-01 1.631692041652288150e-01
6.190281325660696998e-01 1.473104269841420955e-01
6.714244531116004833e-01 1.520753496733881216e-01
6.433354015730352593e-01 1.638596683663498255e-01
6.879580353339795895e-01 1.693872287272702726e-01
6.739989267965408315e-01 1.659766041068472808e-01
6.149708670866365079e-01 1.545037541402764780e-01
6.218454047639861981e-01 1.906479235752407131e-01
6.663389993414294832e-01 1.035146605220283733e-01
6.343603719484710579e-01 1.838139814420398088e-01
6.654815432102044737e-01 1.330333925324740652e-01
6.124679855559794772e-01 1.944535626070561518e-01
6.759519990954262481e-01 1.636076254496280913e-01
6.952907855637933121e-01 1.633044213211101159e-01
6.638436821167511548e-01 1.915021612397812545e-01
6.153951986957199027e-01 1.769203358175638618e-01
6.923204687362143339e-01 1.338842463844394925e-01
6.386610606340451524e-01 1.443457312693715577e-01
6.682344558677313362e-01 1.850775150257176482e-01
6.781397160132757174e-01 1.632217987043096674e-01
6.320279286272264541e-01 1.891389027733048622e-01
6.181991189429130173e-01 1.599472886064051136e-01
6.976085339304038957e-01 1.977507575993660560e-01
6.817161483248934672e-01 1.616440326387729443e-01
6.803559049209746412e-01 1.401731337266453326e-01
6.641335162315084029e-01 1.721874208495765002e-01
6.631240811087977249e-01 1.828899549583658801e-01
6.687656158123133077e-01 1.953648613868987638e-01
6.331932654375994618e-01 1.076766348685526120e-01
6.950562223084904012e-01 1.395889555724708908e-01
6.930014590734935309e-01 1.697815100378008979e-01
6.890484383004747970e-01 1.613014989220194206e-01
6.800567413496612090e-01 1.969194912066752068e-01
6.954897562525516053e-01 1.267892281043180025e-01
6.093751468468813215e-01 1.214529445509488215e-01
6.877649716707561200e-01 1.300305609425265185e-01
6.160278531363375665e-01 1.428612674627982027e-01
6.954456067643149941e-01 1.057689861776524576e-01
6.348384121058014973e-01 1.612740750226429876e-01
6.295025546587180720e-01 1.699290279682613702e-01
6.375844665046249693e-01 1.629850984249017476e-01
6.209331204463545140e-01 1.626527390454335364e-01
6.070736588535246003e-01 1.488887491050487066e-01
6.026682495913998627e-01 1.604238217295909652e-01
6.901968839340523187e-01 1.813494560965361047e-01
6.109328263110884727e-01 1.045759244596438375e-01
6.222963674585184624e-01 1.329772536462126564e-01
6.398455234957007853e-01 1.635239212427140598e-01
6.111950551102443008e-01 1.596668599674715416e-01
6.420221338827890589e-01 1.905268030966013049e-01
6.294193964353896886e-01 1.947515716835553634e-01
6.833185862167419078e-01 1.972418028309480542e-01
6.935626208818660432e-01 1.431497348485608334e-01
6.723934167111621507e-01 1.129261581256186531e-01
6.389693758207301011e-01 1.562997781294472588e-01
6.778686437370812223e-01 1.246391226112109063e-01
6.192385531176601843e-01 1.695583685364341342e-01
6.881407947829839555e-01 1.346866315084039312e-01
6.185397718556988611e-01 1.326859119688293676e-01
6.045708191184971936e-01 1.120780593076229070e-01
6.253877888771783855e-01 1.618091199786291512e-01
6.091422377288547851e-01 1.434628496314087343e-01
6.168598295635911999e-01 1.829420182487014879e-01
6.914629270177876652e-01 1.906783901651911139e-01
6.515784196115571580e-01 1.977576160814759065e-01
6.575398953975717387e-01 1.433715851645902262e-01
6.470695304687386074e-01 1.546835332491377502e-01
6.686541920150825824e-01 1.796933557073034371e-01
6.812670981733087716e-01 1.241920701917064718e-01
6.320704410321130728e-01 1.823845726288120805e-01
6.667928541501860762e-01 1.672887449555910122e-01
6.145974748305500501e-01 1.237806497646493087e-01
6.204025736337350772e-01 1.021816735573483070e-01
6.660511963612679720e-01 1.963212859716907677e-01
6.616931613453003180e-01 1.123916695234302154e-01
6.122469789202319435e-01 1.501507456945358199e-01
6.788601637451446846e-01 1.857552441565664403e-01
6.568906437706633072e-01 1.840126460200373071e-01
6.739972591286956805e-01 1.975727730980734176e-01
6.187104302067484296e-01 1.420941839894266645e-01
6.157477418767102195e-01 1.279561630942075701e-01
6.176455593610633565e-01 1.954674281931023938e-01
6.096270914147575715e-01 1.281364818279245033e-01
6.751531588406832762e-01 1.250842989994901677e-01
6.980520789355575406e-01 1.969254225646512868e-01
6.842762267810237331e-01 1.409909017306119894e-01
6.212020110252133298e-01 1.264385816422681219e-01
6.130326087555576509e-01 1.229409639446634728e-01
6.128965176905005752e-01 1.555654589909050700e-01
6.512069796731737581e-01 1.061342125329862163e-01
6.450803631097347113e-01 1.966400929031540401e-01
6.590378197555550877e-01 1.649741974545354817e-01
6.973441045064171506e-01 1.671529285019970335e-01
6.530887866700210154e-01 1.797041198502095649e-01
6.388930126852652158e-01 1.890934894397217625e-01
6.086235711364913481e-01 1.994357250641004553e-01
6.615709453246662042e-01 1.430365259533399325e-01
6.669029173193498083e-01 1.488644958277344221e-01
6.887867523349400223e-01 1.780743183578177291e-01
6.605257354235194445e-01 1.820015932725098096e-01
6.492186739891419034e-01 1.954591535350654330e-01
6.359164742045555485e-01 1.698627612165199974e-01
6.854315102631024503e-01 1.043366367703802144e-01
6.962138253809421196e-01 1.706368737046449202e-01
6.419876967741029450e-01 1.401546138702345345e-01
6.899805332369057798e-01 1.385456429561250924e-01
6.337028263745956291e-01 1.128550583851849476e-01
6.893549859333922836e-01 1.535042521740712096e-01
6.807266914904147592e-01 1.538227172147616784e-01
6.008930919660172565e-01 1.979626109673424672e-01
6.799817653053049638e-01 1.232219461999119192e-01
6.446766757100760303e-01 1.151892111085933146e-01
6.527429295189115521e-01 1.019858130768338256e-01
6.107623056961019037e-01 1.397325202700131774e-01
6.067184520641164536e-01 1.107051881180710629e-01
6.543909065958631865e-01 1.912467908868960009e-01
6.156695026533227644e-01 1.559260123302890488e-01
6.505693587347809448e-01 1.072242326556591130e-01
6.020036263411738808e-01 1.575931042287454231e-01
6.689773017458278126e-01 1.727997091894775961e-01
6.359826534264203524e-01 1.348467202387018116e-01
6.137899925346576024e-01 1.126845668024602509e-01
6.426694517400040052e-01 1.641485431867153177e-01
6.780013099779773622e-01 1.292066519146256032e-01
6.476709162749952897e-01 1.667565162302083737e-01
6.453771350700360232e-01 1.470799806156079803e-01
6.514321732838770362e-01 1.864511685047549050e-01
6.645253750258153236e-01 1.413647429668559441e-01
6.177533810789477275e-01 1.117868802886882729e-01
6.029493530874632246e-01 1.084870377907421468e-01
6.701057926948701393e-01 1.717189871177733917e-01
6.590951717111179775e-01 1.681102585841442454e-01
6.179801120281105398e-01 1.504342612216323927e-01
6.395441301229579656e-01 1.566923456225958466e-01
6.873401676176318364e-01 1.774355961429021356e-01
6.023194808343682594e-01 1.615491708676959348e-01
6.808430314266206151e-01 1.108246241024875012e-01
6.424472053401634186e-01 1.437044585696508614e-01
6.717967120022435568e-01 1.230849496126243392e-01
6.562223927633621390e-01 1.354360750402984204e-01
6.818940134718798340e-01 1.100099720891106470e-01
6.161238528366218548e-01 1.506779636086053031e-01
6.158704851814703618e-01 1.441186254502020425e-01
6.937855140586626224e-01 1.248474967504245303e-01
6.904062448239274286e-01 1.797886613394844846e-01
6.941784052490512780e-01 1.259688702299274210e-01
6.760207475526730514e-01 1.007511868400065291e-01
6.747325726875645913e-01 1.523920889038017923e-01
6.903814555528798858e-01 1.812465295192844383e-01
6.863676448112078221e-01 1.100838158818066848e-01
6.643506240684137198e-01 1.295123245576997317e-01
6.763049624320859321e-01 1.530376869216253655e-01
6.335622182677614900e-01 1.019684516794326090e-01
6.954691843837610410e-01 1.710583804843056610e-01
6.903706576350990831e-01 1.590464687414610279e-01
6.153483803420859433e-01 1.037624144657656455e-01
6.049423059173940631e-01 1.591412455702919115e-01
6.597120457938439042e-01 1.727636666055570036e-01
6.201574348236610357e-01 1.708686930187965081e-01
6.751579449673469346e-01 1.832063284639902367e-01
6.546983972071092062e-01 1.100578416057295394e-01
6.972228632929257097e-01 1.751131217451701860e-01
6.959352496509073616e-01 1.444545947566732158e-01
6.570658564634718202e-01 1.814644242782267880e-01
6.309975134227561178e-01 1.519438492206094116e-01
6.983078934250260827e-01 1.181680148001360009e-01
6.214101462062163739e-01 1.105631078669149225e-01
6.218701947717638623e-01 1.576037789612046158e-01
6.540894351315421629e-01 1.249791422236193605e-01
6.582664901334862595e-01 1.483479988104705050e-01
6.395780107271745729e-01 1.760506769386253334e-01
6.790557290216301389e-01 1.859971055388088268e-01
6.456883328933085142e-01 1.892549557088893386e-01
6.148969954035766738e-01 1.336199483496297580e-01
6.161909319128234808e-01 1.453187323316877111e-01
6.698359727236784522e-01 1.318256036425625721e-01
6.192136880536159849e-01 1.543511971707567376e-01
6.164429297887271675e-01 1.375160083913769260e-01
6.037841559079162312e-01 1.502612767763880364e-01
6.741635083330380640e-01 1.792006337054329324e-01
6.924623847352745498e-01 1.680056420745071055e-01
6.606617128711931297e-01 1.841974633926097282e-01
6.207699232245807996e-01 1.711847530835800546e-01
6.547161010945757864e-01 1.926172547564230508e-01
6.717211211638676183e-01 1.009305933185821458e-01
6.837639885609384516e-01 1.390153373817618887e-01
6.751687588695584052e-01 1.434977881105837794e-01
6.090106101968222330e-01 1.363119864258764691e-01
6.782600338136403062e-01 1.526143131799096719e-01
6.600251857116610221e-01 1.520795695300855288e-01
6.201163045079687297e-01 1.540652157840602665e-01
6.838654968207273921e-01 1.743653179183150548e-01
6.809711970370185830e-01 1.853339575543748730e-01
6.701227933768585387e-01 1.528524571982085578e-01
6.702296205328212020e-01 1.094468106367726679e-01
6.671002899163503974e-01 1.370886817119842394e-01
6.197173016754503605e-01 1.396700795516835347e-01
6.437532079125262152e-01 1.510170118823738472e-01
6.544805405192701819e-01 1.866581569125393969e-01
6.572038106005332336e-01 1.418266509962335387e-01
6.240914363659656461e-01 1.291727259753888690e-01
6.678581280938287179e-01 1.843944254540365590e-01
6.873928597400040807e-01 1.799576702566887954e-01
6.449733316551305995e-01 1.702019192407988324e-01
6.024496374577760216e-01 1.871486702661802615e-01
6.849082378881768962e-01 1.091635862875674767e-01
6.111695340893202877e-01 1.284684200901843598e-01
6.171068211300202444e-01 1.792713382287315915e-01
6.063146062649891199e-01 1.290986330596857745e-01
6.368447925609733717e-01 1.933606970541035253e-01
6.936249267168330679e-01 1.013847119107918193e-01
6.156866661026254572e-01 1.640465645233711578e-01
6.711009015120532606e-01 1.731628818764127664e-01
6.671009669117844432e-01 1.523483321970220128e-01
6.843755146712240389e-01 1.659223997919300475e-01
6.429789412567868956e-01 1.511315599981988000e-01
6.445129860264338095e-01 1.625405051682607682e-01
6.984200373238378390e-01 1.585282491969925711e-01
6.490287869204852678e-01 1.116372385895384178e-01
6.073592978871181769e-01 1.193358816700076930e-01
6.297545211554734790e-01 1.085167478982594635e-01
6.891010533728770815e-01 1.034218015914968869e-01
6.855326476694227900e-01 1.153570068143201788e-01
6.628268018502105896e-01 1.474225338980398869e-01
6.977393653292510711e-01 1.120534584703616887e-01
6.965835341573781703e-01 1.280587583996394829e-01
6.612893138581072972e-01 1.996594123552994371e-01
6.799203684645859225e-01 1.717068443516345799e-01
6.859480932822151766e-01 1.165411557300888579e-01
6.601510283041432947e-01 1.439647917959057111e-01
6.440084302480713063e-01 1.850350658195822895e-01
6.263574002762566373e-01 1.603573332661857032e-01
6.057831794134660441e-01 1.234092994654389375e-01
6.939497603755243604e-01 1.885879488356585476e-01
6.939240163698513486e-01 1.402340924699845837e-01
6.388487977351704483e-01 1.755586119445369797e-01
6.871529748565133877e-01 1.598164973483820472e-01
6.984530855044555064e-01 1.297251501889771230e-01
6.580505106543590443e-01 1.020778944144250244e-01
6.972811815193077356e-01 1.963184170686874119e-01
6.203749601945446335e-01 1.450617796645517210e-01
6.688121890781326684e-01 1.932098329339241305e-01
6.159475424835904045e-01 1.897787869161854657e-01
6.325755049525139118e-01 1.692082152489745583e-01
6.196594914329667247e-01 1.343864315424048994e-01
6.841144214208395580e-01 1.071929752461377727e-01
6.970510316549248797e-01 1.308093349553825779e-01
6.029999229090478030e-01 1.580530821542600606e-01
6.873771045562258042e-01 1.745291861403522882e-01
6.937537343683705116e-01 1.762009621065963594e-01
6.019718905222706251e-01 1.522803919879946732e-01
6.515583528395326729e-01 1.964694977282873123e-01
6.217379322745520964e-01 1.541573484896876234e-01
6.316238595321483906e-01 1.845495623541809627e-01
6.219566874592257211e-01 1.325356217405450621e-01
6.818193715559465184e-01 1.512181837055701639e-01
6.862666506571268865e-01 1.444232570268843274e-01
6.828452214787082974e-01 1.402849055448759930e-01
6.958767677948323183e-01 1.374398939956542609e-01
6.598983101285961217e-01 1.115225188052377525e-01
6.829366117296326033e-01 1.059827710768130038e-01
6.971672852939186926e-01 1.853478657364937554e-01
6.608501762785978784e-01 1.411048832332123804e-01
6.382565548731127247e-01 1.355298645002677438e-01
6.909148348299675169e-01 1.320983853612999470e-01
6.060215207928163483e-01 1.717258553754276162e-01
6.276973781469201707e-01 1.130183084117119263e-01
6.095300128737123346e-01 1.114344705171421146e-01
6.093384453347726604e-01 1.661271715748317002e-01
6.763396168369666395e-01 1.952544569557901899e-01
6.384294023201987356e-01 1.627787911723722891e-01
6.675978097396778610e-01 1.648818823647465459e-01
6.539806736312920865e-01 1.694482877205787941e-01
6.249755662902400921e-01 1.614649948776731569e-01
6.295433640339772596e-01 1.853309025249205988e-01
6.188953647383009793e-01 1.263081796185864247e-01
6.735838127794078201e-01 1.285882338061400953e-01
6.782506064859210593e-01 1.115289007723724024e-01
6.888918521235406489e-01 1.757563138169602746e-01
6.707479584839985964e-01 1.302812238172793569e-01
6.588511824364043923e-01 1.921490043119775115e-01
6.094409180976749774e-01 1.087367475866005406e-01
6.416343503331691789e-01 1.929282989818950078e-01
6.171224834711397378e-01 1.242531817806040162e-01
6.555206611140030892e-01 1.749371764990189648e-01
6.877960033800266659e-01 1.746270587501655980e-01
6.815981057862032788e-01 1.651600797541256938e-01
6.857545594499261377e-01 1.588992823915428843e-01
6.875410953758732679e-01 1.290728096285360671e-01
6.691650378579181435e-01 1.458025620281956924e-01
6.237761548298086378e-01 1.242037203321945393e-01
6.372150782897059162e-01 1.628301459158064401e-01
6.948102387841141869e-01 1.981870731723065771e-01
6.640042737168052600e-01 1.509365032415122543e-01
6.796674462458530686e-01 1.711080975797950599e-01
6.376309741422918620e-01 1.940029585836392512e-01
6.698133598261469812e-01 1.948774087588284742e-01
6.844849781817311518e-01 1.218297229275848714e-01
6.963638301844496947e-01 1.086058107337346812e-01
6.995974169518636154e-01 1.675358941123533396e-01
6.736348277965141795e-01 1.093571142618039727e-01
6.981242380386929458e-01 1.921327836754813112e-01
6.311119259819927274e-01 1.237796061588124219e-01
6.873170610953602822e-01 1.468467582549812522e-01
6.178081974145238631e-01 1.829719827572046098e-01
6.559198792577901616e-01 1.076044492157416932e-01
6.024962090333835230e-01 1.308478060306995927e-01
6.970630333397421774e-01 1.721096943450190486e-01
6.608725212947288430e-01 1.353409226444909907e-01
6.202463736311396580e-01 1.452462907903226408e-01
6.880232701930418804e-01 1.033841495261809684e-01
6.794199205542926778e-01 1.964599528956596508e-01
6.455950137682436862e-01 1.370235296437622430e-01
6.834506090922833899e-01 1.983994501602743543e-01
6.899583516513798642e-01 1.842932872018182289e-01
6.072465431451804507e-01 1.355617139697707085e-01
6.470421003941110305e-01 1.815104436788967934e-01
6.698120531046279913e-01 1.445617425490330343e-01
6.006868519542493123e-01 1.524603793350057246e-01
6.057618264525370666e-01 1.224117220715737475e-01
6.120008559819561933e-01 1.600607125592372892e-01
6.394773023121526068e-01 1.534645506045927144e-01
6.475632477933935816e-01 1.751110131277847648e-01
6.145825279921373063e-01 1.725446575903744895e-01
6.250035526917636641e-01 1.626826029912744609e-01
6.432742038981209554e-01 1.758418572913243161e-01
6.239890510219953113e-01 1.239798056223648803e-01
6.069228013402256927e-01 1.119098086960253202e-01
6.936955035024096050e-01 1.073213739989999915e-01
6.929038687389984519e-01 1.153711385606762119e-01
6.424062719021571555e-01 1.324966101925566797e-01
6.195662733603192196e-01 1.466050827200478801e-01
6.608166717455036254e-01 1.897377958994639346e-01
6.742747143263004839e-01 1.064565544132435315e-01
6.829177126064801540e-01 1.555337112737623650e-01
6.771560499648731080e-01 1.395040654001988012e-01
6.561496486701067221e-01 1.190070647788639968e-01
6.398652905279568204e-01 1.703118118873200859e-01
6.473664469489239792e-01 1.816197512935665559e-01
6.717732799552179612e-01 1.558312735198370269e-01
6.451200941619846807e-01 1.651767110228065938e-01
6.710065083588017121e-01 1.491578589686946010e-01
6.515219223324074660e-01 1.072015270491906702e-01
6.003739661100426783e-01 1.752375986176801792e-01
6.364194027360154937e-01 1.606759724572684178e-01
6.609782894412288279e-01 1.550685925188974024e-01
6.939643763205090021e-01 1.692491143525517439e-01
6.126673607454509174e-01 1.968797694208552496e-01
6.561209519773292254e-01 1.067039892276221147e-01
6.541455286588423457e-01 1.998630336835137966e-01
6.536973574773111695e-01 1.761995709648502273e-01
6.525438839616559683e-01 1.321345699600197376e-01
6.827209777293818949e-01 1.557811869719581965e-01
6.241483909079175163e-01 1.534697993650380732e-01
6.420132084506955383e-01 1.871299056176641828e-01
6.776808945741655821e-01 1.872950775264980994e-01
6.506941045970107140e-01 1.933574213996978042e-01
6.671361846240463356e-01 1.899368899155623458e-01
6.183618939710366913e-01 1.591883880191179990e-01
6.758824895782179487e-01 1.038469483864183640e-01
6.369961188309691824e-01 1.194532211458245452e-01
6.589576393756741979e-01 1.916356095598459319e-01
6.344364728985362190e-01 1.987085830231374861e-01
6.120773696352115323e-01 1.259323475789323743e-01
6.811033444516420010e-01 1.708908553930846841e-01
6.122414772165358787e-01 1.307803072654450116e-01
6.139910853301612237e-01 1.125147165640424385e-01
6.781413706547716469e-01 1.920204150467310633e-01
6.236471198388120474e-01 1.864425370997978559e-01
6.591528631927444648e-01 1.721281862785942751e-01
6.067613251502754768e-01 1.699445216000208814e-01
6.882470229701583841e-01 1.764818762835055344e-01
6.089403607913314032e-01 1.559940915531094763e-01
6.312178114866925371e-01 1.477619507680746624e-01
6.035640015614789355e-01 1.002329181492643828e-01
6.879492187448079665e-01 1.414177534199551611e-01
6.522422962562482995e-01 1.291094662688039851e-01
6.206039749872735989e-01 1.496373988766518393e-01
6.251582249997424956e-01 1.318970779039889685e-01
6.333260451631186339e-01 1.395250673477071435e-01
6.064171479236216689e-01 1.361408209268089864e-01
6.886012067522121471e-01 1.480862338470225192e-01
6.313792345853733723e-01 1.420132078537184317e-01
6.059291496510919028e-01 1.392185536776128496e-01
6.184187039820320253e-01 1.859657358442979302e-01
6.507560507654666093e-01 1.369332922385115281e-01
6.169150887334297062e-01 1.424028384025748106e-01
6.017703363402208128e-01 1.045096355628092610e-01
6.005243327820992683e-01 1.274138827996697254e-01
6.283767718150191639e-01 1.332351577941975063e-01
6.602311832034531980e-01 1.891268305604790756e-01
6.709738393646857979e-01 1.001381207066028844e-01
6.169309742825226373e-01 1.497875196730501790e-01
6.591274677697772644e-01 1.374826630565713359e-01
6.177535943617942227e-01 1.170245588654313940e-01
6.833812150445812694e-01 1.100019561717485717e-01
6.428990898995943226e-01 1.431166325855156574e-01
6.511705438381782951e-01 1.692520731225448105e-01
6.200973453383605838e-01 1.870304442793482291e-01
6.311145006887781683e-01 1.384395385253265054e-01
6.824496042481466018e-01 1.016123752865084329e-01
6.581640160133740425e-01 1.013475777713353787e-01
6.635399817659590749e-01 1.831238893615254049e-01
6.497867694016065121e-01 1.080660857996245117e-01
6.067558374379238284e-01 1.449747794198047168e-01
6.579949337224016981e-01 1.918652916437729450e-01
6.735214678158170098e-01 1.111268951138019989e-01
6.347640245058195907e-01 1.448901638472591957e-01
6.092663944442215929e-01 1.735825784139195527e-01
6.712614055035417415e-01 1.102458966608160229e-01
6.338068329869092077e-01 1.783365838700542438e-01
6.967671608939020045e-01 1.489354907016326446e-01
6.647388070791496739e-01 1.322401867102800666e-01
6.729567724931337924e-01 1.971166884855634072e-01
6.052253946421780606e-01 1.499650170679957817e-01
6.423371318652199013e-01 1.116750604274545644e-01
6.769448453600916960e-01 1.003081459722267588e-01
6.217024168283390440e-01 1.547309245042401138e-01
6.196584652538550397e-01 1.072643983920328614e-01
6.249569757863752129e-01 1.968644930285842753e-01
6.439230352688163350e-01 1.091104438132648458e-01
6.441010366136900034e-01 1.963717423962334785e-01
6.647320171716556425e-01 1.595940853957336369e-01
6.540734482829155816e-01 1.832183150035708030e-01
6.418423855538911704e-01 1.267794919753589544e-01
6.314537797129864405e-01 1.487294800632566472e-01
6.076886361637861000e-01 1.723964984122031419e-01
6.905017827772599315e-01 1.418043054558671690e-01
6.792382488487480607e-01 1.879938653756013933e-01
6.568572024073388027e-01 1.030855130211297821e-01
6.434569885450915905e-01 1.501809409850060895e-01
6.844828059742880111e-01 1.063257908269054919e-01
6.521625395694627958e-01 1.982899805944500771e-01
6.233394310945348238e-01 1.395198995554645105e-01
6.038447088120396655e-01 1.826281287970304978e-01
6.321450975145624929e-01 1.958783530514287829e-01
6.835492323571924489e-01 1.907684919412682700e-01
6.889324356786825643e-01 1.605775071941321630e-01
6.481338855486277195e-01 1.129252541997201320e-01
6.002584855733509306e-01 1.320830966591686473e-01
6.011809697068375424e-01 1.224309217296332408e-01
6.359280625945028520e-01 1.756541476005268887e-01
6.688883009000397006e-01 1.034613436271077935e-01
6.739294600106814359e-01 1.637589976585387408e-01
6.867731202979094896e-01 1.294913100157335795e-01
6.361109164291925966e-01 1.654936228101765716e-01
6.401223601467141977e-01 1.984877945463071613e-01
6.651319600951197675e-01 1.086134896299870700e-01
6.638535867376468280e-01 1.185974132610893017e-01
6.310431127242661642e-01 1.773937585716545973e-01
6.220583964737826932e-01 1.635179145087427843e-01
6.657842324237090992e-01 1.031525848398943124e-01
6.994601131072751832e-01 1.234299371382399368e-01
6.663432940642419755e-01 1.255309372474291141e-01
6.587059714176822789e-01 1.161755404004247705e-01
6.044107858738768657e-01 1.679073933658834228e-01
6.947517115590661207e-01 1.312140684386867984e-01
6.684690185040839117e-01 1.700189513378255746e-01
6.116651747990038412e-01 1.634812876708559570e-01
6.515774203757507266e-01 1.220495607831491303e-01
6.745693661852669720e-01 1.524101369676715001e-01
6.446195045957654468e-01 1.850991730757739206e-01
6.478914872222421018e-01 1.289765045110907449e-01
6.579302525371272248e-01 1.103960373677691231e-01
6.991510848299370418e-01 1.737827595361721711e-01
6.078886244153907104e-01 1.446138167829850718e-01
6.697576374182064862e-01 1.289970725062550005e-01
6.943091974710867698e-01 1.607393908434529006e-01
6.196809125558049303e-01 1.287219489315792609e-01
6.755530036716532738e-01 1.623723978610330798e-01
6.924177244233260531e-01 1.155810955018982400e-01
6.205223121233053307e-01 1.611043215272651985e-01
6.065938920458533445e-01 1.692446806692002315e-01
6.296304484639230203e-01 1.319758241439155377e-01
6.657198808880593344e-01 1.204623559353050488e-01
6.002190920091012849e-01 1.727984407941881850e-01
6.288797796454353994e-01 1.092645214654148766e-01
6.190740505278600203e-01 1.619507419947214255e-01
6.966330850273082520e-01 1.752445551051446948e-01
6.075055549553622924e-01 1.020787811058311845e-01
6.258100176584550089e-01 1.726285612736610242e-01
6.138820988693705072e-01 1.330038158878915910e-01
6.050701496061569040e-01 1.420003600155501366e-01
6.727709764658501568e-01 1.813417175416509597e-01
6.014347656184605428e-01 1.162026702231820086e-01
6.189925879388497032e-01 1.906282881080991198e-01
6.800701536553650506e-01 1.559297512666895646e-01
6.937762283923637474e-01 1.618873499527006266e-01
6.073540455044266206e-01 1.183595686646170542e-01
6.923032233656915002e-01 1.015589839860293608e-01
6.041388564186109811e-01 1.830781565644856723e-01
6.889290795571644255e-01 1.624769132933280846e-01
6.894466899923109571e-01 1.445503989635848474e-01
6.204467660514025873e-01 1.280473291690927828e-01
6.299140115214658664e-01 1.281658028163363827e-01
6.464688251384010931e-01 1.816759298712815607e-01
6.408862290496677439e-01 1.678234070044677673e-01
6.682103403439875189e-01 1.663588770050813126e-01
6.605238669793114248e-01 1.017542351207193219e-01
6.275240310533806154e-01 1.927692784681346860e-01
6.009121733897301310e-01 1.700403069577639537e-01
6.111913087107970766e-01 1.998079074228130414e-01
6.985519696816184787e-01 1.377514727167523101e-01
6.474838494095391805e-01 1.163636620979381919e-01
6.296847971885747297e-01 1.254188437331215933e-01
6.008676401790385979e-01 1.481551298051818899e-01
6.312667575881737436e-01 1.415227009817472681e-01
6.981163295034462646e-01 1.359931989461208579e-01
6.198142235329365812e-01 1.114255122561242928e-01
6.945431144604483631e-01 1.720914497369259721e-01
6.268392377706146767e-01 1.662550988004735941e-01
6.499470232048154550e-01 1.045323040850372198e-01
6.637664110490851810e-01 1.578543654329429835e-01
6.579879033322677540e-01 1.754326994331283363e-01
6.338796373970846387e-01 1.974182346180319569e-01
6.324229800079068653e-01 1.680556066818197636e-01
6.061904853207604749e-01 1.967913930297118252e-01
6.395294168262427581e-01 1.100341078904644998e-01
6.713997358663307269e-01 1.811361750008048666e-01
6.996528502243125613e-01 1.479966154123842359e-01
6.902636369824594054e-01 1.202106371506490023e-01
6.945015085866790283e-01 1.361083224536083491e-01
6.197812141037493117e-01 1.489428221829404153e-01
6.710856440413114354e-01 1.021492370766798885e-01
6.939780217681604801e-01 1.648894881965861925e-01
6.588343779947495316e-01 1.810036116266790507e-01
6.384138053581245309e-01 1.595281439503310750e-01
6.834547908625118184e-01 1.666407056480465887e-01
6.908082279772689294e-01 1.606645141362931239e-01
6.028048633455689309e-01 1.326764021661119564e-01
6.458236059041636556e-01 1.039806708487992504e-01
6.085050743824477193e-01 1.125504295825875412e-01
6.286039207578866250e-01 1.637580227087595264e-01
6.084185598335151157e-01 1.467558961945929774e-01
6.369000300500362588e-01 1.656705865418820478e-01
6.037407190094060683e-01 1.384957763723643487e-01
6.451526370488642748e-01 1.869667872084440075e-01
6.937617434874311373e-01 1.989767554026671548e-01
6.233014512302315069e-01 1.139007233702215016e-01
6.161096530353813439e-01 1.774766384926170781e-01
6.378937674204107067e-01 1.362347451303872747e-01
6.105247186272677595e-01 1.721346656504690042e-01
6.953643478152886637e-01 1.189449230182026418e-01
6.899363405439268293e-01 1.397487548749822006e-01
6.687050031872635580e-01 1.448841823180746502e-01
6.403258176734887286e-01 1.867269603889227803e-01
6.277209192563253382e-01 1.489604450315854811e-01
6.699624661660951164e-01 1.606078955030345312e-01
6.963657419374350566e-01 1.923011228547860663e-01
6.900639438534519332e-01 1.988663049397336735e-01
6.558880479229733940e-01 1.044772310128335990e-01
6.839245410601043629e-01 1.086485259415462534e-01
6.682406352238906555e-01 1.628096706249330394e-01
6.542138217933326505e-01 1.806458660520243453e-01
6.756332128579178864e-01 1.061169228968125988e-01
6.222300008530521342e-01 1.398604810709466184e-01
6.272430164249356288e-01 1.003300518982532807e-01
6.476402601473805198e-01 1.965375764742465226e-01
6.104035424365579221e-01 1.275479841094379341e-01
6.259019245243907514e-01 1.092972720090953642e-01
6.038191018433073376e-01 1.953933574086990643e-01
6.236342466252356997e-01 1.133587807949576198e-01
6.145963812823929118e-01 1.608881255667836963e-01
6.684859641497674643e-01 1.821967831532730064e-01
6.696634490224865344e-01 1.885793164075475481e-01
6.452992735349130093e-01 1.825347812968099448e-01
6.614132528919306475e-01 1.214375189591557214e-01
6.022846203401548415e-01 1.433386587586265859e-01
6.844147785859681088e-01 1.530258152840400232e-01
6.169402986675860401e-01 1.829598038858211151e-01
6.020848681948843817e-01 1.627684238752670487e-01
6.215122500544590922e-01 1.020286409956666918e-01
6.888873338996213125e-01 1.124639976705420485e-01
6.455593972433946170e-01 1.970301156275355570e-01
6.960077104694227801e-01 1.692870748294834637e-01
6.965436882920617023e-01 1.454373900311212442e-01
6.731228320601682080e-01 1.697144617238749986e-01
6.043145718791915755e-01 1.192357926132641410e-01
6.435365886844268690e-01 1.974168812386622451e-01
6.195098660208941954e-01 1.783628067434878117e-01
6.845046882725458470e-01 1.064596341022767678e-01
6.301941571525543351e-01 1.678257716170894476e-01
6.998820170796203888e-01 1.756748148615209781e-01
6.958121313138527775e-01 1.244347742684550062e-01
6.186565185075221240e-01 1.423275851147463300e-01
6.089836323436501608e-01 1.499401900985394276e-01
6.041068608160143905e-01 1.407019662491222900e-01
6.676366529780831671e-01 1.456743610775402820e-01
6.172127178475400600e-01 1.727008390168212337e-01
6.856082865017329997e-01 1.522971849867661709e-01
6.390880164493026871e-01 1.469513873980618779e-01
6.578851214282864790e-01 1.987697388913208241e-01
6.132350638129008269e-01 1.335090367152228230e-01
6.016335925171307775e-01 1.253155615924102240e-01
6.701131033894678346e-01 1.194712931163471326e-01
6.255556610285983865e-01 1.864141337915010133e-01
6.639797492407408797e-01 1.270124742196531986e-01
6.277436083252523336e-01 1.169572134914331762e-01
6.016142902755093891e-01 1.640539819246062125e-01
6.770078027966522916e-01 1.392124104697267661e-01
6.418380634808131813e-01 1.627919292844224042e-01
6.857537524295332920e-01 1.591614944093829032e-01
6.085951994738219017e-01 1.682543943117701668e-01
6.104683193966929933e-01 1.388436995582221223e-01
6.768704663075479910e-01 1.413210227228160198e-01
6.651229682572942226e-01 1.923026304360595795e-01
6.617747051968004834e-01 1.604771793116200052e-01
6.762449361626913236e-01 1.779415068727042137e-01
6.811402697395472217e-01 1.861072299016324205e-01
6.313439956847022305e-01 1.417229723510882444e-01
6.173422133047257176e-01 1.523564397227705203e-01
6.692962289066688442e-01 1.793369138941509622e-01
6.140851073235061852e-01 1.933937489357070716e-01
6.472013026303913286e-01 1.680708124999475139e-01
6.951161473612661457e-01 1.291550516228160694e-01
6.838507549817171016e-01 1.034169709246759716e-01
6.162851042380199651e-01 1.709187780806115109e-01
6.298096719007816313e-01 1.462720426059120615e-01
6.480105590794333903e-01 1.191319923457371532e-01
6.099736009557524818e-01 1.556057515415070203e-01
6.104526788743832588e-01 1.945959188449918331e-01
6.651374504202628435e-01 1.914943298122785409e-01
6.095964787163726806e-01 1.611439692889294339e-01
6.228775797121204327e-01 1.749723775293038908e-01
6.998653062953700266e-01 1.931920619606854184e-01
6.653598687351746088e-01 1.645122820129212016e-01
6.184316291916313046e-01 1.117379250784121814e-01
6.199255035266023617e-01 1.204878361875480475e-01
6.790437839961701583e-01 1.568099578156443019e-01
6.498499827857164846e-01 1.509975281486081455e-01
6.788637064292656342e-01 1.551498410267881656e-01
6.945904585112578911e-01 1.162314949020973320e-01
6.560850481395643641e-01 1.263816023375945452e-01
6.195314942813110459e-01 1.218027010417002953e-01
6.945455846472483596e-01 1.603927199192979602e-01
6.875156231717576283e-01 1.793964346028434909e-01
6.940385544451622701e-01 1.703216669186929932e-01
6.762544390724116727e-01 1.811998735330666577e-01
6.197294641306718699e-01 1.326941578892036344e-01
6.991462014097605815e-01 1.478761484149112015e-01
6.478970079988375375e-01 1.523621720957377412e-01
6.581518156540624442e-01 1.999898199547751054e-01
6.724687630036292330e-01 1.887301071666500352e-01
6.959162223410806369e-01 1.748726311815664292e-01
6.591288515810772575e-01 1.982481506762029388e-01
6.193672461491463999e-01 1.421747563045983875e-01
6.245704790499883030e-01 1.599496171481138151e-01
6.544280564737245953e-01 1.084818848659711565e-01
6.430841403096270170e-01 1.528892014164117963e-01
6.508511693069864990e-01 1.635447635629434238e-01
6.916355297100784671e-01 1.024314648798218541e-01
6.106236466455858825e-01 1.279120722232758856e-01
6.784471747731926072e-01 1.907633870787389940e-01
6.226078663041358929e-01 1.008588110887207456e-01
6.948080169429705633e-01 1.617341168752968461e-01
6.000098290721882499e-01 1.247986150560373431e-01
6.978816896993333962e-01 1.813108662956959827e-01
6.813455648703108380e-01 1.786557307471326739e-01
6.529416083894609146e-01 1.191307488671710657e-01
6.440624538378697528e-01 1.306478783106340691e-01
6.332636570330734127e-01 1.984994530372535815e-01
6.639137903912591954e-01 1.782102766288433116e-01
6.320794479386984133e-01 1.338487313879185847e-01
6.333703133557661014e-01 1.460110435903603510e-01
6.457585613112172274e-01 1.761718193203900273e-01
6.619924981627838267e-01 1.468322099418038762e-01
6.508870889250838454e-01 1.128333204965041303e-01
6.300412362513002629e-01 1.526407485262523400e-01
6.159584979875053490e-01 1.729074076676474503e-01
6.012068196153456112e-01 1.395948224151255801e-01
6.933419989204626654e-01 1.167857472941652985e-01
6.689322131564159335e-01 1.795554839347887066e-01
6.567065350249964295e-01 1.368496304935847008e-01
6.379799050784770165e-01 1.587975434617960035e-01
6.033547931910557827e-01 1.358867592674088409e-01
6.305850923288331966e-01 1.653049625005136580e-01
6.771205152556724061e-01 1.797568846140066290e-01
6.322851947165682995e-01 1.708999003898731273e-01
6.693319739693543990e-01 1.390636456710467039e-01
6.916767843886817424e-01 1.805815999303356789e-01
6.205541415685648099e-01 1.050483187432175447e-01
6.859164967779688427e-01 1.306189151491731482e-01
6.561438845324129021e-01 1.839616779371978650e-01
6.030230241390474033e-01 1.821877418812762328e-01
6.432889692461514208e-01 1.747289521387986322e-01
6.510110749249431450e-01 1.000000597612461517e-01
6.688420647576032163e-01 1.275155564201143066e-01
6.836695310975583473e-01 1.285911921114513412e-01
6.249848396002941620e-01 1.458479037067974271e-01
6.972712345495062358e-01 1.344452664833186428e-01
6.008941320759471072e-01 1.513053296704368056e-01
6.549244520684210924e-01 1.507287785862463370e-01
6.639006240500476830e-01 1.005189673176179743e-01
6.447304269277415179e-01 1.122218789625389346e-01
6.136554022545004372e-01 1.161620240030242501e-01
6.567029923944549541e-01 1.359937051839708588e-01
6.366433637958098801e-01 1.874792026086037899e-01
6.574079662603741214e-01 1.843293530255369628e-01
6.035468327914557118e-01 1.160729993763332246e-01
6.919203080297164909e-01 1.195481250465885992e-01
6.028703943526729780e-01 1.792131226363066765e-01
6.728808575234748179e-01 1.732838363462458064e-01
6.576204355392001322e-01 1.384418044703735751e-01
6.930378488986540519e-01 1.593117618433238514e-01
6.866688823147151233e-01 1.795543681075021936e-01
6.013165847515588025e-01 1.020973333338627276e-01
6.669747109325289136e-01 1.176385342871882622e-01
6.159406902204761503e-01 1.662898539478062931e-01
6.820519254444896706e-01 1.918607942946490286e-01
6.476401647550803498e-01 1.400890632360611565e-01
6.556799335880202362e-01 1.159979187774336507e-01
6.381471502445921207e-01 1.027246419530433719e-01
6.009566737865139618e-01 1.602386601797806120e-01
6.242646532686004779e-01 1.632072566419363324e-01
6.717958247617784595e-01 1.615136201564250917e-01
6.162151407805545045e-01 1.601256152728906534e-01
6.711172771594930975e-01 1.927324316273368587e-01
6.816005954122933419e-01 1.695614084587113435e-01
6.902773896182076152e-01 1.692111524694214220e-01
6.885425800664718432e-01 1.201858505008734646e-01
6.867294064528094433e-01 1.806978558714564809e-01
6.371421341451416476e-01 1.281305589441388837e-01
6.449009108028829207e-01 1.801632624193385546e-01
6.412081878195683426e-01 1.332552164477579237e-01
6.680992882959204682e-01 1.307063387285752887e-01
6.336151068069284520e-01 1.263526162648768159e-01
6.185695898283792848e-01 1.643614462695764944e-01
6.141527660190110316e-01 1.269344334060084345e-01
6.090617959248925128e-01 1.078217808523035948e-01
6.604666274068153875e-01 1.792615983637922406e-01
6.788295897956951874e-01 1.538276051008019008e-01
6.672010406229541557e-01 1.301681439609447821e-01
6.632643530061537174e-01 1.499128098733858716e-01
6.823963157381991440e-01 1.099562588445974209e-01
6.037047875513380513e-01 1.455126999316846692e-01
6.025723499637408720e-01 1.384588219606459336e-01
6.961279621662290751e-01 1.323857689422431594e-01
6.424910294043747472e-01 1.403579313072229329e-01
6.472459526935617768e-01 1.073595993493254852e-01
6.966309401346851837e-01 1.186658450414001531e-01
6.325691403823027192e-01 1.287506029016120268e-01
6.346347435975344675e-01 1.420872545710849533e-01
6.229101357699109442e-01 1.386577046396778867e-01
6.539687878916023989e-01 1.327333542978746950e-01
6.880275307992907985e-01 1.724629193143661920e-01
6.013291047751422314e-01 1.827746787852723154e-01
6.646810616756754220e-01 1.865494201644700423e-01
6.717590001820330503e-01 1.491188862395830816e-01
6.184254397780510892e-01 1.478905473046776553e-01
6.952493231042722321e-01 1.951359344498111437e-01
6.907385512733413835e-01 1.176173585508428487e-01
6.090284855643242068e-01 1.859333557088098665e-01
6.667036305572500154e-01 1.512078758588276117e-01
6.531214234318757361e-01 1.630782212719856794e-01
6.829916205810522278e-01 1.669575009423858170e-01
6.323560811273618576e-01 1.326047273063443166e-01
6.786825827464993965e-01 1.755765999416206702e-01
6.830142160699843590e-01 1.262408001454603801e-01
6.799569440950344879e-01 1.308387660621166682e-01
6.307688162703291024e-01 1.225866884383971789e-01
6.440550546220168426e-01 1.794574128563857784e-01
6.986158895257381651e-01 1.304593199973151374e-01
6.187222443588051846e-01 1.936599316091379974e-01
6.132614299173418937e-01 1.410730374207325166e-01
6.387401531156992052e-01 1.009409019642262262e-01
6.621434656206814928e-01 1.442843746078229239e-01
6.074724497882173502e-01 1.448984447079428028e-01
6.011766015700442667e-01 1.648951128256009313e-01
6.067139377878693063e-01 1.856305308794181097e-01
6.464794228712837931e-01 1.156944989147366820e-01
6.898986391807430119e-01 1.191502337354700680e-01
6.251151420525095093e-01 1.174689835231483293e-01
6.279457708831501783e-01 1.367168314280116370e-01
6.452565023629518448e-01 1.591558516529589795e-01
6.674555458408817366e-01 1.739943140739813043e-01
6.846900071450011671e-01 1.272401072115584286e-01
6.920938005602678134e-01 1.027239794156647179e-01
6.256437469793509898e-01 1.817350892800812523e-01
6.241815873165322825e-01 1.961775761588512856e-01
6.593730918687211728e-01 1.169227099908242418e-01
6.145655593359193869e-01 1.053125596435057210e-01
6.855769812580935207e-01 1.291799268212857899e-01
6.825024319406596263e-01 1.779466059539422940e-01
6.185045217181741606e-01 1.006008235715723786e-01
6.660487900381198978e-01 1.840705800868698006e-01
6.700943036383918416e-01 1.580803837813872237e-01
6.172084047481308788e-01 1.399550298887703437e-01
6.205417732141338405e-01 1.678233792775804256e-01
6.405062865226670565e-01 1.347203054474688799e-01
6.737204823976907786e-01 1.702138009574842292e-01
6.420999037522502340e-01 1.530109317518329182e-01
6.447433396237338687e-01 1.679549312952894613e-01
6.037681012694644522e-01 1.287425404496048975e-01
6.555492671274018024e-01 1.671749246768075292e-01
6.689322060473545939e-01 1.930137358924775004e-01
6.094530149139847364e-01 1.992803866463257190e-01
6.124443892685520474e-01 1.413357853045278112e-01
6.729030564050639818e-01 1.346853134327601897e-01
6.047919465848293763e-01 1.123178256621371607e-01
6.996031183581344903e-01 1.499735156080344023e-01
6.588173074528016482e-01 1.704975031335582702e-01
6.067497879065634203e-01 1.968406901339181947e-01
6.653369002906183161e-01 1.334542266535541644e-01
6.116644846052863294e-01 1.053764711945255061e-01
6.922017554764882119e-01 1.706122679677871123e-01
6.533266167148062964e-01 1.360141229688641429e-01
6.212551397368998307e-01 1.840079717225097944e-01
6.625775851683722850e-01 1.092481456680167162e-01
6.653021627253238313e-01 1.389140447285551194e-01
6.517199426518136551e-01 1.013508011816574572e-01
6.224414527241879380e-01 1.303598722023479872e-01
6.717989834458401033e-01 1.015300161846385829e-01
6.768488038690257946e-01 1.093971130121324520e-01
6.528714647781594937e-01 1.021443460246600210e-01
6.401303189074946109e-01 1.850438997131654828e-01
6.817132309826486880e-01 1.786537356766354501e-01
6.726668036489854563e-01 1.307603975387407191e-01
6.287190633624828440e-01 1.354094217117589316e-01
6.628393784725754578e-01 1.080991147864156232e-01
6.685651080842098803e-01 1.236478529123350711e-01
6.369561401317740401e-01 1.770439818956339728e-01
6.198867847880820126e-01 1.525571967633331805e-01
6.414458111903089677e-01 1.622408200624807229e-01
6.957572658506558927e-01 1.331859991082010031e-01
6.567949050494215069e-01 1.525142750174621753e-01
6.061256960820847750e-01 1.783260286762126667e-01
6.222075545257348406e-01 1.484932608605131488e-01
6.951286519971563438e-01 1.109648369407801316e-01
6.300944116451013821e-01 1.726153712932861906e-01
6.202662745371914088e-01 1.229210481820641188e-01
6.488481586515735255e-01 1.331078458604850190e-01
6.110811481165512316e-01 1.919276445223815908e-01
6.947592072111158368e-01 1.196496437169680682e-01
6.623207412428853136e-01 1.053773843482163908e-01
6.314514964768302985e-01 1.667859922182717836e-01
6.025929612784238776e-01 1.956193011630735779e-01
6.397644597902428787e-01 1.996812100240712429e-01
6.615545364486159485e-01 1.907150538126354267e-01
6.837071752588580464e-01 1.937815714091465635e-01
6.123684217267799657e-01 1.538836591112612007e-01
6.153765325788981277e-01 1.642341515399545204e-01
6.080873062916422045e-01 1.371469442492678215e-01
6.716571614126615186e-01 1.532114120294415516e-01
6.942539176873715467e-01 1.674182585720923044e-01
6.462348780939507487e-01 1.895644906871601643e-01
6.848508663568202426e-01 1.686006198941886192e-01
6.651807427522482552e-01 1.749438174761345499e-01
6.358766453291986309e-01 1.561352485844658688e-01
6.572519835640886487e-01 1.161271271001617367e-01
6.973031975113398451e-01 1.055423432083014978e-01
6.897857267821349003e-01 1.189911650843225310e-01
6.810181362085654388e-01 1.374802418974704066e-01
6.108200078958857526e-01 1.858734690339423345e-01
6.387910112471014701e-01 1.416800048350804475e-01
6.807563241380183428e-01 1.641025543616753957e-01
6.687761774954154026e-01 1.534339146660208819e-01
6.836092114588839808e-01 1.732464232022795092e-01
6.247784849603008617e-01 1.459945503919612697e-01
6.836267775984954387e-01 1.128046383792377649e-01
6.835275260505356831e-01 1.229442602393189254e-01
6.950689833611484181e-01 1.530308317996550982e-01
6.452439818038004926e-01 1.239205847840644525e-01
6.955599321449752459e-01 1.968643755264972706e-01
6.707176049854954858e-01 1.293487507032800021e-01
6.163199900438904866e-01 1.072535803245995012e-01
6.890995878977845823e-01 1.724258317192128853e-01
6.920550908591699413e-01 1.899280397487589644e-01
6.445039260327668496e-01 1.190678144059314769e-01
6.722914135016708759e-01 1.737894221630251756e-01
6.739220374503994693e-01 1.575619909300562671e-01
6.918398565928951527e-01 1.842356977543060104e-01
6.812785191179547839e-01 1.478329732825039711e-01
6.799394409385667304e-01 1.909030005292434162e-01
6.930789125433833853e-01 1.814618933494444863e-01
6.688903620026255270e-01 1.691558012253213672e-01
6.701037623403828247e-01 1.455127137307403729e-01
6.596516180258773510e-01 1.206078260941564062e-01
6.456647430146631450e-01 1.309001896218591476e-01
6.539093915953987368e-01 1.566535807281674852e-01
6.734768933846786432e-01 1.344257059088573292e-01
6.028244616262187217e-01 1.870828152659366195e-01
6.942987045272596136e-01 1.884397614294880396e-01
6.126861131961421902e-01 1.847151997227106379e-01
6.204225868213699702e-01 1.712666085504981339e-01
6.302628812530455260e-01 1.452250159764099657e-01
6.560129985300922062e-01 1.478915427439886354e-01
6.444840299661628302e-01 1.679938005251837008e-01
6.831351488895781587e-01 1.269690983312849464e-01
6.691349123469659821e-01 1.016056381066983427e-01
6.518003156984973900e-01 1.521732468801841875e-01
6.892252653612854774e-01 1.303463078545370468e-01
6.138086425739839314e-01 1.730223953900553724e-01
6.580844304553774560e-01 1.567475991125684975e-01
6.052061688891647862e-01 1.191740412306462604e-01
6.845389345251535751e-01 1.911077356947986639e-01
6.920357272839555707e-01 1.106134259457404456e-01
6.142770699019127756e-01 1.022826126301546457e-01
6.474727134189256494e-01 1.155897125668020609e-01
6.448956483298330378e-01 1.289679044941166308e-01
6.647514298495235119e-01 1.385658876691362174e-01
6.837534981331989670e-01 1.697483891351866392e-01
6.541276121418797551e-01 1.579718962810871263e-01
6.355390169247489007e-01 1.449144337573571306e-01
6.387481626869015994e-01 1.152856721810824603e-01
6.651765643367346659e-01 1.048221273514318153e-01
6.888642675401207560e-01 1.353772227143731355e-01
6.945364228794346229e-01 1.948074860739145431e-01
6.336316436049618250e-01 1.838989725460274949e-01
6.367126293739612253e-01 1.690216054132852586e-01
6.361559929634382771e-01 1.929923457918010787e-01
6.003009846733167176e-01 1.292839028769733889e-01
6.167939812814993150e-01 1.593678287904815027e-01
6.693527230832646557e-01 1.695019944181344607e-01
6.953610495407800407e-01 1.385891805444129099e-01
6.400936989740845240e-01 1.547297854588857158e-01
6.224346959314029926e-01 1.679254561306529336e-01
6.457949070381379109e-01 1.714878385540605787e-01
6.763445737478720465e-01 1.619142218447026105e-01
6.164307949984806356e-01 1.779893716757202093e-01
6.486308909173673642e-01 1.458478492824720474e-01
6.620930821105489583e-01 1.824708088382559767e-01
6.367072225849207401e-01 1.494224567233439216e-01
6.886824556116503127e-01 1.178950481880503554e-01
6.081158689996052358e-01 1.691137526036006200e-01
6.110425813841088294e-01 1.862428959634467307e-01
6.169936993749174370e-01 1.083657551457452017e-01
6.025815559998097815e-01 1.245192430354497282e-01
6.123999680016953828e-01 1.432173375321327824e-01
6.641892486962304165e-01 1.892640923214334026e-01
6.022492151103496782e-01 1.077663822141685934e-01
6.671878637252529609e-01 1.182648160166226703e-01
6.500302154150443545e-01 1.742658330539681444e-01
6.915961828326467886e-01 1.703450140281704273e-01
6.470157109333037893e-01 1.109842683666098229e-01
6.844413280241410380e-01 1.216598352420393547e-01
6.330623651396067864e-01 1.465493826991707549e-01
6.467662277296156725e-01 1.710331099844870084e-01
6.456272728091544399e-01 1.542817965489136356e-01
6.085092955077111565e-01 1.017458065704006098e-01
6.188182308744025750e-01 1.363858773006736691e-01
6.726063457642641463e-01 1.382095837755943357e-01
6.143158061743196896e-01 1.061723834607431471e-01
6.170236544971641202e-01 1.674805159103425478e-01
6.235874444046669574e-01 1.693941240699070039e-01
6.949390754018027749e-01 1.643319626695184110e-01
6.950414791636583267e-01 1.155829168941631679e-01
6.124964292746992722e-01 1.243352567838222900e-01
6.244881109745658021e-01 1.695235004481992491e-01
6.739261017378521679e-01 1.456186811745717180e-01
6.907432525497169129e-01 1.931504334518210075e-01
6.207689123461237468e-01 1.590654511908224655e-01
6.672004253143285490e-01 1.069935745431029595e-01
6.667377644860510433e-01 1.669309952695186006e-01
6.564476260745363279e-01 1.417372784378398420e-01
6.378415240487514959e-01 1.562982586146714759e-01
6.271593135930880747e-01 1.472190308448717844e-01
6.892524539359445868e-01 1.069188557424485819e-01
6.676322837494053086e-01 1.179265987557405471e-01
6.895072763150039696e-01 1.773878917046604609e-01
6.592376620588976666e-01 1.105921802338622195e-01
6.442146156450955230e-01 1.083536737240662073e-01
6.805618505402528662e-01 1.906231405576209181e-01
6.984506046493813569e-01 1.427735557750939022e-01
6.942146199585509381e-01 1.503738391322994306e-01
6.362464329028501009e-01 1.490157851960294266e-01
6.101496142185854898e-01 1.799597358199726271e-01
6.437404416746601576e-01 1.984775213077886180e-01
6.017574813193464767e-01 1.925165786947208302e-01
6.285133724985410009e-01 1.549677704998464189e-01
6.502167597861356896e-01 1.866592281007609100e-01
6.933784167183878466e-01 1.363260101347099074e-01
