6.245714506887204420e-01 2.888839612324242689e-01
6.412941561452309980e-01 2.797752324371109989e-01
6.980615117254903579e-01 2.042779291079429849e-01
6.310325678985091447e-01 2.792508985662268128e-01
6.105529771938129624e-01 2.336517348631644841e-01
6.753537958511990347e-01 2.870618270313156639e-01
6.726853833856055731e-01 2.610709219934551628e-01
6.265988231638176531e-01 2.627315586678298232e-01
6.779431867195196970e-01 2.476998310636922551e-01
6.897666151639368914e-01 2.102375164294230936e-01
6.181814022506590955e-01 2.360389871964347908e-01
6.239711954167944663e-01 2.915293864429184811e-01
6.538506840617914762e-01 2.296780690252844814e-01
6.839289624734737894e-01 2.281867544925859637e-01
6.145613976734910500e-01 2.279380109782654373e-01
6.573363089254667946e-01 2.139914418122516870e-01
6.185827394150389402e-01 2.538697961716436247e-01
6.628645343407807422e-01 2.579451828139747160e-01
6.922335967513577604e-01 2.693849972521281111e-01
6.964983398132742476e-01 2.629809665706458466e-01
6.802256813006039016e-01 2.587625011556576871e-01
6.206407680953955897e-01 2.673512123600970125e-01
6.180728430363732206e-01 2.418075125612982601e-01
6.749903367966467727e-01 2.205223727002148804e-01
6.657087931678635773e-01 2.858419272455978710e-01
6.178855266501547261e-01 2.288431203151815030e-01
6.875143373502466959e-01 2.956492737294643680e-01
6.642955248310153937e-01 2.478428804193439916e-01
6.287810334417867075e-01 2.434527823172122352e-01
6.753303784501299978e-01 2.080263866128380101e-01
6.269752457274142543e-01 2.587467068216787736e-01
6.427896707040204882e-01 2.841263527049992521e-01
6.904190717143789957e-01 2.517576236613802698e-01
6.802069721285882720e-01 2.080980109612493301e-01
6.249226200148637611e-01 2.811336559435200777e-01
6.919673778754377169e-01 2.282607668724743744e-01
6.164501623995587432e-01 2.700954653511457026e-01
6.445903294056802846e-01 2.802687212033991293e-01
6.728621287792260208e-01 2.089499587788236634e-01
6.847990647657639096e-01 2.016838049900815943e-01
6.058944980333267338e-01 2.899972353029673933e-01
6.716188372504435788e-01 2.329669670326167119e-01
6.099931365797516269e-01 2.316233550713283074e-01
6.566428038476810336e-01 2.029508860813801219e-01
6.698611348962077994e-01 2.035507800764663755e-01
6.007864042060802046e-01 2.442347694758944532e-01
6.937950088455591136e-01 2.659405770100123356e-01
6.832649757086366460e-01 2.757934222232317767e-01
6.998139595416015268e-01 2.045917970439022071e-01
6.241209653537711510e-01 2.171914399757868819e-01
6.214650686557889880e-01 2.104746881111395629e-01
6.386216220091578410e-01 2.234427245769507464e-01
6.480530002116268173e-01 2.305270127434669858e-01
6.214580266462804703e-01 2.417385030469726970e-01
6.625536594882729391e-01 2.665503001301422481e-01
6.699693030184460385e-01 2.892796548217072550e-01
6.709795748115866543e-01 2.371687252515575495e-01
6.092324711137796500e-01 2.545164247254327328e-01
6.519045264919931526e-01 2.220001798720311337e-01
6.775298476402120684e-01 2.456840895078583609e-01
6.505730784048477933e-01 2.268889052568552889e-01
6.043644550662584658e-01 2.532567892990144065e-01
6.505415148593063357e-01 2.357849597854783652e-01
6.291479166935470824e-01 2.848520161245525761e-01
6.103976995992430599e-01 2.448543396316711640e-01
6.044785864042026002e-01 2.045449216075451715e-01
6.275108004188166833e-01 2.799030328459322092e-01
6.583418477824627413e-01 2.726587010987682747e-01
6.306523015689465828e-01 2.577468896890349193e-01
6.460298919325312417e-01 2.673881237505774666e-01
6.347430370587168191e-01 2.840347342052024771e-01
6.232765516317211318e-01 2.170328405520354775e-01
6.713097813800413816e-01 2.354054226496482272e-01
6.837067409781645289e-01 2.608274002830969218e-01
6.285482056397500017e-01 2.127683023151673569e-01
6.231563336291220390e-01 2.942956255129683396e-01
6.718075189355234844e-01 2.800878080053342822e-01
6.267978666086230222e-01 2.841587007489866368e-01
6.918709739518514867e-01 2.914927194410046885e-01
6.426238616455041130e-01 2.294583091547167664e-01
6.355240211150172680e-01 2.829764650059972131e-01
6.720002604708921190e-01 2.512593899397599362e-01
6.413984591015597925e-01 2.134387146181724593e-01
6.547190351766426497e-01 2.735738455893262366e-01
6.785468589600094358e-01 2.765509781846161030e-01
6.724636052571220102e-01 2.065198957829644522e-01
6.697149219153810673e-01 2.149942595923071131e-01
6.403816319681168157e-01 2.887461169359998858e-01
6.596617810979217289e-01 2.734126989819488651e-01
6.072567116303357881e-01 2.191636386164237671e-01
6.275300511374649615e-01 2.662149214642978157e-01
6.955999294420278645e-01 2.124873721315678754e-01
6.408965037998958225e-01 2.555683213495134609e-01
6.468829371124658056e-01 2.258733860027831164e-01
6.569283293254704059e-01 2.378789334318600623e-01
6.913773057257829313e-01 2.029414901542041794e-01
6.098220079378752212e-01 2.649200960670757277e-01
6.045900925629713596e-01 2.372067407580376042e-01
6.683693055638019187e-01 2.749183058497103316e-01
6.598951714397375268e-01 2.995292662650732018e-01
6.059583503410955752e-01 2.856103248172762177e-01
6.835149592278315644e-01 2.357718344505367880e-01
6.644299235957518146e-01 2.801989188096046801e-01
6.473818243364738434e-01 2.076338623586243548e-01
6.914824314211025502e-01 2.062312435834942892e-01
6.532001160665115158e-01 2.906625494951933231e-01
6.709029817723647371e-01 2.358590658057213574e-01
6.151860938983457761e-01 2.227299304273531178e-01
6.061099711026861625e-01 2.873663582430567853e-01
6.764757727386957464e-01 2.531788878461314063e-01
6.382118595793895288e-01 2.242431620119719193e-01
6.869935396977390196e-01 2.336060643778058998e-01
6.254743613133781910e-01 2.846092469080148124e-01
6.570773918098705701e-01 2.570519685817422850e-01
6.061478315676354089e-01 2.497146328412145899e-01
6.328989942143037339e-01 2.747579964413471298e-01
6.154576240868040449e-01 2.903460978307332852e-01
6.074741269535679500e-01 2.211979181429767349e-01
6.117515396234064484e-01 2.849060502474409784e-01
6.869198811497935209e-01 2.552556452968231526e-01
6.887184982732650340e-01 2.880193187347550587e-01
6.035422817329771927e-01 2.466921383851836125e-01
6.074861595637325307e-01 2.445292606081297948e-01
6.368325805946611906e-01 2.398488639245345555e-01
6.968632398888597868e-01 2.757913437803433676e-01
6.296218683643518554e-01 2.938475138421219324e-01
6.306720641073944034e-01 2.162348375488830077e-01
6.038167150232873759e-01 2.417481054866393031e-01
6.582302478716769434e-01 2.886206373657829172e-01
6.511544788713771181e-01 2.538463748759313687e-01
6.976800636202272754e-01 2.036848608583254616e-01
6.720289089342210698e-01 2.738000085467008904e-01
6.562848499772310218e-01 2.230501110480251348e-01
6.162029341181117781e-01 2.851890212144063685e-01
6.151327481086951154e-01 2.521761205424356000e-01
6.638089715544297498e-01 2.781486930824735859e-01
6.379334791533884941e-01 2.979724104719090327e-01
6.439279562836384141e-01 2.835348607555702172e-01
6.945296786878636386e-01 2.926272203303572628e-01
6.750510702377666705e-01 2.808909835459340032e-01
6.800556491133112891e-01 2.825387833046072994e-01
6.420370191530816451e-01 2.179993859645892873e-01
6.879424926799397877e-01 2.886296171970942348e-01
6.538947778787091991e-01 2.493722360511045344e-01
6.158778382687751796e-01 2.582556950739498536e-01
6.125260947625084107e-01 2.179481330775887848e-01
6.580856117501135971e-01 2.571176995483117067e-01
6.256326997968795212e-01 2.542372953803292979e-01
6.211900184188844376e-01 2.140739425660149742e-01
6.708929658438903543e-01 2.691120265083650764e-01
6.697424129591410535e-01 2.155033895521197840e-01
6.270193583354100042e-01 2.013313711334805689e-01
6.435965493214261812e-01 2.491713079581962254e-01
6.247115259832681788e-01 2.249572751717008323e-01
6.959566526647144036e-01 2.625520827754176945e-01
6.225490093325786178e-01 2.287877005946440390e-01
6.372230972841858021e-01 2.698668659196397090e-01
6.366357470162495868e-01 2.584302541021481492e-01
6.259536896435875519e-01 2.807876757989929972e-01
6.003482189647659784e-01 2.461770780856523122e-01
6.278429960808491472e-01 2.495474479161089720e-01
6.356297284169070139e-01 2.910542895279746300e-01
6.512700914834238519e-01 2.745349130574646357e-01
6.018146452356945009e-01 2.336666191179691543e-01
6.318817054582219761e-01 2.031089237868568542e-01
6.102696253422934536e-01 2.412008276268419737e-01
6.728906559390874786e-01 2.709905001892448650e-01
6.123008348877992946e-01 2.298993557052744219e-01
6.184801589123695154e-01 2.845151994821258912e-01
6.828570973510851294e-01 2.149686620452887498e-01
6.570298204328569591e-01 2.529080080639515282e-01
6.393253681859433213e-01 2.089932087859066034e-01
6.460754093908986917e-01 2.208131900237672585e-01
6.700524290386319359e-01 2.883093479346805488e-01
6.259839018831533375e-01 2.924724206667231319e-01
6.094782048276865538e-01 2.616172483588879993e-01
6.204096385285222670e-01 2.131182886351146444e-01
6.883306887017562881e-01 2.632707989759153766e-01
6.813303908838008738e-01 2.165355094693932614e-01
6.741745097260816166e-01 2.863882395733441388e-01
6.326136840048088850e-01 2.763123572380735138e-01
6.888365186182324740e-01 2.078512124991460097e-01
6.875155384649384027e-01 2.636022530787112683e-01
6.790184272130757037e-01 2.975279515000707198e-01
6.626266994180710634e-01 2.763890926031304929e-01
6.684437683318017465e-01 2.344496465026424670e-01
6.466326464901287485e-01 2.740020041915820492e-01
6.500594281125591234e-01 2.464879687149346132e-01
6.227777434156551717e-01 2.457740308210040747e-01
6.178514465110106491e-01 2.023336211999394174e-01
6.880226541003687801e-01 2.812087626747621361e-01
6.714203688891222654e-01 2.474643892536403100e-01
6.328351725610223966e-01 2.006423644581364352e-01
6.279281085099212012e-01 2.534722584471411633e-01
6.034209984781285785e-01 2.307563658786791483e-01
6.997047502864642832e-01 2.979010104884355914e-01
6.342170478224153918e-01 2.210687946172633644e-01
6.745141474839450035e-01 2.246165839953634114e-01
6.034153387349420194e-01 2.925808239955230983e-01
6.692755426774715799e-01 2.903718103174308118e-01
6.063279038769072704e-01 2.338567832515469624e-01
6.628350140570971050e-01 2.348403545398062287e-01
6.419326766228045100e-01 2.223256215177234485e-01
6.632764142440163990e-01 2.117608324218347438e-01
6.575734715598059443e-01 2.863969899609953851e-01
6.021318397532529065e-01 2.810682864062737374e-01
6.250045657368620278e-01 2.816565259762445761e-01
6.760398397586846464e-01 2.412095013130221566e-01
6.680906243330706484e-01 2.311062193047986879e-01
6.157122060171155153e-01 2.395371584436645218e-01
6.622067738254552305e-01 2.564423674037507039e-01
6.769030331995971039e-01 2.952697886317536269e-01
6.605522895378204140e-01 2.694716154326946556e-01
6.093135165368038786e-01 2.203454475494014964e-01
6.860539059357332325e-01 2.941121641084508687e-01
6.728467693549325945e-01 2.699235766581439822e-01
6.130385240670078728e-01 2.495102567322580178e-01
6.215934512865567418e-01 2.451329342446573190e-01
6.176664066539837572e-01 2.594859401177463942e-01
6.491205271843574209e-01 2.801239800520247125e-01
6.949165818542858419e-01 2.346620520393555287e-01
6.637212489070882793e-01 2.602936020387277560e-01
6.921094168196059160e-01 2.751054864596120253e-01
6.376098600164791241e-01 2.625073572832211655e-01
6.553452454049122355e-01 2.556268332380162156e-01
6.755448810147995919e-01 2.085709717948870667e-01
6.157690046201317324e-01 2.886801966012927934e-01
6.128758380887606716e-01 2.865481414149404493e-01
6.337061300629099891e-01 2.622118391566964357e-01
6.313625051471594141e-01 2.264429720663952428e-01
6.281339452438574611e-01 2.558453191833863216e-01
6.467484775320916368e-01 2.896652754440282029e-01
6.272312457219320070e-01 2.365760880511246778e-01
6.310424869041953988e-01 2.800697702750762352e-01
6.863043673794594346e-01 2.593785649768465262e-01
6.165742543851937540e-01 2.572071891037741587e-01
6.573432187829536533e-01 2.998429025954260640e-01
6.384221315773395133e-01 2.821408576127729662e-01
6.780101679733168130e-01 2.517677296220853234e-01
6.402360173592296366e-01 2.095806675373373951e-01
6.814499823421558133e-01 2.935872586157248776e-01
6.433929898590305951e-01 2.202229446549117675e-01
6.081628096698421526e-01 2.472062656778283019e-01
6.855169810028614030e-01 2.744916282955304765e-01
6.392505694122827542e-01 2.592898839426135971e-01
6.629681277800547612e-01 2.111582240786221143e-01
6.585170175453567420e-01 2.229941823057498551e-01
6.290093569790946582e-01 2.250954154919699857e-01
6.020455565059084080e-01 2.987034224697252549e-01
6.656869869651688143e-01 2.608260401921299043e-01
6.137821056552994481e-01 2.628665269787361369e-01
6.374178668477405996e-01 2.751797841352842666e-01
6.286426892885266238e-01 2.620471622423342084e-01
6.752821347691697618e-01 2.788164986625594199e-01
6.412527507653105197e-01 2.153190510863537965e-01
6.510594146645596325e-01 2.892218358834683367e-01
6.253126219264878438e-01 2.707904086391875187e-01
6.640610637759566393e-01 2.022629412160506512e-01
6.064767828282349171e-01 2.454442776232415580e-01
6.273615925918499814e-01 2.853568375998177808e-01
6.050799498280078348e-01 2.253443883664268954e-01
6.733127378721375234e-01 2.740389215688559532e-01
6.274627178768987790e-01 2.570046471833383750e-01
6.979331716316056200e-01 2.497966040969915869e-01
6.440366696297022964e-01 2.212116689083156729e-01
6.822340359458153314e-01 2.316248307112384885e-01
6.826132678053864478e-01 2.684442497294123875e-01
6.566634549545335986e-01 2.593165842927410703e-01
6.456950057588485281e-01 2.290304650453325319e-01
6.954575596919698732e-01 2.253787849968869050e-01
6.997031898128451832e-01 2.442998916640209961e-01
6.104550972664721797e-01 2.290291690021112603e-01
6.359974987124481505e-01 2.331366639208055647e-01
6.360738193885494551e-01 2.138510884176435534e-01
6.122746088655511842e-01 2.210565959075282416e-01
6.111404551979902067e-01 2.603033166805077125e-01
6.761180714408177028e-01 2.314426698065918941e-01
6.118112006580227469e-01 2.444209398755802787e-01
6.878353306729427796e-01 2.085849918800844749e-01
6.086791241211932935e-01 2.022430253750115425e-01
6.298908340947340090e-01 2.014692058315717960e-01
6.678851324861377892e-01 2.297966799113861924e-01
6.070307712771716435e-01 2.333197810920612514e-01
6.220054202747499206e-01 2.750396968033564371e-01
6.165121347448697664e-01 2.626245219059131220e-01
6.701909775291201576e-01 2.673306380963075268e-01
6.253381554206848270e-01 2.699194191071889737e-01
6.072539430725292231e-01 2.590472822464325864e-01
6.108299636126364174e-01 2.664720765673052605e-01
6.145330524052309284e-01 2.862432951949815396e-01
6.520155043942583717e-01 2.744535273979933909e-01
6.590987625087018076e-01 2.474849773173446177e-01
6.264810707662537004e-01 2.177044987433579826e-01
6.940588028264140785e-01 2.576056817939773591e-01
6.567508036883775713e-01 2.749801577803686614e-01
6.058486828474239916e-01 2.191711164490579566e-01
6.474582546817471140e-01 2.024546254352347918e-01
6.543574064428958614e-01 2.047157451238989512e-01
6.385040312319574252e-01 2.203101113390232291e-01
6.894401235595832844e-01 2.203984269789592276e-01
6.513268632451454376e-01 2.794915437842098171e-01
6.839371085313841192e-01 2.341081039735360969e-01
6.346148073612722929e-01 2.499241226965248641e-01
6.180378115660851712e-01 2.229202730762421258e-01
6.586672447426422661e-01 2.594951324939686055e-01
6.706997939275141096e-01 2.368993620117801902e-01
6.911459324155396766e-01 2.006790469895166629e-01
6.080731169073833042e-01 2.386721684107271646e-01
6.466795524594000089e-01 2.056329733830650208e-01
6.205335536533855834e-01 2.163912224323967237e-01
6.070103789231279245e-01 2.585843913100457359e-01
6.830549186290048036e-01 2.532581284343948802e-01
6.438847061445253095e-01 2.444294515913342236e-01
6.962954495952985434e-01 2.851897747662638372e-01
6.811707359103433834e-01 2.579449516203337622e-01
6.903243987665687031e-01 2.064101442817611320e-01
6.959751951808920145e-01 2.295381291910078836e-01
6.548360854755930216e-01 2.734551091573177439e-01
6.956000142712498446e-01 2.463515040218339225e-01
6.308091899589117757e-01 2.829379475354685813e-01
6.326053109833337240e-01 2.743176101498542296e-01
6.538692982825049516e-01 2.584472792647040662e-01
6.347060775272683752e-01 2.008889913584813725e-01
6.364314212436348317e-01 2.801965298559162543e-01
6.179113533912899969e-01 2.752246572089704912e-01
6.480851693440614625e-01 2.330664225056654493e-01
6.113585091414239781e-01 2.530956105640000398e-01
6.981235163873195093e-01 2.419287355592594502e-01
6.652088292396121094e-01 2.929376517254734802e-01
6.081752373683148027e-01 2.148862605606393361e-01
6.923278783148040239e-01 2.213278168007230817e-01
6.905155158847861019e-01 2.020593824213741119e-01
6.609417991775038415e-01 2.179562566698248771e-01
6.360336389253167244e-01 2.163884174907709790e-01
6.069657699436820097e-01 2.985045162813966257e-01
6.599022761487628452e-01 2.963308708755641452e-01
6.192890011575485909e-01 2.325050026575185558e-01
6.288692376951402485e-01 2.867031460314848901e-01
6.988381327485705397e-01 2.078320542488343303e-01
6.026932271967909704e-01 2.906775113631709928e-01
6.124372412071246163e-01 2.201424098833386911e-01
6.619272469484942523e-01 2.377871505896101412e-01
6.335890833671369293e-01 2.082432591189149473e-01
6.920661232077760516e-01 2.189245615113796228e-01
6.599197647718224591e-01 2.475717142744473798e-01
6.209200479968124409e-01 2.048024675295186947e-01
6.872131337170759302e-01 2.899098185806193162e-01
6.021083026370812608e-01 2.460927456812831149e-01
6.249058587350149185e-01 2.516684320076145731e-01
6.195653005944875558e-01 2.265928376528260346e-01
6.425585262624224914e-01 2.773291402603659250e-01
6.047094945461313209e-01 2.885063869439646878e-01
6.773946286584809906e-01 2.987166684211472467e-01
6.887223774754099859e-01 2.478576171605514078e-01
6.862459769387838637e-01 2.895046507536062630e-01
6.183979703902089398e-01 2.158290350409449720e-01
6.062581501821199259e-01 2.558602411233867335e-01
6.948923743931548769e-01 2.254569316304435578e-01
6.769698131779899875e-01 2.018588550908826385e-01
6.902183870673784805e-01 2.808351738991825552e-01
6.018989380261683397e-01 2.076963395849357186e-01
6.762068047822122896e-01 2.521022106433528642e-01
6.809327557124553731e-01 2.322217922805038248e-01
6.279936510966254160e-01 2.121148075722298354e-01
6.178562539146251753e-01 2.071463262223784962e-01
6.490172196043788588e-01 2.441910745353174095e-01
6.639382533172493162e-01 2.687093181804701691e-01
6.993733549949483486e-01 2.928077800615555559e-01
6.459304633938257600e-01 2.746651245002588171e-01
6.298781920650976529e-01 2.794968902698724555e-01
6.111743643443450225e-01 2.168455133490890252e-01
6.365782784577294073e-01 2.896582392381742976e-01
6.948446886594192851e-01 2.203677760287181819e-01
6.729172796989075778e-01 2.133667488820192859e-01
6.118774421568732302e-01 2.824925832508646817e-01
6.751403505982825903e-01 2.986020277359032193e-01
6.533935161536805758e-01 2.283917620642207380e-01
6.082622042162053599e-01 2.777650972131619489e-01
6.404256267924625101e-01 2.982741747621764916e-01
6.369993426685576221e-01 2.530175189007081160e-01
6.831042554437046777e-01 2.032338634295670077e-01
6.473031129166226805e-01 2.945314251937505290e-01
6.658364187304149917e-01 2.422055534999092985e-01
6.240771687948186708e-01 2.352130825093985411e-01
6.909805589976133477e-01 2.352036655423319356e-01
6.408397756219450514e-01 2.796076846415537220e-01
6.635218372378330898e-01 2.676220728746316890e-01
6.042876703180529718e-01 2.607511108521233800e-01
6.337455480487256265e-01 2.317160978178282871e-01
6.346346075858370073e-01 2.715873529682780174e-01
6.922634625260704055e-01 2.958496510094228427e-01
6.608101772756858061e-01 2.652007366922948250e-01
6.935241812493624369e-01 2.727280497903282197e-01
6.376782616705121143e-01 2.874957573726765192e-01
6.785898631585148832e-01 2.870036996236813853e-01
6.210102492955513753e-01 2.551311099827999196e-01
6.450393324556988883e-01 2.429429232631400981e-01
6.747868653803333894e-01 2.911619457912044129e-01
6.276373209888109761e-01 2.790821083821958259e-01
6.731892056211333797e-01 2.192639572333533460e-01
6.698496930709183506e-01 2.782475457056502455e-01
6.976950706294415827e-01 2.930283748088480245e-01
6.173041069933364877e-01 2.773941152703630619e-01
6.545452681163008712e-01 2.625762407885415817e-01
6.029763636061411525e-01 2.025641657964873943e-01
6.910557818498692662e-01 2.598953241018874816e-01
6.481725366038221248e-01 2.920785047895963493e-01
6.442054654386210055e-01 2.773562716500788117e-01
6.374038723204447088e-01 2.866476810299811162e-01
6.984274157221088686e-01 2.296094974290655566e-01
6.823938470949265644e-01 2.377121700069324550e-01
6.485632190818335641e-01 2.519873902081046779e-01
6.093994724460868317e-01 2.404674292186803342e-01
6.094363048670163874e-01 2.378612284348437800e-01
6.184273880223714048e-01 2.952853261637853888e-01
6.880182626455277894e-01 2.826078427797290571e-01
6.205382916351057654e-01 2.279897649825847195e-01
6.616239295030235112e-01 2.100556119501580665e-01
6.128529134863369698e-01 2.145835381048054047e-01
6.905241757368795197e-01 2.455750253188192511e-01
6.025136917413784765e-01 2.323116016620647151e-01
6.682913491243157589e-01 2.713271875485457341e-01
6.730157659984656870e-01 2.525579670274633592e-01
6.966500148180277963e-01 2.302118549009148363e-01
6.961197062296770044e-01 2.963562851474166870e-01
6.061069788660322644e-01 2.202979394872287833e-01
6.049464547912193346e-01 2.815776228283613514e-01
6.198093093377471385e-01 2.907137989114155219e-01
6.299419437446038827e-01 2.579058454015393798e-01
6.197903525927266344e-01 2.587115320653632922e-01
6.908176737901002840e-01 2.073993192599507540e-01
6.727812455896290400e-01 2.309958702521797413e-01
6.047576501111990854e-01 2.435205536717889863e-01
6.270425981323584086e-01 2.597942981859140410e-01
6.974954764258283202e-01 2.645746548458391412e-01
6.722032644525600675e-01 2.411666455973817125e-01
6.263582411793900961e-01 2.705324723833913425e-01
6.828300331260085398e-01 2.338977258843387141e-01
6.036146961995544347e-01 2.195434604758119967e-01
6.435823775213784792e-01 2.586842404415489183e-01
6.149139581247160535e-01 2.281218238189426373e-01
6.171063665494019856e-01 2.703440118483254606e-01
6.580712173674493348e-01 2.508434702581321951e-01
6.183838443643348004e-01 2.944874799187494063e-01
6.380649457523196455e-01 2.068760584378314671e-01
6.278483582536024121e-01 2.419002562277300927e-01
6.452110916803983631e-01 2.310351169890330625e-01
6.109238852953335908e-01 2.420664409535984440e-01
6.832568415162023623e-01 2.126880565146418434e-01
6.214587748823209301e-01 2.849710404324635182e-01
6.100370015948497482e-01 2.055349807258595174e-01
6.472504370843666921e-01 2.057104867959518857e-01
6.735623766111246136e-01 2.105885428375955382e-01
6.484872374491884583e-01 2.408645233954333775e-01
6.157466819461451246e-01 2.097631833782809818e-01
6.022203850968759209e-01 2.907292213532295944e-01
6.120066117710610820e-01 2.677425041331865652e-01
6.241464289751236239e-01 2.356736004609773505e-01
6.437192957972265317e-01 2.413208103301794361e-01
6.015861722084124841e-01 2.402848211015350954e-01
6.418626766119415183e-01 2.710138604469081169e-01
6.320095813032611254e-01 2.229685538995595517e-01
6.507126432938825644e-01 2.768033235154616634e-01
6.232562940751221747e-01 2.120948029662492740e-01
6.276208205781705907e-01 2.678002475533962090e-01
6.950291680962327190e-01 2.830308086831170300e-01
6.241222316148458127e-01 2.442763396172780710e-01
6.091323995002678737e-01 2.485401946453427713e-01
6.849145663860851663e-01 2.793722150460932196e-01
6.695169169291280697e-01 2.833574426259367063e-01
6.143420741424971965e-01 2.212644030298466236e-01
6.388805956443699419e-01 2.374023117039242847e-01
6.367761911150339182e-01 2.823848071894583533e-01
6.399819806678151979e-01 2.414713171516769119e-01
6.766888813775310263e-01 2.184660855067824814e-01
6.568860666780914626e-01 2.199899133972607335e-01
6.575063262438675116e-01 2.790892717511945231e-01
6.295481814098321527e-01 2.876805300030620405e-01
6.573490011083669149e-01 2.602975910630573320e-01
6.675594897871903743e-01 2.546365401307671972e-01
6.582851778124699793e-01 2.677942945804304142e-01
6.566880726931328960e-01 2.026388535931364365e-01
6.860579551453278579e-01 2.434816868594641970e-01
6.240560610590677459e-01 2.542009952739284762e-01
6.380072606124130852e-01 2.705593180346015925e-01
6.153859307237768972e-01 2.318152459505742891e-01
6.876154415840446399e-01 2.954731648216627482e-01
6.463175532912162069e-01 2.610173536909110581e-01
6.938801100206638539e-01 2.418582752727236052e-01
6.312330389539966280e-01 2.841602820137689722e-01
6.110155976956743729e-01 2.093946534699067663e-01
6.362381703228561225e-01 2.877327206076050747e-01
6.965604606881251604e-01 2.511309319623029612e-01
6.119301541751612783e-01 2.188894805570150148e-01
6.670163071308847780e-01 2.504863428111792079e-01
6.608196373924156708e-01 2.552769607505117611e-01
6.769905033369811864e-01 2.616608665567978220e-01
6.590067504306486024e-01 2.467106224385585966e-01
6.124845651624740706e-01 2.052262107193222052e-01
6.360332841118606639e-01 2.508756217235326158e-01
6.569433593624760537e-01 2.402000004498357211e-01
6.090312841548728429e-01 2.682562162400149441e-01
6.124810481952613905e-01 2.842000614801685754e-01
6.413819733080028396e-01 2.309541843566219055e-01
6.092957002357846097e-01 2.967391269855281788e-01
6.669701905755075488e-01 2.805563848138362126e-01
6.450885052104130546e-01 2.259207447022449355e-01
6.336864021724173401e-01 2.571443069944045479e-01
6.961626834873132497e-01 2.356300570577421760e-01
6.584172549734303992e-01 2.455387708134467994e-01
6.063352040771322615e-01 2.505360646328271268e-01
6.508916823934556284e-01 2.349300043609818534e-01
6.638543292643728222e-01 2.490317541536578305e-01
6.187306860399777175e-01 2.159007372556510651e-01
6.658187047575349071e-01 2.362630327310340506e-01
6.744027799744364282e-01 2.842545689696006073e-01
6.407424243337580538e-01 2.014963760123653636e-01
6.700147554266785432e-01 2.122720064094378301e-01
6.637073098764564305e-01 2.418650120108546964e-01
6.454652266317658649e-01 2.257928916157477817e-01
6.987016479457142104e-01 2.918713633038076960e-01
6.925187625320401441e-01 2.864707334796989247e-01
6.911700761093101386e-01 2.323538370989071122e-01
6.500595128108783705e-01 2.823500438055094319e-01
6.456777362921832797e-01 2.895576196019908344e-01
6.155892405792189326e-01 2.406570239226957231e-01
6.335479316302469188e-01 2.968526008712237818e-01
6.389277944359755823e-01 2.377127455793766608e-01
6.118750525568573684e-01 2.572965061041855850e-01
6.222479461879359963e-01 2.378831068485995903e-01
6.787748105053347247e-01 2.786751222859132904e-01
6.959234204217850106e-01 2.271341707908568486e-01
6.941041483770856724e-01 2.100276306005981475e-01
6.103769229637037164e-01 2.778209050768576938e-01
6.902646193142050191e-01 2.834325112632843924e-01
6.527690191024670963e-01 2.526732196555127596e-01
6.049403947107586665e-01 2.293335245464219463e-01
6.605235793749021367e-01 2.699501424382357850e-01
6.311031643762738952e-01 2.187630267307866805e-01
6.058132965220293098e-01 2.788236194450120498e-01
6.267055140864342677e-01 2.555369220445088407e-01
6.870157821338266357e-01 2.613963797028027169e-01
6.754701404676004550e-01 2.349618992031134446e-01
6.217868562644910391e-01 2.107084975338909816e-01
6.893049243052713493e-01 2.095603814399396581e-01
6.118608374727878552e-01 2.867735526696648107e-01
6.263877266058861526e-01 2.477134516709608714e-01
6.819769337129683029e-01 2.933463841854286325e-01
6.198403590677966646e-01 2.720588031186995104e-01
6.189560631518817857e-01 2.888818189058660613e-01
6.559778158409699245e-01 2.068562101094523487e-01
6.631710942893650484e-01 2.818365931517269329e-01
6.458551426745140489e-01 2.906841174799495442e-01
6.907920772953154431e-01 2.452636705127377026e-01
6.275127988282543923e-01 2.656358164833569901e-01
6.046875076792347370e-01 2.739354643555122482e-01
6.487790805168925923e-01 2.137635652081955051e-01
6.365717121896344866e-01 2.475623437595401988e-01
6.526411806975306318e-01 2.023594035383773082e-01
6.280070481906594448e-01 2.029107299645051543e-01
6.191012958203514494e-01 2.939801570467875380e-01
6.862654824609212278e-01 2.821489934043981962e-01
6.720514228134801815e-01 2.844382202249168268e-01
6.211815130102339433e-01 2.918934942001921717e-01
6.908458458615939213e-01 2.611047324767960531e-01
6.417074820528699819e-01 2.968178672132284479e-01
6.483264422700534269e-01 2.099564642081838128e-01
6.286412034977799657e-01 2.510681058965404944e-01
6.756652364888444673e-01 2.006262567998331747e-01
6.543484912182789826e-01 2.379952810967116972e-01
6.917064828539437604e-01 2.042838332612194052e-01
6.058409596464076063e-01 2.875772229300166405e-01
6.547811070779939735e-01 2.016747071771721189e-01
6.850777071718314737e-01 2.009174779480785433e-01
6.978454605903483543e-01 2.875883892466820080e-01
6.777345952487797698e-01 2.526018945960614714e-01
6.924573508019005175e-01 2.178150508745402836e-01
6.540325209682387175e-01 2.733060307065769967e-01
6.993599880295900961e-01 2.789644000381297784e-01
6.088923787840836432e-01 2.364736567423633140e-01
6.234026711272991905e-01 2.182617692751812055e-01
6.992485086433484209e-01 2.312218156966749927e-01
6.258346694970504664e-01 2.395356037410216743e-01
6.890570149137306144e-01 2.185300655659829505e-01
6.839286172807959030e-01 2.578576510326840987e-01
6.462615271356990654e-01 2.650981609087784685e-01
6.470878574861936849e-01 2.236027471761989072e-01
6.177811487554094594e-01 2.646305299906068220e-01
6.360667947225746577e-01 2.543668031845790489e-01
6.961363258920069130e-01 2.890759256032054414e-01
6.829847103438088096e-01 2.840858475288918217e-01
6.617796158148467889e-01 2.678769062272053358e-01
6.850274959522333340e-01 2.295086625597895225e-01
6.248575109969377595e-01 2.639660707680470675e-01
6.948254311694044283e-01 2.066083040004177418e-01
6.143254782843099449e-01 2.299684854349572927e-01
6.751119473083218026e-01 2.210510875674189246e-01
6.933080854149702432e-01 2.626807827870828449e-01
6.827683318435112669e-01 2.189289397448254126e-01
6.149915158897227840e-01 2.791319698765856727e-01
6.143729700812387007e-01 2.349987062920792236e-01
6.324849671315938560e-01 2.838428374443571212e-01
6.407400459649805757e-01 2.209553678325241188e-01
6.732132962919501473e-01 2.464219855928981850e-01
6.993721664357495094e-01 2.875577639958272758e-01
6.648921598876278427e-01 2.032319162252309019e-01
6.740177520588122029e-01 2.398999747043818742e-01
6.789379799458342690e-01 2.172395560070896070e-01
6.337656421040810395e-01 2.779429189793593546e-01
6.868951033309681486e-01 2.045512504347561100e-01
6.493076955629075719e-01 2.587371949634099666e-01
6.225906560729622674e-01 2.153958504030448196e-01
6.479259028449149138e-01 2.206933370176811238e-01
6.777768647296875670e-01 2.083240375585843629e-01
6.478726905509154532e-01 2.469894518993006882e-01
6.057716504569692351e-01 2.299576009970605295e-01
6.092371198704725765e-01 2.406465601397070886e-01
6.675595701181844532e-01 2.534289697347681392e-01
6.096206087931749229e-01 2.918544692282807329e-01
6.769046560796520007e-01 2.872189505018108990e-01
6.088115824651987307e-01 2.327373852609110894e-01
6.859343360819337709e-01 2.431393064840131901e-01
6.747096138103328977e-01 2.889830270162721537e-01
6.647147746450731143e-01 2.113111238876291542e-01
6.059597767482636232e-01 2.395646330572955840e-01
6.495523422366389354e-01 2.555349247032516202e-01
6.811494699318064727e-01 2.897298670143784727e-01
6.872328408723320514e-01 2.739869684550707007e-01
6.524267239548553476e-01 2.149754499772696670e-01
6.407393982859233006e-01 2.261090008110662741e-01
6.893994570052107695e-01 2.887321603445404672e-01
6.140010978112837581e-01 2.535895845411849092e-01
6.558491025733976798e-01 2.771952009655455074e-01
6.398350984103946537e-01 2.295953754970132543e-01
6.764027355512612916e-01 2.896049556293532334e-01
6.031883509658471088e-01 2.875252983794049921e-01
6.691491486695423374e-01 2.374985473598562047e-01
6.431630422975775918e-01 2.681238750505491319e-01
6.620401236209840778e-01 2.753540530494149596e-01
6.377774490631918924e-01 2.870589963892827279e-01
6.048032020799232189e-01 2.990030727716828096e-01
6.759480146819263346e-01 2.177297722837203131e-01
6.824451843786195626e-01 2.383413493322986687e-01
6.021613292329951461e-01 2.776517337465940760e-01
6.253356190820957838e-01 2.412764486851741719e-01
6.212745587753154553e-01 2.072906634647388446e-01
6.727499130015673900e-01 2.412839865290364594e-01
6.495925668400799324e-01 2.228368321253147988e-01
6.941507559764856783e-01 2.781396402676938329e-01
6.026457489123822064e-01 2.133136653858041520e-01
6.376453123354159924e-01 2.773921968842333330e-01
6.928977072683684124e-01 2.535237356478667881e-01
6.009632746136495118e-01 2.306860986597372709e-01
6.573020854586693051e-01 2.468719795342069478e-01
6.635107185447063349e-01 2.469933231544859109e-01
6.903503334501707167e-01 2.499806211688921365e-01
6.996041693963265251e-01 2.580684210464795902e-01
6.608268910752737035e-01 2.782906188248380763e-01
6.401665822704164510e-01 2.594059682948161027e-01
6.640940652359993424e-01 2.703097251179321092e-01
6.935735801954234780e-01 2.706744963331833564e-01
6.055323407867030383e-01 2.999128043233007523e-01
6.489459204668936998e-01 2.871524551411200332e-01
6.655464355831377521e-01 2.379065848257484184e-01
6.687016043176858826e-01 2.808456781411409198e-01
6.276408840099443331e-01 2.254619382128361660e-01
6.945779737406549970e-01 2.493213474940507990e-01
6.465457640560449137e-01 2.306737053676606863e-01
6.252536161574021589e-01 2.225163528308087835e-01
6.305721979594915982e-01 2.157346901540236062e-01
6.623237192184705524e-01 2.550850331126129911e-01
6.086326158540115161e-01 2.532779949210685611e-01
6.259406250003569649e-01 2.985533388618986095e-01
6.113855858033961921e-01 2.318564370214292181e-01
6.059450549104560269e-01 2.696946873647850240e-01
6.443102359737573614e-01 2.234620244648043152e-01
6.133283617955045397e-01 2.722938944404251771e-01
6.023077998451373816e-01 2.017541076193537508e-01
6.273066483825746609e-01 2.414930315725739574e-01
6.195981565991934836e-01 2.087481025371882848e-01
6.767775292302884438e-01 2.588400871376018708e-01
6.285518354218373460e-01 2.755123901218956006e-01
6.009697760060049854e-01 2.896680221584278514e-01
6.236775312572657715e-01 2.433631059094364391e-01
6.771344374473251548e-01 2.550147673440769647e-01
6.997674826056532460e-01 2.134779363280771003e-01
6.669649368901016118e-01 2.566901407826752690e-01
6.828886836318319720e-01 2.808734674494344219e-01
6.526001264547417469e-01 2.619364205988182759e-01
6.596242596783018497e-01 2.144100205751702237e-01
6.218271314717102038e-01 2.013370596948721170e-01
6.696403439202014418e-01 2.356105944151447584e-01
6.613552835802875007e-01 2.115756444580964846e-01
6.274039961843436153e-01 2.591750746060747512e-01
6.701873526388330005e-01 2.386823437822816751e-01
6.849625102336336369e-01 2.836665474051452973e-01
6.868315185921244348e-01 2.311774565030385586e-01
6.457627338679439166e-01 2.862548039932248933e-01
6.360656397328630085e-01 2.002716825355872199e-01
6.142878985989116414e-01 2.222700175745949414e-01
6.154861795170151195e-01 2.233241462646950448e-01
6.577243280249547297e-01 2.185396470600091123e-01
6.343272616745155856e-01 2.100655932770260637e-01
6.872161176522261217e-01 2.516367380948036359e-01
6.829775826696120600e-01 2.003340920320265117e-01
6.039933619340188686e-01 2.238269167306360941e-01
6.463974116229399547e-01 2.474715968597120674e-01
6.662190465895900804e-01 2.832091729801702873e-01
6.954343106218668913e-01 2.529028700010879094e-01
6.341915191544814645e-01 2.061472484634331581e-01
6.588248955169265786e-01 2.581062972140806266e-01
6.051501933292899871e-01 2.305134051869464906e-01
6.366532683543139060e-01 2.837949182577978458e-01
6.400181345779530906e-01 2.085710129184363826e-01
6.498611249803302181e-01 2.579303871135571469e-01
6.308439162493016950e-01 2.981254052589561998e-01
6.861953155986768582e-01 2.323005227811344164e-01
6.929265888046858279e-01 2.187061738910612285e-01
6.932813857808927116e-01 2.100991095030086409e-01
6.718266935306563825e-01 2.670116603393278831e-01
6.110412080112904709e-01 2.042329626683673238e-01
6.059537381070032591e-01 2.133907187807667083e-01
6.798981536768919920e-01 2.501841584578531341e-01
6.473385279402422698e-01 2.956788869799794051e-01
6.851047995313748196e-01 2.984876479961663942e-01
6.924585565983790714e-01 2.612254848535148777e-01
6.814313702578200793e-01 2.296408080664067708e-01
6.430052123302678613e-01 2.295193876188840187e-01
6.931253378258644959e-01 2.251246100665930949e-01
6.448010317547111514e-01 2.020487862668771673e-01
6.124845113128402074e-01 2.156849658905676259e-01
6.175056940243711656e-01 2.567930663379900391e-01
6.432804411420163238e-01 2.564313285975452494e-01
6.212524212950432112e-01 2.623370218620728611e-01
6.359354997194929249e-01 2.283400703914906238e-01
6.057148289590306156e-01 2.204011796670536372e-01
6.270245401104649341e-01 2.766791086675333688e-01
6.536947099321722687e-01 2.366018634358923733e-01
6.849090894692309028e-01 2.655670601115532325e-01
6.428817403558544363e-01 2.255610605676880154e-01
6.154636305860808898e-01 2.602206982062825746e-01
6.308038133117577217e-01 2.346902113367087539e-01
6.146654142180326685e-01 2.447232955135370536e-01
6.481101787783981605e-01 2.882723181743152563e-01
6.051516246281868350e-01 2.776759117823086598e-01
6.483639925922664027e-01 2.341805587255269272e-01
6.742354448927564414e-01 2.263978216784225672e-01
6.641087703957749833e-01 2.517022062025197626e-01
6.219040927626915405e-01 2.531676010015292966e-01
6.359865391910336507e-01 2.086462904644711402e-01
6.310221371469246776e-01 2.341884201403748866e-01
6.555350371891107697e-01 2.172052925301835580e-01
6.508295410124451674e-01 2.314618056174547744e-01
6.046743015226776485e-01 2.759661697400327962e-01
6.974976483390804560e-01 2.726590584553716945e-01
6.292972221170164415e-01 2.364439530321440497e-01
6.595277901494426276e-01 2.499974728918457623e-01
6.482008976027032743e-01 2.293410619035745612e-01
6.075207500403638772e-01 2.696240537312390995e-01
6.131866508644860936e-01 2.395535464919850144e-01
6.462991648280849155e-01 2.636284462995278632e-01
6.804752230758869258e-01 2.437267482672170471e-01
6.731057386023462374e-01 2.480684529512145464e-01
6.598665430033595625e-01 2.414736448717710315e-01
6.690079083414820493e-01 2.598259158019416981e-01
6.235320398162716993e-01 2.325185131306244102e-01
6.154000509186171586e-01 2.683637929423719481e-01
6.801989292042296409e-01 2.502037866477057615e-01
6.313723162210695961e-01 2.857983117487644664e-01
6.642468723293518673e-01 2.049920082311581515e-01
6.569941046130204354e-01 2.677881741663230564e-01
6.758963688392699565e-01 2.098807031534023482e-01
6.002196715196571608e-01 2.889540684264277903e-01
6.933128305642389799e-01 2.032516967331233770e-01
6.153509992991346156e-01 2.998811891406575336e-01
6.512316799778712362e-01 2.406372968805263191e-01
6.876583107822266117e-01 2.649395175698142646e-01
6.187943084557538942e-01 2.277176743676062320e-01
6.481047752129518447e-01 2.636599712454456013e-01
6.193794441325004563e-01 2.859600158728241026e-01
6.512860810565764824e-01 2.988634380378238919e-01
6.551975713339410756e-01 2.433946213309481910e-01
6.948118847706199475e-01 2.123035415735176623e-01
6.308166928072401758e-01 2.741832993257761752e-01
6.136923437147390192e-01 2.881895928848375865e-01
6.310166746055834164e-01 2.013549483611046798e-01
6.239511797487304889e-01 2.683280428321771494e-01
6.208340427529039918e-01 2.842357721976192519e-01
6.410785419634440485e-01 2.206365434255639357e-01
6.421323128903098088e-01 2.598132374650821697e-01
6.397540875480292044e-01 2.117269449461604003e-01
6.610710573805795853e-01 2.386315210103074624e-01
6.252293429695435778e-01 2.064091271926629667e-01
6.154549629901531205e-01 2.673777519445648121e-01
6.702574679985848771e-01 2.160138130983794424e-01
6.795175779995528131e-01 2.936107565914382045e-01
6.980576896625702021e-01 2.503535111430824078e-01
6.880932134739322636e-01 2.842685307121838312e-01
6.589314752856930690e-01 2.277162696639754569e-01
6.861981883221449641e-01 2.442426520844873106e-01
6.488285138463332213e-01 2.329962700276095311e-01
6.369873647843572462e-01 2.279225871420000049e-01
6.665616919183552369e-01 2.515915476507005200e-01
6.934263937699606251e-01 2.683478696485901427e-01
6.765670935528459440e-01 2.952189259946740307e-01
6.045876983989995068e-01 2.890868690508796579e-01
6.851568716825099381e-01 2.568920496974177459e-01
6.081655992198339300e-01 2.589846276437983152e-01
6.974893438842166837e-01 2.919298505121505349e-01
6.555379692174196915e-01 2.400560748258649957e-01
6.162702626439142684e-01 2.843633158052037979e-01
6.966539523653757504e-01 2.088989396180785940e-01
6.038601117077854186e-01 2.122006878484286041e-01
6.087770034726514012e-01 2.165270241228494097e-01
6.802161886530720958e-01 2.739667372472719409e-01
6.965454429505999467e-01 2.868982375950003827e-01
6.061944306527331516e-01 2.396414954641768735e-01
6.957530632533314163e-01 2.818235543053160264e-01
6.016151736876965694e-01 2.859950183705616822e-01
6.119805010416871083e-01 2.975068143067042814e-01
6.736803289613979562e-01 2.518287122044134407e-01
6.379380418976280387e-01 2.829100842016086803e-01
6.902579419570675778e-01 2.864625348018740025e-01
6.557971207175720130e-01 2.461339329132408993e-01
6.440853971631530506e-01 2.162397934452853221e-01
6.801750482897569450e-01 2.128327880647026271e-01
6.826140128918272154e-01 2.838082607771175714e-01
6.395816821233895055e-01 2.205479360013526957e-01
6.940712029062592325e-01 2.846373999126063370e-01
6.701403473220379770e-01 2.244582455193953330e-01
6.027685363294614795e-01 2.649407992138155254e-01
6.241250802762519090e-01 2.751311237542681809e-01
6.426348354288855536e-01 2.074247560578528493e-01
6.362413421246982947e-01 2.870706365696250595e-01
6.098032009776875872e-01 2.881697312357281437e-01
6.500869083883460409e-01 2.597820249517255875e-01
6.240339846025932946e-01 2.552919519737635312e-01
6.525435387626080663e-01 2.435830738289487540e-01
6.413205983921234088e-01 2.588551887945031993e-01
6.635052197273955121e-01 2.601199930574356056e-01
6.423584336326503275e-01 2.209051329611455838e-01
6.721615946139453124e-01 2.307564669906822241e-01
6.105620170415917425e-01 2.455108817383149233e-01
6.514364824100944418e-01 2.567533924757781083e-01
6.100293997256778233e-01 2.341299897873544422e-01
6.004411726699107055e-01 2.266945935432658765e-01
6.109279751232780109e-01 2.930657826174888902e-01
6.905700589675523027e-01 2.450812068879331118e-01
6.290990420313407050e-01 2.784701210674269123e-01
6.898211372808676911e-01 2.790298668696073459e-01
6.164990711579136917e-01 2.995614646494407229e-01
6.935153169792251937e-01 2.735342200962640469e-01
6.231738901733001601e-01 2.961821597773390824e-01
6.825829581513361832e-01 2.568885811650787332e-01
6.935539335003968464e-01 2.371414568177893645e-01
6.992314311440629426e-01 2.095440168280618409e-01
6.146202127973080520e-01 2.698278045847350426e-01
6.901793943980820689e-01 2.319078830654962564e-01
6.856023018095873667e-01 2.464370799521220512e-01
6.083076102185627221e-01 2.443208270315127550e-01
6.219227832701456071e-01 2.276593665914959930e-01
6.407126826760874971e-01 2.382610159817559470e-01
6.200887051392721672e-01 2.832489291344446047e-01
6.952044659970398888e-01 2.209854127557112080e-01
6.606280276510173577e-01 2.219661803423794710e-01
6.307479740808872304e-01 2.139611479410690742e-01
6.600559166967805425e-01 2.512497092537275267e-01
6.480273358591126520e-01 2.899481195086721641e-01
6.467929990549247110e-01 2.475595412754658387e-01
6.706652465665557949e-01 2.550071301530256185e-01
6.665998884303228067e-01 2.005582590739823923e-01
6.539967903729260179e-01 2.715530323548598912e-01
6.330299694262723209e-01 2.559794461916749531e-01
6.682240433647470557e-01 2.618765534359557834e-01
6.711765414837397303e-01 2.799758572545684721e-01
6.869414604712532624e-01 2.629390308502697615e-01
6.553029436281804232e-01 2.862998408454789923e-01
6.828732052498157623e-01 2.116691404463326709e-01
6.900803246333923058e-01 2.871353395488127069e-01
6.146658244433963469e-01 2.331204250487921570e-01
6.289667078955150092e-01 2.438379295165914729e-01
6.927486206886687148e-01 2.835898291224209222e-01
6.335057418247468375e-01 2.778341517155820117e-01
6.773452802038330001e-01 2.935042586758573324e-01
6.298948328723977808e-01 2.009578334834831725e-01
6.212733323923630424e-01 2.720058245179965417e-01
6.694447137788013258e-01 2.580649263057182008e-01
6.349815133434206782e-01 2.451090503890696326e-01
6.843359824814770898e-01 2.985259682869405018e-01
6.755006114415308405e-01 2.729638670210688400e-01
6.068730287383045097e-01 2.647356289674792640e-01
6.277563371454413232e-01 2.273084652786480364e-01
6.986271945576789655e-01 2.503267249966777408e-01
6.884949694765714057e-01 2.094486375067919348e-01
6.435264890164027474e-01 2.923599334800839333e-01
6.315469615104631895e-01 2.091024943594977370e-01
6.614563547293436097e-01 2.110299907487796223e-01
6.777406501842966335e-01 2.710248440005681991e-01
6.630810381547154186e-01 2.234547625444316121e-01
6.954490412385496700e-01 2.287362878788327669e-01
6.521091054705034917e-01 2.505694665870441540e-01
6.032084738134406710e-01 2.400549557213145224e-01
6.312252001934269829e-01 2.330814675096775923e-01
6.189681688107206980e-01 2.405201525974689780e-01
6.009171081943346371e-01 2.966994960941097270e-01
6.226432986031654737e-01 2.221561098412960511e-01
6.119261191581645276e-01 2.704837628869474764e-01
6.077423471128609034e-01 2.584012420255323295e-01
6.994844080872585357e-01 2.939321660272953274e-01
6.306592767643366404e-01 2.604764426211091943e-01
6.811615233202276132e-01 2.098638073747641775e-01
6.316753480797441256e-01 2.263115668730429353e-01
6.338702520901593473e-01 2.033261479731024446e-01
6.660872590923540004e-01 2.179201509877105591e-01
6.782982021971185604e-01 2.285996567350448982e-01
6.135675896402806861e-01 2.483646235217092102e-01
6.128959303092459399e-01 2.560947950870324230e-01
6.906721529577191099e-01 2.707232526206597711e-01
6.355196393235513774e-01 2.643991672938355575e-01
6.115719428423745940e-01 2.621878860107716425e-01
6.364161893196654818e-01 2.099307574935691811e-01
6.128027452814216458e-01 2.639498893696424764e-01
6.962159581181488477e-01 2.031752387884895594e-01
6.191715209382341323e-01 2.063050160963055268e-01
6.484909056359131618e-01 2.587469489507768783e-01
6.693514575329206906e-01 2.213741008416730827e-01
6.776732927938269313e-01 2.402589210552840693e-01
6.644258526035198287e-01 2.969329622960170112e-01
6.664307498503335703e-01 2.574430878443723647e-01
6.930356424999760678e-01 2.433205625587066545e-01
6.638534680053533865e-01 2.718645711771711659e-01
6.026583950557108382e-01 2.206401220343655045e-01
6.181187421173736096e-01 2.010404028625035200e-01
6.023266268891561692e-01 2.360678291513668703e-01
6.788025022633213945e-01 2.268405640572120907e-01
6.830993108040050998e-01 2.220698537080143808e-01
6.710061996947181973e-01 2.384051716777656760e-01
6.124699174700292126e-01 2.164135130008011942e-01
6.982954749040117814e-01 2.277467235274229229e-01
6.454505518353000904e-01 2.577811128012501007e-01
6.657798740808911209e-01 2.426059994580616053e-01
6.841741989167466897e-01 2.273729201812599854e-01
6.960602519649220499e-01 2.351607059526627796e-01
6.990869935502064259e-01 2.488762537925072182e-01
6.567850993684259953e-01 2.277620556604465496e-01
6.698799201376948176e-01 2.492940727885805674e-01
6.788466045487743239e-01 2.682631864834595370e-01
6.034885514849993582e-01 2.464918260125911476e-01
6.989243379877330131e-01 2.944966418338396119e-01
6.120426913968766147e-01 2.340261806242984743e-01
6.523686028122169800e-01 2.844202548691778798e-01
6.429542642109817852e-01 2.362691980670807435e-01
6.371534442168127477e-01 2.951427489537134519e-01
6.227498888953758582e-01 2.899502049179512042e-01
6.023246490856356550e-01 2.687224125393977148e-01
6.831678892813421999e-01 2.523695018852997185e-01
6.065032624079181867e-01 2.770578041575311179e-01
6.370059226075197589e-01 2.417807699852808079e-01
6.926498030600041211e-01 2.190880500315127988e-01
6.539880632910910485e-01 2.690915708781568272e-01
6.480626157467063164e-01 2.533678678792415928e-01
6.364260637975837076e-01 2.157518404137295787e-01
6.981314773992275402e-01 2.069604571907813773e-01
6.658313171645577899e-01 2.656634579100154991e-01
6.948710495877103988e-01 2.759659008200964769e-01
6.134052297678440624e-01 2.762450028656199819e-01
6.264725678790381558e-01 2.819331416832397408e-01
6.854960425352760733e-01 2.696202647108323358e-01
6.391761421039866553e-01 2.749114882765829604e-01
6.606071941947532222e-01 2.438909270179696609e-01
6.116305014502971815e-01 2.323219526969091953e-01
6.480741127444868965e-01 2.029129378243086090e-01
6.587735706585823303e-01 2.324874476529739664e-01
6.253878821587789405e-01 2.379325525096958327e-01
6.194388339656282660e-01 2.330899213192187125e-01
6.064895727904539013e-01 2.774033060280226559e-01
6.897449677816390734e-01 2.479740284726630883e-01
6.034623978383963916e-01 2.549421958461745019e-01
6.462927277531447245e-01 2.937513919112688665e-01
6.438171900324203278e-01 2.778296969270617200e-01
6.849403044278266073e-01 2.754707142440552814e-01
6.835588876948638370e-01 2.508579194399310763e-01
6.419933526370690258e-01 2.887660802001570937e-01
6.364746742600656537e-01 2.732795526317950974e-01
6.094828625240650277e-01 2.466075022477758893e-01
6.839442408674553109e-01 2.039597970276052219e-01
6.276894621230822979e-01 2.594645313402763609e-01
6.486068149587159715e-01 2.893204080577646553e-01
6.173772636134192693e-01 2.288301685838501909e-01
6.718800642236631981e-01 2.936960085798579478e-01
6.188110225158701683e-01 2.247977532961052960e-01
6.757871674119552141e-01 2.738155731450334640e-01
6.993916257854918550e-01 2.904501666189390208e-01
6.631458662585215658e-01 2.106081721923518113e-01
6.026844983586835403e-01 2.623199025930686434e-01
6.005245868919369956e-01 2.872685001104058888e-01
6.053776142378329839e-01 2.264105557286675285e-01
6.090173824840994232e-01 2.104918841135543506e-01
6.510466912203186629e-01 2.794392980913067426e-01
6.474967403282920753e-01 2.096088071842851508e-01
6.171253723072060993e-01 2.244204143721025002e-01
6.953061863517606689e-01 2.494011941463644133e-01
6.333845997233850111e-01 2.785898336263260555e-01
6.967209159168368249e-01 2.834326650090970845e-01
6.113785662840852675e-01 2.510039657589148154e-01
6.433312443639481737e-01 2.103879718913812258e-01
6.594183633340351403e-01 2.795257712611328160e-01
6.823080185741018377e-01 2.250447511755108432e-01
6.342359474387843088e-01 2.453924256839343510e-01
6.578021545551764326e-01 2.662250363855860891e-01
6.068320085410920939e-01 2.519511649147352927e-01
6.022115094022275628e-01 2.756822668290185852e-01
6.061956108895145690e-01 2.860475340043814318e-01
6.417104517902462169e-01 2.482280718946351938e-01
6.062641607034501279e-01 2.992653167114819324e-01
6.294933330474485889e-01 2.232453720172000722e-01
6.619902510802434525e-01 2.567851293292948145e-01
6.657923030048558122e-01 2.978708594771736218e-01
6.390426048086461641e-01 2.986535259315031832e-01
6.568191582587246113e-01 2.245315385425055987e-01
6.906568017606314891e-01 2.538818144787560738e-01
6.056622007206976521e-01 2.846814858324110409e-01
6.036179248549179421e-01 2.231575831450509084e-01
6.107465021061675436e-01 2.728142763025779849e-01
6.683955656322900785e-01 2.994772698842090852e-01
6.276844974260272769e-01 2.406418287511175591e-01
6.492530500159438001e-01 2.539249422679916157e-01
6.364550253919241118e-01 2.307797137778163643e-01
6.303308631075906776e-01 2.695276442079436729e-01
6.515785130266974479e-01 2.991542487049169141e-01
6.241133841408796901e-01 2.928333158554060622e-01
6.536899730581243739e-01 2.466998059215424755e-01
6.488340733849921049e-01 2.062951662523222485e-01
6.470913386399796963e-01 2.590890001913756513e-01
6.281093185377935040e-01 2.766679886093560969e-01
6.711131767654890945e-01 2.241793085437409627e-01
6.750897134439775016e-01 2.186634613290771578e-01
6.544534461852578033e-01 2.837744158565806418e-01
6.089449477471009509e-01 2.922329572252662100e-01
6.183048181589839709e-01 2.304786768911307460e-01
6.680542317137029285e-01 2.353291817029876942e-01
6.857849763632584139e-01 2.740925756539272506e-01
6.513364401507260038e-01 2.159022875860479584e-01
6.860403928720070210e-01 2.842679535377136135e-01
6.781605400358571289e-01 2.250022848234997375e-01
6.985063779433099418e-01 2.397148915659781110e-01
6.232527235079274863e-01 2.352172177661341901e-01
6.104623030078561996e-01 2.893336021272774339e-01
6.691421818634313290e-01 2.556277394827145555e-01
6.877930196676637076e-01 2.561494466712586071e-01
6.328721776802238574e-01 2.793539005152932408e-01
6.785272667727308971e-01 2.962414662893538275e-01
6.576959656822219946e-01 2.378304393978150910e-01
6.710396080796940943e-01 2.539869833847080427e-01
6.890643005492012030e-01 2.751870176905787391e-01
6.522488835581549127e-01 2.139845110415208862e-01
6.309080584177841899e-01 2.634794796808928585e-01
6.205969047657918791e-01 2.183012559480035641e-01
6.550581199593048520e-01 2.029744959467543741e-01
6.513706578081722709e-01 2.100405833317744719e-01
6.633050288725147459e-01 2.900263941881584540e-01
6.868586927002339193e-01 2.316019884169838727e-01
6.790399948466998570e-01 2.381728234277629142e-01
6.153191427306105021e-01 2.134500847967461812e-01
6.709194749802512847e-01 2.779856040294192976e-01
6.181753800173022118e-01 2.074583825092531919e-01
6.657130053893584032e-01 2.615845225552565489e-01
6.432259678098438682e-01 2.665861814072485458e-01
6.707224273878216181e-01 2.123701362101189094e-01
6.778876031505298716e-01 2.870971034998262561e-01
6.385032202754932218e-01 2.524542424614526492e-01
6.511365829357865787e-01 2.569182467734095754e-01
6.572365362727424776e-01 2.597254699287465662e-01
6.841975865585361305e-01 2.812961724054901524e-01
6.115437505678096297e-01 2.422713703035306310e-01
6.573764291356074541e-01 2.498624865604980316e-01
6.851410170094935914e-01 2.223640125642037946e-01
6.795422103531945091e-01 2.208327057583935882e-01
6.840077889798964472e-01 2.291060517115398043e-01
6.583240522035895825e-01 2.719627138509438935e-01
6.348895763874420339e-01 2.035124365279834258e-01
6.092815871449168696e-01 2.910786200141387003e-01
6.204236398039240097e-01 2.168126119396756035e-01
6.914791608927560729e-01 2.156582283756053875e-01
6.001579851244251973e-01 2.600839868037927993e-01
6.401538190952213991e-01 2.720937399511381138e-01
6.756710155394749506e-01 2.390658890902553624e-01
6.737947082134262411e-01 2.415285099982344419e-01
6.317889010454534882e-01 2.606762292615112386e-01
6.656623352920723047e-01 2.439406020864721414e-01
6.019524335945629634e-01 2.587749459281018516e-01
6.447910006289546692e-01 2.363722574654824604e-01
6.116965635666749002e-01 2.852520939056776839e-01
6.752178668634197800e-01 2.453011344267985172e-01
6.765522056980745047e-01 2.845858125812661399e-01
6.320313254447942342e-01 2.528599881890869483e-01
6.336266492176363396e-01 2.262080726414391896e-01
6.904910323224348057e-01 2.724642896453321472e-01
6.150246552830004321e-01 2.932344357168474858e-01
6.320123656351177566e-01 2.967669893494123690e-01
6.985133551452106238e-01 2.844057704920572305e-01
6.946431314624845754e-01 2.662085003606979861e-01
6.471455467624218638e-01 2.736222178921999260e-01
6.035063370022487605e-01 2.236557952176185804e-01
6.039285127220260785e-01 2.648371557973673851e-01
6.878313794608383880e-01 2.774197227642203889e-01
6.520637957270364327e-01 2.145127293870485730e-01
6.155506223293848445e-01 2.075526492878315976e-01
6.117063563159050865e-01 2.356002091358675721e-01
6.758347547861415228e-01 2.669694793730352234e-01
6.554939802427339757e-01 2.652846895311914421e-01
6.006384449937266501e-01 2.604177086340423442e-01
6.428387146290946985e-01 2.638521636403494131e-01
6.653568608552236086e-01 2.549436104855181684e-01
6.213148803290438060e-01 2.484650393177357253e-01
6.156790008811291459e-01 2.024860556113681764e-01
6.117721949981357321e-01 2.504972912805096819e-01
6.707494901438054713e-01 2.018271552840759098e-01
6.545119555451138771e-01 2.254508945049892576e-01
6.847776686361858323e-01 2.830593259330068667e-01
6.370265650113817735e-01 2.709797371136351551e-01
6.673488803908612654e-01 2.688867941514769266e-01
6.688587734050559508e-01 2.960924618290329824e-01
6.848096513480581571e-01 2.401024306913561723e-01
6.393134001962974544e-01 2.215876104709001981e-01
6.895282657729400189e-01 2.938197519849083950e-01
6.145902261795673782e-01 2.116458566500397376e-01
6.997513370425126888e-01 2.038766811198036710e-01
6.452878732166713593e-01 2.870290018776658902e-01
6.883810713015530158e-01 2.063674042194025837e-01
6.963789741537599332e-01 2.114998524368254529e-01
6.611251505402315765e-01 2.430159986463964472e-01
6.022070080513656221e-01 2.374862625903857438e-01
6.139798811963279590e-01 2.941508312115572732e-01
6.922393948812693987e-01 2.148655265572724238e-01
6.783319273205334898e-01 2.151527233639191905e-01
6.857398693349240348e-01 2.540421791441034305e-01
6.494746510297580988e-01 2.972416512964496382e-01
6.904916144030254221e-01 2.331404881206102786e-01
6.807268761644476029e-01 2.772266204619247554e-01
6.784423657807686636e-01 2.004221974955688879e-01
6.393752406977223357e-01 2.248668452600854628e-01
6.288103086471250602e-01 2.868239095835065644e-01
6.205881627805899248e-01 2.064028677256840028e-01
6.764794303737227121e-01 2.849088138306155038e-01
6.882491683917850711e-01 2.237338517076136180e-01
6.055967576073015834e-01 2.370333542064308463e-01
6.618684511224511846e-01 2.883469354954111274e-01
6.157417631783531631e-01 2.103497055896350609e-01
6.879141112904624267e-01 2.316710399644547891e-01
6.317892267917858407e-01 2.732089651176145551e-01
6.659313085537439392e-01 2.111513639096121442e-01
6.445824540964085747e-01 2.482611292414957094e-01
6.993294998853087918e-01 2.080841330913119902e-01
6.549674621444312450e-01 2.450103994659266760e-01
6.775483800174233462e-01 2.119180283054448721e-01
6.829283850098814002e-01 2.297388687932642726e-01
6.968135226445135721e-01 2.024930009922646379e-01
6.736191180605713980e-01 2.367235180071984302e-01
6.184308084023529828e-01 2.129963318940250594e-01
6.405243129931941226e-01 2.695055626493549905e-01
6.244979971193795887e-01 2.254597160384848309e-01
6.785327268007452783e-01 2.523993552076828628e-01
6.238341336275760041e-01 2.169895797038193797e-01
6.932522057121214276e-01 2.902585117856255059e-01
6.603539318717744910e-01 2.756201170289989122e-01
6.855006152205015413e-01 2.985985256686141120e-01
6.995340480136434946e-01 2.424438394659354234e-01
6.710268572978195234e-01 2.806484478870810984e-01
6.317773298690851913e-01 2.531672272525717360e-01
6.836249220762812273e-01 2.416074528072711947e-01
6.736213649492475142e-01 2.954975231458945584e-01
6.291293196713295677e-01 2.128042492734121827e-01
6.910746624901884516e-01 2.794517469669918208e-01
6.955009046768982905e-01 2.334197923415852749e-01
6.069689463752070413e-01 2.288760249572586170e-01
6.117871158770071816e-01 2.128313753346717241e-01
6.720535552642222799e-01 2.544809739401132642e-01
6.660295851750878127e-01 2.531124144281662325e-01
6.574016819032555414e-01 2.153347002057268700e-01
6.944202345387738839e-01 2.956490293882254039e-01
6.825892257369035043e-01 2.406100621491193137e-01
6.320153151545675474e-01 2.983475534258545059e-01
6.263823873168028467e-01 2.907789624051739241e-01
6.200142897257394647e-01 2.469310102030917164e-01
6.687082913650648219e-01 2.505727996842062044e-01
6.787472607551034987e-01 2.098677924012549434e-01
6.777946569640155294e-01 2.896962712150605301e-01
6.256371975727148538e-01 2.615180774917442164e-01
6.407657994589782691e-01 2.737390891809346471e-01
6.321619226954673376e-01 2.540092106480853484e-01
6.337506314431750054e-01 2.633329926038888158e-01
6.327237502311913175e-01 2.246437764643725576e-01
6.761849656136810216e-01 2.158651278141261731e-01
6.783441162528824897e-01 2.351184005635474361e-01
6.090506604945604696e-01 2.864833465286963365e-01
6.405559334459897114e-01 2.294231006800366846e-01
6.368266253026637624e-01 2.786153153374265057e-01
6.868616679067098829e-01 2.880226810422509276e-01
6.976560097795758697e-01 2.032642893398371731e-01
6.105486176949299626e-01 2.583765846673862776e-01
6.738742208386927501e-01 2.284037762084664969e-01
6.827231527763378827e-01 2.825652807061923011e-01
6.742142232407731806e-01 2.053543821206325615e-01
6.285480482025328497e-01 2.323767435483455046e-01
6.061864108452651445e-01 2.007632631839934012e-01
6.403432169572639276e-01 2.799975569245522489e-01
6.931422858666753672e-01 2.821898752964103751e-01
6.100440852524413593e-01 2.601498572264276943e-01
6.135207075567195023e-01 2.811607100084073663e-01
6.213639505306916000e-01 2.842607585362105782e-01
6.599001165595291818e-01 2.797165968643728351e-01
6.217918957015137194e-01 2.377347212864498460e-01
6.210725163725294706e-01 2.708085433161455668e-01
6.070118749444936013e-01 2.300985151179786026e-01
6.343884213571880926e-01 2.394287610881872252e-01
6.636111762383799517e-01 2.440529330514669415e-01
6.821917461880315781e-01 2.571779838416993758e-01
6.577339109615445434e-01 2.661905987751246316e-01
6.476938361429609436e-01 2.347403107738274819e-01
6.778622398945183258e-01 2.925900333483594240e-01
6.889174363039213267e-01 2.550616485793483212e-01
6.541756778138049233e-01 2.340904266155275359e-01
6.023387520107835735e-01 2.263032475401243193e-01
6.572937371228381176e-01 2.958070638502048877e-01
6.813937684913976556e-01 2.850176033939869069e-01
6.890779979309229475e-01 2.649865161034203331e-01
6.759098453955176833e-01 2.914060214933998916e-01
6.351250760761530945e-01 2.377020551000895709e-01
6.723282184269567807e-01 2.747396174902080879e-01
6.693674425483776558e-01 2.886661959627362384e-01
6.432342317627369743e-01 2.158737750696305135e-01
6.757675575646151511e-01 2.477514324973902615e-01
6.814920049216659503e-01 2.865737843365210868e-01
6.192158661640345674e-01 2.001365420109801896e-01
6.332711918589190025e-01 2.897123707657245362e-01
6.207997056250262879e-01 2.003855705054689573e-01
6.056464181169710637e-01 2.935388714991236658e-01
6.295751656220243131e-01 2.398132767120889908e-01
6.237298570297871159e-01 2.099742908989666867e-01
6.362856650541168779e-01 2.327264900453013263e-01
6.325277339850221558e-01 2.491023961230285633e-01
6.332436212648397955e-01 2.807594737008889396e-01
6.443444667142266269e-01 2.181063645483972691e-01
6.764112831140445259e-01 2.477010930686792400e-01
6.839791861054047573e-01 2.030616245692558330e-01
6.343336637994342331e-01 2.254078990620621559e-01
6.521987819940193720e-01 2.738580768809210642e-01
6.718267480332074104e-01 2.268217171553114087e-01
6.960451311735085245e-01 2.803556006975899684e-01
6.644882413654016329e-01 2.150436650796187510e-01
6.699485793315371751e-01 2.391163207117932288e-01
6.762928609175957728e-01 2.170485213311416639e-01
6.591169965764178684e-01 2.436249785738986429e-01
6.621369341531038177e-01 2.351462692464358351e-01
6.324688771695646805e-01 2.742336906113908013e-01
6.732970334803928258e-01 2.455895631563343173e-01
6.712533065149083322e-01 2.560344933546886970e-01
6.811462216008261628e-01 2.652119804077286425e-01
6.255978553281824617e-01 2.736206610120620053e-01
6.483214395090759474e-01 2.889109945482484232e-01
6.108581014372268525e-01 2.728221494845934902e-01
6.902456292416146999e-01 2.964574547179570363e-01
6.665719248865380475e-01 2.715780797661760393e-01
6.371911265166321225e-01 2.453547351533619247e-01
6.519571998359403597e-01 2.800370293628981488e-01
6.301563443627893335e-01 2.247998609532232961e-01
6.144851740693293429e-01 2.894748067991599338e-01
6.385726556633009032e-01 2.097048840023794380e-01
6.412509837665497647e-01 2.304856443947900513e-01
6.648943178559700851e-01 2.611887035978349147e-01
6.617141013951198802e-01 2.447463119509028506e-01
6.931831158431853712e-01 2.114219401709748758e-01
6.466741660558580351e-01 2.682539535774745576e-01
6.441711423854679097e-01 2.879038561994679002e-01
6.567716520429736082e-01 2.309180040962517111e-01
6.677261778973347939e-01 2.985742678235704384e-01
6.142861882081742664e-01 2.295260451638113097e-01
6.332202593580831262e-01 2.274045114543994939e-01
6.346546219784264808e-01 2.637272459938775349e-01
6.361039027251672584e-01 2.467228702147676866e-01
6.494429162506578646e-01 2.915684002535144925e-01
6.517022842368540569e-01 2.391771245796300016e-01
6.877020703755049036e-01 2.797555823172097056e-01
6.531653277214973796e-01 2.032031530345387027e-01
6.284585366937729400e-01 2.792106471729575712e-01
6.210541045889823586e-01 2.742528664278495176e-01
6.343144790754045026e-01 2.047374428201312879e-01
6.049479711160018480e-01 2.603196278045492029e-01
6.335612376113596289e-01 2.417187461553155226e-01
6.667007160585617376e-01 2.899475865606365721e-01
6.954455693318416509e-01 2.897795902138755597e-01
6.822682284068464220e-01 2.602887727306450460e-01
6.581415831094389324e-01 2.546087814575456743e-01
6.328487101440084528e-01 2.797727205672244644e-01
6.023164253631481113e-01 2.872742108232700375e-01
6.930992838558852620e-01 2.404839785643055616e-01
6.256152777411293497e-01 2.825596179590005308e-01
6.435443724090432749e-01 2.767876802229836120e-01
6.299157669975016249e-01 2.444161545276144765e-01
6.083133652033267946e-01 2.179620943693975077e-01
6.369559217842583054e-01 2.572837385975157987e-01
6.998809556927964026e-01 2.966638820311429114e-01
6.828573135559427021e-01 2.990896582160751382e-01
6.929483479589276795e-01 2.684802882715356387e-01
6.989789252348378445e-01 2.269690218152166095e-01
6.099728066150860162e-01 2.998025725016236209e-01
6.521270953747471122e-01 2.244113787569555485e-01
6.167914349312205724e-01 2.518568170775581927e-01
6.692217704197371830e-01 2.200686332280319957e-01
6.403135115612880179e-01 2.151507636255525213e-01
6.817177294967208256e-01 2.158501991730643610e-01
6.864085194626696751e-01 2.185209538354619396e-01
6.614395096340466296e-01 2.302655841304867557e-01
6.857300441097057275e-01 2.945096061974580848e-01
6.704142684718522593e-01 2.393868602065989393e-01
6.400706246900087493e-01 2.911604983567468441e-01
6.594506616645122721e-01 2.294594404484096573e-01
6.041071999816399751e-01 2.199117117125183873e-01
6.294892263310694069e-01 2.219832491443138878e-01
6.751281185561589515e-01 2.384002190121830567e-01
6.538858948406476301e-01 2.302945506864719771e-01
6.725693298321181457e-01 2.665714636255916425e-01
6.135529210518504417e-01 2.207994887357446756e-01
6.100938499985401053e-01 2.078345390876846221e-01
6.398268793026624657e-01 2.134632383349188700e-01
6.211626986579538157e-01 2.747458510892438199e-01
6.140082465840567272e-01 2.617600651984134386e-01
6.786242252669328900e-01 2.792624112750520804e-01
6.654928869098709621e-01 2.698949185859326194e-01
6.976085608608025845e-01 2.225190650606941878e-01
6.082647403661215479e-01 2.810510670583597492e-01
6.178099017712873620e-01 2.571077815099445663e-01
6.575936953399396101e-01 2.229612920590753056e-01
6.448190275631314750e-01 2.721874851921686211e-01
6.220062901964987789e-01 2.108711280834627833e-01
6.056325712755303847e-01 2.257210167767169651e-01
6.485679391435429375e-01 2.955495545336103147e-01
6.092889651268249551e-01 2.274226727827975414e-01
6.667873611520065413e-01 2.243579306507500482e-01
6.639265228938013852e-01 2.244515787360837900e-01
6.235368002007380950e-01 2.277083335205877246e-01
6.244939343172567492e-01 2.031490726641386746e-01
6.143129077053014475e-01 2.155312357788259914e-01
6.256513064990615325e-01 2.677333522280285205e-01
6.812734728935561090e-01 2.541343815841324294e-01
6.407835190746538068e-01 2.400961137713827354e-01
6.944173543894990308e-01 2.874975199365603640e-01
6.605964300027963310e-01 2.706099182864663555e-01
6.106513903464052540e-01 2.842625602389708961e-01
6.251675665516064351e-01 2.511027900485500730e-01
6.850499482176853894e-01 2.015649441815548504e-01
6.761831254839177907e-01 2.746942177954232456e-01
6.662650094669434475e-01 2.978564608203824182e-01
6.819119062743295157e-01 2.097298467663564758e-01
6.238143973135090725e-01 2.744578770661924016e-01
6.203701083187757037e-01 2.475106618750989862e-01
6.329544784061083007e-01 2.162615510773695515e-01
6.321119450825213315e-01 2.353946986001368979e-01
6.216563975850306623e-01 2.488056967273155895e-01
6.279332875372269918e-01 2.291938736779330910e-01
6.870414188080572471e-01 2.381817552608893329e-01
6.451197184189220168e-01 2.364120163242036665e-01
6.004991630506161249e-01 2.328326002844664233e-01
6.940905703028353857e-01 2.761441897896949604e-01
6.016738126003886578e-01 2.094149401033141566e-01
6.804567969701815766e-01 2.110440997634250859e-01
6.133931066197400028e-01 2.639728179613094472e-01
6.259498478313659797e-01 2.483816086862573602e-01
6.113314400436524743e-01 2.246658280942396280e-01
6.996693797417228300e-01 2.062429710924824910e-01
6.440407690177653022e-01 2.472021926837731920e-01
6.647056753631768178e-01 2.683469297066345405e-01
6.613098654976086177e-01 2.014512085453662449e-01
6.162197905407624798e-01 2.424475688547161611e-01
6.572202512986264900e-01 2.302827641642697376e-01
6.399150106848097153e-01 2.078064263281025892e-01
6.681726763175347417e-01 2.475805897369025288e-01
6.440741956777125132e-01 2.058036771963708267e-01
6.547243856310932530e-01 2.854479804020185196e-01
6.016897187746496067e-01 2.087773307112825716e-01
6.613079954536368321e-01 2.908637060882796055e-01
6.515615811342599928e-01 2.981711778116841738e-01
6.673120921225542679e-01 2.777590997826768215e-01
6.845500714439963774e-01 2.455748861263618577e-01
6.930580198943531167e-01 2.283830849902484805e-01
6.859058856147000061e-01 2.441399086153220321e-01
6.292151714334205392e-01 2.165172969299049843e-01
6.087721377677882684e-01 2.248023969852964987e-01
6.123193522538188382e-01 2.349893065038878848e-01
6.247603446578232633e-01 2.853025318594332727e-01
6.672432255832915216e-01 2.355412900610418248e-01
6.291955021211282917e-01 2.576752008636693514e-01
6.215684774603033036e-01 2.129135393075327620e-01
6.695836967702225584e-01 2.769086080860568844e-01
6.291269450632721583e-01 2.671736916456146638e-01
6.897634830677215056e-01 2.593464947637014184e-01
6.291167398193966420e-01 2.822016291997395676e-01
6.594110047932932872e-01 2.082514324549938900e-01
6.754980518805298040e-01 2.465371147258376139e-01
6.596568033304252010e-01 2.047917425198618746e-01
6.226955311833841655e-01 2.850278527614240054e-01
6.151279539411427244e-01 2.029930626539238059e-01
6.056789758537410862e-01 2.922964042897309156e-01
6.360639185723048206e-01 2.784035342099588362e-01
6.030618529101646752e-01 2.188404304922529908e-01
6.062502914678609134e-01 2.883275050711170961e-01
6.681422155509997296e-01 2.507009161638409922e-01
6.568639103694515757e-01 2.772697737811935514e-01
6.963003352195874518e-01 2.658435126187428388e-01
6.760930681277202980e-01 2.903454590710713434e-01
6.532715011153827911e-01 2.732460226974147144e-01
6.620565810995940881e-01 2.236664491324251991e-01
6.242835538277913265e-01 2.440845254573084655e-01
6.105267718120234166e-01 2.571820110964841977e-01
6.139528655236654586e-01 2.266679868452003976e-01
6.785935266175202596e-01 2.146881936921664069e-01
6.926380098236079030e-01 2.651057968529446085e-01
6.505032934555944335e-01 2.600280503087435413e-01
6.944268704114191504e-01 2.626185852545303012e-01
6.039332090217758298e-01 2.795046509769281151e-01
6.399898713213962864e-01 2.536622086161628431e-01
6.169821230109874266e-01 2.464736273108216191e-01
6.758945688853809086e-01 2.920916586470043153e-01
6.887126939821999194e-01 2.766907112201554830e-01
6.208886330831246969e-01 2.991806625190950863e-01
6.303659751856118820e-01 2.260359389525604668e-01
6.839474050908878056e-01 2.722450806260508505e-01
6.903484696068200588e-01 2.101577744850630092e-01
6.311413328840789205e-01 2.582552302930162247e-01
6.657309610543677980e-01 2.373957582437505875e-01
6.668709811741300175e-01 2.933991957417949603e-01
6.458299438428812822e-01 2.176863257545522956e-01
6.927264200598854949e-01 2.747171210895839044e-01
6.377009371598747478e-01 2.847392776501173062e-01
6.498218195614904324e-01 2.467205843431158341e-01
6.913705057053810554e-01 2.681733704247767358e-01
6.135124459462495405e-01 2.597476882783115726e-01
6.635001885428342128e-01 2.313366488077890359e-01
6.494895186642060114e-01 2.097454425719720017e-01
6.525797184356910696e-01 2.033211694372962508e-01
6.901204489096239847e-01 2.850638980248269561e-01
6.291814133394906250e-01 2.983020493651212246e-01
6.977209303621180192e-01 2.357601783532556894e-01
6.417931159529215446e-01 2.557172450425793109e-01
6.127389637147517831e-01 2.032675641672705424e-01
6.645875013346314031e-01 2.020851578049810970e-01
6.033804184678441818e-01 2.602519012131039311e-01
6.495488142338132764e-01 2.815151557619027245e-01
6.224062487607312510e-01 2.102902389425891361e-01
6.444490872122754510e-01 2.456749072122255684e-01
6.843063880531033982e-01 2.871663415430472654e-01
6.493285836586515369e-01 2.032548955699646220e-01
6.177428898086434472e-01 2.768067279192347185e-01
6.853856373160891469e-01 2.259048594993790793e-01
6.339328687116093652e-01 2.364213714765383278e-01
6.307528461387230667e-01 2.147664849948607568e-01
6.517653525376474466e-01 2.459433479477912132e-01
6.104192086163576780e-01 2.236676802037864120e-01
6.697172583333342866e-01 2.387053094808597731e-01
6.550140576971150708e-01 2.777261145330972569e-01
6.056909165348717261e-01 2.257854996096805289e-01
6.650492631506158547e-01 2.420255742846828539e-01
6.218692792343530895e-01 2.084985299445757945e-01
6.261108889851907389e-01 2.609924111774027389e-01
6.246809432178045407e-01 2.271605201626538117e-01
6.667721810527799109e-01 2.766416904536335708e-01
6.021165673745704217e-01 2.230319206266762611e-01
6.596272385954600193e-01 2.955228387846919880e-01
6.600193284057618293e-01 2.557515048626489151e-01
6.903582992096189974e-01 2.444878969517426115e-01
6.346416189186288026e-01 2.666982668064939443e-01
6.942670064367506555e-01 2.122509225168115743e-01
6.265938001378128508e-01 2.715677401097483235e-01
6.431152960576961286e-01 2.185828319354115590e-01
6.204698085683785225e-01 2.815770925644843214e-01
6.127541589300736780e-01 2.783125020464295996e-01
6.592949325754637879e-01 2.854860047520047517e-01
6.200708194018190733e-01 2.145322549757215924e-01
6.518787423956718952e-01 2.195447394738400670e-01
6.666374444982521297e-01 2.712515894555911355e-01
6.060002069956504922e-01 2.197734774768838051e-01
6.686929001021134633e-01 2.602983286021254283e-01
6.339574089723591932e-01 2.980982945613647184e-01
6.415235130483084580e-01 2.601094849514131169e-01
6.750280162554448404e-01 2.514184512422190099e-01
6.288979866749944136e-01 2.735190746801345885e-01
6.752287505326584061e-01 2.531239456018194445e-01
6.210113355738777763e-01 2.096798867135225564e-01
6.124585610988849682e-01 2.508641681748563501e-01
6.739903383787414493e-01 2.625097574675355760e-01
6.255657521738271498e-01 2.467477961469318193e-01
6.366831040642608741e-01 2.140950911999265904e-01
6.035173179685359157e-01 2.685251187215894064e-01
6.954015734528498083e-01 2.171004209434666543e-01
6.970736163923195727e-01 2.596388939676166907e-01
6.263516442392517147e-01 2.329455941939445329e-01
6.878432997305260477e-01 2.214998762024759926e-01
6.346978393466767843e-01 2.356842491707186737e-01
6.132522641217152959e-01 2.683166879414649042e-01
6.096857122025465259e-01 2.976479188999028302e-01
6.002732465990484600e-01 2.478436572789504411e-01
6.081666401716053771e-01 2.302542745785989831e-01
6.214746583473105268e-01 2.202515877762029339e-01
6.008373318642755700e-01 2.819736864235509732e-01
6.869571028580532257e-01 2.994010770656494458e-01
6.365292724167213034e-01 2.081290063170792015e-01
6.246649719926782307e-01 2.460269629559924676e-01
6.673583158827814943e-01 2.794633246722610376e-01
6.740646705895435575e-01 2.698072234754489984e-01
6.537806591094674769e-01 2.542477591037048956e-01
6.598221379831580302e-01 2.257270240849971743e-01
6.911385504861464746e-01 2.579846627077382881e-01
6.515673739305719581e-01 2.527713222663972026e-01
6.848445148957292838e-01 2.859637710144649625e-01
6.215605635713811195e-01 2.788836848772009991e-01
6.794766210389469041e-01 2.516335733548691334e-01
6.643453200041111728e-01 2.740414551922004116e-01
6.357959564158220944e-01 2.894908521011030356e-01
6.622982726863706482e-01 2.664716065431556591e-01
6.359085965952527841e-01 2.573057692568199162e-01
6.886729684380834549e-01 2.986963425898737090e-01
6.202957893580821613e-01 2.273839766273787477e-01
6.249436475229512844e-01 2.407526546756238728e-01
6.729136494426786186e-01 2.475821064192226806e-01
6.267185093104089555e-01 2.084078318409430808e-01
6.409670306718332489e-01 2.489268715194168924e-01
6.422115303211832771e-01 2.275896741985736216e-01
6.264831367265508710e-01 2.846070939006593026e-01
6.271056535175095759e-01 2.193943064823008215e-01
6.570226796536450253e-01 2.576671776786727541e-01
6.824582288258852492e-01 2.556242491170616082e-01
6.525027123591852218e-01 2.202704187525843516e-01
6.610527304897375611e-01 2.520336335778353698e-01
6.705891937077987919e-01 2.326236290051107991e-01
6.921706719708590194e-01 2.998301503846287908e-01
6.430734978294614379e-01 2.044130542645033188e-01
6.930574046531877697e-01 2.719981572455057450e-01
6.639006545148605776e-01 2.097248773765829633e-01
6.894117863667692525e-01 2.744146856755877439e-01
6.097590862728929917e-01 2.909909347179137629e-01
6.456773590709004029e-01 2.189137422899130603e-01
6.001260832744924612e-01 2.049354979688869094e-01
6.713610080963404725e-01 2.981102576744809052e-01
6.993626437486313296e-01 2.057867624126442085e-01
6.971974149778434882e-01 2.159973391489750094e-01
6.380551668580343172e-01 2.956279671664617803e-01
6.194707084518303875e-01 2.086748702107092679e-01
6.504109909613644547e-01 2.810704476177477984e-01
6.840030284460145715e-01 2.299801697478077722e-01
6.721362323617611212e-01 2.134083027059220372e-01
6.722440362145463144e-01 2.046014782299186985e-01
6.525500887824183804e-01 2.568050688069999921e-01
6.468100834832399837e-01 2.125715518783344860e-01
6.932687246485399468e-01 2.613982260695166815e-01
6.630782117512764584e-01 2.016940302720593436e-01
6.312250474509015774e-01 2.302822272305743712e-01
6.411633972547488014e-01 2.479143429817884381e-01
6.690788210477086606e-01 2.774386934854539133e-01
6.479112916364254682e-01 2.693321302538594364e-01
6.194684413389597299e-01 2.556143076969277228e-01
6.562573531950856021e-01 2.094337514795148181e-01
6.169811852062346835e-01 2.230843385595095152e-01
6.630488692605094325e-01 2.569075256560753306e-01
6.711114478832970187e-01 2.058976930128090799e-01
6.182758735103769387e-01 2.615399221309356315e-01
6.975608338793076735e-01 2.791536274199717949e-01
6.411411339852838287e-01 2.119271245865695374e-01
6.938626816411191944e-01 2.887708247934975270e-01
6.762853777771825614e-01 2.269233643312656701e-01
6.580370508014905528e-01 2.270779261931418214e-01
6.881706833239421561e-01 2.930843764526073203e-01
6.763346603131471513e-01 2.760484387356777480e-01
6.867315074613872250e-01 2.980911813265983423e-01
6.876015375387843909e-01 2.160825241597636448e-01
6.823162193937909459e-01 2.789328685029335286e-01
6.634359092477768449e-01 2.632774910577200256e-01
6.895076309632860445e-01 2.203670315944554203e-01
6.825140406859212527e-01 2.002281766136883023e-01
6.164328560912317734e-01 2.017635810415093767e-01
6.370440159645245348e-01 2.468823786088048533e-01
6.217421936626705836e-01 2.923393283315646740e-01
6.218042418466199761e-01 2.741261373398943268e-01
6.782979134140181277e-01 2.167883219623256141e-01
6.355699072617003731e-01 2.614230867597682195e-01
6.294483433210326107e-01 2.065634347949747429e-01
6.464185531935764395e-01 2.766572863305981067e-01
6.025735032602808072e-01 2.932809729229800544e-01
6.699587020613403388e-01 2.239303106261589515e-01
6.508713103648262610e-01 2.796169688379385176e-01
6.350513675550696346e-01 2.015525513627253740e-01
6.544629433064043100e-01 2.702755146675382414e-01
6.687222422104618369e-01 2.895912766219845835e-01
6.261921692842620235e-01 2.450440543338267552e-01
6.574544714574493964e-01 2.467935484148075509e-01
6.673810437662928141e-01 2.747665156800997432e-01
6.114515018416575298e-01 2.963894720671446659e-01
6.287108492057469356e-01 2.657183629682738912e-01
6.022840775417696024e-01 2.775156859269640730e-01
6.215253750970715085e-01 2.084432557206897796e-01
6.809539936065888144e-01 2.412219121342756845e-01
6.651901022243013051e-01 2.958646791917924346e-01
6.363008130123765094e-01 2.872291317508292030e-01
6.894992576399602280e-01 2.706365999339069850e-01
6.165468437084800080e-01 2.695218026642041131e-01
6.476237076003287241e-01 2.841021566083424821e-01
6.953002427198630153e-01 2.395483485007735835e-01
6.192506343931577506e-01 2.600008596991052467e-01
6.912673305452440298e-01 2.544281304210369576e-01
6.733031931606521248e-01 2.681914966202005868e-01
6.991419242904129971e-01 2.113941622857959668e-01
6.208195665235020089e-01 2.822174051411523443e-01
6.126940968402485588e-01 2.191797473812032715e-01
6.276071432382601678e-01 2.702891755360344872e-01
6.692629601109643112e-01 2.278630939304923664e-01
6.760183119100537930e-01 2.540633521870825362e-01
6.545311194087414242e-01 2.333878539579900546e-01
6.051862455215332171e-01 2.372828188029318386e-01
6.811601982235165886e-01 2.581712196107039392e-01
6.130111488700970002e-01 2.354669497357805008e-01
6.531958453317380231e-01 2.724844435245903362e-01
6.075507357488658666e-01 2.178601135707895486e-01
6.029019403789344089e-01 2.599034342768404282e-01
6.026058344928498789e-01 2.138194658548026872e-01
6.257470796763201504e-01 2.028764073709536375e-01
6.686535752593736337e-01 2.213882842477102875e-01
6.151040064029275056e-01 2.530118571940783156e-01
6.475304010222729945e-01 2.848330508599637989e-01
6.832856077303782749e-01 2.127474057713586997e-01
6.917050244591556041e-01 2.465580308913321861e-01
6.850972333842476614e-01 2.820579536036788570e-01
6.224634560094011171e-01 2.610814788242062923e-01
6.723133536558989487e-01 2.670079638822382972e-01
6.826169163013058316e-01 2.999328451968845677e-01
6.291059283998505780e-01 2.797095837816280239e-01
6.764850895428956568e-01 2.412562625696526575e-01
6.994846226746194162e-01 2.904919572475158640e-01
6.353508011278482526e-01 2.184397228953833259e-01
6.884021021742162683e-01 2.216341845731532034e-01
6.801460686584798188e-01 2.102993615326008703e-01
6.465537491346448062e-01 2.185537091339001536e-01
6.371680758881064222e-01 2.878452993204059784e-01
6.604456476640042650e-01 2.780025729214833374e-01
6.998362920409547661e-01 2.824676308696004723e-01
6.459421596792418452e-01 2.652298019829451015e-01
6.200266529090153744e-01 2.915286912233215899e-01
6.231927009950034568e-01 2.640074610282340251e-01
6.362378331566658218e-01 2.684124463782520120e-01
6.289287395512901391e-01 2.095839779876367825e-01
6.319245467698447749e-01 2.011837537509815754e-01
6.779111418685189738e-01 2.265147550631266826e-01
6.962986688722933026e-01 2.969290026173757036e-01
6.004663822897441383e-01 2.322379136384598586e-01
6.417933750946720473e-01 2.386517276574427471e-01
6.434169080485517833e-01 2.444999717724322119e-01
6.699276968296787871e-01 2.240720084764866171e-01
6.031346736924531049e-01 2.516373298803689651e-01
6.549087912960683822e-01 2.947380343700528593e-01
6.723221636586234062e-01 2.758312174505335723e-01
6.967642410241378093e-01 2.531698161096868627e-01
6.675323275310180993e-01 2.140202311984856498e-01
6.027485506844248997e-01 2.059407733779680116e-01
6.377377096086933594e-01 2.675347857931199558e-01
6.287421424455795771e-01 2.988182013874242093e-01
6.642164583117332599e-01 2.999136047096995217e-01
6.391830700635270368e-01 2.702499689704657149e-01
6.384798816870609350e-01 2.734959037274053428e-01
