6.935356887044114016e-01 3.711609512513254772e-01
6.897402541771082696e-01 3.683184340237097842e-01
6.196154209310603678e-01 3.483827584896079244e-01
6.580440896655914695e-01 3.530971695128192200e-01
6.514987225026672713e-01 3.787914119487395537e-01
6.271647868194762943e-01 3.492503121345746919e-01
6.699350203607361554e-01 3.436853104828250238e-01
6.574722584373302592e-01 3.390706768884994560e-01
6.365730570459869897e-01 3.481490582468159678e-01
6.036151492140751085e-01 3.017036438335138349e-01
6.323434797651231731e-01 3.031677785545447423e-01
6.158800822069755432e-01 3.705270295320808871e-01
6.631144850573371663e-01 3.452600039308771351e-01
6.079696191759474955e-01 3.630443517871750347e-01
6.165092694587865907e-01 3.548111385975695198e-01
6.745142317647955243e-01 3.560099688174644950e-01
6.677099261839180011e-01 3.506386156647448016e-01
6.210336728779148885e-01 3.366145045404612679e-01
6.936656079109808637e-01 3.646689867004715424e-01
6.521542640180965078e-01 3.217307093611208035e-01
6.941615927100478478e-01 3.327571247544291455e-01
6.368460862790733534e-01 3.104969705575855721e-01
6.424013406834779838e-01 3.410785468443383595e-01
6.802969092782802374e-01 3.299212924855516871e-01
6.014341989606799554e-01 3.564795696473432307e-01
6.276590882684084383e-01 3.417713660625866234e-01
6.207041789421181566e-01 3.461576961830391541e-01
6.219176457381424550e-01 3.940332794413554662e-01
6.895321688577494834e-01 3.197150750156615984e-01
6.181493462310150289e-01 3.951128107890530261e-01
6.323320176632158951e-01 3.540027143546148336e-01
6.623068995442410456e-01 3.069074554603984373e-01
6.142896302044524859e-01 3.519198536398984722e-01
6.857661998327221342e-01 3.503861656662540791e-01
6.065386416377860357e-01 3.146432874544391467e-01
6.170511851208277943e-01 3.812588965094212967e-01
6.668555872298035370e-01 3.562002875209216990e-01
6.834419240086426761e-01 3.738206135999411761e-01
6.724683985953223697e-01 3.547470086894238261e-01
6.600651675457547274e-01 3.239808995311177497e-01
6.856696896123972707e-01 3.690656667469142116e-01
6.920802482305149494e-01 3.954200834135502829e-01
6.689604954695331784e-01 3.003204753835183594e-01
6.109258740166735313e-01 3.626048907583689918e-01
6.944800674798801143e-01 3.871264883462715023e-01
6.805548511513939136e-01 3.502635094296246421e-01
6.637292275770597660e-01 3.957737067410039833e-01
6.550366649100769489e-01 3.289559692203150032e-01
6.072508485431021841e-01 3.904431613479557583e-01
6.068640713613782101e-01 3.183773460757370888e-01
6.573538787419629381e-01 3.108239207032473805e-01
6.250796801980627038e-01 3.951791528594160718e-01
6.129808127344263946e-01 3.857809857669758924e-01
6.590305109203341560e-01 3.855660600351302203e-01
6.060008011485008561e-01 3.795335404421036340e-01
6.499965414870139124e-01 3.288270420145901207e-01
6.771063215766232046e-01 3.852346080852470100e-01
6.158321905791978024e-01 3.013529459926757026e-01
6.763690726516051743e-01 3.188949463388253136e-01
6.679034273015415080e-01 3.468442222941677811e-01
6.596417780734238345e-01 3.982983830467293207e-01
6.468508007058147991e-01 3.591951015806117420e-01
6.329727934193580818e-01 3.290005816440497721e-01
6.886157389703569942e-01 3.667764696807137570e-01
6.605204418727076421e-01 3.700289901470157350e-01
6.899014743315444731e-01 3.260882591175316980e-01
6.848505009964006573e-01 3.913359100379843469e-01
6.180844793653875735e-01 3.782815597145504638e-01
6.220052780068285880e-01 3.909390145101201419e-01
6.881374003795373007e-01 3.681935724119566600e-01
6.830983513980692923e-01 3.512631601926395342e-01
6.902535048361611025e-01 3.483579753058496653e-01
6.783533333044664548e-01 3.260232758504107986e-01
6.659011339705832588e-01 3.476511124254042517e-01
6.309497570891575702e-01 3.352395557048187813e-01
6.783569328329037695e-01 3.794701199994608420e-01
6.638161061681033814e-01 3.800130679009317003e-01
6.164776598667426333e-01 3.612587392520052454e-01
6.968207424549692774e-01 3.084557861615195296e-01
6.967439702624123044e-01 3.621354135502830029e-01
6.088967335532385894e-01 3.937203414310938010e-01
6.417791544890477651e-01 3.288643691762241916e-01
6.248539436784077417e-01 3.717879998930089247e-01
6.117023823056365606e-01 3.181646809749564264e-01
6.885168264125280935e-01 3.327172564367839036e-01
6.665069943619531534e-01 3.589408555429602909e-01
6.115063156801405775e-01 3.211863637880637556e-01
6.299701959630877868e-01 3.673435864132748030e-01
6.618995592506413672e-01 3.158234391000573904e-01
6.957536145814969819e-01 3.063574737203546561e-01
6.724865527667581722e-01 3.090941002525137149e-01
6.825951577198910991e-01 3.706516981333412564e-01
6.512862036457073289e-01 3.286883673604800160e-01
6.852106723973080404e-01 3.639484867874733798e-01
6.332850996179230085e-01 3.658378543816580564e-01
6.194428715378743622e-01 3.947750840671163663e-01
6.809860497010100655e-01 3.118612975805768461e-01
6.361541461373489970e-01 3.901048662618878393e-01
6.964256547365731409e-01 3.848278957074114937e-01
6.969060775083945058e-01 3.976697082772802649e-01
6.651137745625067543e-01 3.428505388712912438e-01
6.800936067166535315e-01 3.299277865644490437e-01
6.914604158163021319e-01 3.714299929007228718e-01
6.355716622061784449e-01 3.820856730435509552e-01
6.036010051210720651e-01 3.205186056216454693e-01
6.576480718334084541e-01 3.062112272528142443e-01
6.028654401684699904e-01 3.116606917221927953e-01
6.179951874890007302e-01 3.379006689542720654e-01
6.221440879017073877e-01 3.016503642623312165e-01
6.278483049893855972e-01 3.077297179400351745e-01
6.430915634292362348e-01 3.367440436964895811e-01
6.757796374333031597e-01 3.864908254838150814e-01
6.811196386385813817e-01 3.910964534370612311e-01
6.541162501765445114e-01 3.355182860321137550e-01
6.321408313718900329e-01 3.586197614705671222e-01
6.112404147151255795e-01 3.702975229077993813e-01
6.910844314127401189e-01 3.277260361343082851e-01
6.607821328435548036e-01 3.152353422639109781e-01
6.877596916685243533e-01 3.153475868144726690e-01
6.642678261284019614e-01 3.690168609884389439e-01
6.062778433510520593e-01 3.380236710740791017e-01
6.621667218771279950e-01 3.483685925540302986e-01
6.708671169166996462e-01 3.102894979847685697e-01
6.898489481156893088e-01 3.064893661913314360e-01
6.710472778834892793e-01 3.181027793143321736e-01
6.323801212327935239e-01 3.572635965854964457e-01
6.547560840890841449e-01 3.704347392796916161e-01
6.351500886223673259e-01 3.992724684046878858e-01
6.774791692047267277e-01 3.126513065561261073e-01
6.984538769801778013e-01 3.444694417534403530e-01
6.340820614054417659e-01 3.196593227916521562e-01
6.527605471615253174e-01 3.519485933847431025e-01
6.144333329778622899e-01 3.412989926556581066e-01
6.917375761608153262e-01 3.845959833355238056e-01
6.590640187016105767e-01 3.644377828244731998e-01
6.854401448585755174e-01 3.680327378197897903e-01
6.268054886976213158e-01 3.454868441691141268e-01
6.836773244303172570e-01 3.541115186538678072e-01
6.041386412036325870e-01 3.561458733094435281e-01
6.933092117369136220e-01 3.969628000449543226e-01
6.549844922736736130e-01 3.169129526964691301e-01
6.937167562822528222e-01 3.856569979795627101e-01
6.332461189473196361e-01 3.461263460392266511e-01
6.984891146673992690e-01 3.482352777460442916e-01
6.018865990474532301e-01 3.568666653412592704e-01
6.279921114719306807e-01 3.486816828607496310e-01
6.061463122529282543e-01 3.790716143970827567e-01
6.365611378720806846e-01 3.927536941729357634e-01
6.937700835605782324e-01 3.265318325064127114e-01
6.365710380629465703e-01 3.703677718075841785e-01
6.619967699776233561e-01 3.812156315329607303e-01
6.673463734969348193e-01 3.146957903664229783e-01
6.067060024592342282e-01 3.434423517118215252e-01
6.043636586302383318e-01 3.087689637359520844e-01
6.972483980685116878e-01 3.660325977322387292e-01
6.529510126566397954e-01 3.952383205951829348e-01
6.990557817174983812e-01 3.303525906067332207e-01
6.550030432303598493e-01 3.585453267536913846e-01
6.867465971731213648e-01 3.814916257553839229e-01
6.129551327401434602e-01 3.711307135021901238e-01
6.158365461925154882e-01 3.226381945924894357e-01
6.711091312622169403e-01 3.726948156233489962e-01
6.739669603462632441e-01 3.626859140750341992e-01
6.661674353757621736e-01 3.058422918059351403e-01
6.238457185699624041e-01 3.894324272475597759e-01
6.852422750030597864e-01 3.663847920428406901e-01
6.864825806810217479e-01 3.945282254144484857e-01
6.325453042898238065e-01 3.912172778488251512e-01
6.789245524986462499e-01 3.566529767404650331e-01
6.418543433890535610e-01 3.434717394496802356e-01
6.567401546824780389e-01 3.774122583427532707e-01
6.788002088338238593e-01 3.240613749962898971e-01
6.396573353429777509e-01 3.004111174339274548e-01
6.842697867637571596e-01 3.244396629578578106e-01
6.381636023130158319e-01 3.252056775526580568e-01
6.491307494794839039e-01 3.039609547890539387e-01
6.238271532802379671e-01 3.158392792164107510e-01
6.783522119999489952e-01 3.496498358075957325e-01
6.937072073181816956e-01 3.642633876922996006e-01
6.217746451061667567e-01 3.063041038271618333e-01
6.338042559211136684e-01 3.016974709451042957e-01
6.980777718579589397e-01 3.008195214569828191e-01
6.440722014107778115e-01 3.705750480859754670e-01
6.922375292268045932e-01 3.362658844657151480e-01
6.799131374791584914e-01 3.672393038538155352e-01
6.357865234369517449e-01 3.500563871083262613e-01
6.846646528617774674e-01 3.217775697495666165e-01
6.644823997284511341e-01 3.752011941404730377e-01
6.373732042111640572e-01 3.453286724952008280e-01
6.403606446967818888e-01 3.932683144364034211e-01
6.017399107564178617e-01 3.984269792011947420e-01
6.968183279678561437e-01 3.347573587174109688e-01
6.319609166213971951e-01 3.656937086890517663e-01
6.049329496629108904e-01 3.525158341946263429e-01
6.888875310185570422e-01 3.291329709919161850e-01
6.728619030402946954e-01 3.978260414212709262e-01
6.978056130839600524e-01 3.960587632004577974e-01
6.890805167974702883e-01 3.792703911204178824e-01
6.698372582845247836e-01 3.598458657691473439e-01
6.679731211726466222e-01 3.851871721425138562e-01
6.326478660353515027e-01 3.271638775400462773e-01
6.658916894153031896e-01 3.988112641067502184e-01
6.708864150305889895e-01 3.371936390602603417e-01
6.286728823289798873e-01 3.863888348495999048e-01
6.254723654697095236e-01 3.258885818408406854e-01
6.544642020917572633e-01 3.899334433440162506e-01
6.523344157160576584e-01 3.380212068414503168e-01
6.381899072384741300e-01 3.545846532440973808e-01
6.853190801068913540e-01 3.971957321144500841e-01
6.386506472043438354e-01 3.660039664610788002e-01
6.707800671267626358e-01 3.475544467100914470e-01
6.276741494375603914e-01 3.257770742046789958e-01
6.528320143497764461e-01 3.229572181066442393e-01
6.689119798624459934e-01 3.066664275770323855e-01
6.087677725480574731e-01 3.356576992433162321e-01
6.661349969242948976e-01 3.987667891025105105e-01
6.822681879716759878e-01 3.295707347928772957e-01
6.167980291149220973e-01 3.786524980660240236e-01
6.118554419358993579e-01 3.414213478920382627e-01
6.211720898886357034e-01 3.691969081517760265e-01
6.538274437149647067e-01 3.439973316018288263e-01
6.557645860472937072e-01 3.181267158246726678e-01
6.860762004277988213e-01 3.213858024836083183e-01
6.715044923660786758e-01 3.544751654722509415e-01
6.207809493553009261e-01 3.866158221741161638e-01
6.637750394841104296e-01 3.227651741655587769e-01
6.806153519755974157e-01 3.767274212215426799e-01
6.713422753795600384e-01 3.689166784434830260e-01
6.570216511252403579e-01 3.185600900864523632e-01
6.493416037846551081e-01 3.839174225478390601e-01
6.266284946628674080e-01 3.157988109706290625e-01
6.293433018080212271e-01 3.543183181845676599e-01
6.957842805351844850e-01 3.409605620551022787e-01
6.651267488568139985e-01 3.016823614911109952e-01
6.507343692243851008e-01 3.372888205389392158e-01
6.949411728954471013e-01 3.672038420798197089e-01
6.129674289026794121e-01 3.303348475022068742e-01
6.320600955754815953e-01 3.033029782157537491e-01
6.673664531492897734e-01 3.122442953439291125e-01
6.552120431261019284e-01 3.901493915086681197e-01
6.044015043555365230e-01 3.627910816453224774e-01
6.495870771083119832e-01 3.698700382477949633e-01
6.608702651611106926e-01 3.371250362768667963e-01
6.569225938078202542e-01 3.013056285392509137e-01
6.735708300410473415e-01 3.265707032748261796e-01
6.584274381914209107e-01 3.913173573561671836e-01
6.056880699652363864e-01 3.943662729157809688e-01
6.467312219968016640e-01 3.399638914606261664e-01
6.372989679125263818e-01 3.929041693542665303e-01
6.547874407363297733e-01 3.925201158640917454e-01
6.826585702145103740e-01 3.767814560059650764e-01
6.063145454834406589e-01 3.335850190801832316e-01
6.738051248433337692e-01 3.746076872361799315e-01
6.276884128974140609e-01 3.691581402942072376e-01
6.649113393261929517e-01 3.722209635829227259e-01
6.486625426886551971e-01 3.082366483988353556e-01
6.772687123349425686e-01 3.042204373984762067e-01
6.883724137803476362e-01 3.920001749198285257e-01
6.834034522549933266e-01 3.556572940556920193e-01
6.726641384604377105e-01 3.862394204731366965e-01
6.484509859205211946e-01 3.293183191705795765e-01
6.455649409340624700e-01 3.561097243644704702e-01
6.229879660675360364e-01 3.669358659027149305e-01
6.737019194905939923e-01 3.374302475947114632e-01
6.212372185411660919e-01 3.894881260118482347e-01
6.664510135054125817e-01 3.761690327658774313e-01
6.166224688094242845e-01 3.827419912982896744e-01
6.538398973090128186e-01 3.129267734773249487e-01
6.901388873341919306e-01 3.419679923913534481e-01
6.976104754839682620e-01 3.505117634719274733e-01
6.044748805033460792e-01 3.264635591089860567e-01
6.370503260956915659e-01 3.072784200309893743e-01
6.201752481448082888e-01 3.331610390608413796e-01
6.301567506392777851e-01 3.060162333271114199e-01
6.690013732119293177e-01 3.755738957997905025e-01
6.959827846148937125e-01 3.902123837496470071e-01
6.339526191395262744e-01 3.084135656393144909e-01
6.182298098742613490e-01 3.027264865352502499e-01
6.864222775300375945e-01 3.067471037268108547e-01
6.781409530887160253e-01 3.135214556820519749e-01
6.157092486501195561e-01 3.014383456193423516e-01
6.649652017612246446e-01 3.515741409270096152e-01
6.801347616226421922e-01 3.242338804037905309e-01
6.415261618919161357e-01 3.923142400744106806e-01
6.574066832517168057e-01 3.275161665851086257e-01
6.227588259761057676e-01 3.054013642755970537e-01
6.350984112362665357e-01 3.525390675649964778e-01
6.470789196635418072e-01 3.020286482716666998e-01
6.763718096417404846e-01 3.272099818178485497e-01
6.989194346741416375e-01 3.862296488443439646e-01
6.661847500359543428e-01 3.032792349005555832e-01
6.953519444929510129e-01 3.674933774172523537e-01
6.422279874941206890e-01 3.316284072462046817e-01
6.730026419705008589e-01 3.145505764441250962e-01
6.170288549026258229e-01 3.103675564390420694e-01
6.550422771310285830e-01 3.752381179253980736e-01
6.881185163835308316e-01 3.434335153264901908e-01
6.765583744341626682e-01 3.399312830513279704e-01
6.693335417756927086e-01 3.268470117623227256e-01
6.899587740744037578e-01 3.234330369745140321e-01
6.242292104214808290e-01 3.191565449991164427e-01
6.409953557843511840e-01 3.148282106497290456e-01
6.486380764108216068e-01 3.168888740496011436e-01
6.629641274869200185e-01 3.078462366931000727e-01
6.718957620460874747e-01 3.616054837947819678e-01
6.759208743291670318e-01 3.656615012047729207e-01
6.820190735163572660e-01 3.481507927834820437e-01
6.220386655394780639e-01 3.920284343626351253e-01
6.340516287109754234e-01 3.083422878114248644e-01
6.361443494444586344e-01 3.929303603441864357e-01
6.616592685477548086e-01 3.254751730549712008e-01
6.164703771467309190e-01 3.517384669291045429e-01
6.319543088800322339e-01 3.188627724163352051e-01
6.628943447959427804e-01 3.839740594815013175e-01
6.737200101244180672e-01 3.968067866853788872e-01
6.642701569205801126e-01 3.690483660284185619e-01
6.925693590511231568e-01 3.631063529847095017e-01
6.653777948771996131e-01 3.708744540729960182e-01
6.973289270843734400e-01 3.113329129718156452e-01
6.349109582470660040e-01 3.683567413997140827e-01
6.733001064793863177e-01 3.229887774101256048e-01
6.278739648655236039e-01 3.103127816579737130e-01
6.200977737378451371e-01 3.498829377696257015e-01
6.595787235616098476e-01 3.575150245058142939e-01
6.747745739647416086e-01 3.581036373611982127e-01
6.714767591648125311e-01 3.276911439081478528e-01
6.815168234080773990e-01 3.399406948252319816e-01
6.928644084450282792e-01 3.744318835201957407e-01
6.218545055322566295e-01 3.461341941511058007e-01
6.586474576823795335e-01 3.836131457204400297e-01
6.709592063490011915e-01 3.125775115214005084e-01
6.089806615463323469e-01 3.600002660708835900e-01
6.082270788991551713e-01 3.722422299190474293e-01
6.961807075025462366e-01 3.576969252584965009e-01
6.128712033910207468e-01 3.409064677622548611e-01
6.907917547429711647e-01 3.427319051266222716e-01
6.738622449601675557e-01 3.939908894897303782e-01
6.620457278023881287e-01 3.696127474505175314e-01
6.160536087315673370e-01 3.848587090972706570e-01
6.651240361200384532e-01 3.842958921725984078e-01
6.052161508805514734e-01 3.981594267420224265e-01
6.054514620005108094e-01 3.972565402027474213e-01
6.347564207393958657e-01 3.528372096085481413e-01
6.622722660646264137e-01 3.131632220085880935e-01
6.586821952332251318e-01 3.510770103222917715e-01
6.553072795137228068e-01 3.414557305904912798e-01
6.825526696506856172e-01 3.800276612033023915e-01
6.901265167174006621e-01 3.183179815901705512e-01
6.722431154943856457e-01 3.207254361133313747e-01
6.692433886702939816e-01 3.303257735787519245e-01
6.695768633710733608e-01 3.237267785784064822e-01
6.322344799977023255e-01 3.114450357513540713e-01
6.602267887560951953e-01 3.322812480510536903e-01
6.561365226188810018e-01 3.462395824880061812e-01
6.725182439029131487e-01 3.491608677551750195e-01
6.580603924608150468e-01 3.881331621546756372e-01
6.057064570982347851e-01 3.444548274055433956e-01
6.192458768959478999e-01 3.619992314448902127e-01
6.976923426800715200e-01 3.931449988161358489e-01
6.665256747204386656e-01 3.646620420437467480e-01
6.612723754433514900e-01 3.632914038841471571e-01
6.679825877585398031e-01 3.240845257379588173e-01
6.294635405550448315e-01 3.229883336768936686e-01
6.815116487880532592e-01 3.959124570950082189e-01
6.109659767491203430e-01 3.686488871651739108e-01
6.136741158448185685e-01 3.575017819377532824e-01
6.433352376179473087e-01 3.205869291634916851e-01
6.930748213036157512e-01 3.118317198161015269e-01
6.816366039231273044e-01 3.009269593614883331e-01
6.050578230844603222e-01 3.698898550979265454e-01
6.835667399216325268e-01 3.453297981883366452e-01
6.723260162999162848e-01 3.161134325439760584e-01
6.383157726405734866e-01 3.127231933880135761e-01
6.807566999445104905e-01 3.481499598732236689e-01
6.964876883685883202e-01 3.653966077932784273e-01
6.805575881664938098e-01 3.674215652884126326e-01
6.825705947498716952e-01 3.374517923969345690e-01
6.473904476416808551e-01 3.322473998936445461e-01
6.982145746955819021e-01 3.359587571864847133e-01
6.521741693068165979e-01 3.526239102645327694e-01
6.280438953457840867e-01 3.754733701603001350e-01
6.584262583165079175e-01 3.909235168775659908e-01
6.866526749128276652e-01 3.369721287821708100e-01
6.094943616952905874e-01 3.399273878595797105e-01
6.381250185365034966e-01 3.511539155781988608e-01
6.727817072902341211e-01 3.317994915437271208e-01
6.367347759868613455e-01 3.955066135016893636e-01
6.191848175255014741e-01 3.662656811022947378e-01
6.021795490583690125e-01 3.677013704201368416e-01
6.741455916595513465e-01 3.793590290122169639e-01
6.350013009577050171e-01 3.505395193680579946e-01
6.781876465294633949e-01 3.004859407254825698e-01
6.275687853848189723e-01 3.153879028616584090e-01
6.992954013394017121e-01 3.347581285130772355e-01
6.377109198917918498e-01 3.960956032587215070e-01
6.471830455065411547e-01 3.319490304716081752e-01
6.844242904193281740e-01 3.068840385838841889e-01
6.188243289096001520e-01 3.070151219653740604e-01
6.817198985876314898e-01 3.403463205436216277e-01
6.092458681245943586e-01 3.935751557572592096e-01
6.631793156687441071e-01 3.629440199035129377e-01
6.295483866862391364e-01 3.334732161731462918e-01
6.872104841186691404e-01 3.877863129593231983e-01
6.923162683000834150e-01 3.248992333579084346e-01
6.086054206051445536e-01 3.215192206088422489e-01
6.636761510689779264e-01 3.513307266687447084e-01
6.948065154181281011e-01 3.545468788676331418e-01
6.098710777818073803e-01 3.707913287156247018e-01
6.138721690337256565e-01 3.980452088029183821e-01
6.582960343501438327e-01 3.397236660449280965e-01
6.696721132716607627e-01 3.843401518197726574e-01
6.453106435414267539e-01 3.263522631148918496e-01
6.995058953816345459e-01 3.566487642451109386e-01
6.467225871507449320e-01 3.030839281916539174e-01
6.909714419220304160e-01 3.283364743040211864e-01
6.689303222112100711e-01 3.818463904850248891e-01
6.154004813431962484e-01 3.934421651483500648e-01
6.992336075026366338e-01 3.362939346340076407e-01
6.398910796658124900e-01 3.300350444195388477e-01
6.864284870200391131e-01 3.945957852707264735e-01
6.098281491245356456e-01 3.417367437661382179e-01
6.003955148786910279e-01 3.800971150208966032e-01
6.871362395370745890e-01 3.832240460449340413e-01
6.267267600254863291e-01 3.145521027115322776e-01
6.961432365265590727e-01 3.530918018409538450e-01
6.836431705015827420e-01 3.696727744129692517e-01
6.983255061041585554e-01 3.537416150076965193e-01
6.183476059848431738e-01 3.742164937571317296e-01
6.063705945656734375e-01 3.570123448453850212e-01
6.071158757333536826e-01 3.420028288835556540e-01
6.501397600151037626e-01 3.497027806322751675e-01
6.269537722506544064e-01 3.417371136999601267e-01
6.391269091176557948e-01 3.795057449753677092e-01
6.585021694705405215e-01 3.765648819763054433e-01
6.340405890801987798e-01 3.943897246478739738e-01
6.512597391351886422e-01 3.194787461577058285e-01
6.092147497752961049e-01 3.674690953497066204e-01
6.380795295507168952e-01 3.926842514723184463e-01
6.966659634768485043e-01 3.283188140571856595e-01
6.575040881583376073e-01 3.111926561727607066e-01
6.574602253506784955e-01 3.846249160536288070e-01
6.118722511937725317e-01 3.892457613120800519e-01
6.878628500577754767e-01 3.481495963134068061e-01
6.894447501817336788e-01 3.415003310071179632e-01
6.284620908021107955e-01 3.454038786816471807e-01
6.783966866250683569e-01 3.139442791645740694e-01
6.814681182645044855e-01 3.601056478325852517e-01
6.932731196883368252e-01 3.928024202301060863e-01
6.663559648741482766e-01 3.734483229281489458e-01
6.624927652130767619e-01 3.254328420184490200e-01
6.490245806876983048e-01 3.335279887793790032e-01
6.247030506116130200e-01 3.296132991046465399e-01
6.681837281827930353e-01 3.698821490320918226e-01
6.201115839865626311e-01 3.263808303308500802e-01
6.283501000438374007e-01 3.629080648093145900e-01
6.879506208761508868e-01 3.938164453220332484e-01
6.978850323867203942e-01 3.723907562532177695e-01
6.324114365121875636e-01 3.017704598531201210e-01
6.115708126703258696e-01 3.209707847757601318e-01
6.271080004036141409e-01 3.868820248390087424e-01
6.586966136110594672e-01 3.837118343044832458e-01
6.111541894249460372e-01 3.143299412145055260e-01
6.459086161247178381e-01 3.163362864174411038e-01
6.518975036860734651e-01 3.063158097949088554e-01
6.721584253446805102e-01 3.805646179552135688e-01
6.789740262403439752e-01 3.177458734902806614e-01
6.852920443054095756e-01 3.888076056526590385e-01
6.819081151207131430e-01 3.959961455852698542e-01
6.867166756698821484e-01 3.776503195082095976e-01
6.665732396582425556e-01 3.486263832582736089e-01
6.419701085993826384e-01 3.205881101434356339e-01
6.507317561985063170e-01 3.116792202171992376e-01
6.805004893133922428e-01 3.284685854095424906e-01
6.481077793065173065e-01 3.516262214474686343e-01
6.743667757260376483e-01 3.053876160020780328e-01
6.073894075861193675e-01 3.653934471763700120e-01
6.491107041718686688e-01 3.466854883748946015e-01
6.974091320204602873e-01 3.073972942950691234e-01
6.795813681631052150e-01 3.510808185388830660e-01
6.169845642531364138e-01 3.876049473624286756e-01
6.240892717592575467e-01 3.958159213380440522e-01
6.435565839755827966e-01 3.443407294563311516e-01
6.053032263211739483e-01 3.900492486204251708e-01
6.747247215500390416e-01 3.326733386566786410e-01
6.546411181571245574e-01 3.517594015360639981e-01
6.804305025025411124e-01 3.623606720017238936e-01
6.015107640392515220e-01 3.816585773442358054e-01
6.945354778104585458e-01 3.336532279045626437e-01
6.017033995101674915e-01 3.413295192199494177e-01
6.909936944478756171e-01 3.570536853154309131e-01
6.295537693370173438e-01 3.493743129650796475e-01
6.522085811309350500e-01 3.489938784773298219e-01
6.123546088874287641e-01 3.933892417789391915e-01
6.831146230759358451e-01 3.654824203460611542e-01
6.097095437252836314e-01 3.660201963883882859e-01
6.062300887234298719e-01 3.204911232082421901e-01
6.707360256060254100e-01 3.045465038815518000e-01
6.320680726245372361e-01 3.005585914133385161e-01
6.614723551428287607e-01 3.752821946217471671e-01
6.884882806060691474e-01 3.610415179544990139e-01
6.160094837469888285e-01 3.480012480337051350e-01
6.166315995238861314e-01 3.551298240254141536e-01
6.921002747172001479e-01 3.416675992978739362e-01
6.875160918707621249e-01 3.098620454170022964e-01
6.733901657778512684e-01 3.955613306567705711e-01
6.760976696590125234e-01 3.525073108789872345e-01
6.949688898502943690e-01 3.961748945477968631e-01
6.554700637956752951e-01 3.214444471659948510e-01
6.972606689323972429e-01 3.663189574877227517e-01
6.781468018610155024e-01 3.486696259135232956e-01
6.290060455786390392e-01 3.699568776397448300e-01
6.547781711463279697e-01 3.744836999505983255e-01
6.652302304661675825e-01 3.140928467632460586e-01
6.764540308022441994e-01 3.128771078850337006e-01
6.483034863179359952e-01 3.312263515380129975e-01
6.214251288953371866e-01 3.943368126775524951e-01
6.227611422608045899e-01 3.580254815035508464e-01
6.709786700352635691e-01 3.699310969055675802e-01
6.596857811146766837e-01 3.522499376659691817e-01
6.509997029383548517e-01 3.723510075803961872e-01
6.571943100473864874e-01 3.057777899669816835e-01
6.293029055758050383e-01 3.890029451022283813e-01
6.575385254591915585e-01 3.135771991935970560e-01
6.775783580031742304e-01 3.464473785916002413e-01
6.944753100025018444e-01 3.492847711466867122e-01
6.858069186535010742e-01 3.175834244340562385e-01
6.163458762831541815e-01 3.702720513913753675e-01
6.676756554913921837e-01 3.471421541257320165e-01
6.505804222780913193e-01 3.722170816155042083e-01
6.949849293764294167e-01 3.693169500146936679e-01
6.487527435907816109e-01 3.283265104998518980e-01
6.881844202557961809e-01 3.238942292422516411e-01
6.345204385033420547e-01 3.761483635035721695e-01
6.638490665354994658e-01 3.831865971521555281e-01
6.934362426265238133e-01 3.707101872427267519e-01
6.787420639307154557e-01 3.813877245054048126e-01
6.417767696609960604e-01 3.385450192811256254e-01
6.190182991549159075e-01 3.717901816701222883e-01
6.593479420689491999e-01 3.891511512540996032e-01
6.950169463477522402e-01 3.284152217890876635e-01
6.694389107868395916e-01 3.530625149322436096e-01
6.181993523263952239e-01 3.321383571211321550e-01
6.588428625085410717e-01 3.394411946486473597e-01
6.207254168545927042e-01 3.808945282576396418e-01
6.802222425297129726e-01 3.345467803038372767e-01
6.613490494798124342e-01 3.143186326359354021e-01
6.554683584071722136e-01 3.555153596441153474e-01
6.674631945786785314e-01 3.281825395610952767e-01
6.488266120791645886e-01 3.981482706218628098e-01
6.973508437666161575e-01 3.499461590437560332e-01
6.927215700496801576e-01 3.131883855525096627e-01
6.930166199237678404e-01 3.179510748284934407e-01
6.158180617007040780e-01 3.439844406892275108e-01
6.896430433321477649e-01 3.190221970206689739e-01
6.481551918097903098e-01 3.236114263817371772e-01
6.955130089978968089e-01 3.094964820937030625e-01
6.780577974665411567e-01 3.826515693634528481e-01
6.245788904507250106e-01 3.699089731050804741e-01
6.126748946121944872e-01 3.624378910392996866e-01
6.232461797368101797e-01 3.799329826327354498e-01
6.663323545785975188e-01 3.496945352607055968e-01
6.179555927863620290e-01 3.353453899491435353e-01
6.216610585186495008e-01 3.198156641280109902e-01
6.889762487245439937e-01 3.775758741605826918e-01
6.654832896400326714e-01 3.001824222575629753e-01
6.333111198066035952e-01 3.355793613029808276e-01
6.256525671844768155e-01 3.324450175802744489e-01
6.146541861340738544e-01 3.067414071817682331e-01
6.263198976394142026e-01 3.730125255591398292e-01
6.517509643051929702e-01 3.671362147074389015e-01
6.576027373692807654e-01 3.980224219168955746e-01
6.638105733702062139e-01 3.305935261229480115e-01
6.183234414748755015e-01 3.209229712484717445e-01
6.445360143913508866e-01 3.655598503707339075e-01
6.399215261950129685e-01 3.771302815645148354e-01
6.394599572414279010e-01 3.736227171140319436e-01
6.759514130147192823e-01 3.957726309125767505e-01
6.221025956912117350e-01 3.482310807470312963e-01
6.135903424763123892e-01 3.537797306405088826e-01
6.908890026680493124e-01 3.322977676577935080e-01
6.048954222247056034e-01 3.557646419380114389e-01
6.568628588117264577e-01 3.870680143241518323e-01
6.753135240429347652e-01 3.855312688545740607e-01
6.060150226482998725e-01 3.608482958185489364e-01
6.479763938575259230e-01 3.218486343830738172e-01
6.220146984838483828e-01 3.314603421900445546e-01
6.245783986789367193e-01 3.946486316020254570e-01
6.367966429970957076e-01 3.595084777820653499e-01
6.334917154285690799e-01 3.014829129899762594e-01
6.994521269619540238e-01 3.092232106003449110e-01
6.240399292655858243e-01 3.721430533719296552e-01
6.716792860505041984e-01 3.491489469754160413e-01
6.458386088150284143e-01 3.292473980390774324e-01
6.795687289573595358e-01 3.499389531295218903e-01
6.931652025948051854e-01 3.768255563705497635e-01
6.084389501762685892e-01 3.883747165258604750e-01
6.499434789277248603e-01 3.874681999666700905e-01
6.797823037404677748e-01 3.928010310094923185e-01
6.204615793155370262e-01 3.772987428422766576e-01
6.250728140518064802e-01 3.887524043281197494e-01
6.430284395917496010e-01 3.483993307736845124e-01
6.152132151801592563e-01 3.566727129331858093e-01
6.170434174766599167e-01 3.382260289654662744e-01
6.992450632856709314e-01 3.488858017975159376e-01
6.843407522510533969e-01 3.281224698662001948e-01
6.819484737350821613e-01 3.331333557453833860e-01
6.435592855162994841e-01 3.100620496040971674e-01
6.463264347614796623e-01 3.714199594589321918e-01
6.317425278676642719e-01 3.285313013184944508e-01
6.229609874279692372e-01 3.637902516837704381e-01
6.068751572067820899e-01 3.334306032939299835e-01
6.633708503502122600e-01 3.455340912397004693e-01
6.638459018662272726e-01 3.405071945150855428e-01
6.611301677415606370e-01 3.837736617091996316e-01
6.048198559046150669e-01 3.145323731250790900e-01
6.888981255144779325e-01 3.864117643984513739e-01
6.675250276376676339e-01 3.962619002626546205e-01
6.494343802655588860e-01 3.351992923230270316e-01
6.395762212561385551e-01 3.736007297419627338e-01
6.128602779640620613e-01 3.600605116293801866e-01
6.672329718829881351e-01 3.466301902620830266e-01
6.169429441679077364e-01 3.366333258339690992e-01
6.495911845231527870e-01 3.413403665573986889e-01
6.356313978525656161e-01 3.611650935293287401e-01
6.573868683482637643e-01 3.616698765743749933e-01
6.541477763390542988e-01 3.662785427228761881e-01
6.478210806484460127e-01 3.979496270719953266e-01
6.036583254218752526e-01 3.623340192343918464e-01
6.577472727847257783e-01 3.268357389502766219e-01
6.888718376720659453e-01 3.774399531528798146e-01
6.813361697049018506e-01 3.806797506061820324e-01
6.771379027520166849e-01 3.850475699488994930e-01
6.031449255521498243e-01 3.648355117504649692e-01
6.446542093686529196e-01 3.339277150581346221e-01
6.984130027449810818e-01 3.096716144039857177e-01
6.532565405841069817e-01 3.933380409551291423e-01
6.863837578430618258e-01 3.253238405655468068e-01
6.929963627212165633e-01 3.549083154317602684e-01
6.070089485716970712e-01 3.005262704984021371e-01
6.062802821003063780e-01 3.461439537493455898e-01
6.643008134091946681e-01 3.209798613553009328e-01
6.470175763513916767e-01 3.089468410919910535e-01
6.934864294788712913e-01 3.115597104105501947e-01
6.572947325300185772e-01 3.841767572907699435e-01
6.053092840644289652e-01 3.327038018708313727e-01
6.369046173916300679e-01 3.503211877995032753e-01
6.548628343950472219e-01 3.983668814918608359e-01
6.775318634359712711e-01 3.065769093379263066e-01
6.751731570167216478e-01 3.803150179864854818e-01
6.432220419644414378e-01 3.726781538322229137e-01
6.258264292521051875e-01 3.908597264710454988e-01
6.518435991915546568e-01 3.302343999603992719e-01
6.022771926406785825e-01 3.902670296803099070e-01
6.451156988682005267e-01 3.537502037028485424e-01
6.834030125481903584e-01 3.215288748571623056e-01
6.919427136222201513e-01 3.242668797257879376e-01
6.563298984735945751e-01 3.426692853512249837e-01
6.045117084638620408e-01 3.186416161257922819e-01
6.125988938324902211e-01 3.036236397408061394e-01
6.015813580473087230e-01 3.312005629907082693e-01
6.866730488706082047e-01 3.779544863848378622e-01
6.312417989311082112e-01 3.803286454771681036e-01
6.835505196219612278e-01 3.909267899080048903e-01
6.801724063684662092e-01 3.498891003280049650e-01
6.281482204986940099e-01 3.067292122123556619e-01
6.673112145879503965e-01 3.346370034145222938e-01
6.367746842823521769e-01 3.539938390817100045e-01
6.477430099627914384e-01 3.688020194915779260e-01
6.597205129148731029e-01 3.102901671760983082e-01
6.652996686768335444e-01 3.834734407590030258e-01
6.448272779874505423e-01 3.705928617200042741e-01
6.833327483729068064e-01 3.600253237746776636e-01
6.567550333217008207e-01 3.446692733057216684e-01
6.466115983471086848e-01 3.477147857160062805e-01
6.651308558506072721e-01 3.832385689249554472e-01
6.947177803682146324e-01 3.646859906234886095e-01
6.408568107883272358e-01 3.226050124419193033e-01
6.630136464602117696e-01 3.878802270457281098e-01
6.253005150903985232e-01 3.236418050169679317e-01
6.971559893252399220e-01 3.435434707908930907e-01
6.055842570684473181e-01 3.038785644455371804e-01
6.283541919436049783e-01 3.249343006165981151e-01
6.740703854290429620e-01 3.114352195832364445e-01
6.941337022430738024e-01 3.140952670746854358e-01
6.527148144275500830e-01 3.328353590876939605e-01
6.584542709457237297e-01 3.630295107827110068e-01
6.305573665161615660e-01 3.697487809969386419e-01
6.386652498943959921e-01 3.615439512044237302e-01
6.995132569242906717e-01 3.427341084015406159e-01
6.409997523106479855e-01 3.961631624732769863e-01
6.959308076427433987e-01 3.335682159992606199e-01
6.601476927150007334e-01 3.213124904898453926e-01
6.504952354167491402e-01 3.939031120067051361e-01
6.720987682289529808e-01 3.215898943562656154e-01
6.815360252956060849e-01 3.253244595195426969e-01
6.803084738109376195e-01 3.264527882380424684e-01
6.782148465542130467e-01 3.136489140075660043e-01
6.622902850229845928e-01 3.767539136287040846e-01
6.181053851005817723e-01 3.664495410203485459e-01
6.111962440397170626e-01 3.274185028908368489e-01
6.217308920719112342e-01 3.281502879900697334e-01
6.410716462083672074e-01 3.339545395458716759e-01
6.977500968473436815e-01 3.157231563888556747e-01
6.420218611334151948e-01 3.488878662834869471e-01
6.641893112485339756e-01 3.035813884787119665e-01
6.589603483977601872e-01 3.876258670830085018e-01
6.175420053275140209e-01 3.684041253410269556e-01
6.361345195352060555e-01 3.730781058231916747e-01
6.478093928027981452e-01 3.182779874034364354e-01
6.468775402035421562e-01 3.793315574360332509e-01
6.056551224100412689e-01 3.476946151780389571e-01
6.524295373880807380e-01 3.711693464766561146e-01
6.596470058403470782e-01 3.928662404423411969e-01
6.672009447572732066e-01 3.474931203977600358e-01
6.948788882804761702e-01 3.648326488752876018e-01
6.815828315432478357e-01 3.130660084959551726e-01
6.160439745197135997e-01 3.094329845249754185e-01
6.862627915231908071e-01 3.518371977611033374e-01
6.436129695737360379e-01 3.887350055587619480e-01
6.017497170853974842e-01 3.482650127125042072e-01
6.563896558053399222e-01 3.526882188156220121e-01
6.582048271644224124e-01 3.773190589421820951e-01
6.970752380050315722e-01 3.888290169557450104e-01
6.964060987778040168e-01 3.059993117988528133e-01
6.528412690942096974e-01 3.667764501242508635e-01
6.399260835547018189e-01 3.523704159560921423e-01
6.880956624249107145e-01 3.709335929867503268e-01
6.945558794327840735e-01 3.398395459141102526e-01
6.829184003370444289e-01 3.076827167382700789e-01
6.370733600385681816e-01 3.230007039716903394e-01
6.467530572614584861e-01 3.090711163122905059e-01
6.165939812138170328e-01 3.038704193342023352e-01
6.418193947162941226e-01 3.537126032025297295e-01
6.558254356003963004e-01 3.451159036184019979e-01
6.281253357940760340e-01 3.883713258881571484e-01
6.653395502250752935e-01 3.578814873923455431e-01
6.777762820465623728e-01 3.140434620114996300e-01
6.826615673307835364e-01 3.593405559472062083e-01
6.113593527254115312e-01 3.820531890118054608e-01
6.484691228467356350e-01 3.897703622443289273e-01
6.680636626576972326e-01 3.702615697855774490e-01
6.923884039366228205e-01 3.512728638523450742e-01
6.928510916563934696e-01 3.185338568638233503e-01
6.911770738801183978e-01 3.619916965130226538e-01
6.061357475938136119e-01 3.741189837054308964e-01
6.500310453792804699e-01 3.743312335203320962e-01
6.467009177188556279e-01 3.240149599604428277e-01
6.582546503618211808e-01 3.698182936640120877e-01
6.405074790405632656e-01 3.714072286325709737e-01
6.257844817703971385e-01 3.885620591936188029e-01
6.955637486133153802e-01 3.023858944070739740e-01
6.646803009950502661e-01 3.261133683353870105e-01
6.612826567616291173e-01 3.523771842568391710e-01
6.519593300623490739e-01 3.376537397465534385e-01
6.822746144155701353e-01 3.152836447478303272e-01
6.863682631431781145e-01 3.420544169850602279e-01
6.446349244953378799e-01 3.989036215768191340e-01
6.299193291579762155e-01 3.785730552436064600e-01
6.584503902051733748e-01 3.954198357195514713e-01
6.016738852782640423e-01 3.348185738764717922e-01
6.853164316563767899e-01 3.767036874579218209e-01
6.808234242518308443e-01 3.497190637155225268e-01
6.618639814363497242e-01 3.399244427802519120e-01
6.800545588634004934e-01 3.510105594996817957e-01
6.448554293952186711e-01 3.724444683914013288e-01
6.105069081177111334e-01 3.384653915167016858e-01
6.729522778660379512e-01 3.167597112791078473e-01
6.595318602688257092e-01 3.122955152490316522e-01
6.974963105266228647e-01 3.061608563859543053e-01
6.184031672586216555e-01 3.736637425880878216e-01
6.221251108787599904e-01 3.465578275061492186e-01
6.573668514848006739e-01 3.851256944619765865e-01
6.114495047486770973e-01 3.902157297912032807e-01
6.255023240352169944e-01 3.264801134983684183e-01
6.914612936031219181e-01 3.305252969226076254e-01
6.284570420106352362e-01 3.418213556384317453e-01
6.369270239429986047e-01 3.547922279554029945e-01
6.959312442106559971e-01 3.808515693469295416e-01
6.485352490957718707e-01 3.058571100898147543e-01
6.246983753205492818e-01 3.616970427663365739e-01
6.850239263493461683e-01 3.575325736022103018e-01
6.625077835491056666e-01 3.297751906805293509e-01
6.135016165824854761e-01 3.449694082728744782e-01
6.927422033606146501e-01 3.678464528116996979e-01
6.879623603793003639e-01 3.627583024064268136e-01
6.561319042314177619e-01 3.746169136885851292e-01
6.001244825979298314e-01 3.412027292242224008e-01
6.896229629845730402e-01 3.006075836022777392e-01
6.719295552762905022e-01 3.939640381114846712e-01
6.471767768382946651e-01 3.796725135865493539e-01
6.825539087140516381e-01 3.016427918231535110e-01
6.370661524928393771e-01 3.221744639165367019e-01
6.816733166625641438e-01 3.512139970534240430e-01
6.241048946094114314e-01 3.391193795277671619e-01
6.566688291455605730e-01 3.024170095531828473e-01
6.773387265969956772e-01 3.669199837604404935e-01
6.843543062040259306e-01 3.804994864448346670e-01
6.674596557044227829e-01 3.172285214023722877e-01
6.969174029250861935e-01 3.811393163996357192e-01
6.273901042479543833e-01 3.208418989047898684e-01
6.962323033637378700e-01 3.949105383773062750e-01
6.778699596021976470e-01 3.331362287754465190e-01
6.819497381897433597e-01 3.305956402077567247e-01
6.241137318355388652e-01 3.398174497320647913e-01
6.012829930572122228e-01 3.559003055390119741e-01
6.686695646173258512e-01 3.627119773539230763e-01
6.239302204837057220e-01 3.250719256799172174e-01
6.554729908674046257e-01 3.602003874833125674e-01
6.816377944626317298e-01 3.442323284923181625e-01
6.458918192588450902e-01 3.070910784135247318e-01
6.811188588417126377e-01 3.418533705258814392e-01
6.928006506386311658e-01 3.215015710238187108e-01
6.410539106017523192e-01 3.305841784219512025e-01
6.069733067420618466e-01 3.485322552035442500e-01
6.974707270639910472e-01 3.370264276778665025e-01
6.239521744799024772e-01 3.347377659836168751e-01
6.109504686511582072e-01 3.054372445377939171e-01
6.782038727551635837e-01 3.057915179950351781e-01
6.689968490113890054e-01 3.808863680677255781e-01
6.500718386578030472e-01 3.497027400024628196e-01
6.915396517604605053e-01 3.099365786686935076e-01
6.283674475194819253e-01 3.310193774873590455e-01
6.111868152200038429e-01 3.276019596038415860e-01
6.316461817489503749e-01 3.090072478990122384e-01
6.023193548419035759e-01 3.419053211977615692e-01
6.212409204152252729e-01 3.156540087056606270e-01
6.355539161063243903e-01 3.516409752918279730e-01
6.994718589708552869e-01 3.503936263955891861e-01
6.605454052029853251e-01 3.096485634592969216e-01
6.757524764067409651e-01 3.069840465914373540e-01
6.669863270790790111e-01 3.411335012492896501e-01
6.581109971889931298e-01 3.649984919400068861e-01
6.197291235497268680e-01 3.551036255710926515e-01
6.192786866312887106e-01 3.007592638442763144e-01
6.026554913294057680e-01 3.457474903202266692e-01
6.697945116700011470e-01 3.792315829271045713e-01
6.542695455390574732e-01 3.760869973811708511e-01
6.282215579790405569e-01 3.285375588527228441e-01
6.684743354859283837e-01 3.046399629723284819e-01
6.065117572212557207e-01 3.238332636010476384e-01
6.606168227845264918e-01 3.108089625608521089e-01
6.997749574548283169e-01 3.747823526294992713e-01
6.881031422707836187e-01 3.942734994467074761e-01
6.426379235411929791e-01 3.727753866825282425e-01
6.903012736521739745e-01 3.352794926278135357e-01
6.374424548591949291e-01 3.256735951193572842e-01
6.130655491157113168e-01 3.223074894963912085e-01
6.080316427302645543e-01 3.679292788166919626e-01
6.887416027016742825e-01 3.106720460575086995e-01
6.281544061906232379e-01 3.753503606640190560e-01
6.591695695549246725e-01 3.501694152531575899e-01
6.222403743352857841e-01 3.148268523472410041e-01
6.059083397435316432e-01 3.390606083601517828e-01
6.611560338221389443e-01 3.463526821554241963e-01
6.246186457644483658e-01 3.318840028563781464e-01
6.394426271533989459e-01 3.078255388187497998e-01
6.334897900746595534e-01 3.483016233537740702e-01
6.627623741053356721e-01 3.894055457684613142e-01
6.886706774444758539e-01 3.015378891551727669e-01
6.067755754099185550e-01 3.063520832006643158e-01
6.290742524258382540e-01 3.613389788948951353e-01
6.440838646794112554e-01 3.659113358048962095e-01
6.703342467278837757e-01 3.892707502163670896e-01
6.740008902899454757e-01 3.049538990296304375e-01
6.802960745154693623e-01 3.332151773584136611e-01
6.129183394073420832e-01 3.723268762988074521e-01
6.156726383231168054e-01 3.246052157940415572e-01
6.149644751350779037e-01 3.562234047486361743e-01
6.936588952968895105e-01 3.572646722428895472e-01
6.744319120258952527e-01 3.574753629414077483e-01
6.229552705161284232e-01 3.206882415074265857e-01
6.335022081708886477e-01 3.078616339454885442e-01
6.684804685234942978e-01 3.758813021988947622e-01
6.250716053978870868e-01 3.093445797710697165e-01
6.072128350767448390e-01 3.048484229684431668e-01
6.989908984538455439e-01 3.809267791918306001e-01
6.886113449103467010e-01 3.607296510967172853e-01
6.985725369106653426e-01 3.613974223824248377e-01
6.263664359797426195e-01 3.789434628424379059e-01
6.597484288078050430e-01 3.116962860622300990e-01
6.115022660445611491e-01 3.732586400731828236e-01
6.728929667631358136e-01 3.950984629610286847e-01
6.391542434500453451e-01 3.413827333933375785e-01
6.621855038245010316e-01 3.852307234506613942e-01
6.618825719658166795e-01 3.456638721532094838e-01
6.621810564536895205e-01 3.978738883613305855e-01
6.494440404111971876e-01 3.148436085495912029e-01
6.420326521822193877e-01 3.648262378995981159e-01
6.753626550489441049e-01 3.373155596449375904e-01
6.972045550334954322e-01 3.985347675721794269e-01
6.409320387833834509e-01 3.927878488463808493e-01
6.619531915991336835e-01 3.182854219190590639e-01
6.000918823036855976e-01 3.831372505124424066e-01
6.652158799646638032e-01 3.331282732112484379e-01
6.741510529287405573e-01 3.493296732602781396e-01
6.790678896857232916e-01 3.236181878759794572e-01
6.240849112922483011e-01 3.711054100755765695e-01
6.040969840313443751e-01 3.604014464199393197e-01
6.859867732968298881e-01 3.602349128552185253e-01
6.828138709874020940e-01 3.193555538978522512e-01
6.822012728093802547e-01 3.914620802480160422e-01
6.046728209174980773e-01 3.336907361091382418e-01
6.999194079032821092e-01 3.040212522827951402e-01
6.573091225533364002e-01 3.567712204028541945e-01
6.436430964349599826e-01 3.963849016202225517e-01
6.254428620801736338e-01 3.766398311563685652e-01
6.369522855617651969e-01 3.474570144899814528e-01
6.747775526684598457e-01 3.900853624832764099e-01
6.210658505785945360e-01 3.369791909633277904e-01
6.897797740485791529e-01 3.506374898227710424e-01
6.633660564982533092e-01 3.470435430501381813e-01
6.499097125442465650e-01 3.359247094276742174e-01
6.368697088565334896e-01 3.853528771936320374e-01
6.049790244237382986e-01 3.122443079908582275e-01
6.744015302262869049e-01 3.069376221693843609e-01
6.676099840848567224e-01 3.415142049441015626e-01
6.810605062744526927e-01 3.178610277859980071e-01
6.980327829025161357e-01 3.293875014397827372e-01
6.985520629362760303e-01 3.128570516821119196e-01
6.070036317940237236e-01 3.836293962497575594e-01
6.849554497785633744e-01 3.510875303232973699e-01
6.348146499705502599e-01 3.873530057429799278e-01
6.476590724798508836e-01 3.935609121021201862e-01
6.152283457524001520e-01 3.136470955731288646e-01
6.157693188974855403e-01 3.086736435266812517e-01
6.681396653072136926e-01 3.921778534700182672e-01
6.550815371887542815e-01 3.397670253767343662e-01
6.227726474575429050e-01 3.163492124403110006e-01
6.663548799252418942e-01 3.353472952613956171e-01
6.187639562762131673e-01 3.656754986225548842e-01
6.299719160689548625e-01 3.404459868220253704e-01
6.906555666452631748e-01 3.012134250695162607e-01
6.166242944103842438e-01 3.159549305096199245e-01
6.188411319724916870e-01 3.432160964250499102e-01
6.722566106386275164e-01 3.367931576721717168e-01
6.547562852376087594e-01 3.446036397271691754e-01
6.819435025959904584e-01 3.791180926821003383e-01
6.308125500595113122e-01 3.539744664966780197e-01
6.692972811795696586e-01 3.107477623354403806e-01
6.384696818416728537e-01 3.963016035746549925e-01
6.802553388944886370e-01 3.869473986542496524e-01
6.969649466428620155e-01 3.934886686138577838e-01
6.895599177175197880e-01 3.651319412674902121e-01
6.625730734431368729e-01 3.457299774396614955e-01
6.664209427593623669e-01 3.133150141898302099e-01
6.117885695029851023e-01 3.315367375775991610e-01
6.764874002121279428e-01 3.195616454761752157e-01
6.439490208844828034e-01 3.236655586566456466e-01
6.192766302412358037e-01 3.430336961621272551e-01
6.452991806483518999e-01 3.516094724296626728e-01
6.663753461217123419e-01 3.452481933900669597e-01
6.532272128638207942e-01 3.729770227284153195e-01
6.812462405622573547e-01 3.379351029083873525e-01
6.068321722731230272e-01 3.734815282682434345e-01
6.737599830004522561e-01 3.558438538757797143e-01
6.994167584011278249e-01 3.275292302226920915e-01
6.533723922267107298e-01 3.712257052004303004e-01
6.479218982886759681e-01 3.134053334283444237e-01
6.309330872628561293e-01 3.867321580367778511e-01
6.140317681502415192e-01 3.350230092437661011e-01
6.370697259777742261e-01 3.169378300239482638e-01
6.108909087976165386e-01 3.863957295415718085e-01
6.689651352121179784e-01 3.996796561790122992e-01
6.746438620943596698e-01 3.367743379052286490e-01
6.622250675837183520e-01 3.618955122818526271e-01
6.561860409866347998e-01 3.258162861888314610e-01
6.408733203575907034e-01 3.545775698276623089e-01
6.037396813828168618e-01 3.254147081237730998e-01
6.835842418338291537e-01 3.472003654164263486e-01
6.817488510195092166e-01 3.339631671582206640e-01
6.806864582111666895e-01 3.283703202225562445e-01
6.247082278340349015e-01 3.625988240798383444e-01
6.956194204268214554e-01 3.676667423758834818e-01
6.236548535880130917e-01 3.862462746824801285e-01
6.544922381481674822e-01 3.579093758503497091e-01
6.733835414907674011e-01 3.011498019138776350e-01
6.038796252210679727e-01 3.791131536936797053e-01
6.511858029865977837e-01 3.053034385666644202e-01
6.678380257101912409e-01 3.198412014422423733e-01
6.615456685860612307e-01 3.923890293157689113e-01
6.412885407495912959e-01 3.684080356848501436e-01
6.083381684224168362e-01 3.525110939559035761e-01
6.274305454301523088e-01 3.771926632035271232e-01
6.712796370057457773e-01 3.596230753339726416e-01
6.536741581495468800e-01 3.670084811084903254e-01
6.805456072405068335e-01 3.047291851238525529e-01
6.196935579072090361e-01 3.819013055045504257e-01
6.758045514206291182e-01 3.017827248049597677e-01
6.298053237547219796e-01 3.217639169244784214e-01
6.887077526537301875e-01 3.993429239541824716e-01
6.776425163689597797e-01 3.149231275757385928e-01
6.770110908801074689e-01 3.095698962687992162e-01
6.785941406603581694e-01 3.302380286051035396e-01
6.551252402231168004e-01 3.039839184847600295e-01
6.559224682456270550e-01 3.112712890504611973e-01
6.246285090803412876e-01 3.847387900499092406e-01
6.798320576457109743e-01 3.978274489008731818e-01
6.866639194150747638e-01 3.974007844757195262e-01
6.288670325174454678e-01 3.768641034421000291e-01
6.330299832066389465e-01 3.363543507995601645e-01
6.105619571324740757e-01 3.797575057619556604e-01
6.714288487087530788e-01 3.395157982510100814e-01
6.060211452091049944e-01 3.422108105681087586e-01
6.417284268053781160e-01 3.947862062896290714e-01
6.290563145924980004e-01 3.298907821314580047e-01
6.680030616037266888e-01 3.316921194525708216e-01
6.362073535668004709e-01 3.680897104994950708e-01
6.256116749644822228e-01 3.448962822243930026e-01
6.538130586493084984e-01 3.695458758335721239e-01
6.074686962604658458e-01 3.294483505825525071e-01
6.746922614997398204e-01 3.900425608592320570e-01
6.988323205134141514e-01 3.555649774265908780e-01
6.627269032684769412e-01 3.255674093158091309e-01
6.300705709942342470e-01 3.434641072790146077e-01
6.157140769942173186e-01 3.811225528854127464e-01
6.719526506688204837e-01 3.810866008335230259e-01
6.056057292888405996e-01 3.032086480266232842e-01
6.773850347673056049e-01 3.978368293721724624e-01
6.741826550055194378e-01 3.259248110422762745e-01
6.865100606882409418e-01 3.391804320748504353e-01
6.455932488084098475e-01 3.635362697114697395e-01
6.638278995007750316e-01 3.138097798990172049e-01
6.154607752541203514e-01 3.654676470889539619e-01
6.848840116654802967e-01 3.656900891274809107e-01
6.830859333250922649e-01 3.595217163109291625e-01
6.866619420475732483e-01 3.149293246221397946e-01
6.859753588132326829e-01 3.185781992031436194e-01
6.739425757994637056e-01 3.920650747640601619e-01
6.586474238094224276e-01 3.160800597439174520e-01
6.050337300011611186e-01 3.702921838558618783e-01
6.964188630595704588e-01 3.330608195440709629e-01
6.720000520365294605e-01 3.636163666305209374e-01
6.777745794965017723e-01 3.484523059835905601e-01
6.270167216485427186e-01 3.855837415444292593e-01
6.356843681647903477e-01 3.849127290316275429e-01
6.649062455739022104e-01 3.454791689967176560e-01
6.461565377457545445e-01 3.398031989181499735e-01
6.209289841143108557e-01 3.553797453415953878e-01
6.395941264678245419e-01 3.400565352884938886e-01
6.359658452336888201e-01 3.694343133886026642e-01
6.437871533792707268e-01 3.007299681560304805e-01
6.875866720907741758e-01 3.081838845652056236e-01
6.084196337201022153e-01 3.289261233184535005e-01
6.882401046222850205e-01 3.530284742954163391e-01
6.486556077301002254e-01 3.815984667000243968e-01
6.150788605102407436e-01 3.289109604972368928e-01
6.553123377682528172e-01 3.091659604809719464e-01
6.400532447421818372e-01 3.036211193545946818e-01
6.771821689084593920e-01 3.793290496718680904e-01
6.574318414601736382e-01 3.404395450904154630e-01
6.819096339518403438e-01 3.858452532310165939e-01
6.491123755722595368e-01 3.398155258805979351e-01
6.603246992757858536e-01 3.743516195364495203e-01
6.975995589888521753e-01 3.309098566176844058e-01
6.706503149752689463e-01 3.228264030920480754e-01
6.142314743417529588e-01 3.640900329990044426e-01
6.628356185207392448e-01 3.414548806777286671e-01
6.180384658016010446e-01 3.775487044713989326e-01
6.139687908443276498e-01 3.280070064266200069e-01
6.608686385311994815e-01 3.370991929811804066e-01
6.851521655983010550e-01 3.079028483052652088e-01
6.615279777736654543e-01 3.078304313090421962e-01
6.334959003187884408e-01 3.747179319431677702e-01
6.432314736683178991e-01 3.202945055584711098e-01
6.166296483180208066e-01 3.860833949560737999e-01
6.785581735385004531e-01 3.970610807877771320e-01
6.674921100017845443e-01 3.944799313200758051e-01
6.201724292939444494e-01 3.467040573597213737e-01
6.662031205544496348e-01 3.580169185488154548e-01
6.918977581202038207e-01 3.368379971200090028e-01
6.836790490403491516e-01 3.060325229660848523e-01
6.040035220238547664e-01 3.196527123299665596e-01
6.101458398930655891e-01 3.904499746434171858e-01
6.521061357445214757e-01 3.152451660017729917e-01
6.350530899498577631e-01 3.777235620627409363e-01
6.795944130599554933e-01 3.561293833396672603e-01
6.488008636580278043e-01 3.892669600180145850e-01
6.976395547838599720e-01 3.429647901174960323e-01
6.806518215545012129e-01 3.314638642630489684e-01
6.653032906033449212e-01 3.490221449451493818e-01
6.514650743330933080e-01 3.146946212018808531e-01
6.188994541379582159e-01 3.416026517459930245e-01
6.295264432274948474e-01 3.010358239721963036e-01
6.251537972623638639e-01 3.209732478110446374e-01
6.184606292760754798e-01 3.943802228407966015e-01
6.819721453091530661e-01 3.576857168959277633e-01
6.604485711127914271e-01 3.172500695704242313e-01
6.207983171328854688e-01 3.577643103007071557e-01
6.895112891286139245e-01 3.974673553989285235e-01
6.802496633325585407e-01 3.644275034547719838e-01
6.275776720607730841e-01 3.639825921060215186e-01
6.679197170786327353e-01 3.460997042239733479e-01
6.800399154272502855e-01 3.171033566985608232e-01
6.499822754830143490e-01 3.550513526238671669e-01
6.060416745092054303e-01 3.542868809232892491e-01
6.191046695921679222e-01 3.012658612779909317e-01
6.895531735303220833e-01 3.749075454100578297e-01
6.640537783765906310e-01 3.011175275181974809e-01
6.358387649971423139e-01 3.983506723087213430e-01
6.613708877384645302e-01 3.396267259816648232e-01
6.825914665946258841e-01 3.748799455114845136e-01
6.124317733361399618e-01 3.236937033344099435e-01
6.923538437536795875e-01 3.721603096507101749e-01
6.243313686206859447e-01 3.236351713988668277e-01
6.462276573565840510e-01 3.063143145269469070e-01
6.276400659731248277e-01 3.175745261813541775e-01
6.355981231901128847e-01 3.476350120762216611e-01
6.468409507098293876e-01 3.902323709644589522e-01
6.527177607485907807e-01 3.416743223767140236e-01
6.004136570871354550e-01 3.810419800743162222e-01
6.061960479288615034e-01 3.741864643331542783e-01
6.291758205503260593e-01 3.278424612114032577e-01
6.679957042194717420e-01 3.611088923480756385e-01
6.489444136631655757e-01 3.039479767140501609e-01
6.063062433310192345e-01 3.261155403227776195e-01
6.545781887352051243e-01 3.268654441432069513e-01
6.902779313469364908e-01 3.236216996535332124e-01
6.310427583846484056e-01 3.152515284857153044e-01
6.381515101017380953e-01 3.203833865108626777e-01
6.452223792830505955e-01 3.064601459287750185e-01
6.521069299257754581e-01 3.521385273803401272e-01
6.935169048777163336e-01 3.065206598868944754e-01
6.660515018958739208e-01 3.585758056051024378e-01
6.383209515836891779e-01 3.437763878085383640e-01
6.889138986239274898e-01 3.803014300046618223e-01
6.449825569656483237e-01 3.572485034764441014e-01
6.565663630472916568e-01 3.562902115046494567e-01
6.238113871775858854e-01 3.115603018087395037e-01
6.223429988688662373e-01 3.606447224063881185e-01
6.868588640728096051e-01 3.602573835018023085e-01
6.603850179691960198e-01 3.431371910021626670e-01
6.137408371712373967e-01 3.456765706953952577e-01
6.889555224019090485e-01 3.926143080974566213e-01
6.322953794612277134e-01 3.962323328115370247e-01
6.614028785620025275e-01 3.549539506507491393e-01
6.817975225593639887e-01 3.446916757016502686e-01
6.976994758181221945e-01 3.607692608394226230e-01
6.629962479165132372e-01 3.247193451735537195e-01
6.980052247218072603e-01 3.555150045115699209e-01
6.266095191000460307e-01 3.410489813089488953e-01
6.055667020457646821e-01 3.594250208526474921e-01
6.586694206832423015e-01 3.377345399489497524e-01
6.354781185946001276e-01 3.843257145629521143e-01
6.385752841380829548e-01 3.659798166421127652e-01
6.794574950762928278e-01 3.523082488136899393e-01
6.949135872503033884e-01 3.154562528428185852e-01
6.867629299638672302e-01 3.620508545563979608e-01
6.509223159041948037e-01 3.476472301281144928e-01
6.437358890734086181e-01 3.299276670457209626e-01
6.479734784829538352e-01 3.170917713929018444e-01
6.391157909974551909e-01 3.426947877374950102e-01
6.416224828701078131e-01 3.274750781558523061e-01
6.495182336138508594e-01 3.760421393245552690e-01
6.984195894846134678e-01 3.563843215697625189e-01
6.413144308498731627e-01 3.033521117901511466e-01
6.202556821929736675e-01 3.966127822871823305e-01
6.219865138378032343e-01 3.356756336426867104e-01
6.205694428195799306e-01 3.119389204146116312e-01
6.160702319926139037e-01 3.350503183837251209e-01
6.752028984464761852e-01 3.416505527410834131e-01
6.294444236440839280e-01 3.291446142087097737e-01
6.575175256030634241e-01 3.219489442010226576e-01
6.942021507219148235e-01 3.947981893324655767e-01
6.916079191855715180e-01 3.362355430353975438e-01
6.771961116840607975e-01 3.685229048009598385e-01
6.895145332082516232e-01 3.182163920515059252e-01
6.104290062281878537e-01 3.964069303956062051e-01
6.530325849858262810e-01 3.334896793281680871e-01
6.523169072736734186e-01 3.343652597614588107e-01
6.621190754293292402e-01 3.680356348317767590e-01
6.128945027983063731e-01 3.322176229397917346e-01
6.295921326156647124e-01 3.753291900305260054e-01
6.020469602094198347e-01 3.715398495355571873e-01
6.162450018079778102e-01 3.785168060320093231e-01
6.621988421721181073e-01 3.023842609351631849e-01
6.903722237850034027e-01 3.010395528699291168e-01
6.484748554973517320e-01 3.095091504884897593e-01
6.226716163776131463e-01 3.234890160288232952e-01
6.801248113542879281e-01 3.757590342611945022e-01
6.611123343599059066e-01 3.660976169258640112e-01
6.754658009221079507e-01 3.343764501929424870e-01
6.157540381836557053e-01 3.659633233052300150e-01
6.146490107810433923e-01 3.824680336324511876e-01
6.520457902135056161e-01 3.030518156313066758e-01
6.177856190182297036e-01 3.534747884434814580e-01
6.816475408778166489e-01 3.821575464146184653e-01
6.158489167937115649e-01 3.150736441586541314e-01
6.402492215525580344e-01 3.834320644156256064e-01
6.565175325283537644e-01 3.562949929525447978e-01
6.827235025517003342e-01 3.084410607730947440e-01
6.434685448243050443e-01 3.300034355925006713e-01
6.008140497314953254e-01 3.590419701592863500e-01
6.298591792391765587e-01 3.961636195850919973e-01
6.272827506629083949e-01 3.256074741185003285e-01
6.870780365305388937e-01 3.083516450068135573e-01
6.302018786010101792e-01 3.294123017590118163e-01
6.354542379105424521e-01 3.278185749636935431e-01
6.384620414347681461e-01 3.357826557601728545e-01
6.309654606074651673e-01 3.308735110613618691e-01
6.244099244832388429e-01 3.491405109455013034e-01
6.799051216106268836e-01 3.969621719025821505e-01
6.435195383171774530e-01 3.466742407617163790e-01
6.718106671739887403e-01 3.837447120275446766e-01
6.570827954952440653e-01 3.634927323741740102e-01
6.440997692587645540e-01 3.583802071861030281e-01
6.723150549342770121e-01 3.925266176894738890e-01
6.999483067149617765e-01 3.120099494366542214e-01
6.913965829144408382e-01 3.631716238689106091e-01
6.875088235590500751e-01 3.817216729286536658e-01
6.101424964475861135e-01 3.134861297038734618e-01
6.140360330511783760e-01 3.244583804183432951e-01
6.862588501387051343e-01 3.423975449937131654e-01
6.938020928632822049e-01 3.128018747091756424e-01
6.616511872830912466e-01 3.198868032236401593e-01
6.342041533559292787e-01 3.651394968783855943e-01
6.705923737866793521e-01 3.546515501915079027e-01
6.392416126436437640e-01 3.399077949476618787e-01
6.875950516413340541e-01 3.188068430184178847e-01
6.312253053992061824e-01 3.554012747723755417e-01
6.138811186461589076e-01 3.321022117677139285e-01
6.946201670093500313e-01 3.920546831226141560e-01
6.159182465994086364e-01 3.397954383109889065e-01
6.762942904319734216e-01 3.564201297813639480e-01
6.006108552469422435e-01 3.651158872066807559e-01
6.838003980527835868e-01 3.340113060298260383e-01
6.685748395863538862e-01 3.898179696824756180e-01
6.794976302988767758e-01 3.468695656714824160e-01
6.523735775078983723e-01 3.839609036422928501e-01
6.765836319165794421e-01 3.494237958818472434e-01
6.899535778349814574e-01 3.240729685018955419e-01
6.314568232755342070e-01 3.961938876198280446e-01
6.424943434587293556e-01 3.490820065999680755e-01
6.991205337859058844e-01 3.327377387132137154e-01
6.025757759470484753e-01 3.774522772066730147e-01
6.006299945727360257e-01 3.401178408416056786e-01
6.627895775930666700e-01 3.607420567322570104e-01
6.996112754076826423e-01 3.632720010316214942e-01
6.463155714059276580e-01 3.878924191784773878e-01
6.061639210978400083e-01 3.179083240269029997e-01
6.166969255529413108e-01 3.074735458684625389e-01
6.762709960296411360e-01 3.793200393990082131e-01
6.666128646679096992e-01 3.488554996704565370e-01
6.247969922541113386e-01 3.546688614027493358e-01
6.960848417029954494e-01 3.475279973811345458e-01
6.093643862385225152e-01 3.186082752615103098e-01
6.003663579148249552e-01 3.061008123070210196e-01
6.631720307026770511e-01 3.653731162979673153e-01
6.898885151253169035e-01 3.938248678191034191e-01
6.956753190765265771e-01 3.459127129899722819e-01
6.194521170225001372e-01 3.219004028566496700e-01
6.301436693749606910e-01 3.810650643261845882e-01
6.800674510216899726e-01 3.032400294644852501e-01
6.674113601138660368e-01 3.270506407898625678e-01
6.503674633204885591e-01 3.422814520493052126e-01
6.186002077706759250e-01 3.937815941280037313e-01
6.525430984194503514e-01 3.851112209443215417e-01
6.245050474457747303e-01 3.801068343647026615e-01
6.131475821365908185e-01 3.937389069878131087e-01
6.388350768950198377e-01 3.717458505477558850e-01
6.336541681112103364e-01 3.180345874669523454e-01
6.200831714913792592e-01 3.125022010213753809e-01
6.874172445030681811e-01 3.895982128222036378e-01
6.662906305758774517e-01 3.116089856343762232e-01
6.141493989274399157e-01 3.141123210292212642e-01
6.599406919196474375e-01 3.810154183476828216e-01
6.681663728694874349e-01 3.370825880336820735e-01
6.632001857169054215e-01 3.212469137948144593e-01
6.744998605556770110e-01 3.717027520301904864e-01
6.264813437463206958e-01 3.561523928138417006e-01
6.512237129145982406e-01 3.845779405079440272e-01
6.456325379221388161e-01 3.332073013906677317e-01
6.445532823195703198e-01 3.200565837563766891e-01
6.211244516056043663e-01 3.143205856053526981e-01
6.157718385487085389e-01 3.816515747793289837e-01
6.563373666495627701e-01 3.219895429029265843e-01
6.829172197473248884e-01 3.330288242670897958e-01
6.948796728393302757e-01 3.137660692473969726e-01
6.592692107958306735e-01 3.964617345028448314e-01
6.249968009352659948e-01 3.668695721291063139e-01
6.041374786313451484e-01 3.246600146969331746e-01
6.520503010189047099e-01 3.308415617530722219e-01
6.672783668942801061e-01 3.835175632640857035e-01
6.247340669673465685e-01 3.149866971857406273e-01
6.561053221633378341e-01 3.907347585717945715e-01
6.821875538768277236e-01 3.167574782095961550e-01
6.913675310413808228e-01 3.412447828903266700e-01
6.946063683799107435e-01 3.319870415333417424e-01
6.313886341466367069e-01 3.716034194744917696e-01
6.772974328461941473e-01 3.372689602742472426e-01
6.641186243267127587e-01 3.649703988930042553e-01
6.406839005794894293e-01 3.942941753550148198e-01
6.438399529116438647e-01 3.124157916189199136e-01
6.346429958575696695e-01 3.972990131955833615e-01
6.827158555751250413e-01 3.806365282361685587e-01
6.553585361170237711e-01 3.683069481135145540e-01
6.116576669941427014e-01 3.703198547485091474e-01
6.688977716874823232e-01 3.036771056033249483e-01
6.155009816391894262e-01 3.500816553157897748e-01
6.713194399591217998e-01 3.442386657944675465e-01
6.882835690190161060e-01 3.572452784126400327e-01
6.561897726664104313e-01 3.729887834798403246e-01
6.960757281634779581e-01 3.011405345481644735e-01
6.184949323131596621e-01 3.815500455288930448e-01
6.668959477640064026e-01 3.740889648343767027e-01
6.369851637591861238e-01 3.148894420435656150e-01
6.875249844787089115e-01 3.060254637456117921e-01
6.705021241000118648e-01 3.384264086450863851e-01
6.530661625903804168e-01 3.405988559023440665e-01
6.785887794075435853e-01 3.342984207367625804e-01
6.343761140811750021e-01 3.693123225547391697e-01
6.880711044034577561e-01 3.949653420696410677e-01
6.962321960272171983e-01 3.889460255328455740e-01
6.658245787735620480e-01 3.860109310025195972e-01
6.455928578364386050e-01 3.921620555069789127e-01
6.598691227213944188e-01 3.697238553037294206e-01
6.255092244986679706e-01 3.236742518345563924e-01
6.565481537317734428e-01 3.996989119640048105e-01
6.882213285056548724e-01 3.515747891637147626e-01
6.846524431301280744e-01 3.001807840366854663e-01
6.433120420009628138e-01 3.234914687508187447e-01
6.236083286059361797e-01 3.167231978254586022e-01
6.118509785628178932e-01 3.679654731161812742e-01
6.699552512614830313e-01 3.955123919924039000e-01
6.631474944183870512e-01 3.823529907978653886e-01
6.229295180653026121e-01 3.477492413960838746e-01
6.941005842383417557e-01 3.320696209595378479e-01
6.349096601299095699e-01 3.168818311539828847e-01
6.313419668200634938e-01 3.202574185137073703e-01
6.817993009365241885e-01 3.764568028318698301e-01
6.953074739511699853e-01 3.298567058027829235e-01
6.868862009464923313e-01 3.815446544805370932e-01
6.674129943223283679e-01 3.616800630699528174e-01
6.646715302151542382e-01 3.442878037423423021e-01
6.702410492157944155e-01 3.837044345452876870e-01
6.091494438538274103e-01 3.386471857329783619e-01
6.777047994795816210e-01 3.951407296400926694e-01
6.705487849571148962e-01 3.214106226144215483e-01
6.306189552699421608e-01 3.876565901576610740e-01
6.037163444271910206e-01 3.322318343710030097e-01
6.712162526795663053e-01 3.417097319037360470e-01
6.846460677868342337e-01 3.898877801920350161e-01
6.149646329074802686e-01 3.836368506860790006e-01
6.945121214504303975e-01 3.346856859113436777e-01
6.972159063958064396e-01 3.392340729031322333e-01
6.891149505148490562e-01 3.944451326556823734e-01
6.964360417106293388e-01 3.978772371928174789e-01
6.241246272615669222e-01 3.721684538261896824e-01
6.005753274143244003e-01 3.780995328492370300e-01
6.302860459845203156e-01 3.058490573826246339e-01
6.970888528403220707e-01 3.229471059371684660e-01
6.822235795513136303e-01 3.663239465004622386e-01
6.907565791254882681e-01 3.814712038990915044e-01
6.425348298932270774e-01 3.016963695690572100e-01
6.374882688527313546e-01 3.589873417740736539e-01
6.944906136585001777e-01 3.438769283323606651e-01
6.316604516149432191e-01 3.218804587571063580e-01
6.827989057359978853e-01 3.704974461929956275e-01
6.494351476942246126e-01 3.805495149839229763e-01
6.526052297979733074e-01 3.421145390163913280e-01
6.344665811311515080e-01 3.489186197060611394e-01
6.590304544032384859e-01 3.799879604582943049e-01
6.909584235693371213e-01 3.421047126503446445e-01
6.097315318190497102e-01 3.138960468972794016e-01
6.651808766230515868e-01 3.492904635329511231e-01
6.920986949175211844e-01 3.627742446674305232e-01
6.018048886482536552e-01 3.768655381495445433e-01
6.780847851073402710e-01 3.504239556391933741e-01
6.974273542840946360e-01 3.332533208322285834e-01
6.917281230193805808e-01 3.326222218997726410e-01
6.703143859044821129e-01 3.802315820233223009e-01
6.722228775371822396e-01 3.063834478391629923e-01
6.883217947012384430e-01 3.449711781958132439e-01
6.042369585763085471e-01 3.921001345251738379e-01
6.404733788543469641e-01 3.974864428721124887e-01
6.664285795920171784e-01 3.166411698080747184e-01
6.080158461527878089e-01 3.124435336684703857e-01
6.663615545486155645e-01 3.774952662661329450e-01
6.797351747470826711e-01 3.786806169382578857e-01
6.187928034019354318e-01 3.637517638365027617e-01
6.317199782110947126e-01 3.328059574806063181e-01
6.848327580807820336e-01 3.035978595884563092e-01
6.363869411935467735e-01 3.119037901777469424e-01
6.641520672175154072e-01 3.091556684775437769e-01
6.265220066739234372e-01 3.022092008395813045e-01
6.804756472454907001e-01 3.105268970797510630e-01
6.050279611915821976e-01 3.200707160566587106e-01
6.656417145052668793e-01 3.978786061508547967e-01
6.526906126591512924e-01 3.274514769766385114e-01
6.835186524841537770e-01 3.994251832488576737e-01
6.476786147800628335e-01 3.514615578882525071e-01
6.361688653466176513e-01 3.147056839294211650e-01
6.580083004524445167e-01 3.733510906484704961e-01
6.828894808636792879e-01 3.068321795146222164e-01
6.263221890305472606e-01 3.968258834822043779e-01
6.132421103292962083e-01 3.508398239043343247e-01
6.660138407101408031e-01 3.161344380806594412e-01
6.261636354738600030e-01 3.924250703808255247e-01
6.491687002325102762e-01 3.169584733922402586e-01
6.841848810615070997e-01 3.365350771609942893e-01
6.706957345925342873e-01 3.705178765934075691e-01
6.303257975592845286e-01 3.154400399113572728e-01
6.704718252523114153e-01 3.184463734845373040e-01
6.126947208466971828e-01 3.246185518476910614e-01
6.587671794905531897e-01 3.665586624162208707e-01
6.421394511165650076e-01 3.080042769921099710e-01
6.641881752386528115e-01 3.072341783846529450e-01
6.229913834632718750e-01 3.033702525584706655e-01
6.273389960848494429e-01 3.552297072433058256e-01
6.316029655250346986e-01 3.290129752967460575e-01
6.364051745378059843e-01 3.032977104639217325e-01
6.878540916346619349e-01 3.422972463048931102e-01
6.855854698988708140e-01 3.351684992402867436e-01
6.749712540120885729e-01 3.777866486631349385e-01
6.404466943227896669e-01 3.908379994388055945e-01
6.868723186613291398e-01 3.966211274355440075e-01
6.171168372138022828e-01 3.050107371307509418e-01
6.729353461532884273e-01 3.335857466810731586e-01
6.651580380567465589e-01 3.091466470797659682e-01
6.692298709587074512e-01 3.256395514423237603e-01
6.130464939976993932e-01 3.544287511810017000e-01
6.787606344747407761e-01 3.059333597068243371e-01
6.326321384725066554e-01 3.116488284281712096e-01
6.794341486411189512e-01 3.584979927563292090e-01
6.642970408061569243e-01 3.093607852067229991e-01
6.816807028165162707e-01 3.226730520891420428e-01
6.105634856671270372e-01 3.418221921831620658e-01
6.364214647762558297e-01 3.125460210863842403e-01
6.727940610702461965e-01 3.367535088858617520e-01
6.910563905153601638e-01 3.469594259960802063e-01
6.287570949665149955e-01 3.426660169557913527e-01
6.486369605408682792e-01 3.394337025240442007e-01
6.216738148595633007e-01 3.678051429210075773e-01
6.733019700920979123e-01 3.274859031648056917e-01
6.864641478580754130e-01 3.029898186535375237e-01
6.204029583476335930e-01 3.984286966052094092e-01
6.044999760648697151e-01 3.352029264074400938e-01
6.457523854533787633e-01 3.523998932395013828e-01
6.440061747840483131e-01 3.295810636464894805e-01
6.465829271175205228e-01 3.912699954541287162e-01
6.323898617959882174e-01 3.871412285631186667e-01
6.015759610011964797e-01 3.555147004478975137e-01
6.252793470792110675e-01 3.626783951795281569e-01
6.487164677710149929e-01 3.732409617827285864e-01
6.639862733251831184e-01 3.164978424455686112e-01
6.160702187589526257e-01 3.547367645152516014e-01
6.825113261980741974e-01 3.353024095828190942e-01
6.162459106791683405e-01 3.850175778207165500e-01
6.181608882844724651e-01 3.981872648821270788e-01
6.429837856705687971e-01 3.004481298735371397e-01
6.333091720865264840e-01 3.752918877996134217e-01
6.481548028794370531e-01 3.590811515755223948e-01
6.400365681472968138e-01 3.517824530333543143e-01
6.043128947927431938e-01 3.283402025877932284e-01
6.119157017302084833e-01 3.034263999493484465e-01
6.740224240620874552e-01 3.143842752389146011e-01
6.796712524799652932e-01 3.418245888764487317e-01
6.138583828657390162e-01 3.979950839273384555e-01
6.452471549437057696e-01 3.335964999592608282e-01
6.366452940711365693e-01 3.702816945695883710e-01
6.288536837643536881e-01 3.092507303806378283e-01
6.505132464375954493e-01 3.137207308431257946e-01
6.889022051912093714e-01 3.719012597934383546e-01
6.031145413398917299e-01 3.363819232521913505e-01
6.175792359265113163e-01 3.006154304969165247e-01
6.121432544201249604e-01 3.298043234711569016e-01
6.889114990714741982e-01 3.742643063309218920e-01
6.056828051191485152e-01 3.987548234710802109e-01
6.850394895284384056e-01 3.396551857108001671e-01
6.423261428816451346e-01 3.755272976245983552e-01
6.420786943719627438e-01 3.390177419251563795e-01
6.302361506944972325e-01 3.895508142161741016e-01
6.064604666495768681e-01 3.629973982414123612e-01
6.286342378293661159e-01 3.550041006586436287e-01
6.401414192099025291e-01 3.839241315582878622e-01
6.469171323375040306e-01 3.603364390732352041e-01
6.827583582512680715e-01 3.265369288397443892e-01
6.089123934738605026e-01 3.392940296215631313e-01
6.915098214540126298e-01 3.269796923278461831e-01
6.393153791001094932e-01 3.717568436800374743e-01
6.839838842079333237e-01 3.649516904128533579e-01
6.244221835153103140e-01 3.724421547328245485e-01
6.161930224339408069e-01 3.433655987373008811e-01
6.143539558468700257e-01 3.394426628583945837e-01
6.093132868287078896e-01 3.871771388091349020e-01
6.237604381898034234e-01 3.195828542813338169e-01
6.320874181923642476e-01 3.669477852786912075e-01
6.321577047970665664e-01 3.380424133930491903e-01
6.591562575315588202e-01 3.130048320312207588e-01
6.351541168696842599e-01 3.579036362845721131e-01
6.357329492281222905e-01 3.983091043071767534e-01
6.753818191870819554e-01 3.783261506293743581e-01
6.595049490521893709e-01 3.360382805927913386e-01
6.029629949606190031e-01 3.603333648286812796e-01
6.872540240267900336e-01 3.062448439909565834e-01
6.263656166196773789e-01 3.576792463135488043e-01
6.142600656869293685e-01 3.086202297589279997e-01
6.802688523255754349e-01 3.360957489351729111e-01
6.152417753350196694e-01 3.991806683683480905e-01
6.816662168304838954e-01 3.429136768736232299e-01
6.039047324190216504e-01 3.951291420208189464e-01
6.619322061230795695e-01 3.276575196892629327e-01
6.922228338377055534e-01 3.164735453429671219e-01
6.903136246622318950e-01 3.670964304114214816e-01
6.368651154523939928e-01 3.216961961524828495e-01
6.385982486930558144e-01 3.431637494162825264e-01
6.946508564970907962e-01 3.820216364187378755e-01
6.602170025598512737e-01 3.756695421448031924e-01
6.022267067030944165e-01 3.949263302185161417e-01
6.008857663805712290e-01 3.713468217544658723e-01
6.369031679302217253e-01 3.558396896311988300e-01
6.932050765446540197e-01 3.851092869373687333e-01
6.878579008639320591e-01 3.576552860265905243e-01
6.818207924625839800e-01 3.140694225760743974e-01
6.682047861245974385e-01 3.000848231829030821e-01
6.325954285921843168e-01 3.274869109000997369e-01
6.782350398688572479e-01 3.570931898757961909e-01
6.177322870555074230e-01 3.429708608862764296e-01
6.275465009028892149e-01 3.372442330433999547e-01
6.841517942686419218e-01 3.149484526921673688e-01
6.021917090856730992e-01 3.699903491639774944e-01
6.992386590121951739e-01 3.914128510574174657e-01
6.227835295222085010e-01 3.323933131984967426e-01
6.144689307234313391e-01 3.578844933594980682e-01
6.320992310802673320e-01 3.703149909193600431e-01
6.819185752845179360e-01 3.986269763509276420e-01
6.553542434914960690e-01 3.626692703791302708e-01
6.438594201008568385e-01 3.455492427916494469e-01
6.056030921785539034e-01 3.915661332685860252e-01
