6.993637757678223821e-01 4.244382319571749496e-01
6.526471118017531658e-01 4.059566274903277927e-01
6.892283550230924316e-01 4.099549409105885944e-01
6.037227747085806007e-01 4.200740140681764601e-01
6.280103339130128637e-01 4.369849952003793669e-01
6.034133242616339654e-01 4.297403317873413897e-01
6.444262415716122128e-01 4.102521791790963990e-01
6.688179096480206809e-01 4.697699585933359234e-01
6.640722667410886570e-01 4.305854198246344966e-01
6.321472809844502772e-01 4.308626145406796448e-01
6.578270258944256543e-01 4.885263716530141576e-01
6.613338938112717225e-01 4.808911129000846829e-01
6.423046007012408465e-01 4.301156039027442812e-01
6.256866982486118944e-01 4.177002744564213832e-01
6.739701847949589597e-01 4.463897529506591910e-01
6.026961601130047530e-01 4.270161139871794798e-01
6.630342170257185197e-01 4.288142628691471447e-01
6.651752981929228703e-01 4.481199670013258918e-01
6.405983900468356085e-01 4.889009337429223168e-01
6.728351891513433269e-01 4.427796753070319946e-01
6.047450953132024187e-01 4.929511517148429389e-01
6.548184880056570067e-01 4.951637123381295580e-01
6.030322850873672813e-01 4.367007313266046964e-01
6.501238993286483359e-01 4.162756431065849916e-01
6.120448254459222026e-01 4.242491358285140346e-01
6.005886859780893428e-01 4.524815133625266217e-01
6.060655660943841117e-01 4.221737081414756454e-01
6.503703518497996328e-01 4.886798967320839515e-01
6.821634175760498131e-01 4.763032925159309539e-01
6.966884964075065190e-01 4.999995529238450143e-01
6.204534871662084061e-01 4.089614752070017678e-01
6.985977010480758365e-01 4.246336894986817434e-01
6.970673969151400806e-01 4.311022832266601101e-01
6.708999105704840371e-01 4.697035589684886991e-01
6.135983651210545897e-01 4.682384399881227566e-01
6.907298478195079694e-01 4.398175730412318130e-01
6.848088448762262859e-01 4.154784901024820565e-01
6.397001158866879589e-01 4.570694524560136585e-01
6.886714708643991711e-01 4.539676270818207016e-01
6.222864969014140213e-01 4.617862808856773027e-01
6.828433533380371401e-01 4.742529898716777437e-01
6.485473475077724315e-01 4.371149591284904101e-01
6.233144368249173839e-01 4.217479025703254059e-01
6.746471035038131836e-01 4.156838378250001798e-01
6.808019901068615987e-01 4.000038648608818526e-01
6.422697960150942631e-01 4.449500460967026338e-01
6.199574711661229864e-01 4.601686932495435700e-01
6.613215899425772815e-01 4.463360966843059607e-01
6.163879829389663501e-01 4.573778347259538357e-01
6.777754925594643431e-01 4.921928791359235777e-01
6.852634842575128227e-01 4.725695115288694459e-01
6.973020606819347877e-01 4.371405339560756609e-01
6.867147642078083036e-01 4.400709915502662994e-01
6.050579303209182580e-01 4.039433804220050606e-01
6.891452337248661353e-01 4.585875477765511410e-01
6.426469696567775891e-01 4.543333400766670360e-01
6.065609978912491762e-01 4.512715216911369898e-01
6.878114378525004291e-01 4.659601318237992507e-01
6.931411992377667364e-01 4.846583287557726383e-01
6.655423396574260408e-01 4.492988060223072067e-01
6.183366732637409768e-01 4.067228711957499021e-01
6.378076372828076490e-01 4.320178302778487911e-01
6.819445649826955114e-01 4.023768295429376307e-01
6.300461398938801416e-01 4.062416586046185829e-01
6.422642151814608180e-01 4.335933235717776002e-01
6.558638624913761817e-01 4.294440948980100536e-01
6.557019561428342191e-01 4.923497268347134526e-01
6.120229832781985957e-01 4.857181854086906059e-01
6.847605199324983127e-01 4.092808983697643899e-01
6.165529014556929699e-01 4.488623988720418234e-01
6.742442452193992963e-01 4.505650556599486989e-01
6.999722823160418050e-01 4.581098057279890945e-01
6.783897422874096694e-01 4.067176881749407502e-01
6.560206194223895393e-01 4.029088927239469209e-01
6.648442305240233052e-01 4.508223991862418401e-01
6.400574509944005897e-01 4.338454115516100495e-01
6.548767486957070005e-01 4.395518210744656651e-01
6.762141662204412818e-01 4.273353338805210289e-01
6.885287862845214102e-01 4.349638672619738911e-01
6.344123480457409814e-01 4.830555380847074143e-01
6.303733320723539091e-01 4.890427688270424511e-01
6.713515977852280159e-01 4.098638234199278307e-01
6.018289518013976158e-01 4.724239703141823732e-01
6.262807492223161354e-01 4.122738167773470908e-01
6.362741511193642507e-01 4.426194735587294371e-01
6.657357421149024956e-01 4.443717654637711068e-01
6.508476895595014522e-01 4.516145482289488089e-01
6.586972230259795502e-01 4.288498536603942979e-01
6.016411744708000109e-01 4.313122717565632813e-01
6.049073716427573189e-01 4.314830788698648667e-01
6.995325920384114493e-01 4.769658568811524502e-01
6.074323530922529635e-01 4.793598496500893202e-01
6.442210941900815557e-01 4.865546752435313538e-01
6.115100934757053963e-01 4.495926084511346343e-01
6.707927155596021818e-01 4.080541106750697478e-01
6.694819069515037802e-01 4.293556302591041707e-01
6.888990544162327812e-01 4.818483246723080926e-01
6.835943618553925738e-01 4.393060440087586671e-01
6.714905568462367080e-01 4.043842125194747061e-01
6.434519688790588665e-01 4.418474957414564863e-01
6.858255252892156983e-01 4.262668093677594028e-01
6.400315020618189132e-01 4.359994848375812193e-01
6.329393169894774740e-01 4.859134700841493126e-01
6.083529108703793487e-01 4.442789094477022083e-01
6.959546566414288593e-01 4.610213309972270301e-01
6.254461558421208212e-01 4.880019546981272383e-01
6.261862385319243440e-01 4.024349549064988318e-01
6.255614277851127003e-01 4.699303477722331923e-01
6.426315170998044835e-01 4.223757184807772624e-01
6.630456750298634461e-01 4.490668303050336929e-01
6.921472814068726498e-01 4.402644964302979691e-01
6.086846294241725630e-01 4.137149159176733426e-01
6.850599754569547395e-01 4.605261520904374573e-01
6.662968291416523359e-01 4.154902957501128147e-01
6.726232368058243649e-01 4.315413400643112185e-01
6.549047541603925104e-01 4.164511622720496464e-01
6.696479579028780105e-01 4.702969180144879191e-01
6.032563855736743363e-01 4.358708010173647507e-01
6.267678905835668557e-01 4.085510007296246915e-01
6.665887134324722796e-01 4.096495924948942990e-01
6.624064970780132455e-01 4.821347302688058223e-01
6.390694818115078002e-01 4.141371551595963707e-01
6.799164176581671271e-01 4.050732201041549740e-01
6.032127076071267524e-01 4.157053512251223104e-01
6.049784348642960330e-01 4.016055016179297388e-01
6.128638306660404433e-01 4.133924232417771627e-01
6.793060495055104342e-01 4.500463857414880309e-01
6.738642514629763491e-01 4.764205961263043299e-01
6.426890891501790826e-01 4.147239572860344503e-01
6.711491613140958545e-01 4.646833131307117615e-01
6.110632693418632799e-01 4.495912864575785650e-01
6.057562784039787207e-01 4.520825808130321533e-01
6.853343129101251430e-01 4.513635588464273152e-01
6.481565639869111273e-01 4.825846245240572041e-01
6.592117790417710843e-01 4.433394939816662217e-01
6.625855044308021080e-01 4.973133682222525831e-01
6.945547025126032059e-01 4.130263270577335111e-01
6.200239074177161802e-01 4.496976514739985387e-01
6.968860136050863963e-01 4.380005260006049062e-01
6.200266636484391691e-01 4.978573792218486949e-01
6.991204251892783050e-01 4.157801978076947069e-01
6.560884682487410080e-01 4.132013692218652889e-01
6.811898434185535978e-01 4.151945317514256217e-01
6.895787312969325900e-01 4.271130144443390231e-01
6.813875094547000577e-01 4.035265356733857001e-01
6.731844339725632231e-01 4.785519306418527519e-01
6.402908660800735730e-01 4.542051422829257445e-01
6.729608448453879843e-01 4.036059021251973689e-01
6.856711699646473868e-01 4.269678890825403528e-01
6.692158733064779152e-01 4.717843410385677005e-01
6.059927755820608830e-01 4.447704951363312675e-01
6.856453431664046860e-01 4.555925085491886461e-01
6.077611918584615580e-01 4.024688583363238426e-01
6.577907640840272574e-01 4.018143982322764929e-01
6.563755851576437150e-01 4.932862951445044497e-01
6.886890219810201108e-01 4.851640748937046110e-01
6.884868201080446282e-01 4.994873253957115011e-01
6.292508994169905279e-01 4.641807174938786806e-01
6.700434460359293576e-01 4.423569326710492522e-01
6.941211685241643892e-01 4.495637850564364602e-01
6.709224244566120987e-01 4.551681582188761288e-01
6.713457271476578336e-01 4.941967262803014793e-01
6.280856209215841535e-01 4.535202865160320451e-01
6.844380511764922570e-01 4.461424957159534355e-01
6.857103927483263472e-01 4.705385942003197930e-01
6.566546599755949121e-01 4.025001959192961998e-01
6.084244335678233861e-01 4.829866668417955866e-01
6.338466527567350184e-01 4.768052254649178257e-01
6.763641060884576506e-01 4.469611593157496454e-01
6.528466061781887930e-01 4.390128030893503119e-01
6.728236148340788203e-01 4.634860409346781007e-01
6.662246406606108229e-01 4.877481536729001976e-01
6.012625747675696131e-01 4.067220817851612269e-01
6.624748782190718055e-01 4.152700744943924605e-01
6.093584058883962928e-01 4.973778624242321533e-01
6.894201282744146786e-01 4.929933556314541887e-01
6.872956807263245205e-01 4.455942640545470512e-01
6.978712541879622533e-01 4.790784288511720779e-01
6.443169401261779061e-01 4.982826913867878238e-01
6.531619375744902589e-01 4.491594375796885696e-01
6.041137122177565599e-01 4.973197426810319066e-01
6.906022905317994454e-01 4.270719906310482816e-01
6.297901643236151203e-01 4.105704865028651507e-01
6.615971133356486344e-01 4.324812716938332691e-01
6.964568699996402934e-01 4.807473898900103126e-01
6.092123863507344916e-01 4.980722931320684110e-01
6.346772168517629265e-01 4.241802685844489051e-01
6.365188068849744196e-01 4.953746414927704400e-01
6.067580366007445658e-01 4.580002475929905170e-01
6.369661797659070812e-01 4.989727270581105767e-01
6.024776617434565162e-01 4.206856018015967535e-01
6.700153361537493080e-01 4.038458870619023866e-01
6.000883744267810904e-01 4.824101753066001863e-01
6.946528854097946404e-01 4.277537952371337493e-01
6.602752689188309265e-01 4.345591038134782869e-01
6.617960407745099305e-01 4.328336693155759862e-01
6.705999931120066870e-01 4.690370400283709329e-01
6.610663098138930271e-01 4.222890302783045002e-01
6.551512531883169066e-01 4.045444262161437265e-01
6.196800305110441442e-01 4.715357672813298984e-01
6.548606026655375834e-01 4.845783410864067942e-01
6.941065994916555404e-01 4.210193342382150261e-01
6.409784868560338689e-01 4.959789751364578336e-01
6.018758033777424910e-01 4.031564156825084844e-01
6.612455700811599169e-01 4.271561995488527552e-01
6.684180878774014234e-01 4.491195741301639011e-01
6.428168113593796251e-01 4.106061304768738318e-01
6.613720819569779419e-01 4.424025160879395124e-01
6.878665207289825778e-01 4.041991502288297400e-01
6.241050524037667913e-01 4.460060780403914960e-01
6.455640574892298478e-01 4.558818778321833687e-01
6.235255100999712585e-01 4.393810234702839601e-01
6.561602557872698860e-01 4.340464095024011426e-01
6.809588598014910676e-01 4.262081467815777014e-01
6.757758343607564999e-01 4.681158381578658934e-01
6.151003537006844990e-01 4.840265208325493229e-01
6.928283582897101223e-01 4.545407026435922537e-01
6.690027154528792597e-01 4.276138674210033241e-01
6.342588955542951545e-01 4.550676696790614817e-01
6.404239662667116084e-01 4.109355536424950106e-01
6.410759882119327902e-01 4.816381108218980023e-01
6.479112855961060013e-01 4.181537456012933696e-01
6.040659747694472337e-01 4.467557041129416873e-01
6.850606688543799949e-01 4.351748537956106055e-01
6.744462130650735743e-01 4.882860698333771343e-01
6.758749704841702233e-01 4.170022700839167151e-01
6.098886683952086107e-01 4.462401508163199582e-01
6.093196609829767407e-01 4.133377259902455414e-01
6.264764109146166993e-01 4.561970257592679601e-01
6.013296310680213974e-01 4.653819163868100350e-01
6.816348517500423476e-01 4.456523764834379175e-01
6.729397648485656580e-01 4.298672791003219640e-01
6.113680543874254747e-01 4.755591429863179620e-01
6.413504000835535956e-01 4.874310544108970689e-01
6.394680846596167978e-01 4.720154281468462720e-01
6.808014850704106058e-01 4.291373234577207096e-01
6.951291032397438618e-01 4.338095578659236784e-01
6.924782369670084980e-01 4.927771992493290565e-01
6.719905274107186299e-01 4.217324374292621414e-01
6.968738776466775198e-01 4.167146148963040697e-01
6.202729812509566454e-01 4.607172030386696426e-01
6.028342399276273023e-01 4.805455232509961983e-01
6.625015118233299471e-01 4.144589566592182805e-01
6.985999346831098800e-01 4.946693338355376834e-01
6.698337021481829412e-01 4.396115165379214096e-01
6.077542228918741962e-01 4.570074422572061867e-01
6.189237487259141579e-01 4.111613681836492895e-01
6.517765208699790591e-01 4.569037878435123212e-01
6.687050196860567786e-01 4.893059996150064261e-01
6.680720987007180423e-01 4.669509234304695666e-01
6.461314430348534810e-01 4.108049164844133627e-01
6.686411759184582859e-01 4.312920601921779729e-01
6.736190464544419276e-01 4.866820550599501027e-01
6.305222176073075335e-01 4.825617643859829720e-01
6.683512867202593410e-01 4.026086512692344521e-01
6.383354574649616753e-01 4.145169983214901932e-01
6.728304535226563576e-01 4.611900394573429374e-01
6.972983939550626564e-01 4.285635207882665387e-01
6.254297557693312415e-01 4.022925210204252311e-01
6.766105711372301101e-01 4.819612237675292565e-01
6.699724522479491018e-01 4.427444529424672259e-01
6.537820084679700772e-01 4.800793961349381078e-01
6.727556454265120056e-01 4.214856411660506397e-01
6.426267272597846469e-01 4.055935111830590856e-01
6.002210111443302409e-01 4.494643515700202374e-01
6.155624482843385925e-01 4.526585248902698089e-01
6.918953464456552016e-01 4.813277990947749663e-01
6.043886256033808024e-01 4.654204557959220612e-01
6.296409533316886797e-01 4.878218997126907985e-01
6.222315336321683210e-01 4.249928770929395361e-01
6.154323596196901169e-01 4.923022886938645537e-01
6.679906083250904958e-01 4.263927668656986025e-01
6.330841707923162698e-01 4.452699113419317789e-01
6.494597545769004165e-01 4.889698223582846781e-01
6.398709894905975082e-01 4.688873212107899091e-01
6.800737289474222402e-01 4.154086987867825487e-01
6.439737928122979405e-01 4.703957720579792223e-01
6.437843126774477343e-01 4.557502439313003695e-01
6.349350957868302725e-01 4.372031600156964792e-01
6.279550459290803577e-01 4.220507168389703856e-01
6.048956905754447888e-01 4.762293097128721397e-01
6.350753162224093140e-01 4.077664868065632442e-01
6.467619434876055173e-01 4.217973376914829764e-01
6.252072346980734885e-01 4.418403729009060532e-01
6.412388888074986859e-01 4.568300803699439916e-01
6.416507302332278284e-01 4.222918021374967301e-01
6.807728187411276055e-01 4.253319587541162794e-01
6.082441569308643103e-01 4.463299961714393138e-01
6.908340801072612170e-01 4.222442607854359764e-01
6.413768338203272856e-01 4.106070235645196687e-01
6.296822788998377440e-01 4.345424975463048622e-01
6.506749984045746560e-01 4.233023578524538477e-01
6.079747755636228934e-01 4.746892176718611189e-01
6.542015491546314676e-01 4.619010067538176223e-01
6.146377917498845322e-01 4.239571955927154967e-01
6.575089163506234735e-01 4.169955720492024565e-01
6.864629327264881731e-01 4.311365920701346610e-01
6.978399224397879852e-01 4.671396165773958331e-01
6.284397160805315075e-01 4.913117964468878274e-01
6.038727396436308625e-01 4.047412879767569027e-01
6.954048012599446382e-01 4.132209386937792384e-01
6.417790856182505888e-01 4.686011239240659432e-01
6.679136964272939236e-01 4.294942668994400359e-01
6.554772082410720291e-01 4.182958590548192523e-01
6.151053844109881652e-01 4.482470988413432833e-01
6.625775786978352899e-01 4.961357519858099474e-01
6.857737636016046912e-01 4.130713239497436629e-01
6.783832049259931329e-01 4.117415879734571682e-01
6.874327060894827035e-01 4.516552793661938181e-01
6.408128088322735394e-01 4.513521767839591137e-01
6.718369957552007277e-01 4.127926489135315680e-01
6.552388558890643866e-01 4.279788839677913792e-01
6.738038680276673409e-01 4.879713290189462427e-01
6.583092825201203313e-01 4.697321690481446321e-01
6.448161493943910250e-01 4.245620352174223067e-01
6.481519052327342489e-01 4.866870653054237161e-01
6.765622495437232375e-01 4.917017979666246097e-01
6.746426682764299354e-01 4.326569065917567625e-01
6.399360535245834924e-01 4.508338354461173259e-01
6.296785725313277515e-01 4.733438413190649285e-01
6.616874609944298768e-01 4.437092426749323915e-01
6.237760280977242555e-01 4.082852946333954680e-01
6.279250736819806944e-01 4.273970843755465210e-01
6.426500002029258418e-01 4.411182105614535054e-01
6.606239653388858990e-01 4.751403997354642361e-01
6.541948529122284528e-01 4.453611423780207135e-01
6.383406503315836034e-01 4.859211970225649768e-01
6.135402527305743314e-01 4.515233677960653891e-01
6.472171486064093315e-01 4.011481651169631624e-01
6.931402896453998652e-01 4.585602556866148483e-01
6.218197072378537360e-01 4.330094455268504450e-01
6.021888722014395734e-01 4.229074365451941930e-01
6.340217569884570858e-01 4.078697505007398139e-01
6.010266900684970715e-01 4.855325171341208224e-01
6.760031576419506250e-01 4.856569425004010343e-01
6.538436777388073606e-01 4.775873535404649983e-01
6.782668619509405472e-01 4.487722922469867814e-01
6.009696384835719885e-01 4.869658654171896695e-01
6.827266185884918182e-01 4.087678655316820397e-01
6.361062586734923530e-01 4.212364619563598311e-01
6.309633383359267711e-01 4.434150463910626616e-01
6.470533600058214763e-01 4.230225289402697597e-01
6.167569618553809807e-01 4.026052845053012530e-01
6.713451626168140951e-01 4.466043493340140502e-01
6.395233360704382086e-01 4.839701363987687910e-01
6.604947788561569277e-01 4.831292093872924243e-01
6.136611407208526492e-01 4.445827462349101200e-01
6.805007086289039941e-01 4.863050372626066542e-01
6.808320652993048450e-01 4.738103783702432570e-01
6.590711889652076660e-01 4.846118956642745945e-01
6.081834143323214814e-01 4.842531144857855629e-01
6.106472490814809362e-01 4.649512939391363675e-01
6.907960680722613489e-01 4.678051342527713707e-01
6.378449577582034902e-01 4.737958331878909801e-01
6.143457616342085092e-01 4.015847751970057500e-01
6.989650378712737311e-01 4.117065608875143390e-01
6.484005713546117100e-01 4.211937618951433482e-01
6.967200803211512916e-01 4.340689435199460711e-01
6.648529298097219931e-01 4.309800273473178844e-01
6.059197416198155439e-01 4.185277984070078228e-01
6.364869165341796586e-01 4.893633110877760872e-01
6.148998311717426279e-01 4.416840525567223841e-01
6.331809653164459650e-01 4.000245388457184803e-01
6.041791357277058738e-01 4.581049580834798407e-01
6.375524168214519172e-01 4.825956263829821458e-01
6.681513060909504143e-01 4.130059588009707960e-01
6.361657885302097748e-01 4.476018910639404380e-01
6.136226080389233228e-01 4.929686020258547963e-01
6.203300399162972045e-01 4.841184165479558432e-01
6.329039538092561257e-01 4.311193402089895654e-01
6.617294242807347793e-01 4.151445908761015047e-01
6.892484642767119363e-01 4.887365866735041697e-01
6.702275842850772269e-01 4.193730789744819498e-01
6.460065007825455119e-01 4.057568379091548438e-01
6.981384437938191745e-01 4.522276229834381045e-01
6.897672555010994078e-01 4.855504569958551397e-01
6.694888162545409305e-01 4.478591178866671019e-01
6.206338864493332608e-01 4.181552024261263600e-01
6.356907743228545904e-01 4.515989850893822322e-01
6.773860793112496115e-01 4.551168708209956115e-01
6.476528987429764905e-01 4.138986828363340753e-01
6.046954172206848721e-01 4.024049529687162563e-01
6.786174997289734501e-01 4.875933769502314163e-01
6.737090175896454092e-01 4.216024924053467515e-01
6.540983713901328267e-01 4.155524864152573827e-01
6.531801683338213094e-01 4.945754110689256633e-01
6.132702167245409619e-01 4.839350997599037862e-01
6.516590034248028740e-01 4.923467316791816373e-01
6.243520298869141838e-01 4.173033721795176287e-01
6.334168718711498114e-01 4.996063279154024928e-01
6.353831727431241694e-01 4.260770403781795057e-01
6.391406301807243118e-01 4.898287075721659556e-01
6.242122274970354212e-01 4.410735218160894977e-01
6.829296529184974984e-01 4.712380288690970476e-01
6.040363430892011776e-01 4.728486527550994634e-01
6.751093789280623314e-01 4.380258498096841757e-01
6.758510714243052275e-01 4.403121075476272850e-01
6.098936213117025495e-01 4.080129154850699602e-01
6.169634059734800946e-01 4.117443313885310596e-01
6.986077698396188085e-01 4.674678901003539999e-01
6.802980917130858618e-01 4.837872559621504420e-01
6.022632461437664730e-01 4.354756584841221190e-01
6.553604809318954727e-01 4.491932926929089742e-01
6.594441579368283124e-01 4.211819307219145658e-01
6.155548335522315062e-01 4.377099392698362013e-01
6.358523538435567612e-01 4.376874228547924517e-01
6.798154966890548323e-01 4.838993352545986615e-01
6.799147983586909527e-01 4.422778387002241907e-01
6.322796593195587622e-01 4.416160681253729070e-01
6.213003763001516688e-01 4.281258423974788618e-01
6.226382801507885922e-01 4.503973590031453700e-01
6.861577911685188269e-01 4.348062395227718646e-01
6.039973225454722261e-01 4.211958389319478968e-01
6.420725231087174301e-01 4.269132547516348852e-01
6.708829741977575534e-01 4.088530825208514519e-01
6.323353083863227919e-01 4.782667538804981078e-01
6.553547778285637726e-01 4.618763179694501675e-01
6.501058813726023899e-01 4.068431135992731096e-01
6.702730026760408411e-01 4.800466142876321229e-01
6.961016354183938715e-01 4.270936112213840063e-01
6.446224863357682411e-01 4.635318581769411472e-01
6.178105931360463599e-01 4.350236789722897734e-01
6.015190278706723515e-01 4.577283564311426800e-01
6.062260093776379311e-01 4.287490542191990661e-01
6.517787651021428319e-01 4.348944905829496554e-01
6.735134267826821119e-01 4.517606119734968173e-01
6.578650821945509763e-01 4.895780988294116121e-01
6.160127811068901726e-01 4.943188678750088383e-01
6.216198941255908217e-01 4.176954540986541620e-01
6.212483269899042870e-01 4.861092134514104490e-01
6.758844920380999710e-01 4.710706561862761932e-01
6.174249204091966092e-01 4.249096198700613725e-01
6.613676342047732915e-01 4.922604084196764429e-01
6.294435570810302805e-01 4.606118216097239704e-01
6.543788868655158186e-01 4.969850227205581672e-01
6.912559004566891652e-01 4.098856787740689511e-01
6.546390714943409739e-01 4.505995366300636906e-01
6.218114127288046911e-01 4.647913802546154161e-01
6.743687581856162572e-01 4.332156729678873219e-01
6.561245459236316746e-01 4.607708939828752404e-01
6.478646219800257011e-01 4.944671398755618452e-01
6.624916186796167006e-01 4.426047248707638548e-01
6.967244630911451075e-01 4.640806996512022442e-01
6.830220233382966466e-01 4.636952177151237864e-01
6.471073426869236034e-01 4.285718270520348927e-01
6.921434221125927211e-01 4.155315455333136176e-01
6.563258602651967921e-01 4.222942969490364185e-01
6.946783728936450908e-01 4.002172021225103293e-01
6.603994128124860419e-01 4.371597795687286458e-01
6.186911356239336301e-01 4.478945043686047844e-01
6.800150524743839853e-01 4.709344340405829388e-01
6.833824994647349493e-01 4.367315490911355402e-01
6.560062609844951043e-01 4.886682600653451947e-01
6.990881693856254575e-01 4.276458504137057304e-01
6.634788881647649683e-01 4.009596235487803417e-01
6.877624250688367802e-01 4.717912089030253942e-01
6.621691040470540912e-01 4.169262798136342263e-01
6.980555102464852668e-01 4.962239502670661162e-01
6.079423186759521647e-01 4.323496802349675594e-01
6.732098257530425567e-01 4.710644342493987002e-01
6.386353589641728945e-01 4.672126263452618389e-01
6.973648155866557508e-01 4.170294349967647030e-01
6.905016687596917668e-01 4.528197138305736225e-01
6.826946722767730513e-01 4.337955364195605901e-01
6.758395837079297364e-01 4.710915738826664811e-01
6.421535970273071214e-01 4.908670515649273813e-01
6.216287619904167228e-01 4.355687124000298116e-01
6.990582190152085929e-01 4.103344412566510835e-01
6.057491625225993603e-01 4.374609014655584938e-01
6.174899354695374543e-01 4.160064788006311298e-01
6.705257631540267882e-01 4.580176406140196166e-01
6.286447288918318721e-01 4.192603657349533997e-01
6.024214247276168388e-01 4.058370850441012645e-01
6.754276205784777165e-01 4.161222942346403109e-01
6.846180755674492469e-01 4.881559804858262019e-01
6.411257577459552603e-01 4.727743485106061239e-01
6.041329378820247120e-01 4.536552487070780737e-01
6.943872115122616817e-01 4.926379816969256309e-01
6.602325029736300088e-01 4.757851374322171201e-01
6.765152151121058832e-01 4.428129004478179032e-01
6.662369751207808388e-01 4.576424552224540587e-01
6.803152304980624177e-01 4.710352762297941864e-01
6.007276046375953360e-01 4.165197908714926567e-01
6.554747418850875862e-01 4.759923383009885267e-01
6.152216090120905534e-01 4.342538031046410119e-01
6.588019717066820879e-01 4.875654959945148192e-01
6.869160657173422058e-01 4.585074713662318224e-01
6.126642366788805916e-01 4.587493712856154926e-01
6.743681513435003660e-01 4.341442328867533007e-01
6.768193469539726115e-01 4.603485722835980454e-01
6.615010308682216511e-01 4.628250143087407897e-01
6.509389356351054090e-01 4.252207135942815408e-01
6.461080776375192070e-01 4.324244063225151091e-01
6.829442326605151825e-01 4.201316734957949439e-01
6.007471699487019201e-01 4.201436297875126291e-01
6.975388784886318305e-01 4.429584383777386281e-01
6.739373122174892039e-01 4.618354225305189020e-01
6.739546232069659748e-01 4.798552365975440326e-01
6.281849232791979487e-01 4.622391002558248196e-01
6.964896647585843148e-01 4.569830136817519817e-01
6.454741358528683914e-01 4.771067777722527437e-01
6.753119934033906535e-01 4.065415236401400123e-01
6.538772011168295650e-01 4.935581981652970018e-01
6.650134678022028289e-01 4.040783658716585180e-01
6.553420474709457100e-01 4.982483424108499204e-01
6.904448474812846515e-01 4.771089670513847247e-01
6.438717769347167552e-01 4.557140393696710312e-01
6.681784576692555433e-01 4.598643889314938393e-01
6.196998928148038654e-01 4.134225323248337247e-01
6.009578111881862528e-01 4.658159401024533630e-01
6.781661833257889294e-01 4.979190128380553970e-01
6.796177093629107713e-01 4.154508026432420786e-01
6.059108316795932536e-01 4.473172537423317774e-01
6.466727702277086376e-01 4.930559220582069191e-01
6.270833076625444980e-01 4.010505871940149847e-01
6.809324062586228354e-01 4.782690934673591854e-01
6.693150730732236875e-01 4.540416713281552608e-01
6.880432958878005545e-01 4.860467446361707022e-01
6.041108688803445981e-01 4.738823374292612800e-01
6.078639450606309058e-01 4.940102017804767764e-01
6.747435834728051640e-01 4.326825143588047262e-01
6.880850492207588598e-01 4.052702177141799256e-01
6.935974794096655405e-01 4.507659621754454005e-01
6.092293817258470634e-01 4.256969170243212197e-01
6.435272937750390332e-01 4.384416107745980895e-01
6.095174058107303283e-01 4.851797306887654093e-01
6.271414463426450148e-01 4.907735013011348402e-01
6.809420119029723217e-01 4.077046415596310980e-01
6.401759840932109702e-01 4.568012674621492186e-01
6.586673909725627718e-01 4.744615158316707881e-01
6.627307922364426007e-01 4.768500824111370773e-01
6.211677898010289356e-01 4.143607815430869756e-01
6.857813822401166437e-01 4.885703682182457319e-01
6.877164630306417115e-01 4.776476995378280410e-01
6.686585971150854624e-01 4.987561008489674874e-01
6.746630543867574437e-01 4.471300100134720235e-01
6.679262836859622965e-01 4.821617254055677870e-01
6.357591660486318075e-01 4.241713332713429319e-01
6.455207593273705191e-01 4.620967846008946500e-01
6.839432931836357810e-01 4.735453700774837071e-01
6.151096661082600114e-01 4.644894624883997847e-01
6.194305751133085680e-01 4.329934518499596874e-01
6.555509619098861540e-01 4.895839180764725018e-01
6.299659057548094854e-01 4.403684879444230704e-01
6.536311946113867455e-01 4.313424681827541241e-01
6.758091867479016912e-01 4.855230017340833593e-01
6.388188807110140033e-01 4.393882202356134692e-01
6.965984241715148517e-01 4.028578349059631636e-01
6.310064678804279126e-01 4.941063522595207091e-01
6.274307176008698805e-01 4.547335446500588851e-01
6.669791158579927437e-01 4.592476887298478361e-01
6.476390529505389182e-01 4.794890685362963589e-01
6.012639853810772816e-01 4.549818957084574844e-01
6.880388281192199029e-01 4.807339292385160445e-01
6.209965114021448462e-01 4.822099981290074444e-01
6.817315039829270340e-01 4.131001184073655463e-01
6.469951235736473016e-01 4.074986980130809733e-01
6.224132678784584094e-01 4.537794506151265894e-01
6.993032848766298493e-01 4.567863660561089501e-01
6.260280306790503291e-01 4.717782569313643259e-01
6.745480748283858574e-01 4.229054551069423296e-01
6.069545404128846577e-01 4.024046804620864393e-01
6.856175498946756042e-01 4.753027117851978955e-01
6.811163657524017534e-01 4.262675442479351151e-01
6.197447267891933453e-01 4.455136760317089384e-01
6.781478446872155619e-01 4.325589869554578026e-01
6.653448623777853399e-01 4.071081900494676331e-01
6.236504991638228690e-01 4.215991758150526847e-01
6.108107890365583881e-01 4.527080290685925323e-01
6.727127914025488042e-01 4.122078404123405426e-01
6.742294861662156968e-01 4.211022793486053906e-01
6.897561001504489697e-01 4.756950516538760443e-01
6.462539947875299839e-01 4.043312533098934458e-01
6.117554601523995661e-01 4.652973324631393681e-01
6.451670930622972477e-01 4.767599170448941215e-01
6.970638385734450049e-01 4.870295130545659879e-01
6.824606230264138595e-01 4.052267249653715986e-01
6.101165309905574041e-01 4.005856780118216554e-01
6.035943015002153134e-01 4.230095996663066904e-01
6.859287582693733842e-01 4.158057447365736126e-01
6.100830200139673032e-01 4.314060075118513193e-01
6.068029356851800671e-01 4.073809917458149354e-01
6.457079545608278570e-01 4.479621572705234644e-01
6.683501178139155119e-01 4.301084977056098824e-01
6.214381340924238772e-01 4.452505546534114012e-01
6.282135298798591228e-01 4.011909047499955250e-01
6.117503842289054861e-01 4.439645759579259332e-01
6.817225131014684747e-01 4.029597832786842027e-01
6.042477176323530763e-01 4.374154710716289252e-01
6.950963225072032126e-01 4.010536993850454257e-01
6.164087751844161689e-01 4.653556332033982890e-01
6.369402958364706047e-01 4.379473132153505199e-01
6.170331534965297626e-01 4.649374452260341961e-01
6.177332194311671021e-01 4.119994050166457811e-01
6.703350155950237310e-01 4.573153836542900863e-01
6.296262024357139886e-01 4.606405809453114619e-01
6.552928030904757728e-01 4.258901661481552248e-01
6.454099073437872258e-01 4.582726915105050924e-01
6.448283599932082000e-01 4.475013213325815808e-01
6.685847456664144595e-01 4.585997918541754870e-01
6.930623857395609155e-01 4.490113517312639413e-01
6.489875980751729223e-01 4.124013687138401441e-01
6.958817329794488860e-01 4.253493441609605963e-01
6.553615298761014119e-01 4.732037654709805308e-01
6.197859722147320838e-01 4.435611347076482414e-01
6.569390309021230223e-01 4.170108567501230601e-01
6.736787569662501252e-01 4.794927891230478245e-01
6.007699353379386542e-01 4.160436586097481237e-01
6.919773578189930552e-01 4.193701710669857641e-01
6.728142530120727605e-01 4.112056341152069416e-01
6.379794272380047149e-01 4.853316149070265317e-01
6.429562382852992419e-01 4.279969785024005935e-01
6.811502133632528766e-01 4.583221524668568692e-01
6.636272770001748755e-01 4.210296820383975236e-01
6.350730866535660990e-01 4.212805279358744492e-01
6.861881445866132578e-01 4.557203518570920320e-01
6.526874843837984219e-01 4.016202359067448380e-01
6.226608826600662505e-01 4.849911452866189632e-01
6.747911221985318786e-01 4.788952901676245544e-01
6.747609184912357616e-01 4.016229827260873186e-01
6.804692453026811583e-01 4.225428594586544961e-01
6.874317237064623276e-01 4.688517354942273729e-01
6.521464376920313999e-01 4.920937961823661499e-01
6.221703205854374197e-01 4.733659231846022997e-01
6.760009885525047890e-01 4.102800236783802346e-01
6.720640932569857950e-01 4.926638103429854532e-01
6.407475006498934977e-01 4.006968812608430186e-01
6.591222892090503604e-01 4.731713120833037634e-01
6.032037787931030515e-01 4.343971824697508421e-01
6.404864730720806199e-01 4.054742174642832486e-01
6.942823468913492668e-01 4.761479013235915270e-01
6.077082535626610049e-01 4.871511346781765561e-01
6.399375648996675769e-01 4.599774946174208790e-01
6.569382811976561820e-01 4.891407318101945734e-01
6.283524552706504229e-01 4.032212484120889506e-01
6.216799273203125198e-01 4.454642129688555774e-01
6.668024140382801113e-01 4.882318080112736380e-01
6.089774143013092500e-01 4.239913286363302669e-01
6.026220478634645161e-01 4.256246440221507776e-01
6.729252453557741376e-01 4.421593832541591551e-01
6.988869375455769584e-01 4.878981139733190586e-01
6.916202773527193592e-01 4.902895229957867640e-01
6.552521551054889537e-01 4.859483345964668022e-01
6.548500664288782191e-01 4.033970801413511165e-01
6.525466009391537314e-01 4.494976230589461386e-01
6.896713089524431073e-01 4.571062456869910973e-01
6.206751083778434541e-01 4.386719120830702145e-01
6.306204713926784056e-01 4.616879849754572662e-01
6.022458454143563289e-01 4.276699398639262073e-01
6.470820072748828533e-01 4.118002535754823334e-01
6.122867005612042668e-01 4.977906669600886680e-01
6.206597076081468156e-01 4.150127966719308614e-01
6.142999644935052128e-01 4.399967156767794485e-01
6.431832802731622944e-01 4.526369092379478598e-01
6.663622656611992712e-01 4.144999296364640928e-01
6.171179683309724329e-01 4.520443308783961833e-01
6.526891091026723046e-01 4.825617082833773552e-01
6.924393517792385433e-01 4.373618892947746528e-01
6.214411532871525479e-01 4.516640389143469769e-01
6.058410679350861860e-01 4.183017807311522063e-01
6.526260308521332210e-01 4.705556529473893246e-01
6.229458546940951358e-01 4.849505300086858206e-01
6.847721861925317732e-01 4.274762360134199968e-01
6.261379375269324754e-01 4.234143708695647934e-01
6.222299222394183094e-01 4.826761275707203702e-01
6.114134999545385307e-01 4.610429946024420800e-01
6.263770635329138914e-01 4.265373674399529080e-01
6.447251770649566893e-01 4.191434779377721798e-01
6.403315733545678068e-01 4.932186105851145141e-01
6.948251050603770906e-01 4.483148985360543848e-01
6.281240859138526034e-01 4.469638445195415200e-01
6.904330903391364682e-01 4.069179972989818150e-01
6.986105774978325078e-01 4.721296643987304420e-01
6.854820204609648471e-01 4.690929645137879023e-01
6.564079805621538810e-01 4.578805007692492435e-01
6.372725194565688200e-01 4.137184782849543385e-01
6.844100422408124773e-01 4.473638056384916517e-01
6.630174645710391612e-01 4.074414136707225076e-01
6.242080954059405773e-01 4.522290085311795882e-01
6.544954498592008285e-01 4.439178206430772211e-01
6.191357722551638076e-01 4.620236870715702659e-01
6.501393541059650172e-01 4.578359708153737495e-01
6.144352426428860703e-01 4.175834938693522291e-01
6.862230209803391601e-01 4.725590837442892322e-01
6.033638963293682655e-01 4.010501193843740153e-01
6.689728854744200204e-01 4.078754577194738662e-01
6.017644663022839735e-01 4.227304850807442893e-01
6.678448781282202429e-01 4.271994430095223949e-01
6.276518553918662979e-01 4.713978891001037175e-01
6.262056685243243548e-01 4.873288967183505571e-01
6.551592538911416019e-01 4.918605780080458900e-01
6.296012214611559354e-01 4.767714576008846850e-01
6.602410822627283737e-01 4.708599934713025847e-01
6.723069519911898384e-01 4.941163719292295253e-01
6.679974678657067955e-01 4.757656426260162275e-01
6.021885875173018654e-01 4.682871033687027174e-01
6.955921093504301433e-01 4.184955680444318871e-01
6.801582350204266048e-01 4.484718341372704309e-01
6.416699721159186964e-01 4.362134356767413124e-01
6.679192929386269517e-01 4.484796023190213976e-01
6.863445634670481965e-01 4.260238476601952984e-01
6.736964595692975788e-01 4.727868824068182096e-01
6.425635561589833067e-01 4.382940872755796136e-01
6.313857390540721370e-01 4.375127389162095648e-01
6.283024563197295853e-01 4.652178309195291739e-01
6.751178133951613036e-01 4.045168797875603461e-01
6.986617195293527427e-01 4.340190586470116241e-01
6.653832325248792978e-01 4.268273856793797227e-01
6.215924110060250252e-01 4.143279787563306504e-01
6.675276060314153659e-01 4.677322337959962661e-01
6.374222738493803275e-01 4.127927205866774307e-01
6.571431751361670459e-01 4.110526659354233336e-01
6.922658849151538396e-01 4.837087082202991550e-01
6.463202717840024203e-01 4.703216227385586534e-01
6.956350863125184691e-01 4.913039596282605115e-01
6.562488353845186140e-01 4.433692459821153009e-01
6.945709049883272979e-01 4.264806932558390384e-01
6.170098482846677612e-01 4.771253969042454357e-01
6.901853115929380555e-01 4.388520098026128524e-01
6.911711335457276784e-01 4.898314289759493345e-01
6.605826783805726077e-01 4.177723254845734369e-01
6.354588887692219634e-01 4.964156301185697617e-01
6.090518205609823932e-01 4.054831430766374645e-01
6.982591458107683113e-01 4.549377602582443947e-01
6.266658585197107945e-01 4.051867076571461501e-01
6.370123471581765617e-01 4.450486202578401995e-01
6.261710454853872676e-01 4.007285258905671776e-01
6.673402630064837471e-01 4.110033712766768543e-01
6.817069135842879213e-01 4.954479182305339124e-01
6.352666689028374503e-01 4.796856852756161693e-01
6.241313238228164417e-01 4.122969594577770014e-01
6.097742152543089711e-01 4.122317089799614753e-01
6.989833003325560679e-01 4.807833766699436406e-01
6.184313101604509422e-01 4.602506567031610651e-01
6.710907786280556619e-01 4.124059951815920999e-01
6.047304241689340776e-01 4.484312912658784400e-01
6.567994592782866459e-01 4.266937211410531949e-01
6.790249782378500187e-01 4.486963046670800481e-01
6.858598587778428346e-01 4.209012400573620694e-01
6.634409101510878592e-01 4.714228448846089492e-01
6.631898342936722868e-01 4.122640197306809418e-01
6.175152409112149021e-01 4.841361384797766565e-01
6.919636179352557370e-01 4.157127927848589533e-01
6.554189320631337301e-01 4.371616987479710059e-01
6.874982047597222312e-01 4.140298533015815963e-01
6.518574769226459509e-01 4.347284708270977571e-01
6.206580165141226679e-01 4.604730957145395376e-01
6.286511559169000174e-01 4.515762458631884524e-01
6.232417271359749211e-01 4.927139193505090109e-01
6.555279307265113875e-01 4.366176417721528979e-01
6.898838297673725029e-01 4.390219645447707153e-01
6.645472357729845791e-01 4.206935148610539965e-01
6.954204838857577231e-01 4.023447606108046526e-01
6.949585763816527040e-01 4.589399285683775087e-01
6.141012024669820768e-01 4.509294339987980349e-01
6.023346312015773751e-01 4.570203146082936208e-01
6.657278372097115149e-01 4.753907441936033873e-01
6.309385272703025294e-01 4.211408600166841598e-01
6.837612144297893213e-01 4.304430998229199501e-01
6.470865815709380131e-01 4.560498680282567552e-01
6.881838089524434654e-01 4.642411319599465402e-01
6.867370046587928378e-01 4.749446808479442783e-01
6.178892170838252706e-01 4.149149076417389392e-01
6.938790090645057251e-01 4.443837328131763353e-01
6.841726367979779067e-01 4.575696347014364673e-01
6.157388867221933459e-01 4.073734610975555670e-01
6.049562136929904632e-01 4.259401414141092412e-01
6.978829003802141662e-01 4.058831495374555232e-01
6.970722658978267816e-01 4.511508275880339869e-01
6.733518603225751020e-01 4.213912438382642622e-01
6.586089438101618843e-01 4.225293230687994228e-01
6.832112380719860267e-01 4.842765207199360988e-01
6.361902080479717725e-01 4.727985049107414905e-01
6.948821641892748424e-01 4.479242595402631033e-01
6.307691240798826149e-01 4.512996220294747118e-01
6.450591718912738193e-01 4.758397602786739178e-01
6.842975608502253060e-01 4.300029156876951086e-01
6.802707379751532502e-01 4.407110525626808939e-01
6.025812766852990388e-01 4.715239984655094085e-01
6.798062629029747450e-01 4.755517061485433628e-01
6.673256057517439332e-01 4.667567179713336123e-01
6.285045331218359621e-01 4.735829626891736588e-01
6.606752915734385168e-01 4.072508382819666206e-01
6.373580468115932485e-01 4.631926338182676961e-01
6.531724852051649099e-01 4.758936802826627677e-01
6.879697774442159464e-01 4.039434713830628576e-01
6.052013427214046892e-01 4.459218630108906511e-01
6.503079672829887858e-01 4.779707310615570748e-01
6.076624725502489666e-01 4.783930606098697469e-01
6.740409360098917890e-01 4.893056174995769059e-01
6.310731260927415764e-01 4.751167066923773219e-01
6.042633997171872329e-01 4.585128932223429543e-01
6.236745129328764570e-01 4.604204045385266175e-01
6.072940144418739195e-01 4.646091655318935199e-01
6.586257429021677989e-01 4.072829538538171867e-01
6.804746475750772516e-01 4.724220777236169400e-01
6.640009969505595855e-01 4.751471584611894339e-01
6.905771121653011546e-01 4.758965443846100429e-01
6.606944541664969694e-01 4.413435897154854848e-01
6.511808975435883218e-01 4.412196036022537626e-01
6.948567076284553057e-01 4.144576967946929091e-01
6.809897355900470517e-01 4.005590591924431121e-01
6.472661708917128998e-01 4.972638671113245312e-01
6.456049060697376385e-01 4.546422890858677346e-01
6.383708960719061132e-01 4.628263320242598233e-01
6.317056755224742526e-01 4.731641333602927824e-01
6.793629036444958080e-01 4.229400365073822665e-01
6.537999576737488772e-01 4.135371524198460103e-01
6.689162693771002477e-01 4.064273661346087807e-01
6.146286734672110619e-01 4.000979480374941000e-01
6.170466316075866597e-01 4.418929782492115876e-01
6.043889934785057205e-01 4.110607469988978302e-01
6.995922635745871476e-01 4.347471446292693886e-01
6.932027591172479353e-01 4.904657665108904663e-01
6.795500361403309375e-01 4.894563636788210603e-01
6.369984304232368943e-01 4.805600467722024871e-01
6.931918526049036799e-01 4.417938866908142082e-01
6.203765728811772018e-01 4.441337837493505858e-01
6.069446691709073916e-01 4.709741785553887006e-01
6.682016283161440473e-01 4.691158098660040965e-01
6.665489187638623525e-01 4.431086086444415706e-01
6.829343416876560990e-01 4.438029792104677407e-01
6.816252110908895823e-01 4.138409377265308553e-01
6.179621793023040155e-01 4.269718895712945050e-01
6.938617799633101102e-01 4.998320302738388232e-01
6.866084966325785022e-01 4.210002433335823802e-01
6.476952295989603092e-01 4.353316491321170822e-01
6.687197288485827729e-01 4.978205228904081792e-01
6.241479214350347249e-01 4.938360220092025687e-01
6.526679192694315734e-01 4.630407582980534120e-01
6.164609847641197016e-01 4.444740627499418895e-01
6.843957607595431147e-01 4.891985610359217418e-01
6.696689568653313440e-01 4.131438910384317986e-01
6.847899629610524341e-01 4.860027524594781601e-01
6.389570273083226004e-01 4.123083148048228286e-01
6.110454597905436991e-01 4.511147579449991118e-01
6.645377844622903929e-01 4.182652826787920386e-01
6.109007474220371492e-01 4.072610232837799438e-01
6.839441371816754600e-01 4.816912317579621350e-01
6.917946426906005364e-01 4.605322381165719570e-01
6.911225179134110608e-01 4.682078234523935900e-01
6.370406218951332189e-01 4.682146347045573753e-01
6.359593296511921734e-01 4.492689234951810495e-01
6.731767750233490499e-01 4.626825035650114493e-01
6.001975995511895645e-01 4.936793185420609853e-01
6.261751578818992581e-01 4.713529646980668675e-01
6.697759445651365606e-01 4.183725671930259571e-01
6.259305877185236122e-01 4.332693064563519769e-01
6.666236398325704471e-01 4.419337287426572392e-01
6.415210237514312741e-01 4.674178376418274272e-01
6.615024169993711789e-01 4.801405442673550295e-01
6.152055968910625783e-01 4.671624908360166861e-01
6.376396634872125713e-01 4.720186596464437945e-01
6.233537810370159971e-01 4.291257884687674773e-01
6.775423642892306475e-01 4.712152096061626438e-01
6.443211452299099085e-01 4.717693704808419985e-01
6.485166730974796234e-01 4.436054014862865214e-01
6.373242146050972501e-01 4.481175407989156367e-01
6.371639648131530720e-01 4.091851441987345295e-01
6.216101971545610061e-01 4.000628693540639880e-01
6.661792198549343347e-01 4.071855387807388760e-01
6.922950737559449008e-01 4.886780207586678970e-01
6.995022204859460135e-01 4.497122810960655359e-01
6.648303217170941082e-01 4.428202343018037279e-01
6.627901002398630670e-01 4.346480961846510560e-01
6.762433345647237415e-01 4.797260277992950739e-01
6.706184255832060570e-01 4.694783530442461772e-01
6.320983385263134746e-01 4.088050747781266647e-01
6.534438205294650359e-01 4.845142120059060531e-01
6.530346418011633292e-01 4.767592640506589374e-01
6.940597905554071190e-01 4.586458850228252171e-01
6.113716818552878962e-01 4.010332467817482871e-01
6.775247027787457688e-01 4.375621401350792694e-01
6.228239428126445265e-01 4.601048947454299820e-01
6.281834224106795928e-01 4.012504625864464214e-01
6.679051045143222787e-01 4.421174543316269134e-01
6.682381399179702086e-01 4.227829812467330806e-01
6.971365856992426391e-01 4.698275422971102677e-01
6.838725197475657991e-01 4.744172347539489243e-01
6.532432649707828887e-01 4.356151529443172965e-01
6.357177626820629257e-01 4.444309078550879866e-01
6.253370099677959537e-01 4.180576099494833775e-01
6.370861629965975936e-01 4.567624367768322591e-01
6.359146429507919196e-01 4.173275725472677666e-01
6.500935173560219438e-01 4.638379949541485692e-01
6.460986555521833763e-01 4.210359617434169532e-01
6.228873199467021005e-01 4.446937036058029591e-01
6.599668339425315278e-01 4.315141448042756345e-01
6.330643040365494523e-01 4.752784772926074153e-01
6.609654865927463430e-01 4.490730972324303294e-01
6.851951059933686361e-01 4.857618347623676169e-01
6.721057139842745443e-01 4.716195083298869717e-01
6.637556709652030484e-01 4.692604616675819518e-01
6.064247294607194583e-01 4.553466422671614833e-01
6.438052002888261516e-01 4.564929817976233206e-01
6.921361462276804932e-01 4.646195469587574012e-01
6.019808138222395577e-01 4.495400684929033996e-01
6.950137850195527989e-01 4.021166383350710527e-01
6.418040357949321706e-01 4.704469442726110229e-01
6.319380544917538867e-01 4.333235089786583449e-01
6.537319100732574828e-01 4.800352946493839923e-01
6.753209003990973125e-01 4.631963314586524105e-01
6.184856304554594564e-01 4.307434451586668045e-01
6.767388217313957677e-01 4.292021535507528629e-01
6.950000807941544290e-01 4.921863237497047239e-01
6.088545968574250455e-01 4.918745937331260865e-01
6.202843569236706767e-01 4.868248892520081750e-01
6.951204246910792639e-01 4.967515935567946572e-01
6.192768853316354960e-01 4.831821212203356586e-01
6.419589035806154698e-01 4.350923842185263624e-01
6.531508655211119008e-01 4.025385646158379793e-01
6.769321703553011771e-01 4.916974195092920774e-01
6.197416889602189727e-01 4.461808788004070214e-01
6.170719434857370178e-01 4.617292586407151234e-01
6.084747962141530131e-01 4.489777978088461685e-01
6.350054175203377893e-01 4.784277178894545957e-01
6.320391142008978669e-01 4.335792151793254057e-01
6.566889419854509136e-01 4.608836193023754246e-01
6.556606229408812325e-01 4.065304640952217552e-01
6.597022469060305205e-01 4.097443969053271573e-01
6.328493976411334598e-01 4.745845926233097645e-01
6.328710582745976643e-01 4.763428736607293601e-01
6.040873521227272391e-01 4.159682440991142038e-01
6.322084760372026491e-01 4.313676799175668597e-01
6.513294114410259628e-01 4.534233981798860835e-01
6.900171237289647319e-01 4.665048380080193402e-01
6.193766167507238629e-01 4.609557457405081271e-01
6.671906840604844291e-01 4.554332118253074380e-01
6.643433298818526289e-01 4.806650203546200539e-01
6.342960954523926276e-01 4.782311392998480071e-01
6.797892018835764993e-01 4.550314720819279568e-01
6.946589915694727502e-01 4.242047544835014783e-01
6.407245383584697640e-01 4.254794137311979640e-01
6.517615707376940293e-01 4.746411774546372975e-01
6.549863035506046094e-01 4.115782555784959773e-01
6.299319625491376362e-01 4.097660424343481655e-01
6.089162880678998802e-01 4.935505123327426080e-01
6.568915899252774082e-01 4.386177120692178466e-01
6.820326168626252850e-01 4.580641536186517149e-01
6.009292318848653558e-01 4.472587994416817869e-01
6.277962017942674278e-01 4.926624388717080194e-01
6.371560576880028748e-01 4.792154474001366626e-01
6.221206120506489468e-01 4.370837424934655990e-01
6.879305256286760706e-01 4.570470948350817131e-01
6.938494623766459091e-01 4.394033175136586866e-01
6.174576591469427278e-01 4.154428138339302246e-01
6.206224743248290876e-01 4.126753653130472155e-01
6.250018394378408226e-01 4.144546033417155773e-01
6.130285623250419924e-01 4.433570290315827500e-01
6.409874900204612924e-01 4.463156802299222403e-01
6.760634584179383566e-01 4.778982064252382811e-01
6.994707048331041399e-01 4.517445763204294140e-01
6.147504095935383273e-01 4.749940349189342159e-01
6.121666877904917703e-01 4.054826674892876293e-01
6.929046723722496193e-01 4.561829392318531573e-01
6.415994109029190540e-01 4.695509674323583571e-01
6.305532126804063164e-01 4.255719652494172611e-01
6.956785637309333969e-01 4.939200250148950699e-01
6.912117371646885333e-01 4.128869295791096627e-01
6.533597458610809205e-01 4.589580240412367562e-01
6.076363329491049070e-01 4.993001013034650271e-01
6.826761412577966315e-01 4.379896566573069361e-01
6.299202789987877749e-01 4.661914186112419145e-01
6.721770369037451953e-01 4.770999197365676237e-01
6.989733959129518226e-01 4.546539419386096403e-01
6.987181821915421365e-01 4.787586642879492760e-01
6.009338543687282597e-01 4.827821681293740230e-01
6.822539450749420809e-01 4.952519291854815542e-01
6.161565559745929566e-01 4.921822697254615298e-01
6.964542526656259946e-01 4.938000611798173400e-01
6.752719276352033839e-01 4.485689414240779938e-01
6.888855636908810531e-01 4.173210393182070210e-01
6.994498756165645759e-01 4.963737822972087432e-01
6.515309413993866094e-01 4.769741817339316348e-01
6.510150501898139819e-01 4.130008577552962690e-01
6.843875613781023048e-01 4.785189708588558632e-01
6.833137723265572117e-01 4.571032308876716854e-01
6.499530165067324283e-01 4.276772231908483324e-01
6.127305033507656207e-01 4.414126343834239297e-01
6.844233239513429767e-01 4.187523143461360786e-01
6.539697886936359783e-01 4.596736438967392591e-01
6.496813421170987146e-01 4.253373459140765700e-01
6.284664488368822965e-01 4.148010679570173220e-01
6.296463797802027695e-01 4.626506596667417925e-01
6.907238966500274246e-01 4.346085793922256357e-01
6.679206484295910906e-01 4.394551459190629839e-01
6.783773118488102272e-01 4.772198103425524529e-01
6.227168382859514795e-01 4.919025510480870556e-01
6.697678810992504506e-01 4.537751313129499975e-01
6.743841960904228827e-01 4.206860999920313260e-01
6.625060427553222109e-01 4.033649229007207904e-01
6.638427773414669053e-01 4.212415356367905650e-01
6.515630444142762601e-01 4.812467670924254204e-01
6.928389359791186086e-01 4.344113548973352890e-01
6.370430234681334625e-01 4.299488268005645653e-01
6.458220377141702384e-01 4.196702796469879981e-01
6.022858545159813781e-01 4.827589156085508870e-01
6.407428666497599901e-01 4.387621882634558101e-01
6.970823206152685358e-01 4.109497510079513916e-01
6.821626490041176050e-01 4.416202849115334894e-01
6.574672646973862555e-01 4.405495241852658839e-01
6.257622864827203646e-01 4.899116238245736499e-01
6.995544230974950484e-01 4.436474792314907822e-01
6.908903372542540833e-01 4.660134304755478851e-01
6.129564253228968473e-01 4.835599764349832741e-01
6.029165481499938473e-01 4.667058414171214586e-01
6.517286565623203742e-01 4.768558671291158735e-01
6.868306646479515054e-01 4.199378542439058948e-01
6.295513596281563373e-01 4.217872945844166610e-01
6.615397153376878503e-01 4.929539791792161285e-01
6.915909093526144691e-01 4.830433774561804228e-01
6.062569734177719605e-01 4.560132996318674303e-01
6.661380148479788543e-01 4.917067432240532221e-01
6.308568603463970970e-01 4.628042941134193899e-01
6.568513119548509138e-01 4.726509098462877145e-01
6.985043873950578242e-01 4.777015418586971762e-01
6.751689709325737754e-01 4.184784629205580697e-01
6.703760146438981771e-01 4.561113451624374537e-01
6.084771420817058907e-01 4.861954361311723316e-01
6.344724694079910687e-01 4.039964749866746807e-01
6.761784651331521623e-01 4.826023875793122864e-01
6.549791954807373529e-01 4.118512753486465727e-01
6.352514646018574407e-01 4.582261664279568825e-01
6.884307733856223077e-01 4.279064500163098916e-01
6.640884394833791449e-01 4.378870704935796110e-01
6.828165011542248752e-01 4.844548148257113995e-01
6.154249571364215354e-01 4.673889236244532785e-01
6.682941113949394385e-01 4.695806172092917841e-01
6.335173618668520357e-01 4.014664523773134874e-01
6.782811886581134875e-01 4.567266640879621975e-01
6.132275599810157463e-01 4.532248535218055263e-01
6.649351398329941265e-01 4.452520387050296069e-01
6.768108188960841876e-01 4.612493709056960656e-01
6.881619771864725399e-01 4.833723177788125103e-01
6.422470144222641730e-01 4.454640909085886835e-01
6.552167098365019315e-01 4.241255757412824567e-01
6.446742710352242334e-01 4.802799610533367569e-01
6.535228640480182927e-01 4.755758052731966501e-01
6.853054500993739362e-01 4.297167839614299822e-01
6.421461943570079267e-01 4.865461022557108217e-01
6.373761363384397027e-01 4.190128104369048034e-01
6.141996713042762179e-01 4.790768327227737933e-01
6.243567093006789914e-01 4.039292881066729457e-01
6.519875609322173249e-01 4.417079606752289389e-01
6.220427766859616403e-01 4.691003761585690324e-01
6.776587966159434151e-01 4.423486452727508067e-01
6.218110305686049832e-01 4.255807565858712449e-01
6.422868517996502824e-01 4.527791169445890551e-01
6.583499493338281772e-01 4.588714139489431521e-01
6.337770390751509275e-01 4.869311288475604016e-01
6.607461787632580297e-01 4.944909314307950332e-01
6.247280317803007854e-01 4.962931840596934707e-01
6.347152087718206381e-01 4.036507250187423290e-01
6.804564369885223174e-01 4.439649102899755340e-01
6.311119552759130169e-01 4.225273133821811911e-01
6.468082389544878019e-01 4.238516606487978677e-01
6.229902006688521343e-01 4.095610996802745429e-01
6.881129213465613237e-01 4.463909745582319566e-01
6.493339321942757092e-01 4.554040333133498319e-01
6.998248741530472827e-01 4.304098971297735110e-01
6.532921674910783238e-01 4.391883982216808757e-01
6.654653897762882186e-01 4.398085619862263096e-01
6.956800448607975973e-01 4.185145661038897069e-01
6.736973996383408547e-01 4.218516540588802544e-01
6.073220775766841051e-01 4.758243750605771760e-01
6.428855163061820699e-01 4.526763288847130973e-01
6.793784430889574510e-01 4.129667347446075998e-01
6.904313681732090480e-01 4.029946688689592937e-01
6.185649951164989835e-01 4.053786383907421742e-01
6.341797258304319174e-01 4.874385112756876026e-01
6.529639043429475986e-01 4.828707860095309279e-01
6.807609453472351912e-01 4.823844792139408977e-01
6.800171380222571615e-01 4.009755086194150553e-01
6.476605159096558983e-01 4.582826912879983672e-01
6.669507302382073899e-01 4.386940613940589762e-01
6.294378296402304285e-01 4.165875921801827086e-01
6.108511709653946520e-01 4.955543645758456739e-01
6.307888035502606794e-01 4.889102010643222584e-01
6.051068528721192941e-01 4.019595595490663698e-01
6.570779570955176396e-01 4.404665249925706627e-01
6.864541555347689616e-01 4.380312372398448284e-01
6.606734195666532639e-01 4.483495220847578677e-01
6.488281592964564304e-01 4.460872120650851702e-01
6.662722889928771597e-01 4.214726164995487023e-01
6.091128066313827860e-01 4.049972560096296026e-01
6.497020489573454016e-01 4.928907812912297626e-01
6.326500343613200572e-01 4.353504468047586506e-01
6.788757871689656831e-01 4.118089435369503559e-01
6.026985515111482616e-01 4.713630015692655828e-01
6.590800669856505811e-01 4.391845022763827266e-01
6.072599139073939778e-01 4.375129292384768442e-01
6.696856513970288471e-01 4.690084189779900603e-01
6.910122969439899121e-01 4.919238603532587462e-01
6.177686590359549035e-01 4.778158093631991732e-01
6.430451745569316646e-01 4.792338174998999611e-01
6.026858453039183328e-01 4.552803151634803314e-01
6.796864757999712126e-01 4.315949900361952807e-01
6.654954493487477141e-01 4.860415800836177525e-01
6.313508352154506564e-01 4.090629871882194291e-01
6.290554493818036885e-01 4.896275846397445397e-01
6.168482065685358950e-01 4.107885654584699231e-01
6.080897631118609148e-01 4.543331334200375049e-01
6.571324545260378569e-01 4.459783353725678690e-01
6.777847303250588151e-01 4.657086826568594962e-01
6.411783231020590224e-01 4.445796018161691787e-01
6.669502278515513360e-01 4.836369569379574407e-01
6.669414454067932319e-01 4.070428105050755696e-01
6.215365844490530201e-01 4.927456271817391431e-01
6.762504471079960888e-01 4.447555926641780788e-01
6.275796248168629132e-01 4.285998151632742226e-01
6.616174347405099354e-01 4.690152473787714271e-01
6.766993778493007872e-01 4.891869137071287454e-01
6.286267305632050606e-01 4.281179607561301781e-01
6.871251304598917642e-01 4.169594240016676334e-01
6.652458242418629597e-01 4.416410580224618965e-01
6.868450695555861074e-01 4.345541481064796319e-01
6.559739958544317240e-01 4.472727523664650207e-01
6.888202041645885565e-01 4.176740400365571149e-01
6.955648002367086358e-01 4.524885840547185900e-01
6.552134626098903292e-01 4.806538034264953296e-01
6.531254837198463559e-01 4.866469017211657588e-01
6.035408819902178257e-01 4.185861075937523101e-01
6.866207126914002368e-01 4.651209125964600455e-01
6.848751398209528274e-01 4.643561738132774841e-01
6.410008339704067470e-01 4.452735972458879976e-01
6.769393901040312578e-01 4.102305242350462455e-01
6.696344051285072485e-01 4.277411589693973504e-01
6.593382396928876288e-01 4.093256096655498721e-01
6.757032529247712915e-01 4.244832588433532505e-01
6.562908091552990264e-01 4.832711311977310187e-01
6.521489817443654191e-01 4.491476540391342587e-01
6.634559216490847344e-01 4.806974688434088039e-01
6.480784357412180396e-01 4.700701796001806043e-01
6.170413231240667873e-01 4.305778040619404057e-01
6.316110319296900366e-01 4.294061205861380293e-01
6.990036982564299395e-01 4.124808289620001123e-01
6.600723120090344898e-01 4.248954642440747054e-01
6.268614253108236722e-01 4.406004399672980298e-01
6.656706323397595382e-01 4.206456323791748497e-01
6.959697432737189660e-01 4.016744749289191674e-01
6.748053633849623312e-01 4.441271428825748213e-01
6.911927720080760507e-01 4.237118216043869179e-01
6.953306838169979187e-01 4.675748425220178084e-01
6.619710578239826892e-01 4.418765958090625778e-01
6.091850070197201150e-01 4.289593946902374721e-01
6.603083572971818471e-01 4.643977852419343133e-01
6.278058181767907087e-01 4.648539566718051796e-01
6.915814454185250648e-01 4.649772095655643200e-01
6.423759142730426364e-01 4.527026487230165763e-01
6.843765380440035573e-01 4.279529209155923941e-01
6.428601713424306752e-01 4.066129636776715239e-01
6.018976775655695555e-01 4.638669799560436457e-01
6.898299804333219987e-01 4.908998325386911832e-01
6.096877750859064360e-01 4.526609839301096727e-01
6.957409169175492458e-01 4.644400635455078197e-01
6.582699546769538168e-01 4.605563157696571652e-01
6.864344995181614895e-01 4.257536787218454410e-01
6.016226090428541395e-01 4.626470888328044762e-01
6.535341084461426808e-01 4.487070042490256538e-01
6.223804182350599623e-01 4.982743320993794911e-01
6.174412670432936068e-01 4.003073420824718731e-01
6.990108685424899493e-01 4.609904602233373949e-01
6.957642721306261935e-01 4.874591494731664865e-01
6.599368725481954412e-01 4.494120059978129467e-01
6.097053500890408095e-01 4.168331112234995306e-01
6.490490001029464162e-01 4.433737625026812346e-01
6.116339462044676489e-01 4.393111307319267356e-01
6.284758584013121485e-01 4.650329747014717574e-01
6.294582878131538273e-01 4.237579269572776530e-01
6.416900693194648175e-01 4.070450288940126171e-01
6.201979497314967782e-01 4.182511196825666189e-01
6.443202663391925933e-01 4.842591956183640578e-01
6.434664272498011872e-01 4.765984254761698180e-01
6.045221756723141437e-01 4.797721892825548284e-01
6.599780411930545876e-01 4.300709109086132131e-01
6.771130185063258811e-01 4.409572995834757370e-01
6.378937594754997553e-01 4.135295576475382928e-01
6.225640714655323871e-01 4.224169081784689972e-01
6.094376709257947056e-01 4.523947215023144119e-01
6.365877564556955415e-01 4.092141125267506618e-01
6.217317918227358575e-01 4.737262225001339644e-01
6.255171902274547779e-01 4.399997215792852412e-01
6.802482373851226338e-01 4.806755714372326072e-01
6.474266585438300803e-01 4.033421326415694841e-01
6.224944568722066141e-01 4.056378550004556272e-01
6.779391226693420869e-01 4.923494834090248462e-01
6.859631040307246908e-01 4.736075177360097310e-01
6.975625530770963589e-01 4.593897034124468925e-01
6.448137515116455498e-01 4.031978427734332904e-01
6.627741685283423667e-01 4.157946251461592801e-01
6.541736678137779482e-01 4.778366290411013573e-01
6.471750966473657218e-01 4.330834741992686254e-01
6.421982520367475189e-01 4.320923746969548840e-01
6.848972864686814210e-01 4.025029013023911917e-01
6.910820033976753374e-01 4.482512826061377242e-01
6.113148053084429545e-01 4.121391238716297090e-01
6.503518822990790316e-01 4.559392031317322513e-01
6.116843856805159740e-01 4.091249989830401113e-01
6.487459889520276191e-01 4.774697876521528661e-01
6.210937114892518540e-01 4.852271498876946643e-01
6.058631504350524555e-01 4.020174719252038176e-01
6.914205722469141113e-01 4.304466517484039079e-01
6.461361206399476309e-01 4.390605798798460357e-01
6.381298292198197553e-01 4.047338169541626618e-01
6.808807905014077066e-01 4.502040058582111870e-01
6.118953262105094604e-01 4.688076013046424406e-01
6.913673435189222616e-01 4.939106123769041456e-01
6.397511656434534677e-01 4.798430106997521594e-01
6.101265126349186829e-01 4.724295091464789098e-01
6.877474843308905017e-01 4.361509947277683596e-01
6.121588343860577819e-01 4.622050984224974624e-01
6.122869617727497715e-01 4.272896094770151088e-01
6.187684248536624576e-01 4.603972622723863650e-01
6.107719876028485650e-01 4.017459135324213393e-01
6.578752842337612927e-01 4.077771860367966350e-01
6.268708858501254033e-01 4.842250170365938189e-01
6.108758556154673114e-01 4.571404378307344363e-01
6.587913929007885860e-01 4.302287366681349923e-01
6.222518358222676182e-01 4.900093292056737493e-01
6.318896021334673430e-01 4.800880507381003470e-01
6.410066110209893253e-01 4.672886756413812126e-01
6.545812772873762508e-01 4.730477705903463059e-01
6.952214049570138998e-01 4.288797054612661364e-01
6.515438826774982983e-01 4.447759843145794867e-01
6.767114457819437545e-01 4.491500952285782944e-01
6.578640977483843910e-01 4.652395177097434775e-01
6.657683857596573551e-01 4.077237701323889740e-01
6.344863982478780029e-01 4.123266900940858459e-01
6.282216619991116691e-01 4.579554788712620339e-01
6.084990571620664257e-01 4.327525187795336903e-01
6.914716106210878621e-01 4.177382782629512903e-01
6.529796918470198719e-01 4.106180396361751583e-01
6.332273346192633934e-01 4.450334792175539844e-01
6.645675630480083473e-01 4.107626388797764871e-01
6.549751552487825812e-01 4.702811618996780019e-01
6.412375487006254371e-01 4.063504787158256915e-01
6.198001533750756575e-01 4.512655172482844534e-01
6.821179544369997405e-01 4.502629116484899718e-01
6.060871378583805313e-01 4.399663685725625495e-01
6.243970540246766010e-01 4.509356592244089246e-01
6.292243201307017308e-01 4.889441421953062417e-01
6.650249824746587990e-01 4.325125295540251380e-01
