6.657200640377962664e-01 5.593432429646832960e-01
6.184602757855044430e-01 5.144633238327019908e-01
6.570324234755224868e-01 5.558897699180864738e-01
6.864574132046489252e-01 5.483515807906300665e-01
6.617067222642011304e-01 5.387263618750826044e-01
6.432071028248671496e-01 5.038048849881049396e-01
6.330457859243799890e-01 5.788495016883437039e-01
6.187895738911348698e-01 5.458204336152281400e-01
6.352762342514913785e-01 5.711659002637299309e-01
6.545920968252075811e-01 5.968053498486278752e-01
6.236020779020862159e-01 5.291704727216119952e-01
6.559944859762624203e-01 5.881388754355807436e-01
6.358517204272399193e-01 5.048207171625073153e-01
6.960565944041712250e-01 5.275528228333663527e-01
6.848852418902586781e-01 5.791610674612301946e-01
6.391130528457186211e-01 5.528514993864372951e-01
6.568495103379652367e-01 5.269250103634833815e-01
6.532386889166913457e-01 5.731129139401562878e-01
6.294400398266444263e-01 5.264089892586586439e-01
6.788316827866507364e-01 5.135713585117062108e-01
6.318878985920695079e-01 5.263948290677858965e-01
6.492126412631626931e-01 5.441434714906190351e-01
6.265648372153339585e-01 5.409640323327153943e-01
6.705186397460549674e-01 5.562447034479203190e-01
6.561232952236661919e-01 5.884302705376507348e-01
6.488645705376693273e-01 5.591815032614881886e-01
6.921964053808515871e-01 5.475480497403892866e-01
6.649935142092440188e-01 5.376469071841765146e-01
6.845289860437510088e-01 5.081007376533202002e-01
6.993701751003167377e-01 5.690624290539110230e-01
6.687781875381919594e-01 5.098645885920438658e-01
6.592546769080345204e-01 5.369549113766113324e-01
6.713607110560045887e-01 5.846840017724287408e-01
6.549301381511506426e-01 5.554860667466312574e-01
6.999042922947447121e-01 5.178186559032534886e-01
6.616416545687175965e-01 5.175369887995658891e-01
6.070825023176119606e-01 5.452172750287931358e-01
6.414565395340804388e-01 5.932354743845018596e-01
6.565274839706721766e-01 5.773068321806189562e-01
6.974194672026609032e-01 5.946936000727487404e-01
6.246837203935848848e-01 5.608140638935839029e-01
6.810001938066210236e-01 5.634746177814733414e-01
6.498485007942877978e-01 5.180166718280347915e-01
6.676369158657043945e-01 5.415470679573128887e-01
6.113755802057404543e-01 5.866258635709795666e-01
6.235903175921088115e-01 5.833927427838754287e-01
6.568332886945728033e-01 5.266133061620266176e-01
6.868317366278513525e-01 5.802668258451710859e-01
6.983589574722736115e-01 5.306440125735452096e-01
6.082767195851961350e-01 5.385405867513903821e-01
6.971166433667363993e-01 5.175256987749182747e-01
6.967026681431229829e-01 5.138669496293858385e-01
6.308395692033330615e-01 5.332949949624905539e-01
6.717755716964224355e-01 5.622020653076242880e-01
6.670752961506475343e-01 5.954595050669080347e-01
6.241938912752259538e-01 5.737873026854103387e-01
6.601834737999037195e-01 5.228164207809323782e-01
6.718834259665742437e-01 5.418539301663796159e-01
6.998057970332119959e-01 5.168484142202104392e-01
6.847309300505213248e-01 5.321049241895376980e-01
6.386549980891659262e-01 5.982250499868713156e-01
6.710655874459946491e-01 5.579097293640085109e-01
6.916836619907231754e-01 5.706493335237519116e-01
6.412702114370580908e-01 5.759900618052544718e-01
6.486719336969918315e-01 5.577261963474755557e-01
6.204201199908451203e-01 5.409898146929417173e-01
6.081410251355621188e-01 5.082453097724597413e-01
6.890142601154284341e-01 5.617329684791678712e-01
6.821643857490333751e-01 5.523103516552654302e-01
6.373737639968677371e-01 5.399326863413206334e-01
6.733377965096148943e-01 5.327840396851503124e-01
6.056373708703022274e-01 5.292714818409927080e-01
6.622187974336507521e-01 5.509996699877635074e-01
6.990343745439667744e-01 5.537611051055362221e-01
6.198124702205324299e-01 5.767975258300162000e-01
6.855876617367330228e-01 5.627662952637666471e-01
6.064067103476791232e-01 5.886936726769449457e-01
6.212724360610630825e-01 5.976284441169305017e-01
6.500492032229288064e-01 5.196057906282525174e-01
6.999364666799761103e-01 5.163431463571820368e-01
6.338365337273138556e-01 5.829516586633370911e-01
6.898594261844320785e-01 5.002674484894015228e-01
6.015388159856444039e-01 5.338763792871499270e-01
6.325794570614958756e-01 5.578722333536829669e-01
6.739806201239592065e-01 5.533614222213292244e-01
6.779764771835766757e-01 5.455741613859994565e-01
6.785606065699811840e-01 5.831803582856869284e-01
6.564835465473950471e-01 5.347722758900023132e-01
6.914107920805327989e-01 5.292103796157124895e-01
6.428884268668592084e-01 5.627570378444839427e-01
6.113425816175386274e-01 5.475044182124775283e-01
6.765438227998696874e-01 5.165444537377618106e-01
6.863005120602355680e-01 5.752214635923629249e-01
6.379672058992493788e-01 5.404459237110122993e-01
6.256425138943260134e-01 5.079162941883941240e-01
6.666319531945298360e-01 5.013262085974709015e-01
6.721733007813008864e-01 5.226679658633286429e-01
6.295469550206893583e-01 5.232620064295131490e-01
6.538916913978045642e-01 5.816400132608938733e-01
6.665792518131279376e-01 5.834361912146452944e-01
6.844488137203939004e-01 5.002301967696211049e-01
6.316122451729847542e-01 5.124710316802699728e-01
6.639247937534636934e-01 5.372970192352182206e-01
6.487314848449076132e-01 5.361666156405738848e-01
6.230381479695725755e-01 5.023610299465084417e-01
6.412802707488595155e-01 5.795890864708637125e-01
6.308429757052095299e-01 5.946544373889328661e-01
6.821287378491471820e-01 5.120681538159059798e-01
6.973864343376190433e-01 5.723759159705548161e-01
6.878070428012102999e-01 5.733088289118084546e-01
6.995848452581518995e-01 5.005498496125296848e-01
6.984927907529828728e-01 5.330743991670062742e-01
6.742065529102906352e-01 5.837412791145262236e-01
6.746733810525390451e-01 5.090806884370976393e-01
6.032229270630358187e-01 5.696309587466462654e-01
6.484918504493463187e-01 5.898874889772296459e-01
6.793530959868230301e-01 5.331480124717165037e-01
6.884692021037510656e-01 5.111025135027160715e-01
6.036600877623587991e-01 5.036934744260210817e-01
6.756998579169906094e-01 5.022417143575702569e-01
6.611118222265586208e-01 5.861664097236194415e-01
6.260925725205085390e-01 5.429216260177524012e-01
6.950963360888294806e-01 5.856406688423407836e-01
6.438359989529816030e-01 5.159914074228106884e-01
6.332545632877769615e-01 5.854381563607572447e-01
6.470671096295711466e-01 5.211746782514511400e-01
6.986483648562977766e-01 5.079915962149390563e-01
6.557564203664493219e-01 5.667326371346439462e-01
6.614105719750977830e-01 5.186297812732485468e-01
6.039680544662772155e-01 5.578140213665071512e-01
6.729297864383134709e-01 5.119843201791218767e-01
6.164077033148305240e-01 5.283634412848916551e-01
6.720840459956669566e-01 5.037270435349006092e-01
6.746835904693478936e-01 5.000850100906186757e-01
6.053368260367679721e-01 5.977691495431332047e-01
6.362476186518757348e-01 5.210325850876277309e-01
6.630512473912093530e-01 5.196992613888306023e-01
6.494414522013502999e-01 5.065025074019580131e-01
6.846087903406542496e-01 5.263702696368776079e-01
6.931354257629455118e-01 5.344652729106416089e-01
6.280235233560154118e-01 5.177298183851927194e-01
6.474722160085224498e-01 5.680273185839315175e-01
6.043841963708765919e-01 5.562858977864370003e-01
6.614606245307619314e-01 5.282814797476418356e-01
6.164663241987607956e-01 5.084382656203149109e-01
6.427825739498764790e-01 5.046192804939741983e-01
6.163662561114177096e-01 5.462391518298211901e-01
6.419879963702165293e-01 5.020704169180750798e-01
6.734772993042140721e-01 5.376820976571456967e-01
6.351250941713728615e-01 5.089416389452685596e-01
6.825009579621061917e-01 5.516831270115608588e-01
6.255320637568858588e-01 5.644825749589903463e-01
6.865525989212271085e-01 5.836046139538568767e-01
6.995023763783546622e-01 5.025744801736836687e-01
6.206457750811924523e-01 5.108837366440239780e-01
6.280199920298655814e-01 5.819897706910232005e-01
6.127441780934840265e-01 5.878122922263608885e-01
6.273128050749748885e-01 5.667881716933543812e-01
6.827469286591412168e-01 5.442729956204407360e-01
6.842370014670015044e-01 5.838044505363826353e-01
6.481989120477855693e-01 5.550994563157896078e-01
6.220281286472189031e-01 5.770214148757943917e-01
6.411012839824344889e-01 5.916464229398913366e-01
6.001766013934966004e-01 5.662694258634509703e-01
6.135134478098188682e-01 5.190470093648934524e-01
6.673898050649861302e-01 5.836678168176034909e-01
6.934294243447087780e-01 5.254633640128621996e-01
6.444822507862355554e-01 5.274698642159659778e-01
6.804480832260932921e-01 5.575659579844478575e-01
6.773083057987278055e-01 5.038797251357043372e-01
6.453981875155145875e-01 5.735697753731957560e-01
6.304360239471873406e-01 5.098144231530191695e-01
6.049727803170688034e-01 5.890560386720582464e-01
6.932187193992305208e-01 5.822394245047279870e-01
6.461027277559133752e-01 5.502074864904280549e-01
6.044403652740084620e-01 5.822909184467948140e-01
6.934654280080219113e-01 5.869154656893633693e-01
6.691683265705300476e-01 5.460725339911046694e-01
6.188443275102513130e-01 5.624267459266056868e-01
6.720995928627340188e-01 5.019013112231139884e-01
6.005334735346261610e-01 5.443644826902334088e-01
6.509878031299186629e-01 5.727930401019440954e-01
6.574863363693659313e-01 5.673970226473910028e-01
6.979326804551616581e-01 5.523771218569920594e-01
6.807406958364340399e-01 5.219642821077320471e-01
6.727393256361764440e-01 5.995491679493735182e-01
6.577640778940126998e-01 5.790117433818748882e-01
6.250213583747081802e-01 5.051228617804802701e-01
6.750335386570832652e-01 5.478901536678373319e-01
6.852594231705924077e-01 5.995011279468709375e-01
6.850010560545268801e-01 5.475822903016008825e-01
6.357365293868313394e-01 5.704625408834657074e-01
6.090380752769453121e-01 5.066981353596733406e-01
6.884244604522626876e-01 5.480242642007149279e-01
6.049980516079955795e-01 5.489745223549852282e-01
6.273199383986767241e-01 5.886984282928240386e-01
6.309035214439224770e-01 5.315161797093728158e-01
6.904171631010403987e-01 5.475364301360261532e-01
6.520919334034095405e-01 5.900444257844972284e-01
6.860210253218375076e-01 5.207800283851696799e-01
6.841181356300013450e-01 5.711884758953448271e-01
6.453411639282751189e-01 5.949084569461120520e-01
6.847531308731770183e-01 5.709082405617164069e-01
6.779448169050837913e-01 5.224224372704425745e-01
6.794486595512775340e-01 5.404355246481117314e-01
6.733281751538564563e-01 5.184945281423511965e-01
6.483295581559822551e-01 5.060984560034886837e-01
6.389172583785431847e-01 5.130296406156924505e-01
6.577477356302752209e-01 5.087045894722663775e-01
6.948677079633411857e-01 5.026999711878273880e-01
6.608352634669811820e-01 5.622415214364746561e-01
6.486381209653178104e-01 5.753785688077153182e-01
6.678212660274669421e-01 5.841987693841524942e-01
6.905007256454802622e-01 5.835493148654320450e-01
6.925397415185696737e-01 5.060664708787474542e-01
6.962164587027306339e-01 5.774995331039460833e-01
6.590319307971530538e-01 5.507723089681344497e-01
6.991162507177385299e-01 5.876456469864290710e-01
6.510971957726399140e-01 5.927534070981957948e-01
6.029067491631532327e-01 5.251223839944099137e-01
6.496129085996222852e-01 5.440650956462839138e-01
6.970386870082723174e-01 5.546604527985808941e-01
6.367197320928961179e-01 5.416423826634469973e-01
6.230223775900198824e-01 5.512951434661061967e-01
6.960506405322040013e-01 5.219772462204975705e-01
6.485402587202258040e-01 5.195601379242876794e-01
6.648212853260607735e-01 5.156706522462237707e-01
6.568805816604109671e-01 5.585340677011441102e-01
6.945542054828761636e-01 5.251749468137637544e-01
6.355508042705061422e-01 5.434599784300563341e-01
6.390686812345027779e-01 5.740706524845646808e-01
6.763429837336563111e-01 5.284954039871235798e-01
6.177972050014969296e-01 5.255212964472070203e-01
6.193048557867425474e-01 5.163089889858145654e-01
6.621222784109509485e-01 5.363112607156426126e-01
6.005709043153384386e-01 5.655170224411514290e-01
6.170481174885764641e-01 5.572555919038085781e-01
6.157733425591923604e-01 5.002199567357898946e-01
6.595131985598500224e-01 5.217872348446893627e-01
6.611929031978144300e-01 5.729576136121332652e-01
6.915701071262817523e-01 5.038514901421834447e-01
6.851601144662686771e-01 5.721081988075215063e-01
6.749645475207443068e-01 5.198681804093796543e-01
6.478781602418914876e-01 5.647291648042505052e-01
6.081064946866923115e-01 5.653382490204452715e-01
6.425053654480690213e-01 5.838664124767374286e-01
6.927579330721953532e-01 5.314895019130562170e-01
6.271816131820697748e-01 5.846830032963374890e-01
6.763228932503069224e-01 5.824766923596502721e-01
6.264835195662554757e-01 5.031364024068529783e-01
6.753082851620241245e-01 5.182519420673878940e-01
6.829523292575432336e-01 5.724473063107844428e-01
6.535787592773463217e-01 5.799787071137925132e-01
6.714634055206188945e-01 5.180758044908664317e-01
6.481996439329250626e-01 5.047913145990607919e-01
6.187538220079628060e-01 5.121974850075465824e-01
6.882313544974327790e-01 5.599468429449683260e-01
6.678430504946477608e-01 5.821218861231347574e-01
6.938023364195526899e-01 5.466721707082655701e-01
6.697628963364760102e-01 5.349885660627142769e-01
6.881074745832181927e-01 5.052018312444599424e-01
6.386137737750915422e-01 5.029365863645534063e-01
6.168783753668907188e-01 5.110617801948423855e-01
6.629626116728065677e-01 5.884170555488027476e-01
6.863199675934027466e-01 5.515938902718424686e-01
6.694661283149204722e-01 5.570571617985845547e-01
6.667298386421678380e-01 5.338466270928267088e-01
6.265631825596899018e-01 5.079688521201100038e-01
6.241995619687312757e-01 5.084166778917204033e-01
6.986546066934827826e-01 5.169030429458378872e-01
6.578629768106480924e-01 5.316579283821036839e-01
6.915054596660321629e-01 5.272436486274900691e-01
6.433655959031386873e-01 5.513390416704357921e-01
6.231981114380191755e-01 5.722209646953764217e-01
6.523162666174165958e-01 5.493073381176986070e-01
6.041287411268372320e-01 5.627495476744712732e-01
6.997884915527252669e-01 5.549694702003753477e-01
6.126132420304200021e-01 5.594145519334179362e-01
6.437022845949210703e-01 5.083901086241175982e-01
6.383838357978193212e-01 5.130740238119255725e-01
6.034141901089997706e-01 5.349588866206752558e-01
6.061671243956127109e-01 5.514227940683288365e-01
6.752836376614567149e-01 5.140343107661511368e-01
6.470397754372404497e-01 5.453419841926725464e-01
6.216128794494678589e-01 5.628834185215285668e-01
6.479661691128241197e-01 5.196714440302241389e-01
6.313746345184796382e-01 5.974543515751491451e-01
6.615013549095956069e-01 5.581374348002097197e-01
6.977874205288293608e-01 5.210684049735091472e-01
6.436496236902075063e-01 5.246338996956383394e-01
6.910025355090699817e-01 5.748804647375275190e-01
6.792512914780333144e-01 5.576591481516277593e-01
6.152229891929008598e-01 5.645821876658383420e-01
6.657275149136427927e-01 5.128779499061293379e-01
6.305252793174134229e-01 5.768679766823792132e-01
6.942724625463321253e-01 5.171572080397390803e-01
6.147228037384508958e-01 5.003522209790058906e-01
6.953983886036689821e-01 5.124273133864578611e-01
6.389738096888277763e-01 5.401645496665468116e-01
6.506533394628554179e-01 5.454070701596033244e-01
6.353916524108466080e-01 5.772727447220322716e-01
6.907224939142052600e-01 5.972707070201606072e-01
6.905041989106627254e-01 5.948486703027753286e-01
6.104690995986949975e-01 5.627387641691130593e-01
6.994639320881366196e-01 5.455662967035208588e-01
6.134040519551772208e-01 5.426209116987288361e-01
6.054990778094636594e-01 5.688102259429475005e-01
6.788393247269701725e-01 5.646551294963824130e-01
6.711724882620482280e-01 5.474703443035762174e-01
6.318560330441224115e-01 5.694822175111640128e-01
6.390939828828874347e-01 5.321016447582954667e-01
6.016728100022823433e-01 5.338438731795317471e-01
6.477732818337633702e-01 5.313122657743376553e-01
6.630504425929437673e-01 5.367004910398479600e-01
6.856537126348197786e-01 5.103750223282034204e-01
6.253208164168595484e-01 5.235514781780763460e-01
6.026000954735933890e-01 5.370066549487717555e-01
6.567870427994499938e-01 5.526510094788465999e-01
6.194114707352799121e-01 5.012014534186294279e-01
6.037431978648267750e-01 5.049907072244762540e-01
6.644752503080975092e-01 5.198529912131297781e-01
6.165909926018460219e-01 5.761420552145550822e-01
6.894196406572877800e-01 5.959571546529263131e-01
6.334278530588337564e-01 5.153049472925177454e-01
6.040747231652270344e-01 5.922785709331586101e-01
6.439770061496539189e-01 5.850390778852443407e-01
6.301119474221775763e-01 5.638057892130581283e-01
6.485060537184480500e-01 5.023088787610150430e-01
6.030843321104137900e-01 5.061845509505361607e-01
6.829014804131423588e-01 5.884003277526695941e-01
6.555368266661326659e-01 5.943527022613909194e-01
6.886092051970911232e-01 5.624124085507540283e-01
6.215594823363937982e-01 5.175608427778984888e-01
6.415526105947436664e-01 5.136490458031554018e-01
6.495897162681584236e-01 5.475605082276592261e-01
6.381475108659244722e-01 5.337383406974592903e-01
6.953301044251845031e-01 5.011419517143119728e-01
6.019440258294711521e-01 5.640711843117633961e-01
6.988942990958053603e-01 5.310869704719826112e-01
6.054079907527516458e-01 5.778370044561494945e-01
6.753836147687567459e-01 5.118877833627915042e-01
6.986277861127598854e-01 5.432823035520391031e-01
6.690251054358582472e-01 5.031532900756051641e-01
6.110897289675943922e-01 5.715636092548465053e-01
6.603218356416763468e-01 5.157540526349442267e-01
6.910534590100556596e-01 5.029068201730217957e-01
6.875153870964774150e-01 5.716841908280443363e-01
6.105160458271837731e-01 5.434098840159662380e-01
6.217824509899153584e-01 5.103996988882903985e-01
6.592392177108249429e-01 5.819085409505426743e-01
6.425106296570078923e-01 5.187517744971062994e-01
6.518019957290873689e-01 5.046675985383072272e-01
6.628569144921300227e-01 5.009932053802194085e-01
6.580282853773302687e-01 5.705449292893185476e-01
6.021438996262785670e-01 5.601805855133437095e-01
6.322352234824883954e-01 5.951928805823802904e-01
6.853661234485657339e-01 5.037155038352284508e-01
6.070283615838676372e-01 5.785537197228776130e-01
6.899536390538517638e-01 5.856639665890313040e-01
6.475416355634465715e-01 5.291960775883511880e-01
6.548725962410045787e-01 5.061765253284817856e-01
6.540325858029949480e-01 5.693716919727649373e-01
6.412967891406866627e-01 5.854527704778813568e-01
6.130814544785486708e-01 5.286285403324716414e-01
6.112296673031688554e-01 5.712045882490059956e-01
6.615726101011477622e-01 5.717824747999800117e-01
6.935444376819959178e-01 5.219641021202389153e-01
6.513056783190738219e-01 5.752169939281805977e-01
6.210956943178680412e-01 5.860612563516538476e-01
6.672000677337459607e-01 5.518306256034282153e-01
6.211900112373811567e-01 5.830321350434525263e-01
6.736741536493624505e-01 5.819126740684191779e-01
6.617421672307051139e-01 5.277979384946631658e-01
6.350094048123444690e-01 5.065159784669549525e-01
6.227580639220339220e-01 5.043582073119750042e-01
6.791850901047232769e-01 5.091177104120750974e-01
6.222367921359533982e-01 5.001490865275618480e-01
6.562473788760873061e-01 5.017350671776770188e-01
6.651749075143247314e-01 5.416958361108350495e-01
6.952806778845700419e-01 5.930888416775872418e-01
6.436722759627773183e-01 5.058451600364376466e-01
6.143323538130669448e-01 5.149166827910013344e-01
6.797483867263161006e-01 5.736413611279177482e-01
6.640509258502818035e-01 5.141356207013513258e-01
6.205641393794985028e-01 5.659868432350627643e-01
6.624733374897571192e-01 5.087272357368874953e-01
6.894368356012794408e-01 5.633869783217901883e-01
6.267637791003112246e-01 5.512938573968845235e-01
6.113170979538051775e-01 5.528299415047638332e-01
6.183462721296841824e-01 5.378526423447967941e-01
6.975097621808409309e-01 5.801625671478251034e-01
6.388756777193875802e-01 5.636405486165148027e-01
6.730039074963086732e-01 5.694146879341973611e-01
6.476314491538933682e-01 5.032546997603710714e-01
6.628042240149241149e-01 5.081408676901041366e-01
6.104108721043398633e-01 5.572005734755118844e-01
6.563188666324175635e-01 5.130572201812060307e-01
6.657317955038156709e-01 5.087210641348745011e-01
6.941326868871993128e-01 5.352708278694466859e-01
6.006446305587944678e-01 5.900873766770591278e-01
6.959351023351328935e-01 5.140783901574684789e-01
6.164631486697360607e-01 5.322214986295705774e-01
6.010341265892394924e-01 5.742304354736558203e-01
6.898934557493618946e-01 5.994015499483820175e-01
6.367048080453352465e-01 5.450029867339971634e-01
6.722896896538707034e-01 5.003463741391871444e-01
6.411740937451518851e-01 5.068451602252094235e-01
6.644748760595279302e-01 5.738191687267437668e-01
6.786557790693195091e-01 5.196317580174334427e-01
6.160894919600039543e-01 5.407852509059386525e-01
6.910349880613232409e-01 5.244632228773173921e-01
6.005633418991593864e-01 5.230418102712608430e-01
6.054344867893860505e-01 5.250506542210960914e-01
6.888713065585032602e-01 5.983934152786893890e-01
6.788978676875125906e-01 5.026761373230970165e-01
6.374714719807308416e-01 5.685008282669692381e-01
6.388667384281454531e-01 5.836986588889229166e-01
6.972033265938554214e-01 5.188679188459178748e-01
6.124136621750043696e-01 5.179836810063005448e-01
6.095206777388030295e-01 5.695109388118350102e-01
6.262283979093415942e-01 5.312406481583207274e-01
6.256097190684805076e-01 5.849266964943451441e-01
6.950554731592182289e-01 5.956223684436959820e-01
6.966754116195709168e-01 5.873820192817784669e-01
6.903696571550627104e-01 5.344499840242754596e-01
6.145457962411876585e-01 5.155424904137242414e-01
6.007550881443184387e-01 5.717020461705736301e-01
6.334964212486368096e-01 5.291843137330421998e-01
6.546907096237269963e-01 5.321142036004368192e-01
6.636142449766840867e-01 5.256358389593863700e-01
6.161265117059889773e-01 5.795002930583839085e-01
6.292861074519646714e-01 5.424958198063205561e-01
6.048810216015139130e-01 5.452339181064933538e-01
6.281697198472812049e-01 5.326783910916564890e-01
6.025505636998242931e-01 5.129851790458245242e-01
6.765557057586719658e-01 5.128765843794631518e-01
6.816329293953635737e-01 5.666418347527348853e-01
6.012205213888899280e-01 5.458130262910974029e-01
6.728394006255349336e-01 5.597129003745899833e-01
6.042361219678241691e-01 5.759063751551016797e-01
6.750658652230908663e-01 5.334502343610142416e-01
6.726377840934671948e-01 5.050289961928289273e-01
6.828873190928105297e-01 5.345684942028939846e-01
6.546966801268310210e-01 5.243560891754631692e-01
6.784036052655197935e-01 5.417484432427522867e-01
6.228389184882923146e-01 5.896397703998389472e-01
6.910917097783881857e-01 5.420331302892189562e-01
6.967704222038468842e-01 5.929127557121918191e-01
6.982704750964981999e-01 5.046078781876648378e-01
6.161351292603681751e-01 5.283432027286456556e-01
6.192965160425594195e-01 5.067742886768904498e-01
6.489429551757167625e-01 5.961419168597025253e-01
6.150801283804548936e-01 5.432702358546165344e-01
6.549389746754947783e-01 5.212373911392185200e-01
6.611073447187759689e-01 5.182154872478238472e-01
6.490443470651355851e-01 5.481129108303735009e-01
6.750633152651086544e-01 5.411649177587412041e-01
6.539675800080367862e-01 5.798992254454522488e-01
6.610007867586185082e-01 5.284004971341367263e-01
6.365598182698718466e-01 5.666153695290980785e-01
6.793212860261101937e-01 5.960675102056220975e-01
6.434142710268166976e-01 5.754374556579153754e-01
6.718284502837519323e-01 5.753535997695895521e-01
6.569029862494768501e-01 5.491695171082184856e-01
6.604751141602950293e-01 5.775096212999329959e-01
6.629045457300626332e-01 5.465207163635170673e-01
6.077660487568877778e-01 5.677528906048634472e-01
6.537895646197887656e-01 5.047034374199933504e-01
6.000189648759848282e-01 5.066361946445213649e-01
6.925672489467422643e-01 5.860539926445169634e-01
6.239951507771572814e-01 5.220271196596876218e-01
6.268027412551200328e-01 5.662870838007285634e-01
6.094060914016512509e-01 5.251786983264937758e-01
6.846412114276033689e-01 5.332532730254349040e-01
6.812307755429873879e-01 5.175529480881277955e-01
6.707210543346489029e-01 5.654560797682235407e-01
6.417579705955036573e-01 5.532987024411166743e-01
6.944979644546926956e-01 5.860645579610750389e-01
6.006738487517908620e-01 5.761750166270223072e-01
6.610128643348041066e-01 5.262045321144217525e-01
6.974734329507152886e-01 5.379214610786153816e-01
6.946430265863698938e-01 5.497805308180021555e-01
6.188021236287657434e-01 5.193975590855521851e-01
6.431250875612564144e-01 5.710903156213960052e-01
6.531075095484872861e-01 5.644206471851955786e-01
6.141899475046908030e-01 5.694863813092087002e-01
6.407375856993555718e-01 5.611944841993723454e-01
6.154765679036932058e-01 5.909558174615847648e-01
6.391056673309022385e-01 5.754076065772502080e-01
6.037980372356729353e-01 5.449916420098377401e-01
6.380419139619376567e-01 5.519559717547060096e-01
6.461771415841867094e-01 5.816800602995122471e-01
6.144755541187971737e-01 5.086200371675640985e-01
6.353878585320194006e-01 5.342011818406067203e-01
6.499549645167737033e-01 5.728645745112157517e-01
6.212336189448925960e-01 5.102131101983722328e-01
6.758378883323518105e-01 5.068383262144868784e-01
6.625858030555865641e-01 5.541836669438140461e-01
6.556839082883162417e-01 5.443289639518451573e-01
6.413847074486617172e-01 5.739246059494240715e-01
6.589592193112834284e-01 5.006462287882929019e-01
6.829586551356418012e-01 5.347534477851096923e-01
6.218070749132476038e-01 5.182519805332039819e-01
6.688914333035713700e-01 5.649857938053045592e-01
6.387683473104663889e-01 5.035422815297897481e-01
6.416619173125046593e-01 5.333255223956543389e-01
6.501739774326951160e-01 5.860755336945762117e-01
6.110277730014270769e-01 5.434714337136825613e-01
6.851817392592006728e-01 5.486834850882666981e-01
6.133149343836458156e-01 5.944783767630158478e-01
6.966312066550037763e-01 5.096965775597943615e-01
6.952586281538052360e-01 5.627534358011716531e-01
6.070897066753355720e-01 5.055773978540760716e-01
6.087106853480600543e-01 5.283569923241857591e-01
6.202299507703221693e-01 5.960267969050992987e-01
6.679079228836273252e-01 5.650795975571741847e-01
6.788107006162821255e-01 5.208125934668930146e-01
6.847489120571235155e-01 5.463296074523598111e-01
6.882292380921758435e-01 5.806623590616765140e-01
6.159816848934943634e-01 5.001212398667524983e-01
6.927592259214279125e-01 5.633474533205498069e-01
6.139519667869451913e-01 5.095546908888148874e-01
6.333031677159052242e-01 5.684691822997114397e-01
6.792682412852454332e-01 5.620997504866647176e-01
6.905000926521245308e-01 5.298145165840524307e-01
6.817157226918927337e-01 5.595511807711139873e-01
6.475916520934715814e-01 5.397695583142502196e-01
6.235642397974561213e-01 5.460549352418819780e-01
6.502512151984278788e-01 5.212412591873645251e-01
6.362324490150763623e-01 5.715292645626794954e-01
6.980425152606759553e-01 5.513842718742825166e-01
6.501574318709371081e-01 5.085541709458041293e-01
6.548214647924125442e-01 5.202408625691836708e-01
6.073747055023333008e-01 5.029903740671006762e-01
6.902681009760156527e-01 5.435921139127047885e-01
6.494260184941325065e-01 5.965744589358918937e-01
6.847666580516266199e-01 5.354451476936037402e-01
6.329924666439249448e-01 5.921954114576775119e-01
6.167443875165173894e-01 5.873389594480658005e-01
6.927186254926506193e-01 5.841100076138222574e-01
6.577720373278647115e-01 5.251248311433818206e-01
6.787358566773232793e-01 5.639983180822004671e-01
6.864957107898119748e-01 5.044934079460400289e-01
6.325625573368474086e-01 5.362496938348976228e-01
6.610931396398210813e-01 5.124894530731105569e-01
6.930514519967090337e-01 5.203741772828724965e-01
6.758888568751019177e-01 5.094942582590611391e-01
6.161228098679092380e-01 5.799399837606218355e-01
6.735605610920818442e-01 5.010712806282726639e-01
6.708497567071705081e-01 5.722302761493930356e-01
6.601113011092140104e-01 5.796391588005992412e-01
6.592251660882142428e-01 5.570999628884716337e-01
6.071587988169503403e-01 5.097673346749507228e-01
6.962944886563746660e-01 5.820441314754043471e-01
6.709091750962161704e-01 5.462957523665201709e-01
6.409365072837914790e-01 5.768475648471353967e-01
6.781283765601848756e-01 5.939114409181776022e-01
6.241286039568068045e-01 5.138337251169329267e-01
6.434392579001039225e-01 5.758091299935959029e-01
6.710483828644635551e-01 5.175987883239159260e-01
6.220320782230305268e-01 5.659697884728641659e-01
6.290876149178351584e-01 5.826663284508279972e-01
6.960643948879267073e-01 5.298106976387216838e-01
6.564508364789726214e-01 5.707677370802146655e-01
6.783297149367977230e-01 5.480654147686765398e-01
6.208563022376460960e-01 5.925221366781507903e-01
6.057003471855153531e-01 5.822748017745738025e-01
6.851529405087021241e-01 5.225645506430067755e-01
6.632209785570952754e-01 5.797127325603557146e-01
6.723574205303171070e-01 5.774829099564758872e-01
6.353880959434300424e-01 5.650415021478736310e-01
6.692114267878765954e-01 5.966374544276198399e-01
6.995307971308472039e-01 5.652916640161129713e-01
6.954003971584680199e-01 5.021677536792339414e-01
6.675347603390666684e-01 5.138571568097456410e-01
6.703427676234194887e-01 5.091452547097741199e-01
6.366181142473623655e-01 5.114088086858682436e-01
6.612683699317054575e-01 5.862802642931664865e-01
6.463228731961396800e-01 5.045708789077747447e-01
6.905107773700313034e-01 5.890838666214264219e-01
6.179844361320582236e-01 5.790101639627679431e-01
6.079418041774206083e-01 5.062163552950309509e-01
6.372116337547394371e-01 5.432303238030785630e-01
6.566326723999917903e-01 5.525790537679354797e-01
6.678973370841289059e-01 5.105663343483375360e-01
6.978921518556473469e-01 5.636249082893712847e-01
6.384196128331500741e-01 5.859575853236347331e-01
6.826688676900216635e-01 5.257126196642134541e-01
6.063994296131882678e-01 5.305557008310769485e-01
6.302146452288404088e-01 5.026895922936991390e-01
6.479168967343578167e-01 5.389703146804256662e-01
6.327289467901456854e-01 5.866012143174252902e-01
6.008556401539160152e-01 5.680963340207678680e-01
6.831806541850827807e-01 5.324995637538589843e-01
6.013365410721074333e-01 5.373493075607659319e-01
6.633107185713280618e-01 5.139934052410930487e-01
6.873196431787809146e-01 5.130940511142900728e-01
6.179281312351777578e-01 5.949501103263730162e-01
6.110721854966382205e-01 5.669498589115465892e-01
6.967192482528811182e-01 5.171045881199404226e-01
6.551469513419873048e-01 5.677825409190504491e-01
6.842797874196100416e-01 5.469734549903246812e-01
6.735396240522240063e-01 5.383305347479726555e-01
6.591754018860802589e-01 5.459521639591289333e-01
6.715522021967086364e-01 5.740834449221375868e-01
6.850201141343149613e-01 5.208204011218824370e-01
6.353004831312377698e-01 5.926202480650066828e-01
6.219875843177055108e-01 5.712246996840739666e-01
6.141792283128320040e-01 5.840605936239008367e-01
6.222217693803606675e-01 5.853226686856329852e-01
6.248026366506796991e-01 5.040886817555080279e-01
6.524426030326248016e-01 5.271923743470585677e-01
6.839272503872403375e-01 5.516422798276722217e-01
6.093799752566417816e-01 5.228823052217389522e-01
6.212898439292235953e-01 5.894777176879726355e-01
6.107566916862743334e-01 5.037516176108605137e-01
6.649784117605135325e-01 5.435170667324356053e-01
6.932757833217525478e-01 5.333891801960135570e-01
6.094626828435825150e-01 5.900732666153036821e-01
6.241146636493289934e-01 5.329572728356604117e-01
6.761709321122515437e-01 5.204646511202288828e-01
6.299121273581504976e-01 5.818325164368722824e-01
6.877693549343911750e-01 5.200911047910039553e-01
6.380448908267406516e-01 5.340710003642752390e-01
6.527278802465638075e-01 5.689737632436990822e-01
6.998387022292090753e-01 5.742524975824954137e-01
6.167301820181007033e-01 5.168167044135277832e-01
6.559031255817781014e-01 5.453069402194602455e-01
6.255625853275529336e-01 5.100867182271709988e-01
6.609022011157191789e-01 5.138081629986360754e-01
6.826241088039020077e-01 5.584797920427686524e-01
6.156305485508009046e-01 5.368099224211506648e-01
6.409397961129339460e-01 5.056959032555756739e-01
6.566720781927374295e-01 5.668744158958116675e-01
6.485957546871472523e-01 5.846304005503528689e-01
6.410803986966367995e-01 5.383849180925938116e-01
6.783288035040622166e-01 5.222322004338054713e-01
6.803043549530456424e-01 5.909476047274915267e-01
6.688621648074953852e-01 5.000873927834079691e-01
6.413709230618072077e-01 5.264625670431447579e-01
6.415584264131731773e-01 5.871788718295419818e-01
6.323462681000591168e-01 5.497739721757828324e-01
6.901484801731468943e-01 5.859903399192798457e-01
6.943213632906515276e-01 5.173192365841052798e-01
6.377984611075666610e-01 5.705283064418806838e-01
6.013294411135553519e-01 5.921469452060106331e-01
6.757247234681774684e-01 5.030010862701406182e-01
6.935871024931071771e-01 5.559378448496166136e-01
6.983205389387442397e-01 5.443525445197615609e-01
6.692992325859798974e-01 5.059430676608902555e-01
6.254120963183490423e-01 5.105719811195473801e-01
6.770559356586045574e-01 5.758753394032924966e-01
6.347034602553550675e-01 5.701016501516803503e-01
6.897419196434581012e-01 5.400490982595520517e-01
6.198207272887216179e-01 5.943501103467723201e-01
6.824297568880322018e-01 5.381309090603778600e-01
6.315671624122368710e-01 5.543641370917455902e-01
6.985490334457132855e-01 5.997432263889247439e-01
6.940010672424400395e-01 5.928256432357912331e-01
6.726578439561968770e-01 5.027510161706372216e-01
6.187266612377714248e-01 5.174293428571437037e-01
6.267610153989167099e-01 5.269111320993083991e-01
6.012899144526503425e-01 5.811938918575980662e-01
6.827761984658338168e-01 5.093745806463445547e-01
6.262926020582144648e-01 5.241688832770431405e-01
6.048876463594287101e-01 5.324900545185202727e-01
6.105346760107538406e-01 5.190607913511888771e-01
6.359054110995484566e-01 5.647604427335968236e-01
6.558452674055562648e-01 5.245006828128809806e-01
6.476969691170023635e-01 5.368134688545564970e-01
6.096786625619289302e-01 5.295802664315236719e-01
6.265585301750321578e-01 5.513296280050684617e-01
6.944150091372383038e-01 5.818523507927757521e-01
6.684373810237663749e-01 5.129746742632171896e-01
6.945104410003505313e-01 5.122274566566173970e-01
6.973282055864085116e-01 5.277872704597258435e-01
6.228791876287409490e-01 5.367036214754492551e-01
6.686186447527899812e-01 5.374824920085464752e-01
6.843749912709294891e-01 5.077198343735054298e-01
6.567056595071759650e-01 5.961350546068242551e-01
6.352219853017012641e-01 5.017285266982476344e-01
6.632991586100990267e-01 5.389632115630957898e-01
6.106287359204278786e-01 5.320149800922807648e-01
6.486393625379391903e-01 5.527069973354350463e-01
6.526196812052416085e-01 5.194654979505499703e-01
6.448887196584137671e-01 5.209360151009916340e-01
6.620845370038008770e-01 5.832405906739923651e-01
6.559998030760245680e-01 5.424968536929635210e-01
6.950092240944565347e-01 5.825057902565682344e-01
6.811846561831054192e-01 5.463204325634343217e-01
6.807024012315643358e-01 5.264576392388566894e-01
6.767827961500286760e-01 5.444746920759907516e-01
6.299867853207095081e-01 5.404701013512823726e-01
6.482502251469749455e-01 5.003558812291305502e-01
6.143148099761899239e-01 5.646140771856067442e-01
6.703773008929907462e-01 5.098036645022676616e-01
6.377687512540198833e-01 5.757081720979828621e-01
6.850639090013412869e-01 5.260510259923398824e-01
6.001483451268188052e-01 5.620732190071315859e-01
6.019035374635366420e-01 5.725645115324209389e-01
6.903158267379284618e-01 5.691323343015737279e-01
6.560931035531588629e-01 5.590397867932370701e-01
6.919154718560620587e-01 5.439823761501515476e-01
6.170541745099530351e-01 5.751029967495276951e-01
6.578270070393821278e-01 5.149021231308691382e-01
6.537185864513761491e-01 5.011132255177542794e-01
6.731658946585201697e-01 5.538982546714279476e-01
6.688070225291704585e-01 5.595923829812868844e-01
6.700763927543516019e-01 5.295791708458101876e-01
6.091612695948042111e-01 5.159482247005260369e-01
6.482318416793243498e-01 5.034173038065474781e-01
6.442551521976042084e-01 5.701698001907298252e-01
6.593286311768713492e-01 5.311319265672151957e-01
6.872248357602580571e-01 5.403054514750078585e-01
6.701942406501107952e-01 5.184118459126464407e-01
6.642443214922700845e-01 5.333767377588927161e-01
6.144102294774919093e-01 5.594853123317693466e-01
6.483978148973723599e-01 5.339642395542251174e-01
6.684119581846358349e-01 5.412454236280604958e-01
6.166572405599367590e-01 5.433336012753710031e-01
6.535204856156405784e-01 5.200127075920208952e-01
6.952908065512987124e-01 5.249334368030309506e-01
6.773782782546975412e-01 5.704089032702668316e-01
6.391574743607605358e-01 5.207919005976212601e-01
6.389444323323144603e-01 5.617120117937396406e-01
6.832004697088440714e-01 5.226299221399922645e-01
6.023999593270855657e-01 5.999654049984557425e-01
6.465800015600113859e-01 5.158983465564027648e-01
6.646968349034910739e-01 5.882006548854057382e-01
6.276988513930026325e-01 5.930638380173220980e-01
6.698351642452848864e-01 5.692657802828529068e-01
6.066157982634157175e-01 5.680177509900055099e-01
6.815488342001818634e-01 5.097009274837431825e-01
6.428914625295109042e-01 5.251369041660984838e-01
6.916625434489731550e-01 5.237938342555079618e-01
6.971276050618078202e-01 5.036611822449913456e-01
6.791196266453914943e-01 5.071105186038951107e-01
6.597232801609341779e-01 5.364435422573199386e-01
6.297641453132605260e-01 5.804551855763209200e-01
6.980061147150160572e-01 5.300421210919199488e-01
6.260312674137454847e-01 5.039417271731588821e-01
6.932722445084594787e-01 5.247263663657850685e-01
6.974195430965894893e-01 5.669426257831575722e-01
6.959766792269352909e-01 5.384607803226346689e-01
6.306526220942441086e-01 5.289051400445821116e-01
6.181346188983098955e-01 5.276949704557484244e-01
6.084557249034762139e-01 5.450097318458035911e-01
6.084170629398287788e-01 5.548948305833800720e-01
6.601052398924146525e-01 5.239044586011375459e-01
6.434894686646495110e-01 5.200200517857648252e-01
6.442029322013594905e-01 5.620314894476203804e-01
6.860885244105144887e-01 5.265971956405317567e-01
6.010937088755062829e-01 5.652967569308271489e-01
6.130055452689897599e-01 5.990746222092659945e-01
6.373779112164790206e-01 5.629962654876343731e-01
6.114707076516504580e-01 5.835288823100013289e-01
6.487448730702293220e-01 5.597646197802139678e-01
6.606449476784367336e-01 5.012636153582161747e-01
6.561738844575247809e-01 5.971380812418807249e-01
6.939802196107045518e-01 5.000658571172832412e-01
6.854724050801616064e-01 5.420703768393622113e-01
6.051769158628264034e-01 5.632256882787001206e-01
6.279328395758793091e-01 5.639734801835520894e-01
6.180112476111694342e-01 5.904676845919776262e-01
6.359503296753206136e-01 5.455376410471358684e-01
6.007844587875594833e-01 5.281963839240483294e-01
6.692725800001968484e-01 5.328771895906185829e-01
6.084645826017670567e-01 5.150218558048533790e-01
6.816371264955261022e-01 5.632144123971001282e-01
6.656933961768782826e-01 5.719449701750560777e-01
6.784940613875966031e-01 5.075775886022215744e-01
6.890360359923191069e-01 5.396433643928938428e-01
6.639672865564637538e-01 5.280657438983127339e-01
6.675626042549349659e-01 5.789734202846241740e-01
6.851410966287064808e-01 5.328186605214846328e-01
6.683831938143616203e-01 5.607067144985680152e-01
6.913934455972272630e-01 5.930186508912635990e-01
6.983828748813130094e-01 5.969562485127635210e-01
6.353503407700494821e-01 5.631861386347939424e-01
6.452649259576543894e-01 5.592613420244821887e-01
6.222625666834920022e-01 5.478188611982812706e-01
6.505399343361295550e-01 5.014747326202578792e-01
6.916864646086623436e-01 5.227875655674154576e-01
6.745020186875561041e-01 5.776843124121986417e-01
6.289991539660219066e-01 5.730762670303670703e-01
6.318831768578738739e-01 5.950302484106859691e-01
6.226928166684124744e-01 5.825976441473501577e-01
6.282249686935590383e-01 5.010086756056189028e-01
6.376215438399682744e-01 5.387614424722073636e-01
6.855068020470519441e-01 5.629670500348183948e-01
6.765787495840228649e-01 5.833228787886455269e-01
6.631025049294089202e-01 5.325636573449076261e-01
6.658791040082382429e-01 5.697336479290902034e-01
6.986493587094982916e-01 5.686202939315494476e-01
6.544455692775293931e-01 5.865224193344570347e-01
6.982118791423500559e-01 5.244646532815800954e-01
6.970344337992220307e-01 5.557854616411372906e-01
6.203695274241416424e-01 5.043985775069012023e-01
6.785413480321067503e-01 5.153475943662814140e-01
6.546807519305257728e-01 5.285760433038309003e-01
6.954832533968386965e-01 5.486184797903468358e-01
6.077222356621894139e-01 5.947659792162423020e-01
6.759453918695248476e-01 5.339845570830036303e-01
6.612560953597773628e-01 5.972361749140493448e-01
6.892489676363117157e-01 5.505168260778725564e-01
6.063486552800168017e-01 5.118843339945141624e-01
6.780112527324408944e-01 5.092089229774655612e-01
6.075476800090717777e-01 5.854170907198481544e-01
6.181795529246312260e-01 5.849373637569548201e-01
6.368232176639698761e-01 5.456104632773486340e-01
6.396683425170678339e-01 5.396616243275434988e-01
6.219998320884433385e-01 5.492508285028641080e-01
6.380071905174281577e-01 5.726271490362473404e-01
6.930808811130803049e-01 5.733898455668098304e-01
6.858613533910783433e-01 5.058594568954131176e-01
6.703606201603038439e-01 5.585864758679432995e-01
6.604337970934484048e-01 5.437070282241763808e-01
6.927308228343791452e-01 5.413893098673527859e-01
6.283020823349253492e-01 5.745017518665008760e-01
6.696281568776842885e-01 5.522683308602875929e-01
6.203414773755121514e-01 5.409894537068531406e-01
6.154031004234992164e-01 5.846859204852257186e-01
6.648965060036058361e-01 5.920401939629189592e-01
6.271436558715947074e-01 5.891949607359054930e-01
6.439609388278120239e-01 5.101881863223496349e-01
6.919346713098162294e-01 5.085397344125769381e-01
6.573017337124537063e-01 5.660950286026344980e-01
6.476480430254690779e-01 5.642607043585828874e-01
6.383459268825740773e-01 5.266966520524679618e-01
6.832315693486697983e-01 5.777877298784221960e-01
6.852599338868294865e-01 5.674929396339635224e-01
6.825266515092153208e-01 5.566461155184446730e-01
6.438306280795665915e-01 5.435944546457996962e-01
6.510431030620317250e-01 5.035655158681250354e-01
6.439528612421392406e-01 5.390240905384091619e-01
6.896420621194547795e-01 5.340602871902755400e-01
6.460085464061946503e-01 5.277643687836512942e-01
6.536771369778345830e-01 5.087958697496128835e-01
6.745862853819323268e-01 5.608790546296928969e-01
6.357013998802150123e-01 5.140349436486199020e-01
6.883905457605591360e-01 5.133567792367527138e-01
6.984049586925197284e-01 5.982114044581973156e-01
6.459690975683911596e-01 5.637424924172016460e-01
6.122651455770994344e-01 5.380088715686038858e-01
6.710443032557523724e-01 5.358946925357505053e-01
6.935837610607367143e-01 5.761140246965497091e-01
6.124329314469109109e-01 5.634145417480505014e-01
6.772401680024852100e-01 5.511423246423310385e-01
6.094753415493155968e-01 5.343424743146159006e-01
6.628309948810728880e-01 5.960903684919083290e-01
6.271570864159955461e-01 5.810391153285878740e-01
6.938803850069230617e-01 5.800150715213088226e-01
6.842050676092900074e-01 5.943682926198456951e-01
6.979992590403381048e-01 5.286112455092868423e-01
6.540977939614105452e-01 5.838114314005137251e-01
6.703780938128515166e-01 5.774547615095715347e-01
6.628615515532760849e-01 5.809332668924098719e-01
6.221015831766950610e-01 5.289302961025205141e-01
6.147988058772371200e-01 5.356588446723635766e-01
6.616872277415617454e-01 5.871663842108356679e-01
6.260339573310721439e-01 5.162596278747038081e-01
6.513701132320864895e-01 5.718151728157745417e-01
6.223259936547080873e-01 5.081021387559423452e-01
6.618533474801997496e-01 5.353051200113190244e-01
6.427656302052898729e-01 5.205527097456141838e-01
6.122359685097691351e-01 5.781177479380119610e-01
6.801121603786641767e-01 5.204119241809266327e-01
6.803762440756443430e-01 5.577897373935438718e-01
6.855383227696483228e-01 5.270676796706414979e-01
6.766372375392929461e-01 5.500897931735317936e-01
6.346120591334329930e-01 5.085475566835627736e-01
6.495187438552542103e-01 5.580710828572844617e-01
6.220215699017140887e-01 5.480732827912404570e-01
6.319097887749506315e-01 5.542015757430140965e-01
6.396935260033055348e-01 5.291295518469462111e-01
6.124730237574567138e-01 5.508245953100405767e-01
6.583656995129610889e-01 5.566861556655878784e-01
6.312987619205743250e-01 5.866020608974681361e-01
6.084826830934094710e-01 5.117721152711933730e-01
6.755110171592620949e-01 5.262156508473457839e-01
6.476883314561003857e-01 5.638875228653973393e-01
6.279222527038561541e-01 5.720380225451071610e-01
6.835885535665365831e-01 5.406481607240463116e-01
6.700694241249581795e-01 5.347844757498683155e-01
6.529897143322850317e-01 5.260506725346043577e-01
6.596060911801125970e-01 5.115316232329941704e-01
6.179186406608814242e-01 5.154473103988940208e-01
6.906457234267291412e-01 5.755378141755372878e-01
6.871593163447600183e-01 5.019906184899842749e-01
6.300673896285331477e-01 5.323582814346208281e-01
6.517252227035987833e-01 5.193734270808748610e-01
6.460544530339856761e-01 5.786838902639540594e-01
6.464004263271972972e-01 5.502969880953210158e-01
6.322448046035522573e-01 5.736511440836484788e-01
6.935076578116488033e-01 5.772600286946041326e-01
6.703977691026449248e-01 5.038542105130842108e-01
6.104749564516424032e-01 5.894816139359584373e-01
6.432386237264776652e-01 5.932124125425990435e-01
6.779751742265808234e-01 5.704986746937377173e-01
6.901196788147747618e-01 5.461264562438334913e-01
6.423820810947079574e-01 5.203954424893615371e-01
6.239890497784963408e-01 5.047369464153704799e-01
6.104029840659782602e-01 5.048062225518938906e-01
6.610713565271233438e-01 5.620401872662869058e-01
6.398419166439235362e-01 5.735403648579489033e-01
6.707924741195009366e-01 5.129023809988095817e-01
6.691665692650434760e-01 5.293618320105315522e-01
6.424010799408581551e-01 5.856325190588594909e-01
6.627746533593193989e-01 5.045736090577285227e-01
6.542741604272416245e-01 5.168963573715356086e-01
6.834410035128281047e-01 5.060074295277190437e-01
6.419019858116425947e-01 5.371882146509168177e-01
6.973600054315077790e-01 5.168263691179150188e-01
6.551559639760780041e-01 5.395240998927971487e-01
6.088085468229029740e-01 5.061241139791607946e-01
