6.003084634714707102e-01 6.802901839611256163e-01
6.281931249625080094e-01 6.703175186243220951e-01
6.715393112102393536e-01 6.759071875138554786e-01
6.035289555739751233e-01 6.531537258600925711e-01
6.134362667273040026e-01 6.511542500249808407e-01
6.116797451099637017e-01 6.820834195008100842e-01
6.080226249892394241e-01 6.900473063425532905e-01
6.398738553882082902e-01 6.883732310310157754e-01
6.120586733086421649e-01 6.890181547295090025e-01
6.518806276509249154e-01 6.831436658287015629e-01
6.501302853528385661e-01 6.917304371830204079e-01
6.126427352397401105e-01 6.914019753956901493e-01
6.096926839599996484e-01 6.796478928687051946e-01
6.019630887061129254e-01 6.903345776580063209e-01
6.148891941780834092e-01 6.892258903719330476e-01
6.008310681321582525e-01 6.786355509876322856e-01
6.219813582968423127e-01 6.980905434670345855e-01
6.103717870937619416e-01 6.860000403364751032e-01
6.026774142987778582e-01 6.373196159187641818e-01
6.589782926153620046e-01 6.687827631709915011e-01
6.388914308659611185e-01 6.700483777970649424e-01
6.469753355131335759e-01 6.948934469749541432e-01
6.514447761858265240e-01 6.699584265376998804e-01
6.485438014496259784e-01 6.878068189778909769e-01
6.006548214934486207e-01 6.781395777695699012e-01
6.229931022539504371e-01 6.748572410679316569e-01
6.291326450641298029e-01 6.992222622388096775e-01
6.358753141846325008e-01 6.875583024243535624e-01
6.046825272333761214e-01 6.796010417894524647e-01
6.479887892151627860e-01 6.636727347460007476e-01
6.066806920946478110e-01 6.652725629476575753e-01
6.028072751434139231e-01 6.646171682078986231e-01
6.420655596382142116e-01 6.855435873195003804e-01
6.849444464025804535e-01 6.898940631317241889e-01
6.052521777010437809e-01 6.774221753818654435e-01
6.151849364962971300e-01 6.453560251140837423e-01
6.017202896543276669e-01 6.891809901851186915e-01
6.275995782315141325e-01 6.815824045749272475e-01
6.039801356260329213e-01 6.928542227051964764e-01
6.225383232289017910e-01 6.942701665664023913e-01
6.130143446813391961e-01 6.470716499207704864e-01
6.018773776408075094e-01 6.863494039088193777e-01
6.127449327501692800e-01 6.895332075060852661e-01
6.108228597903048174e-01 6.718989993110792147e-01
6.710159614679280793e-01 6.935572865897255967e-01
6.608103437473078490e-01 6.914922631059556846e-01
6.234067040334987375e-01 6.762336568459298425e-01
6.425899617991996937e-01 6.331219905497278422e-01
6.311393372635109023e-01 6.832222243496129943e-01
6.030704413746569292e-01 6.176574217941419587e-01
6.757922046466000587e-01 6.464258509130706987e-01
6.168210652394235938e-01 6.845171659440869583e-01
6.202832174782055841e-01 6.907307777131128645e-01
6.528744492231345342e-01 6.257409370861561904e-01
6.596736350417257144e-01 6.971322794274061874e-01
6.884663640446136990e-01 6.367164006736591997e-01
6.049131902951025985e-01 6.814170412937412546e-01
6.706814159640032136e-01 6.489854350505964709e-01
6.648544481590247246e-01 6.610718040357339564e-01
6.139760354568810641e-01 6.514373211781683271e-01
6.213244350774784763e-01 6.547152276530837645e-01
6.002891537382064602e-01 6.047843740679061941e-01
6.652908217467242702e-01 6.228461312132276273e-01
6.024411012022072853e-01 6.341169704736617785e-01
6.107332406430054927e-01 6.670342438490980408e-01
6.707418794477616464e-01 6.966714811384779882e-01
6.524402880665982618e-01 6.911779676662082039e-01
6.781219161753709868e-01 6.136965032012076104e-01
6.767366772950350606e-01 6.079078755553680713e-01
6.217098054678036334e-01 6.015856499614598007e-01
6.909610106954795494e-01 6.477731937894852798e-01
6.122543424830328984e-01 6.068100850908049182e-01
6.315087006917887713e-01 6.414653559092566848e-01
6.550222934338622016e-01 6.218567429013930337e-01
6.974687663782048741e-01 6.442628395435627819e-01
6.483483203548877638e-01 6.161110221809299459e-01
6.699015453288408306e-01 6.519478072930581236e-01
6.445741197276722012e-01 6.711909583078012886e-01
6.617943324780255487e-01 6.456202035866860367e-01
6.197535247986164508e-01 6.796868896520019687e-01
6.532346889905905618e-01 6.113163754055309651e-01
6.510736862250040557e-01 6.194783346251608869e-01
6.542580037700451712e-01 6.167614790210212972e-01
6.539444572545062284e-01 6.503626800938231423e-01
6.320454001772628505e-01 6.201164393798841434e-01
6.291431753194204335e-01 6.945523383352605329e-01
6.727381257964478722e-01 6.037369005054644688e-01
6.308698665047557386e-01 6.930059433326341001e-01
6.757980742619540404e-01 6.567868600418749203e-01
6.871480465045669561e-01 6.455231618236554336e-01
6.154422995068006275e-01 6.367961148392869974e-01
6.366238898618031827e-01 6.563486891060892336e-01
6.808763875629630924e-01 6.277170847834068201e-01
6.360139408218115076e-01 6.217408558133290519e-01
6.825083586969891147e-01 6.286765076070122138e-01
6.977252413216789018e-01 6.655976547252648867e-01
6.139006532675790329e-01 6.933706618433903568e-01
6.767926633668454039e-01 6.274610050312876552e-01
6.007298891015167008e-01 6.873215434206446650e-01
6.700027810435802422e-01 6.021414587203033353e-01
6.434439214009699537e-01 6.999747497328204782e-01
6.761541876755812197e-01 6.245880106957680811e-01
6.343976602154333122e-01 6.495098378717465426e-01
6.840268752267989472e-01 6.054859952897445607e-01
6.858681701680970910e-01 6.848737960945548986e-01
6.155928185690862087e-01 6.848373496599760024e-01
6.321423645061771124e-01 6.927078309675640533e-01
6.620308057717243511e-01 6.593820878364915483e-01
6.110488209410608329e-01 6.526292543942999735e-01
6.362682968114559134e-01 6.838124992432195182e-01
6.898642213178947102e-01 6.386004804707603455e-01
6.742579193188856790e-01 6.813747739513730250e-01
6.283694617585774411e-01 6.148351616821906562e-01
6.591967444758106698e-01 6.709948671056767955e-01
6.257903600542621403e-01 6.368640991332282786e-01
6.485256290155131387e-01 6.192171368686572031e-01
6.835624143511869200e-01 6.250852627731666722e-01
6.549890500600742405e-01 6.309580786038431199e-01
6.105494918471464638e-01 6.628257584963694882e-01
6.256429665064610068e-01 6.044074147409403963e-01
6.300333775341658837e-01 6.714030223542866160e-01
6.766018812325979015e-01 6.748576157260224306e-01
6.548238948460751718e-01 6.810204523833671697e-01
6.630554598110134368e-01 6.751333954918928848e-01
6.497197449741948239e-01 6.945897495263826382e-01
6.007476126711572828e-01 6.734476646646128106e-01
6.814624651740847083e-01 6.254481045922015703e-01
6.343584770886644408e-01 6.001928725539822373e-01
6.607727910568503837e-01 6.080353344687661199e-01
6.262990728874755497e-01 6.001158185162862591e-01
6.413089969545813229e-01 6.649004317681946885e-01
6.049402699931707428e-01 6.644925360735155495e-01
6.556465950508675311e-01 6.452043373016764782e-01
6.903602693544899083e-01 6.997171243977402533e-01
6.263122365577568074e-01 6.297689743786148986e-01
6.954868900448680780e-01 6.439797428901978815e-01
6.584974831549210705e-01 6.274410769405054378e-01
6.939942294501540987e-01 6.721174767779576342e-01
6.843541454639020527e-01 6.912501235439232339e-01
6.965500706875913384e-01 6.218050387014845137e-01
6.118515502029554520e-01 6.027190814004252939e-01
6.180309563524931660e-01 6.041806840798573663e-01
6.251465051644371496e-01 6.331791171905667426e-01
6.217875700371554570e-01 6.692708129852824595e-01
6.898690753085311433e-01 6.642832766073452078e-01
6.736413234365552505e-01 6.715862881032352849e-01
6.972998101115250869e-01 6.770916953391241666e-01
6.692514366991650920e-01 6.183572492732145598e-01
6.381836069572038861e-01 6.800219044473451158e-01
6.717588117155380845e-01 6.560754080215625006e-01
6.421421765813940530e-01 6.443735604641975812e-01
6.151281365365401932e-01 6.105192636090167602e-01
6.836089690566252708e-01 6.610507205155573551e-01
6.802102491112732574e-01 6.128721972311050870e-01
6.497418214969042927e-01 6.310579187255352940e-01
6.285563994824413525e-01 6.173585760597288807e-01
6.706072044501691920e-01 6.016593159145389169e-01
6.203558293961195513e-01 6.569688735193910389e-01
6.305676766838557157e-01 6.416490264693242018e-01
6.336754789113347996e-01 6.232813908178906903e-01
6.973495711342774239e-01 6.691904839676137140e-01
6.234516234067184470e-01 6.416599562977188809e-01
6.560498650692041522e-01 6.420917758084255800e-01
6.960752450807152769e-01 6.070831711311424073e-01
6.910780853652063183e-01 6.011387638044649595e-01
6.739879355460999255e-01 6.756386259398692307e-01
6.718924025576292758e-01 6.362871100763636267e-01
6.623052371722919496e-01 6.203500415915693678e-01
6.483929705405704347e-01 6.034529814791282920e-01
6.356370778050255410e-01 6.138958196538808476e-01
6.812722222557341389e-01 6.060962395758162646e-01
6.940585789578209708e-01 6.453822003284912512e-01
6.320587510999448044e-01 6.358528050999882053e-01
6.271387182563660234e-01 6.478726668106218334e-01
6.725793553235484001e-01 6.934628350999914037e-01
6.413868334113473901e-01 6.366655637539253565e-01
6.410838850177703607e-01 6.314298967689515596e-01
6.050529304472823666e-01 6.180166517877309085e-01
6.709866390035171824e-01 6.868847662043846558e-01
6.006230883028349510e-01 6.558234825101512122e-01
6.812503815111431438e-01 6.820389932496981888e-01
6.553587753487593037e-01 6.793156265839753738e-01
6.042683835492984601e-01 6.319422377341314956e-01
6.903696083007967443e-01 6.801159028377814497e-01
6.865123200142912996e-01 6.220528655608807966e-01
6.352092955005987918e-01 6.390004210995336997e-01
6.776295819119124708e-01 6.760180465819283224e-01
6.074703887939484348e-01 6.892058152780030644e-01
6.852707141270265589e-01 6.293638620824902885e-01
6.939673570871786046e-01 6.092802938859087636e-01
6.794744114530595347e-01 6.561433788728788796e-01
6.209544068089426494e-01 6.829977417083293867e-01
6.130052801511262084e-01 6.890292802224811108e-01
6.086036862091790400e-01 6.465808086225404150e-01
6.192308789302258809e-01 6.384619011090942875e-01
6.925954633934271465e-01 6.536437464776099215e-01
6.411852174483611000e-01 6.666300865519014796e-01
6.016949500206927315e-01 6.152854907313900501e-01
6.574572914564094095e-01 6.361394827923453343e-01
6.174548264025687683e-01 6.938183681041292239e-01
6.850560654653212733e-01 6.679841454151596025e-01
6.157649862112511974e-01 6.410260635727903500e-01
6.622834578578981057e-01 6.702738957113658635e-01
6.387284161198829580e-01 6.031062696746304352e-01
6.960551709652683661e-01 6.976820634536962107e-01
6.670019354375906762e-01 6.682530868418952164e-01
6.232340898086144998e-01 6.225805275210750667e-01
6.967419117490324387e-01 6.599484573055718339e-01
6.611226696778694789e-01 6.094680196313396747e-01
6.430662011991076232e-01 6.843801469460358833e-01
6.602349831970364402e-01 6.056370819832137542e-01
6.019546122386553177e-01 6.246698146147158237e-01
6.189985020010608796e-01 6.427226459941579595e-01
6.939633919596194245e-01 6.086002576687324916e-01
6.123938879121291201e-01 6.167343086283967324e-01
6.911048766694939394e-01 6.597546448697431121e-01
6.790956303707398334e-01 6.588096541305524800e-01
6.764688032837919973e-01 6.960900663763166518e-01
6.292197953938531985e-01 6.443555584463001029e-01
6.174499330897962324e-01 6.009891940994553927e-01
6.454385944585884216e-01 6.549031830054432568e-01
6.575299045921692009e-01 6.130654027315647348e-01
6.480722881349357811e-01 6.967784652343830265e-01
6.398466304797622017e-01 6.183074757736197746e-01
6.055222435260864122e-01 6.979018683465550987e-01
6.772667120698906418e-01 6.322587596219537698e-01
6.878098585510601382e-01 6.526060515854776867e-01
6.410410914558699602e-01 6.619203151533334939e-01
6.863113210296234445e-01 6.154333121972235254e-01
6.553837410605646285e-01 6.570093624446011749e-01
6.181007867297937386e-01 6.020376240473971352e-01
6.008671591205825280e-01 6.396482761692869889e-01
6.773337025079407825e-01 6.499955325239858972e-01
6.459931645331764560e-01 6.039208268797391366e-01
6.298386655354634156e-01 6.729948545526638348e-01
6.029031898074100893e-01 6.567189253736840371e-01
6.254436809814930553e-01 6.296205505419885107e-01
6.225324971454874179e-01 6.702777076412647084e-01
6.063473796626352996e-01 6.106588506990957566e-01
6.279901138343019218e-01 6.439842987777500971e-01
6.976292212474324295e-01 6.660882327497872346e-01
6.701494709092595814e-01 6.229628590009271827e-01
6.350830363495794106e-01 6.837554921689805720e-01
6.460037732440637726e-01 6.309594494977744938e-01
6.805304254123663021e-01 6.531375751528256668e-01
6.278356507363351824e-01 6.306541049273702848e-01
6.799374660680516103e-01 6.000577669506355072e-01
6.934475772739453481e-01 6.572607905018166274e-01
6.990761868981587579e-01 6.523901458227654437e-01
6.731602102492801887e-01 6.783184117712912631e-01
6.428720947593998813e-01 6.001714259317907363e-01
6.912420549477492626e-01 6.231792506687461319e-01
6.389164279366805754e-01 6.924875352317320099e-01
6.731928597767954381e-01 6.867498766157777990e-01
6.007273795916265868e-01 6.607952572735814600e-01
6.919053004449835509e-01 6.963160941771109336e-01
6.520346561805026031e-01 6.623577933541404672e-01
6.919468836695389369e-01 6.156663790533648539e-01
6.627129134900010543e-01 6.421241975804121704e-01
6.768462194340181259e-01 6.166746106153733198e-01
6.466194725760801010e-01 6.849074949598462636e-01
6.919862607811182453e-01 6.575927421693350539e-01
6.017088326386185182e-01 6.707150870197600145e-01
6.176449669243568863e-01 6.523339180914756730e-01
6.408023180876204483e-01 6.156993431521582405e-01
6.500521010203907935e-01 6.048170172300613157e-01
6.785709835054074546e-01 6.663480490172237758e-01
6.030100610406045059e-01 6.220880032792286407e-01
6.362155866742785770e-01 6.225740959196000013e-01
6.925265369711330887e-01 6.042015558390083640e-01
6.576471582128684545e-01 6.699762310923017550e-01
6.346922467376215904e-01 6.197733078266568496e-01
6.205460066047583378e-01 6.153662563814683573e-01
6.912352009327104030e-01 6.361115402825754384e-01
6.146733544691163065e-01 6.707213593650801498e-01
6.753185292059291633e-01 6.447584051180924591e-01
6.524314967904633056e-01 6.662793188422146962e-01
6.270137845805259236e-01 6.795799099908803598e-01
6.194241016539043798e-01 6.894223430762667082e-01
6.155371321674023566e-01 6.922263941611522808e-01
6.956187036546095381e-01 6.700515076230966205e-01
6.099209689793581024e-01 6.373659352522758059e-01
6.719344908321972509e-01 6.378181134246688755e-01
6.350168735712422574e-01 6.466611896022671502e-01
6.632881938996700866e-01 6.164126382715531260e-01
6.774308838171916314e-01 6.180953155781631070e-01
6.777912006250357280e-01 6.669330360546354974e-01
6.481104308819513049e-01 6.652024201886486132e-01
6.421532902023232570e-01 6.375315048067586865e-01
6.920604618358080495e-01 6.010115688020419844e-01
6.974249835824346544e-01 6.902655590190825974e-01
6.674013370381818300e-01 6.751473855526679557e-01
6.553599254456446976e-01 6.171362604055630197e-01
6.025206423756225282e-01 6.139597280352979691e-01
6.017867236481497795e-01 6.341952927357075165e-01
6.183963578982715203e-01 6.734944929786885748e-01
6.910212677741895959e-01 6.451369907689592509e-01
6.404320042094659993e-01 6.602982391089124992e-01
6.905076840710191455e-01 6.023493407451265824e-01
6.541163586458521584e-01 6.774588641219696505e-01
6.360087080516627633e-01 6.610402581842386160e-01
6.186925211656358892e-01 6.153374340879077531e-01
6.000136124709686269e-01 6.048043170269588042e-01
6.254678831553369678e-01 6.330343565247880111e-01
6.926035131202640249e-01 6.813914347847991326e-01
6.719344442218009306e-01 6.191049082639235035e-01
6.591734250508994863e-01 6.013371243340779326e-01
6.174604133580094967e-01 6.667062927196392152e-01
6.650643348276559230e-01 6.512859635749665976e-01
6.543707575840311819e-01 6.692610900052081702e-01
6.030889491327584562e-01 6.945372588040346074e-01
6.630994936106548998e-01 6.135275884306707894e-01
6.284581066937539040e-01 6.241171473524297353e-01
6.567069144658437274e-01 6.439475486445522812e-01
6.905455120859115281e-01 6.336148481450878389e-01
6.030566472278439116e-01 6.128212874486479445e-01
6.648767240589679162e-01 6.752144355526128461e-01
6.760999032656112018e-01 6.086713356730431013e-01
6.378218797112240601e-01 6.375946543138382161e-01
6.449066747949616651e-01 6.297110320214509560e-01
6.218835996249961751e-01 6.694532744152524861e-01
6.155042667084356101e-01 6.101905558363501791e-01
6.919614432280565275e-01 6.266634087802137598e-01
6.262349264629003542e-01 6.324785193086781554e-01
6.361180964647751290e-01 6.465949942670206063e-01
6.432321479322127278e-01 6.873292443241501015e-01
6.539598193290656614e-01 6.125179669837655938e-01
6.359242853032983644e-01 6.883778557671889065e-01
6.171612221482365435e-01 6.947464504589261347e-01
6.182765402412733202e-01 6.625043748195476034e-01
6.757065870486373971e-01 6.188570633075456406e-01
6.234691254404757244e-01 6.255100641751154544e-01
6.178927301829276741e-01 6.270884622427852495e-01
6.841787043587174155e-01 6.030907133221686811e-01
6.665331325265211326e-01 6.018904865756444789e-01
6.754556189876259609e-01 6.468626294446572222e-01
6.775292525732351523e-01 6.300787422101901125e-01
6.859205366438905216e-01 6.761411054451237357e-01
6.338480024419370640e-01 6.803990005147559916e-01
6.104968061577833449e-01 6.761006482221901814e-01
6.947076878610902728e-01 6.988323257011558320e-01
6.415871301526665516e-01 6.214983237576024999e-01
6.905472276276617416e-01 6.896926886397238832e-01
6.553149413092335118e-01 6.289361852784439710e-01
6.103500662845573466e-01 6.424325121461463839e-01
6.076109471221584624e-01 6.006931333701314157e-01
6.418298192818815417e-01 6.812572687169459185e-01
6.645127317066383821e-01 6.807442647318284745e-01
6.312431125365495221e-01 6.411211928963060913e-01
6.444846941358979286e-01 6.527271294101796295e-01
6.711219595450284015e-01 6.150406049013195098e-01
6.438294741519903219e-01 6.857603761028683298e-01
6.588630241436191914e-01 6.751748417647804867e-01
6.723018310682787879e-01 6.397970053768761156e-01
6.330413645394019628e-01 6.194588237294611499e-01
6.292756957163727627e-01 6.969678101026107742e-01
6.361969365516573216e-01 6.891365049114406283e-01
6.883256934881284428e-01 6.883230889511622319e-01
6.967929438854570945e-01 6.863771283224611164e-01
6.790620390785281346e-01 6.755208294819528003e-01
6.069879295171464184e-01 6.000245598495479449e-01
6.874856224159299201e-01 6.254606765519734601e-01
6.068180919148929986e-01 6.157100734570732925e-01
6.285071794761082353e-01 6.886816058301605814e-01
6.950593547748156187e-01 6.065871427574784924e-01
6.189586299236000677e-01 6.726723088008378371e-01
6.981964039007516609e-01 6.588221098839455170e-01
6.715870864631403592e-01 6.119129621389771678e-01
6.787217460533453428e-01 6.081416546909405030e-01
6.884092903717322631e-01 6.858575850967071341e-01
6.487457241816562137e-01 6.054549002910676325e-01
6.210732520725518180e-01 6.572864220491594356e-01
6.932092526793326437e-01 6.613868526297792538e-01
6.215987091763274242e-01 6.229879506716248239e-01
6.461270825380803773e-01 6.547306758126227866e-01
6.583684245251694156e-01 6.164973634319794726e-01
6.085730187226610077e-01 6.978824100967115918e-01
6.705994748122460214e-01 6.666850455000996600e-01
6.564685184988554578e-01 6.643374968866908592e-01
6.816855374229984221e-01 6.376070328004357357e-01
6.989366445666406191e-01 6.491369382042522229e-01
6.892967402315565151e-01 6.815877656512432381e-01
6.078177585124853177e-01 6.117780555334204617e-01
6.178992025462581861e-01 6.140008537156229629e-01
6.989413144202779593e-01 6.960124376536008795e-01
6.856167093749165886e-01 6.403559881220131089e-01
6.005225307985063710e-01 6.153482370067790974e-01
6.943349308341566495e-01 6.222687233296987364e-01
6.299437367670829291e-01 6.131449089947216269e-01
6.017543741799640244e-01 6.718588625260717428e-01
6.888637039950659124e-01 6.407297661408329903e-01
6.889617601990812856e-01 6.244166885299524683e-01
6.690409127943317547e-01 6.134809172897998097e-01
6.298224772419940276e-01 6.243156954955951798e-01
6.106371073925750403e-01 6.654305078041523602e-01
6.296902908595944925e-01 6.189909218810849545e-01
6.877071395798389775e-01 6.887930923142850936e-01
6.687538972879905064e-01 6.820495041242085055e-01
6.502533874389980761e-01 6.145231553551643300e-01
6.840400365517970149e-01 6.354062692801405454e-01
6.851591846261924079e-01 6.317675160816986768e-01
6.164444204725572085e-01 6.237959895464690874e-01
6.765709827072909910e-01 6.634688608896822659e-01
6.963380248454288379e-01 6.543592458164531056e-01
6.273794647423436288e-01 6.288291913308635683e-01
6.319699692317980455e-01 6.480694757796654493e-01
6.378731229899835542e-01 6.643758339837148030e-01
6.305227797792076760e-01 6.293014635108524768e-01
6.618092879005228468e-01 6.319450886412316670e-01
6.102356134556156109e-01 6.304454446500037390e-01
6.221919324218632141e-01 6.640317627768589359e-01
6.764387583587568864e-01 6.874963267160350000e-01
6.102674210641154673e-01 6.313616381232600716e-01
6.178359248614485599e-01 6.880449242099416773e-01
6.150022568130523171e-01 6.808640152193551343e-01
6.183382790633048520e-01 6.672665917550510972e-01
6.008036573960592319e-01 6.267404191001746394e-01
6.654286302568788170e-01 6.310374412425425739e-01
6.605432237449846422e-01 6.527266442538741664e-01
6.337683016439586980e-01 6.145062518738180213e-01
6.410409140492329128e-01 6.940269200057104237e-01
6.715513638105700123e-01 6.228991660793155027e-01
6.286051991784128434e-01 6.116815599090023037e-01
6.164159786691656429e-01 6.323342236542595085e-01
6.951248957952640417e-01 6.645887090569818634e-01
6.856052382500196218e-01 6.193729916991461693e-01
6.379498562659806637e-01 6.502379377246008119e-01
6.422861079329429401e-01 6.443673592101212266e-01
6.315194960121316425e-01 6.058185143485249613e-01
6.585814628249434532e-01 6.313821976409224046e-01
6.442461986006008390e-01 6.027150253348311226e-01
6.076537959793606447e-01 6.941019191515351849e-01
6.185278202564292727e-01 6.364831611581641679e-01
6.561891375253693370e-01 6.572764759655809197e-01
6.677420975976664508e-01 6.197981656690133567e-01
6.382126349202725812e-01 6.126680231800742948e-01
6.144899476873719735e-01 6.931321255702749262e-01
6.821100224287860447e-01 6.011664946509673868e-01
6.276494041640544586e-01 6.916301624653535818e-01
6.354901861000967767e-01 6.086457130653524228e-01
6.463086118063716690e-01 6.234089387600760812e-01
6.928866162153125563e-01 6.498615112374783731e-01
6.581092357266222770e-01 6.635747231968136539e-01
6.126627273172575716e-01 6.038075003470830815e-01
6.967100655142226540e-01 6.303635165693376452e-01
6.958715899701904961e-01 6.647190380892344930e-01
6.337952018934953635e-01 6.645046015127107353e-01
6.880362380887468099e-01 6.795287227974604605e-01
6.515425706810218376e-01 6.323528300055640816e-01
6.823373664760064017e-01 6.597862819615945007e-01
6.391984605314940948e-01 6.026841376886495905e-01
6.703806752075532893e-01 6.853037737901466198e-01
6.426994581940026485e-01 6.767334830453167749e-01
6.794308190585254259e-01 6.595023678503806330e-01
6.752144559538875157e-01 6.330663212378753180e-01
6.555305205575394645e-01 6.138254778123339861e-01
6.387332581899904937e-01 6.358297328464954656e-01
6.066717360269374693e-01 6.108686640162945825e-01
6.835276618206301835e-01 6.902880384517899870e-01
6.266067196729623312e-01 6.506933343752089316e-01
6.478510643888102383e-01 6.231351633435524562e-01
6.910451209506912607e-01 6.455446847759412909e-01
6.668467836947035154e-01 6.078581422259408118e-01
6.537480904493513378e-01 6.968482784755427595e-01
6.533395346573011020e-01 6.286209963632631847e-01
6.855053301830308365e-01 6.671906133361893421e-01
6.160081907611254515e-01 6.753104232387741046e-01
6.181601772961693442e-01 6.115741705664655692e-01
6.623542901088051993e-01 6.502060193285320588e-01
6.304020021981093791e-01 6.194501515012084125e-01
6.385470814281943852e-01 6.412458941278085245e-01
6.641633962601102281e-01 6.780438927700400686e-01
6.771879687558619576e-01 6.829160494214501220e-01
6.620910756101466843e-01 6.193312381897060348e-01
6.652934863332976567e-01 6.806116977869854923e-01
6.574462645213035028e-01 6.453624855248236702e-01
6.227986294762565267e-01 6.584928886203864629e-01
6.624411855617179379e-01 6.434519503814173369e-01
6.812310932440440725e-01 6.188298014293294180e-01
6.941247515047891392e-01 6.651851542702758024e-01
6.063117333164455003e-01 6.050393130070890191e-01
6.706270100134130718e-01 6.194700985099370616e-01
6.629756932798599456e-01 6.126080252730059517e-01
6.852916532933883698e-01 6.616710346466754267e-01
6.069541876944339887e-01 6.432596949697167998e-01
6.635567240757909158e-01 6.342343657737938845e-01
6.143611449866078766e-01 6.326117948357259380e-01
6.420710330920161857e-01 6.877656910315788075e-01
6.646230887579614999e-01 6.424417318579778158e-01
6.374350417297771632e-01 6.719480391134847741e-01
6.704552701515732460e-01 6.600058209514395591e-01
6.081022521906152001e-01 6.951531729569508933e-01
6.199805824703519264e-01 6.677537382397294996e-01
6.604486202168843301e-01 6.170229604437498239e-01
6.705283845767271433e-01 6.209371773582776921e-01
6.214609823467693861e-01 6.433933794217316926e-01
6.737265553803925000e-01 6.737842337685604477e-01
6.828799209362304001e-01 6.108713965219537689e-01
6.996071305381056371e-01 6.953954821259151764e-01
6.185950891410895158e-01 6.069790554249621106e-01
6.052136646194468117e-01 6.171167616268804501e-01
6.862718630021082955e-01 6.070138920581085173e-01
6.489874817746963398e-01 6.239736703086210534e-01
6.724198286054173801e-01 6.897086848401654535e-01
6.182044601263918526e-01 6.850055878862728598e-01
6.220063924397982724e-01 6.998147131312485447e-01
6.953453817197643438e-01 6.080898135373770108e-01
6.710057349533390392e-01 6.414297277392879693e-01
6.762295525223078752e-01 6.145736820777164544e-01
6.509281577749409520e-01 6.776411738733951751e-01
6.751056083951442188e-01 6.932088689661608516e-01
6.754553682064451392e-01 6.101727797145978238e-01
6.119085121269314254e-01 6.116324213828476797e-01
6.403171422530841150e-01 6.531765778189279059e-01
6.487039011864028648e-01 6.195840393941793867e-01
6.058078632816321640e-01 6.693051632823923125e-01
6.814138673935716817e-01 6.141082236161672370e-01
6.456457356255429492e-01 6.380240254071645190e-01
6.535318661826022835e-01 6.232328721110316216e-01
6.140274635903819611e-01 6.222368763632644129e-01
6.915402493011304497e-01 6.706897105924907176e-01
6.139380626657564566e-01 6.330279089698109818e-01
6.452749311081048544e-01 6.220629579121859098e-01
6.867183355311096138e-01 6.428495614861595708e-01
6.215600501601492578e-01 6.486718538865148265e-01
6.241203657012208694e-01 6.338038369310599052e-01
6.868375759625048316e-01 6.532770898718847086e-01
6.834883205198518663e-01 6.770437929222391515e-01
6.487805621638488285e-01 6.380774081791276142e-01
6.590068258303096727e-01 6.326539341960415452e-01
6.902479130207954672e-01 6.095057912372194853e-01
6.910900047912161837e-01 6.111170932031911862e-01
6.171786963273376836e-01 6.740864005301905326e-01
6.400036251838103762e-01 6.787246361512283555e-01
6.560421014017389085e-01 6.117202538621809849e-01
6.449920920432442584e-01 6.322775335106787242e-01
6.913177153041878409e-01 6.619533898143901141e-01
6.981538702690531784e-01 6.371920016795036279e-01
6.438182561197869358e-01 6.695558692827178193e-01
6.173857326488129127e-01 6.080496514102474714e-01
6.271844184815419387e-01 6.185651226956005999e-01
6.481937104671028349e-01 6.495696461863424975e-01
6.123615075490607129e-01 6.649527284072673794e-01
6.262184318928977200e-01 6.021476365621598603e-01
6.186527707588599378e-01 6.130986807345903955e-01
6.458687976993248148e-01 6.951517380190758155e-01
6.639311947353931931e-01 6.540856417319355076e-01
6.439364660790886097e-01 6.088970925767109854e-01
6.894195545233101630e-01 6.074488309577895651e-01
6.477158318459710351e-01 6.752374534030838316e-01
6.240286802197911875e-01 6.526097473954848294e-01
6.198750579257211735e-01 6.392005250764887236e-01
6.356979832395995844e-01 6.449593236957289477e-01
6.632903048289572334e-01 6.718490959044964850e-01
6.713856569293342735e-01 6.382053125828630602e-01
6.169631675860891562e-01 6.010722689445522349e-01
6.682574774761578240e-01 6.936078473967619562e-01
6.379784000921664422e-01 6.849931142071411516e-01
6.697176950790326710e-01 6.028032756282444282e-01
6.490853438593169322e-01 6.245094816997349696e-01
6.341171516936975339e-01 6.366107289537397129e-01
6.091471788319505754e-01 6.537530911012775503e-01
6.908743341473566613e-01 6.375222617366438360e-01
6.968282489278732061e-01 6.738725697284816407e-01
6.040814889016713485e-01 6.092327216559362268e-01
6.346612463223119116e-01 6.680461749466148902e-01
6.436290186943085523e-01 6.518626711968736887e-01
6.110468224866204556e-01 6.832586041412922473e-01
6.547433083052640601e-01 6.287228080142275299e-01
6.654797696839926946e-01 6.191899165633452107e-01
6.254255420013253852e-01 6.840789839390366556e-01
6.405019287920801219e-01 6.112472474803540834e-01
6.631385680292610774e-01 6.989037754550604387e-01
6.156837943589825723e-01 6.774605034650376112e-01
6.748547048676171167e-01 6.702065988424317222e-01
6.672610088665638095e-01 6.170256036061724236e-01
6.201205009163440751e-01 6.787754715113221149e-01
6.602641572304411843e-01 6.098910181094023830e-01
6.690271514824531751e-01 6.265900503108460251e-01
6.891731599408748021e-01 6.002295888701711934e-01
6.723946714191465501e-01 6.503406743625299580e-01
6.210102756160196247e-01 6.430400897621022516e-01
6.729104442579290080e-01 6.236185014721057351e-01
6.539759090278561837e-01 6.052865514554497395e-01
6.692311725496496999e-01 6.005271477953213477e-01
6.958159038771819516e-01 6.053404790624775655e-01
6.849095665969078262e-01 6.681611023914810765e-01
6.000621214916905810e-01 6.522087629317968593e-01
6.648587278686564073e-01 6.098579019277484692e-01
6.618876115802078131e-01 6.151198783405971149e-01
6.645594521020140588e-01 6.395884497898753906e-01
