7.947225512532365421e-01 7.768625602149853426e-02
7.453714554498497291e-01 9.622581600332530405e-02
7.587677237440677569e-01 4.128235937484781015e-02
7.110077694885731381e-01 4.879607330165075529e-02
7.315879547820982598e-01 6.027910545761550054e-02
7.592260955982357284e-01 5.744364231539500487e-02
7.774179467361842510e-01 9.457030580658976060e-02
7.716342533645764723e-01 3.857847408201331429e-02
7.322963519842945468e-01 7.330363622309471472e-02
7.600437295375988001e-01 5.808554316558245390e-03
7.689149270693589333e-01 2.907513890479584973e-02
7.997398181809971529e-01 4.212867974704576080e-02
7.952940809764444952e-01 7.676613427754930274e-02
7.629687875550150711e-01 5.286402468891124307e-02
7.223291044209505518e-01 9.306794932737888493e-02
7.267481835783463628e-01 4.007571514632429777e-02
7.043774366262710585e-01 5.868275491292601620e-02
7.789848756437951494e-01 7.602204651202568164e-02
7.966863627488028898e-01 5.166962655968776463e-03
7.190305055014399871e-01 5.288465503558514857e-02
7.251508740898298111e-01 9.045731981980517644e-02
7.603488069985243625e-01 2.809527057102723102e-02
7.491799044176767897e-01 9.560114374852651808e-02
7.041264959101642962e-01 9.185341070781394279e-02
7.619660835649190167e-01 1.019985650604848804e-03
7.355174128813326551e-01 8.565410054082814306e-02
7.161494743564071896e-01 8.855119010215706243e-02
7.317355713151363350e-01 9.004251758725378973e-02
7.879296006045776180e-01 8.222150017780252562e-02
7.436382115240971480e-01 6.821832911038128167e-02
7.584256560176659834e-01 6.456451342189253872e-02
7.891293969256939489e-01 7.238846154556580204e-02
7.484813734222691695e-01 1.313577378601821222e-02
7.297902862068703644e-01 8.672400021347004273e-03
7.383447200913354491e-01 7.508127870355274514e-02
7.717283765913893756e-01 9.616355309438723298e-02
7.114587812177226578e-01 5.905741770340638963e-02
7.949011048754187625e-01 2.612475151331800083e-02
7.086516696032311158e-01 3.484967924385018456e-02
7.087599236188030227e-01 1.538382118587566794e-02
7.219460671983894962e-01 1.353422220749422866e-02
7.442056009000607153e-01 7.614167807256252973e-02
7.516058480718729173e-01 6.912871761746972044e-02
7.611135245738186450e-01 1.469703616690504200e-02
7.880859562783442129e-01 4.415279666844318385e-02
7.939801718153995935e-01 4.329353610550651377e-02
7.829562528580118475e-01 6.542268464145625795e-02
7.821386418341211844e-01 8.698406211787973463e-02
7.512634475526713818e-01 4.472881532146613659e-02
7.872992533257959780e-01 8.333523339812187736e-02
7.430557292126174218e-01 9.898861050857593602e-02
7.316653558053631823e-01 5.675390999580198770e-03
7.692546980602297246e-01 7.613004787260377326e-02
7.286742259335596827e-01 3.656955220884500202e-02
7.075422450417497844e-01 5.902562419815876593e-02
7.331873588179405044e-01 1.660148449535908677e-02
7.872712458031230209e-01 5.983630259450478661e-02
7.437915547967899332e-01 2.073299555027524610e-02
7.089937626405360405e-01 7.511996905986542683e-02
7.423127256297855636e-01 1.576590796809207440e-02
7.963746299720971811e-01 5.581105861209367802e-02
7.995316197219740628e-01 5.859644329743993185e-02
7.272157471092862702e-01 6.771382468641420904e-02
7.156592091202500505e-01 4.519353276041207512e-02
7.566217884917884051e-01 6.901356535616715027e-02
7.692497943172127428e-01 2.356215719222626293e-02
7.015314077550226513e-01 1.449248687836379723e-02
7.145820905421885749e-01 8.322996071113455963e-02
7.875077366299548798e-01 7.464072318055550714e-02
7.458958617242094080e-01 9.402458747911857095e-02
7.280842902255060256e-01 2.847533647022210124e-02
7.134088935962616951e-01 9.551550268071648531e-02
7.264631415051173713e-01 3.388078073207356766e-02
7.401619568556023765e-01 8.209778080112989374e-02
7.878113900140104597e-01 3.446302221812164168e-02
7.223432518752360698e-01 4.526484055714588561e-02
7.541090911368789618e-01 3.373190277266180370e-02
7.776202604257332895e-01 1.422622602376039103e-02
7.786192071007592697e-01 1.797654586841995750e-02
7.166426117550760422e-01 6.638662317724894346e-02
7.002491136790937043e-01 2.932371872232597543e-02
7.160712384637228922e-01 7.655891264118197537e-03
7.289277046095896662e-01 7.797575668486733669e-02
7.807065595861620855e-01 2.172790954972403377e-02
7.634818739230346818e-01 3.926916219944115438e-02
7.019458801822560101e-01 8.478747344147388731e-02
7.199825263338449632e-01 6.807160297860720410e-02
7.701904179540346451e-01 8.764598669509154893e-02
7.548735289507654267e-01 4.257154081136133028e-02
7.843149358366861001e-01 5.703826317453472572e-02
7.181040679545912520e-01 7.218945520281122574e-02
7.811969340848997634e-01 5.729517776579712285e-02
7.441737011953423186e-01 7.206550431939209855e-02
7.563988240494133874e-01 9.156920333556670122e-02
7.576259741994277874e-01 4.424998936858892673e-02
7.494240224856677512e-01 7.193650761288472584e-03
7.738003537630533391e-01 5.039839714113542035e-02
7.620228082742330766e-01 9.366676212877692032e-02
7.899541953449047416e-01 6.766643181499298887e-02
7.141465640928250647e-01 8.469379265612198004e-03
7.963922628664936720e-01 6.184228838603067491e-02
7.673840580197321959e-01 8.058402935295500003e-02
7.943347220826955102e-01 6.688009455133178682e-02
7.671778499168272480e-01 2.668639323787985740e-02
7.610589114586798765e-01 8.517441383754786877e-02
7.736361322088796122e-01 5.998737063004630499e-02
7.674708052462162478e-01 6.290190758593922071e-02
7.661380624127298589e-01 7.456924867195258155e-02
7.866732297043345090e-01 2.382894442057914564e-02
7.827213437202001911e-01 9.933583670569456903e-02
7.605407528947053519e-01 9.625340789165981459e-02
7.424541029299387418e-01 1.556250088961158573e-02
7.509992464919822419e-01 9.800799255785572206e-02
7.762551709797688160e-01 6.065734855312060470e-02
7.753144678982143434e-01 3.574798462961314982e-02
7.119233416124426395e-01 8.464750990563255084e-02
7.401840669204775569e-01 7.439419836456573343e-03
7.973485458363067657e-01 4.500309004579680638e-02
7.413214009657260739e-01 7.182430067545317320e-02
7.033645600136123610e-01 8.494839874503112842e-03
7.889558290630471760e-01 6.989461036850005970e-02
7.442451481973615390e-01 7.447592272351291620e-02
7.022580986195701147e-01 9.733049241382740746e-02
7.834437612641586002e-01 9.897022664927690450e-02
7.018995499923490478e-01 9.150636244556634158e-02
7.680462884926473333e-01 7.216152066954284461e-02
7.284787451480203568e-01 3.332450483769505700e-02
7.375498425349100717e-01 9.079173838254181450e-02
7.461658685428700366e-01 1.802298113153605330e-02
7.002068443666966679e-01 8.405397051873267356e-02
7.443507006785977653e-01 9.044856666202874540e-02
7.535017517950207688e-01 9.023922743691600856e-02
7.032988936687432080e-01 3.869966094301474646e-02
7.076697143117955946e-01 5.510130531744625304e-02
7.734607244885629562e-01 4.904976787181355991e-02
7.042987244687107795e-01 6.595113039271099931e-02
7.056285060855969071e-01 9.695965714898790999e-02
7.318538942272364567e-01 7.375883892474879855e-02
7.723591472818311932e-01 1.474440940362919950e-03
7.726649540737063893e-01 3.864806507583273820e-02
7.318854679891645398e-01 8.923762992864461840e-02
7.868537252711348406e-01 2.231464126001930781e-02
7.508861104806587861e-01 3.881613022234198240e-02
7.362591002748652969e-01 1.275814094271082721e-02
7.756371947113097631e-01 5.624193076485181630e-02
7.115602458685323928e-01 4.013877013932365401e-02
7.388609359836694201e-01 1.034574162006324238e-02
7.955351793343737876e-01 7.823743195812662976e-02
7.268699025798749380e-01 4.406750473464460249e-02
7.615113205890697845e-01 8.236460685606294962e-03
7.189891411379896180e-01 5.202695114326655323e-02
7.114610614214491591e-01 8.802000398846407392e-02
7.061780464572051663e-01 7.142586596201189186e-02
7.666367118523881308e-01 2.029640119592518444e-02
7.993423481512229589e-01 8.739531222739654881e-02
7.053272029293125023e-01 8.150272245410736249e-02
7.121556370212082099e-01 8.590849366866359915e-02
7.212593543000451746e-01 1.514220623804068966e-02
7.460253982372352377e-01 6.013070444280688154e-02
7.195795604531654011e-01 8.654834220018306490e-02
7.427806595185036942e-01 8.802012605723746885e-02
7.698139329113653506e-01 8.546914859110765761e-02
7.839681067523038838e-01 7.166661915690994422e-02
7.050845521628177348e-01 3.506968884458050439e-02
7.878200438624282098e-01 9.782144132846884443e-02
7.245092790607620126e-01 3.304922737177745651e-02
7.021529965381815286e-01 5.858870236767960149e-02
7.128388353790575671e-01 6.227008136716577491e-02
7.080130208425593485e-01 5.233639023627917330e-02
7.461810733805592788e-01 8.045197381964824812e-02
7.878043777685708182e-01 2.910104874815577780e-02
7.953006694639302987e-01 8.551483656899905306e-02
7.561178939331520965e-01 5.934473961071556891e-02
7.155523559998644423e-01 5.394747510943054269e-02
7.889416088664782389e-01 4.179438171852711825e-02
7.777815974356648843e-01 9.391139697683947851e-02
7.984695707662429198e-01 3.894501124066723774e-02
7.757946561337120128e-01 1.005020233408948638e-02
7.716905369603688225e-01 3.281365549880144172e-02
7.191278638641843690e-01 9.841846596113387746e-02
7.638257172625468883e-01 6.404828322321493017e-02
7.743297322504566482e-01 7.330597647088590851e-02
7.656493154619542496e-01 5.724221045094465832e-02
7.314004330205239324e-01 8.400044088812377852e-02
7.990955766590699394e-01 3.577148063144741652e-02
7.194824775097333758e-01 2.082653337303008723e-02
7.773130454973136150e-01 3.124247412593461615e-02
7.538456756376734624e-01 7.325485841939066711e-02
7.988628536277283532e-01 8.513607138009726683e-02
7.918296428151034849e-01 7.812521163197519436e-02
7.065425287161007928e-01 8.340776914473241321e-02
7.161593849482631446e-01 8.430385543910712265e-02
7.217210802524777202e-01 5.626506840024930733e-02
7.138227758110988752e-01 3.592438441164447216e-02
7.483754079159776751e-01 7.832698980579871906e-02
7.130609789933021192e-01 8.351873874392590213e-02
7.645635983303155081e-01 3.241630634401754252e-02
7.070019640401743466e-01 9.927497397220966247e-02
7.714862546693425083e-01 8.617658665195593315e-02
7.372259032689485458e-01 8.354999898548204351e-02
7.519388146372607551e-01 9.514508040350783125e-02
7.958387377141162844e-01 4.342746945500863820e-02
7.707578710957263546e-01 8.036462476141459366e-02
7.208692200779069914e-01 4.972278769914212360e-02
7.586736351475551476e-01 1.487333057947348713e-02
7.237268587069189962e-01 6.280681858569092668e-02
7.996347020199885414e-01 6.620719332809107960e-02
7.333237112807602376e-01 4.161719574473365935e-03
7.259206997930791605e-01 2.790560059284408201e-03
7.863259199539840427e-01 4.432325729410419024e-02
7.244405438611951631e-01 3.637816847829250522e-02
7.803019916010477397e-01 9.999594549966514534e-02
7.609362521158643533e-01 3.262319480262748650e-02
7.490013241894848406e-01 3.185749991788000557e-03
7.334424928840376223e-01 3.920037191552300238e-02
7.500402287646659172e-01 2.801133916477971386e-02
7.861328603079098531e-01 1.691877816380088495e-02
7.457434002841463183e-01 8.197856816527970825e-02
7.001643989152875891e-01 1.480586842950837312e-02
7.258962638432433501e-01 9.792245924375370114e-02
7.502728715529408676e-01 4.388695425604810518e-02
7.017759089987765098e-01 5.697600065388452872e-02
7.657407248286455248e-01 6.985116701229837632e-02
7.918096855832035263e-01 9.102619737237108155e-02
7.337650159377696601e-01 8.121475672752603847e-02
7.448884185095078214e-01 4.878294888768855420e-02
7.185294025568577103e-01 5.496900034101931398e-02
7.852508915583220617e-01 6.784065635023350804e-02
7.801538839087019950e-01 3.854631266137586998e-02
7.884017943867769329e-01 9.624835150174188003e-02
7.483226149019464035e-01 6.235556763315214246e-02
7.864767173853348670e-01 2.558788507332376838e-03
7.885971583552384701e-01 3.446202664658820636e-02
7.588325447962732673e-01 8.123696807674291032e-02
7.182758779863476217e-01 6.456120521805086554e-02
7.627793675168119680e-01 9.959512412981547103e-02
7.302515032571210707e-01 8.156899081204951885e-02
7.148108077484157663e-01 7.930320091093512325e-04
7.339988879842812564e-01 1.210929544738953423e-02
7.193593873395415228e-01 6.072334169623969102e-02
7.358928589824348387e-01 5.842378168729733812e-02
7.910228831169625607e-01 5.846655232500747035e-02
7.315899752804599920e-01 5.515750483799625181e-02
7.723131745981021146e-01 7.808494545813932097e-02
7.174572246545742882e-01 9.995527149853525306e-02
7.545600765329274484e-01 9.847425925959107929e-03
7.025494408937993374e-01 2.943785273398763502e-02
7.025744997713621043e-01 8.832795659435566105e-03
7.603385372888221694e-01 1.828173148769896006e-02
7.018981389990587294e-01 6.682322572784407666e-02
7.267241766569135786e-01 1.170837997019585908e-02
7.039530988343087881e-01 2.535576819015783467e-02
7.092604218567450935e-01 3.016989420756455154e-02
7.099716555165482834e-01 8.724168553910624513e-02
7.112263519548258639e-01 5.191421191097381205e-02
7.159452853113318360e-01 2.057023511989647391e-02
7.894335482714978092e-01 9.789253700042474526e-02
7.372885323719285955e-01 2.006747136414660515e-02
7.712459006370837589e-01 9.781194640852877709e-02
7.606680347024360467e-01 4.574057352306787338e-02
7.386367459111151668e-01 9.333648905642344396e-02
7.411888154876650203e-01 1.748893684079771971e-02
7.480275907584539308e-01 4.533804530263241261e-02
7.162180929094249526e-01 5.405866191251881836e-02
7.761971675952556993e-01 6.116125667605165628e-03
7.455220328860266976e-01 5.301170733829635440e-02
7.198083062657714137e-01 4.651364003845026573e-03
7.035750745014828222e-01 6.868871930149567095e-02
7.610857676316118425e-01 4.230850034155686501e-03
7.498343703753290734e-01 2.813365181172700069e-03
7.180152586745665033e-01 2.118713390469151303e-02
7.338031503129198718e-01 2.315766913615546763e-02
7.866460694943923082e-01 9.803231260183120632e-04
7.088737767371324772e-01 5.850657295285030535e-02
7.324031532079408047e-01 6.739875149993523884e-02
7.867418551647130665e-01 2.557191886791598812e-02
7.703827646960360598e-01 5.300525149027177085e-02
7.655469649609506488e-01 1.026274355167583474e-02
7.548961995298849592e-01 7.254717880331396085e-02
7.233473110621279067e-01 5.787523422030513287e-02
7.658007262843330443e-01 6.308408064962445216e-02
7.478841396734802194e-01 1.313013818650005105e-02
7.141044392043907063e-01 6.838340051216490467e-02
7.502469066235684103e-01 3.466584549652207414e-03
7.390539464033678563e-01 1.867017609201293560e-02
7.116736677904927921e-01 8.307725579164260132e-02
7.599979479650890157e-01 9.748419893084725452e-04
7.546193003667491794e-01 5.095006202673812989e-02
7.208433011019447223e-01 7.933508778525108496e-02
7.533025892453095729e-01 4.880037506392481683e-02
7.392353812887713094e-01 1.126707521149461488e-02
7.041019512190590524e-01 9.544569710020420206e-02
7.900089252522044525e-01 4.907295739846603833e-02
7.212197556629263984e-01 4.504892454303893734e-02
7.246147304041962167e-01 9.798505383104605393e-02
7.043569262674214126e-01 2.196422330824776559e-02
7.599198038543881761e-01 6.492467137198806859e-02
7.837308937450174762e-01 1.534918707638616153e-02
7.290079060355050267e-01 6.791445708054300034e-02
7.435769479483878008e-01 3.571683287960508713e-02
7.269059818300389608e-01 1.472885441696714093e-02
7.029291816165964546e-01 5.660034672845712378e-02
7.003971195866323107e-01 6.530346780766144166e-02
7.426042705144908496e-01 5.917051215678051368e-02
7.664755948160510979e-01 1.952591840900425035e-02
7.318020121931392286e-01 4.546573779274923344e-02
7.325453972046288564e-01 7.694395080965063527e-02
7.452659910071423033e-01 7.611932499664475493e-02
7.919258132445284870e-01 2.878009758450522648e-02
7.694579438703144092e-01 8.859945353147233305e-02
7.477661336975713890e-01 7.273991757841660744e-02
7.754429653685683821e-01 7.197860411897524791e-02
7.951981527844858011e-01 8.897113194559380656e-02
7.791661755369788667e-01 5.492319147922167244e-02
7.179843778286745248e-01 6.925981676758125039e-02
7.448712717445820086e-01 2.683558325005497291e-02
7.433360490408267296e-01 6.883671568247337613e-02
7.647421464263903790e-01 3.415338127292444348e-02
7.443524631717055584e-01 2.779118346043057963e-02
7.820922940976349214e-01 2.857730210667153159e-03
7.861742085858295370e-01 7.887131684836012901e-02
7.461268370244922288e-01 5.262066107598600828e-02
7.286575910246337884e-01 6.798224903068708636e-02
7.550146111946958172e-01 8.534949432266664138e-02
7.281599751416183430e-01 6.197458626519378178e-02
7.998947824694627728e-01 7.707987891032375138e-02
7.574415865538253190e-01 4.703070916660068157e-02
7.870636522745693142e-01 3.091470479620372913e-02
7.005648973962665949e-01 7.840651962061015445e-02
7.088707695113933838e-01 4.557441042956436594e-02
7.675111459515652212e-01 5.010903722070719768e-02
7.301034306922551398e-01 6.470155649305420198e-02
7.843128769259780642e-01 7.429210486511628186e-02
7.290884915376338871e-01 9.782201731473341710e-02
7.542309245235501169e-01 3.185111679807223206e-02
7.515398599202327556e-01 2.756774977434039986e-03
7.407038737846568521e-01 8.780976019336467209e-02
7.614209769065147793e-01 8.159684557600627164e-02
7.220009874868972277e-01 9.115657543532831864e-02
7.067098433178293782e-01 5.298551885769925418e-02
7.030927866367185919e-01 3.884241778014441149e-02
7.597816207604520811e-01 4.746319545585575561e-02
7.654641304709757232e-01 3.538446156103713935e-03
7.950950994184129428e-01 2.622602543296109756e-02
7.880332531081813974e-01 6.365907046647159562e-02
7.628680848630847722e-01 7.539873167838995194e-02
7.588775268504458493e-01 3.148668699542866989e-02
7.338954207864240020e-01 9.170030574404194890e-02
7.665599628532121512e-01 6.097114588190355455e-02
7.018645260682495612e-01 9.865232602810833362e-02
7.300471427436739935e-01 9.307946533903108111e-02
7.029295713743237695e-01 6.220927696111155925e-02
7.509396233563896406e-01 2.193388241370730629e-02
7.884271529411291946e-01 5.160656519432926803e-02
7.922832968999612424e-01 8.196973491435194381e-02
7.832556806176542707e-01 4.757231749549414856e-02
7.579512553248569651e-01 4.555512579718026811e-02
7.744454182763220729e-01 9.504856169874581484e-02
7.117810720494579524e-01 5.280656077738549170e-02
7.417733579660268362e-01 8.586330015225179801e-02
7.145133714593659979e-01 8.259184126216201349e-02
7.538186297542451841e-01 7.388886226000182522e-02
7.721044760263569007e-01 2.773902346569817601e-02
7.259909243658493327e-01 4.883983206730588278e-02
7.014607912621730890e-01 8.563493415794209973e-02
7.784005385613375072e-01 5.817047851012677184e-02
7.132493704220627118e-01 8.732313374034136877e-02
7.578181710104474611e-01 5.755504402524275198e-02
7.321289087101695570e-01 9.154314785244258013e-02
7.343999427073714115e-01 8.440633517769557947e-02
7.731609576455232835e-01 7.151413741512288591e-02
7.032389092733595248e-01 4.450712150108820930e-02
7.604482824036153943e-01 6.158663232983474511e-02
7.454740724864756807e-01 3.030549073237132074e-03
7.729839131224353066e-01 8.693790789693778276e-02
7.797687126902066446e-01 9.407655816372709201e-02
7.455662704253291917e-01 3.297998503691035310e-02
7.168201926866692997e-01 6.774744701738943942e-02
7.801389322163926332e-01 9.900886206872672179e-02
7.961559826088763225e-01 8.727759597213410880e-02
7.975895877110817933e-01 7.081457817663125431e-02
7.665347596998265400e-01 7.638892337891611817e-03
7.753425985554092126e-01 7.836804626977608712e-02
7.396423100739117906e-01 7.209527253197456353e-04
7.478679360848488056e-01 9.138853753642545152e-02
7.171083999323515368e-01 2.021947466706597307e-02
7.655701576723317192e-01 1.142177007498440533e-02
7.027724409241667969e-01 1.852828282172069851e-02
7.745621492241500095e-01 7.152972079689456919e-03
7.030569610250799739e-01 6.012443963578784079e-02
7.176776143673690989e-01 7.952864481903051952e-02
7.901844308986779586e-01 9.571773228211430395e-02
7.294986502738840528e-01 8.082424944314980930e-02
7.077812289580552862e-01 3.300932451286298086e-02
7.095441979064571747e-01 2.926292670401209328e-02
7.804572869712160799e-01 5.133443332218504129e-02
7.681180893994785652e-01 6.328042032093800229e-02
7.773946976707895029e-01 5.863162630194684866e-02
7.594269998348464057e-01 9.047468153376900246e-02
7.568134725730356616e-01 8.118873213366986641e-02
7.507520493786512539e-01 2.322737543006397898e-02
7.269761104613521319e-01 4.771641820635322273e-02
7.618056169720591742e-01 6.866093549732346646e-02
7.371154164530854258e-01 9.143983943006073201e-02
7.814529259824829488e-01 9.835262756540685825e-02
7.165363480734687762e-01 8.182098051910730030e-02
7.136590105017570629e-01 9.618550978790998962e-02
7.908447027461518175e-01 6.959276108733214450e-02
7.554223657719125740e-01 7.670682155144434300e-02
7.428264589127018258e-01 1.345378540692243607e-02
7.558166749486363578e-01 3.133903085150874235e-02
7.025129813371330245e-01 1.343592122648951115e-02
7.494056953012953048e-01 3.821157048674150847e-02
7.277822628878435340e-01 6.021699923622642059e-02
7.415529872094405173e-01 7.564443798753978099e-02
7.127209477852529673e-01 5.490113877672014864e-02
7.101698111839482852e-01 1.097854544575427305e-02
7.188552459340151746e-01 9.516736362604755195e-02
7.166075195359670191e-01 2.959637753052513087e-02
7.372543000778022382e-01 9.066383879671027768e-02
7.252082437047281394e-01 3.876742289160717281e-02
7.007135462460905018e-01 6.989706966412556621e-02
7.174965988636222702e-01 5.947557359879721006e-02
7.027296676056756786e-01 6.977384125651575619e-03
7.923592899486031627e-01 7.923561535489673235e-02
7.059762369708169061e-01 1.990500873539247095e-03
7.453751059964509595e-01 3.895140047381129289e-02
7.478609925853613172e-01 8.675375034712773381e-03
7.006621170589959480e-01 1.907671196645516210e-02
7.760307682913912819e-01 7.347702442302977976e-02
7.677960137513054617e-01 8.922534645643806495e-02
7.252624529329938508e-01 5.557581818704832033e-02
7.288516495057068001e-01 1.273445935575934218e-03
7.936816884858071131e-01 4.029079246200811815e-02
7.144660239757455455e-01 1.152856503342736261e-03
7.420581808353545750e-01 5.561862214602159016e-02
7.968542811941435877e-01 4.882839829386151353e-02
7.024133189235878261e-01 3.993077375252518380e-02
7.678808172373359220e-01 6.396826185405324328e-03
7.861357396044781343e-01 4.768966230724813737e-03
7.157262685047277584e-01 8.951211951382515020e-02
7.039023740282269737e-01 8.294621931675980053e-02
7.267656458555733501e-01 4.505662345004654568e-02
7.729782842810041243e-01 8.694327068787988111e-02
7.623314777659961905e-01 3.177233814503105380e-02
7.227362427046636340e-01 6.343424276308362586e-02
7.885102272006300206e-01 1.049054015419481622e-02
7.700243171370306783e-01 8.392111887534317582e-02
7.251129982225407167e-01 9.310535938230682373e-02
7.577269139721314328e-01 9.285901512695093896e-03
7.764104688685802280e-01 5.650079307127556238e-02
7.510767896957739609e-01 2.257166156482753872e-02
7.054045162789378542e-01 9.746950956633748664e-03
7.689239493594108854e-01 2.488838764686396310e-02
7.586638653028294765e-01 2.154235709492402506e-02
7.344716582624321033e-01 5.898432589982294250e-03
7.649235729848332666e-01 3.447348670070027321e-02
7.406380584436043080e-01 3.712780414369121207e-02
7.253813606964316651e-01 6.135654650648855735e-02
7.988149777373206861e-01 2.345594357107216865e-02
7.404165240142372983e-01 7.166707629959379044e-02
7.025011516816305202e-01 7.361643910083712217e-02
7.893275926205406412e-01 2.010103367616317138e-02
7.757356058255990838e-01 7.090672276039763910e-02
7.907045497818552260e-01 1.382854895675039719e-02
7.077020784257868069e-01 9.321568025252441325e-02
7.342517802925521142e-01 1.779327272152458894e-02
7.403949783115173489e-01 1.659539854954716898e-02
7.235624248980782047e-01 1.819593297712152058e-02
7.003006433092274774e-01 8.756581186172768261e-02
7.426419211312741409e-01 3.248614069304323060e-03
7.228655011543775322e-01 1.129516380758016636e-02
7.044773627072026256e-01 4.915833269022859553e-02
7.034385600367000224e-01 5.897893244184990169e-02
7.964682191965712921e-01 9.736552745685525534e-02
7.345116560932634098e-01 7.702889116901340261e-02
7.984160946800153980e-01 8.897491265969315055e-02
7.379892466288702213e-01 1.943734197433688582e-02
7.115275674105290271e-01 6.683790232723405000e-02
7.304449716323385688e-01 3.575625732488396658e-02
7.252221211060908557e-01 6.730576380207051179e-02
7.255929633707030035e-01 2.419919822301697110e-02
7.222448615858089171e-01 3.647585720668145015e-03
7.598392588191889008e-01 9.587986808207255018e-02
7.894618263713316653e-01 8.298937397824843187e-02
7.488752412019687998e-01 7.448082720348697672e-02
7.281679951872094270e-01 7.194789286055236488e-02
7.115312342019444181e-01 1.990977218675443750e-02
7.827172265551975983e-01 9.983285091038582304e-02
7.100461859869193759e-01 3.966600904785821946e-02
7.532696765441667663e-01 1.116493909071369917e-03
7.767251667854306874e-01 4.058455490859980141e-03
7.762539242160541031e-01 4.712401786558687022e-02
7.915638033311115374e-01 9.953558582276589295e-03
7.572034391291212474e-01 3.773646308527517368e-02
7.546368618944484519e-01 2.698970079817564205e-03
7.855146764558951222e-01 1.898614034196827172e-02
7.192517512376102040e-01 3.718061172311770690e-02
7.877522157617627974e-01 6.459165012809855999e-02
7.798004445969300980e-01 9.040469079452159717e-02
7.054360351112303196e-01 7.876160467359949457e-03
7.452359890559560052e-01 5.755598839698713998e-02
7.622423138810063836e-01 8.274327901941619379e-02
7.608049859036318807e-01 9.927107521599964901e-02
7.564464300758733106e-01 9.116351167828645741e-02
7.369973729577157240e-01 9.169844600356069630e-02
7.939179324694097817e-01 8.132383617553806676e-03
7.127094845867724127e-01 8.657790035995058253e-02
7.769844363041304991e-01 6.259900442213661709e-02
7.335794138888573901e-01 5.974549805244369627e-02
7.102485413369912237e-01 6.554900504987015708e-02
7.450924082911205559e-01 4.815508903500884119e-02
7.768169083121647667e-01 2.072419855629392682e-02
7.353792265626687419e-01 4.612836401972575384e-02
7.687354694514958453e-01 5.954511728162661943e-02
7.877473916826465139e-01 9.513860180489969176e-02
7.758798381745006800e-01 9.905315632414007920e-02
7.968300334115347994e-01 2.750831753044163941e-02
7.796075283517751586e-01 3.867248961928648754e-02
7.157075348522167202e-01 2.727893676415032997e-02
7.172596859655621104e-01 2.431643232142760569e-02
7.556430228491192169e-01 1.349690721582175179e-02
7.006163121301767216e-01 7.889210634160223612e-02
7.983092086093780404e-01 3.603907928605903921e-02
7.358322148522500328e-01 3.274342160371174204e-02
7.972199378224531507e-01 6.717241743295560008e-02
7.439469014303340400e-01 7.525292302988587090e-02
7.302461839781877462e-01 7.622762199665494842e-02
7.692193910862084039e-01 1.376956016489866430e-02
7.255543488519899942e-01 5.323175782300432202e-02
7.847493161667435935e-01 3.325352931165870274e-03
7.418093072633371587e-01 9.691575216607728471e-02
7.046881825987875159e-01 5.739044296877271467e-02
7.198986564900424767e-01 8.765105476643322846e-02
7.420639793415448882e-01 8.101462396527325804e-02
7.505721702324108513e-01 2.874093370147418058e-02
7.853698366336248071e-01 9.228550441313182473e-02
7.353688040960518757e-01 3.133075477449620561e-03
7.174574768539982994e-01 3.174688004945191988e-03
7.673796232797420735e-01 7.876181233701162743e-02
7.253991073140753088e-01 7.558594894824599564e-02
7.025033465021788270e-01 8.721950272223594203e-02
7.107868144075021322e-01 1.777380215234453109e-02
7.126653599197088074e-01 1.945306442205541053e-02
7.692500498056733527e-01 3.264894691296810203e-02
7.979843568194140424e-01 3.762494664901988584e-02
7.467182780477767956e-01 6.866746787389022000e-03
7.867581734707906893e-01 7.942056614191728148e-02
7.139809006389709056e-01 8.940026713877297082e-02
7.685387359700320831e-01 6.366999934205480605e-02
7.349638084155958317e-01 5.733697052467451316e-02
7.176606640984821706e-01 1.073027256697400844e-02
7.212356693896432303e-01 4.122627418349911199e-02
7.788558322367380438e-01 1.775694682355249965e-02
7.211976204653287592e-01 1.767946511026624590e-02
7.937498681607271234e-01 9.057695700391860116e-02
7.116475750741971806e-01 1.194867446909952946e-02
7.140378665976583328e-01 8.258374589722292103e-02
7.371491788293597081e-01 7.529008345561941096e-02
7.250531662408635780e-01 4.402871505551253506e-02
7.913480010058477898e-01 2.100984076187684124e-02
7.131413042874773511e-01 3.188124123963193002e-02
7.282557380642593614e-01 6.727808260822012998e-02
7.776883500382978376e-01 1.023314938650693451e-02
7.566456485186497938e-01 1.916293753467995797e-02
7.056921210463322769e-01 1.136314054470138890e-02
7.144979186491171586e-01 6.679174425010911409e-02
7.944210252797544447e-01 6.924602744246458053e-02
7.315752836792525082e-01 8.416565184155552770e-02
7.623645138181480707e-01 4.833762516472395188e-02
7.089586996945893560e-01 4.764557531870974860e-02
7.568594486615137784e-01 3.625246851187435837e-02
7.169476512956728387e-01 4.485343539005226532e-02
7.076400422299617965e-01 7.667489292962531566e-02
7.179199276532499674e-01 2.486414044264689815e-02
7.450461732157673822e-01 8.279935513221658994e-02
7.861732680263658901e-01 6.547713971099738961e-02
7.542030144147549020e-01 9.237551658829612489e-03
7.459175868825576039e-01 5.446438352027072050e-03
7.317921832148487349e-01 7.467111164171694182e-02
7.537006386331873697e-01 9.345004521287536559e-02
7.334209919717255000e-01 8.376853241500600844e-02
7.676498241096697539e-01 4.452430990200303973e-02
7.330264905724299673e-01 4.097589177270871685e-02
7.261116535929243998e-01 5.601817378221782273e-02
7.291488813224865639e-01 4.938057350361554909e-02
7.918605198092018016e-01 6.902250927676620296e-02
7.657051877908265247e-01 3.800540798103935192e-03
7.454863483271371161e-01 4.625948575371180427e-02
7.727729870821968827e-01 6.158995325117772035e-02
7.610608705022814391e-01 7.336879185843980800e-02
7.038001157403213082e-01 7.856483147516049592e-02
7.184904150697314362e-01 6.558925070822230197e-03
7.631608060263582738e-01 1.806983031201075951e-02
7.748685496039341425e-01 2.870063280025136887e-02
7.645521194802408216e-01 6.638385911620375834e-02
7.540861441344467453e-01 8.998391485951590107e-02
7.958302174106567373e-01 2.330759943115445765e-02
7.659507503133096140e-01 2.180773352102832741e-02
7.351224620435605761e-01 8.183359970314191267e-02
7.454888725627558665e-01 8.085706135741368983e-02
7.746817525404908755e-01 9.412628967576142092e-02
7.429777607335742440e-01 9.952198398133274559e-02
7.017764927399909869e-01 9.814166689343617467e-02
7.048048418706786000e-01 9.725202417491393692e-02
7.475925228924931165e-01 5.999568877560662594e-02
7.244691657236445037e-01 2.883173442814135345e-02
7.411673581628976937e-01 8.102170754511003881e-02
7.249618877656323068e-01 8.671977851466730614e-02
7.250598690850441619e-01 4.868858776510232023e-02
7.433208187188701244e-01 3.026101809760317618e-02
7.830602719536416956e-01 9.405635650206564669e-02
7.162161610035868708e-01 7.441690063612788064e-02
7.538578667480906326e-01 9.725552069521764542e-02
7.293198840420647144e-01 5.927206591379327594e-02
7.095039989137814640e-01 2.571887096780528514e-02
7.168309468118252425e-01 5.139965487429004609e-02
7.668441597392949838e-01 6.884127654610158742e-02
7.992602639003748566e-01 7.137485214593652927e-02
7.668821372442845563e-01 1.335401792871487858e-02
7.606476537915564107e-01 6.721108727783309256e-03
7.129786690911005254e-01 7.704451069850951073e-02
7.983055082439868277e-01 6.458107001571064543e-02
7.534751055229175210e-01 7.583026329968506341e-02
7.658635727517852931e-01 3.615655122003397226e-02
7.406450878966477358e-01 1.981321626749849019e-02
7.379870883343839782e-01 3.856369960501737637e-02
7.004810193566387566e-01 6.658330151089586479e-02
7.895522199189003443e-01 2.937180774390329985e-02
7.392995066269700821e-01 3.381758439052046095e-02
7.574970893346518741e-01 5.323153473980063444e-02
7.783147170617932264e-01 6.735764660480911270e-02
7.442095227366144483e-01 5.817515115327054342e-02
7.506785186236394347e-01 1.153402789378754623e-03
7.935492160232816561e-01 2.747912756808368329e-02
7.053444461017815970e-01 3.909268179108493779e-02
7.853542084741654827e-01 6.948929836474881938e-03
7.049368763084875589e-01 5.991264869064058529e-02
7.759615356845599443e-01 9.489112629110008079e-02
7.648842942640192710e-01 2.806367508371282460e-02
7.133827373407646277e-01 8.286799790715532188e-02
7.566281326748258707e-01 2.374591191299624260e-03
7.299212724273534958e-01 7.223591184334590687e-02
7.285778951320315278e-01 1.245507619812769029e-02
7.255009510971147657e-01 6.768919587533644977e-02
7.464053734331408396e-01 1.910232343907369845e-02
7.954376084223353516e-01 8.065194884079956994e-02
7.267326187779526991e-01 3.188152171565095117e-03
7.635439183670876817e-01 7.341733149522550184e-02
7.445403482222456848e-01 3.566688122097455560e-02
7.483339380066329483e-01 7.964729140438570054e-02
7.856474029456389507e-01 6.327575755793587997e-02
7.069762292367168799e-01 5.144563110900732261e-02
7.708681431122775818e-01 8.134236415972523337e-02
7.317936016113872899e-01 6.228682629324933107e-02
7.881008868257174393e-01 3.050582417204139585e-02
7.191525068703409351e-01 8.064093670462901819e-02
7.073309652830213068e-01 9.966620337581999500e-02
7.143885044505778881e-01 2.300700085229606673e-02
7.352080030551944034e-01 7.577219805973450795e-02
7.330987102921004972e-01 3.090835223384758024e-02
7.037346632328683738e-01 5.824251831023044557e-02
7.768903907694211242e-01 8.835546489725240593e-02
7.025208659845513237e-01 9.707782436443282426e-02
7.394152259182664721e-01 6.194987104805416145e-02
7.115179182197751695e-01 7.042898314174222962e-02
7.018045457415241772e-01 8.646238373497872054e-02
7.352370897345830159e-01 3.728845860032248272e-03
7.280542449335404287e-01 4.785375025560695272e-02
7.794147543155555136e-01 3.072333296777002287e-02
7.736684387747200242e-01 5.922674344160752669e-02
7.303811534434003772e-01 8.205877835423783240e-02
7.165053645976947605e-01 8.855179490098324946e-02
7.793303642042554991e-01 3.117545556620271441e-02
7.147993570171822242e-01 6.909620372018276946e-02
7.980487280540520256e-01 8.635602377865655987e-02
7.013548644844627145e-01 6.656184596468905923e-02
7.109789888447831663e-01 3.229265747047049828e-02
7.161923567818589964e-01 5.538355175557316268e-02
7.767477209910490510e-01 1.956369710309391330e-02
7.625118212576255106e-01 9.572565235907415371e-02
7.401140490487413404e-01 8.751404443849261638e-02
7.403673565370535448e-01 2.512726377881996376e-02
7.995598669143170190e-01 8.133474725165096286e-02
7.718332325764812873e-01 6.312530109508218690e-02
7.714037098838076867e-01 4.391823148334661475e-02
7.187995843270760243e-01 3.789300412350610214e-02
7.136042172502093939e-01 6.005088342511796795e-02
7.709566862038261803e-01 1.688341443027285838e-02
7.801926706627645425e-01 6.862941304738237602e-02
7.587092178055789837e-01 4.540234618738123173e-02
7.535488508107373029e-01 9.107609589523679716e-02
7.990533977484168826e-01 3.222179630522331584e-02
7.957949907928951738e-01 4.784361882441531821e-02
7.755904893394897082e-01 5.233970023100353863e-02
7.756698664977372815e-01 1.976349390805015593e-02
7.167326720843589793e-01 2.869767754773461244e-02
7.088917454413870001e-01 2.519156843419545488e-02
7.703957705294423031e-01 7.710765621263523939e-02
7.301860351965475671e-01 1.470394198773633532e-02
7.242440204363368439e-01 7.181261850455797346e-02
7.014274485416974736e-01 7.706154264545686527e-02
7.397404535888298938e-01 5.450982973448376123e-02
7.341563475640273673e-01 8.140353030222960418e-02
7.391726263941355013e-01 3.621602538670348759e-02
7.918415204676438890e-01 5.391064351301494417e-02
7.146408137468580613e-01 4.782241880574766846e-02
7.926233455311560983e-01 2.071414329797677256e-02
7.793454473122738424e-01 1.689655709897069924e-02
7.621575657872887710e-01 8.436066365817748713e-02
7.372420485169934867e-01 7.956196607108198537e-02
7.984309759145987728e-01 4.761356184444992534e-02
7.640367316013001453e-01 4.470913455324526664e-02
7.762394575839550726e-01 2.131823331589077775e-02
7.344792471347737495e-01 4.714001880881688034e-02
7.091101513777174903e-01 2.394637216457878859e-02
7.397180851708067273e-01 2.443610597825751629e-02
7.929476893129928650e-01 4.964108963193233914e-02
7.574553332794766725e-01 7.097703608414146492e-02
7.376968601214880517e-01 9.172449144311814462e-02
7.786666429208781715e-01 3.347130737233933173e-02
7.024728364618687548e-01 8.791957070347880543e-02
7.904119862537564156e-01 2.832562198278876231e-04
7.301976993913943392e-01 9.873986699678205525e-03
7.405410675272180443e-01 5.532280649206841594e-02
7.578099282021434346e-01 4.685666363688398284e-02
7.205135682838080813e-01 1.407306554698256607e-02
7.931204780011472666e-01 8.857159653107457564e-02
7.623470368308400413e-01 9.344134181740978984e-02
7.388061691704790324e-01 9.145163903472997013e-02
7.952960201490829606e-01 2.106742755311530324e-02
7.066779015107783612e-01 8.785581044222612324e-03
7.489974343830189119e-01 9.531608590251272606e-02
7.339467345398442699e-01 8.237624101708379554e-02
7.269036699124631351e-01 6.135140457231291755e-02
7.379753747681007114e-01 2.862898993337081865e-03
7.882788925589864215e-01 3.078325266662274018e-02
7.309082902954290306e-01 8.486624969581210709e-02
7.701296732807693113e-01 5.451925817002434282e-03
7.603477209836141393e-01 3.635973500039085815e-02
7.452856588632016388e-01 5.440652562806161385e-02
7.307578349507198867e-01 9.353652941992404712e-02
7.593756530970070528e-01 5.888435205601172395e-02
7.698197107061488520e-01 5.573948820614516020e-03
7.025598534977453014e-01 2.540950755754273205e-02
7.564504911987681712e-01 9.927271584102112523e-02
7.592920127611809678e-01 1.140813466909718077e-02
7.319756282012870319e-01 3.580475213196765427e-03
7.098125121041167773e-01 5.080973647364039891e-03
7.306331744965492980e-01 5.523345082031949627e-03
7.568692315834193440e-01 8.634900982785242984e-02
7.869995514761958244e-01 1.276869824157567113e-02
7.226862193564782544e-01 6.528580225608629495e-02
7.056411636364138262e-01 8.309266217173746916e-02
7.735819692092790190e-01 5.948877113929088023e-02
7.706802390714376783e-01 5.535535259558679866e-02
7.843493684085675044e-01 7.313263854759941007e-02
7.350340182719236060e-01 9.159580716872353645e-02
7.002442490769026362e-01 5.885011689994540385e-02
7.297097834222062707e-01 5.095910316536389484e-03
7.965173702764747343e-01 6.332477408000247721e-03
7.237132691441382493e-01 8.007771964564144862e-02
7.154962559571754754e-01 3.752105466157157343e-02
7.193758708110609135e-01 3.277748993128304367e-02
7.221200665224470905e-01 8.271230138663709930e-03
7.805336588287496991e-01 2.153090139878660603e-02
7.074810316747347505e-01 1.133445228429325047e-02
7.020579898360063131e-01 6.822604676624322018e-03
7.711608439643674595e-01 5.559275568126575973e-03
7.405857611119973649e-01 3.197564318245021964e-02
7.456707333531932269e-01 7.735642523857616526e-02
7.893485992980572297e-01 4.698917379803610461e-02
7.245848391131403110e-01 8.524341236114305054e-02
7.393619552054148114e-01 6.691985465578159653e-02
7.735363008971576360e-01 1.856083328092417162e-02
7.355879729637426756e-01 6.802122671016994082e-02
7.042693677798831375e-01 7.603786773683268718e-02
7.361575071876169662e-01 6.716466524402148197e-02
7.410281160578580106e-01 2.766467928822297084e-02
7.929354601782651057e-01 3.551353004496304866e-02
7.434622580566569994e-01 8.179350865817094918e-02
7.840200261202376897e-01 8.431750816236738277e-02
7.875614986115586635e-01 2.960646067455646735e-02
7.632868514635556823e-01 7.873174817841793738e-02
7.022604088279773560e-01 4.214618315770907175e-02
7.145089466256535626e-01 8.974855494329248007e-03
7.348148945384493924e-01 7.388483591467556733e-02
7.000643213036189527e-01 4.067720295866927849e-02
7.937331539701504290e-01 6.884277926643675438e-02
7.597166572106095472e-01 8.763168044983637994e-02
7.258526660436568356e-01 5.371114615127517422e-02
7.059265368921158190e-01 7.245306571514709137e-02
7.194223762708641390e-01 4.704368429847594069e-02
7.603158248429416899e-01 6.079835447823545014e-02
7.155521258661632356e-01 5.711152394263857568e-02
7.402459491546090620e-01 4.713555653635517761e-02
7.801117775460142401e-01 2.906138175083944342e-02
7.787539710587511044e-01 7.774064891902712771e-02
7.526370652302983855e-01 2.940275389902696768e-02
7.160403622414723834e-01 7.028959195128747783e-03
7.507943242107484316e-01 9.162342171384479927e-02
7.673246021839318365e-01 8.406851612243326777e-02
7.165767893988572723e-01 5.409373932416422504e-02
7.989019706946408617e-01 7.853578514498196772e-02
7.312439468292988298e-01 8.470302101083818092e-02
7.067437961649069011e-01 3.004324564995347613e-02
7.602590742744598229e-01 6.013928158638875976e-02
7.266172976962658181e-01 3.960120870861538744e-02
7.468565268699279835e-01 8.812793280028427545e-02
7.812523331940427473e-01 7.517549191720437896e-02
7.494003279146435048e-01 6.010980768878640412e-02
7.880847052000823361e-01 5.596747193001680443e-02
7.783073718090901538e-01 3.416315841363132266e-02
7.658830315952489531e-01 4.755309299050944349e-02
7.857882775182226665e-01 7.214346702900006902e-02
7.048762843756857244e-01 3.147480525819373876e-02
7.627665851708891331e-01 1.440178134394248799e-02
7.346654604470793659e-01 9.516610758836707706e-02
7.573069946054943324e-01 4.919217850906218437e-02
7.103182383110050457e-01 5.738479428572004770e-02
7.959604262177477629e-01 6.711404564974385312e-02
7.281382495281047973e-01 6.304297488265755978e-02
7.486733042675816074e-01 9.740468395196841267e-02
7.705869650040635399e-01 5.615026841118725409e-02
7.518390384612985144e-01 3.160318692196056878e-02
7.695859561146154437e-01 6.617398464681900627e-03
7.330139900696879263e-01 9.053346533762163251e-03
7.275522472496974702e-01 7.393699502474102014e-02
7.569880925956795625e-01 7.346250280270213984e-02
7.193732058079160829e-01 3.526433678218965362e-02
7.537045958626692466e-01 9.604598177151610350e-02
7.914636721831092014e-01 9.232645905018574406e-02
7.020511768813815223e-01 7.314882627787744340e-02
7.813015617725653783e-01 2.360351009478856010e-02
7.290510725395779046e-01 1.505234731427496087e-03
7.779634162034284595e-01 3.957913354278286278e-02
7.796476457758243495e-01 9.742031512592128073e-02
7.001121151937523823e-01 4.915778234771323030e-02
7.561620208456037995e-01 8.504535011002692380e-02
7.223154366462229969e-01 7.308138754405552051e-02
7.705488613141157073e-01 8.199054817348508384e-02
7.889579524675004452e-01 5.111691076641122766e-02
7.759990807297286741e-01 5.458792670644815881e-02
7.700290701028446039e-01 4.076820017381488359e-02
7.954972391407675314e-01 2.241791232482648333e-02
7.999785038031497209e-01 5.085699945626989682e-02
7.743902899450721966e-01 5.915339361476865121e-02
7.292121563159633668e-01 6.984517635325468432e-02
7.456184202854365672e-01 1.832813302928837373e-02
7.982297861286664631e-01 1.844283542618113669e-02
7.234476169428072367e-01 9.387968304023930344e-02
7.125768576408761934e-01 6.556334298388846737e-02
7.915490657028845245e-01 8.242457432544580964e-02
7.685844002674467879e-01 7.278390601546558258e-02
7.566230157516440347e-01 9.716114541414921923e-02
7.508744897930017537e-01 3.861376037677310968e-02
7.009864936274956548e-01 8.457920928653772652e-03
7.711893065767044808e-01 6.224923189936315548e-02
7.369191331350416485e-01 8.973159049252157904e-02
7.973889799601623363e-01 2.040541807229345750e-03
7.488701039708725027e-01 4.734503467290923640e-02
7.808232161685211281e-01 8.224540048320322372e-02
7.410595688289471905e-01 6.416024449839546895e-02
7.816224861670901802e-01 9.765709406529257675e-02
7.838861287492993046e-01 3.945695574824586993e-02
7.306667256022918444e-01 1.932053644768433331e-02
7.881978611148965363e-01 4.960613226402488252e-02
7.229019786451572616e-01 2.310730982405467815e-02
7.250984579605938007e-01 9.754567825659032909e-02
7.062581603645236017e-01 2.691299752528325540e-02
7.323670153225164681e-01 1.929894915543883815e-02
7.230283245886736099e-01 2.054038742582675603e-02
7.229818037018514998e-01 3.652488418181459862e-02
7.308650252257893332e-01 8.049869817351584800e-02
7.619379702802633325e-01 3.092998097886967557e-02
7.430309882222417839e-01 2.522360487245306482e-02
7.135910777192471244e-01 8.848759169133904590e-02
7.951634971309712308e-01 8.551985228565395225e-02
7.976721963106179203e-01 3.249870212773120492e-04
7.944477332987591733e-01 3.366898299215070889e-02
7.773218605778099421e-01 9.551503756390083977e-02
7.539801134762418311e-01 8.878639996575965476e-02
7.967315235341000390e-01 1.188264376388403765e-02
7.255332964605105683e-01 2.629807285108254344e-02
7.912318205619408573e-01 7.946071189117553946e-03
7.193588210744726874e-01 6.923017986815216407e-02
7.966200727514297641e-01 8.994056764292870931e-02
7.507705743994669279e-01 9.999891757962969807e-02
7.169097560380122136e-01 7.641998281995632247e-02
7.578435394463680641e-01 4.359330834205077387e-02
7.526201581058354906e-01 9.485104291288265488e-02
7.686269807469561233e-01 7.231728584204433208e-02
7.484592956432321031e-01 6.695133148938139933e-02
7.949304631116068665e-01 9.237181060189467163e-02
7.191389326145716243e-01 7.930766074105644048e-03
7.708748188756830988e-01 4.471333828269774546e-02
7.767616051766148555e-01 3.213421362169127660e-02
7.792251840592178125e-01 6.354259026325584370e-02
7.972073734151340352e-01 8.976144107935013494e-04
7.416726999376224150e-01 9.173888894602832966e-02
7.077444170077140662e-01 8.017589499984656420e-03
7.125222882601165431e-01 2.484702840808694635e-02
