7.447314051773368249e-01 1.213360514292614600e-01
7.182845547831970823e-01 1.546330319706864520e-01
7.385010509625586916e-01 1.020070025788941404e-01
7.954908802135320922e-01 1.753672170795173568e-01
7.835586074760018116e-01 1.191036821159801307e-01
7.303005115080692944e-01 1.632464686093938466e-01
7.713866591549259910e-01 1.132449363850318302e-01
7.322727220609089871e-01 1.022007514978482134e-01
7.388935205532214390e-01 1.336591168230652216e-01
7.661022484085733275e-01 1.822684791207072053e-01
7.042813876165230358e-01 1.654447045674135308e-01
7.387019676197641438e-01 1.868257463041939903e-01
7.831940650765478740e-01 1.576088375533172825e-01
7.339440849021185986e-01 1.730586118786580918e-01
7.126871173366164935e-01 1.890751788397797561e-01
7.063011366032811988e-01 1.681460411208377803e-01
7.031362244940478901e-01 1.986743000214734045e-01
7.547231250019927895e-01 1.138835991766178057e-01
7.861869879211065282e-01 1.278109578961889869e-01
7.244186903303555525e-01 1.978321669626791346e-01
7.388771896937620376e-01 1.646596189776683428e-01
7.981157273362592397e-01 1.887166530386642782e-01
7.615379028157762686e-01 1.290981296588027405e-01
7.691787498038592519e-01 1.945496106867710129e-01
7.308794491098257184e-01 1.280679463684986363e-01
7.528433379457230012e-01 1.989084802769560123e-01
7.615943858165102887e-01 1.263764475481587157e-01
7.294991537772409496e-01 1.374951676369855491e-01
7.818247464387135803e-01 1.275326523102797427e-01
7.449974500179419312e-01 1.065443879901745994e-01
7.942156067624412952e-01 1.540211310567609071e-01
7.187569973942441459e-01 1.741825913955687977e-01
7.609437115293018472e-01 1.722554524922219610e-01
7.036225334517867136e-01 1.083485358683526634e-01
7.128329355993717753e-01 1.225863264875478864e-01
7.235338257359990033e-01 1.805396813592106131e-01
7.455486529059149881e-01 1.905318468821272093e-01
7.317024494994459616e-01 1.290491950718445635e-01
7.215952131865521757e-01 1.608888917772199889e-01
7.088269469512548104e-01 1.927008657847160689e-01
7.083288397137503800e-01 1.906669136319010249e-01
7.853491908121242870e-01 1.259569998163510562e-01
7.867911366656383798e-01 1.564515340998354487e-01
7.345061342607299704e-01 1.020750062227798738e-01
7.124111409078927037e-01 1.727336840868592127e-01
7.245305616297281759e-01 1.926434946343594801e-01
7.677659243766843389e-01 1.507283501854707608e-01
7.336134066371214901e-01 1.992062324203863755e-01
7.693666339206355342e-01 1.077916360409461594e-01
7.930931936533398563e-01 1.258545145494055773e-01
7.827284231630746714e-01 1.876122158378517035e-01
7.833293541259739312e-01 1.378060543458841103e-01
7.869940394249334004e-01 1.643893937837308805e-01
7.981934793167975162e-01 1.477794853230129657e-01
7.758432439529263647e-01 1.290359949876236922e-01
7.255184264089051815e-01 1.645069815105486832e-01
7.234715108121957394e-01 1.359613383791381525e-01
7.895925980585662973e-01 1.723299569464854797e-01
7.057942610557033092e-01 1.505011352230731236e-01
7.055002316948464358e-01 1.180235794007711836e-01
7.987745013422286045e-01 1.783941638244923023e-01
7.940036187719061722e-01 1.052951077558778592e-01
7.717103121678560163e-01 1.117734809361682624e-01
7.492983843447378334e-01 1.682027976000496639e-01
7.916073990163459140e-01 1.570789876090616932e-01
7.532030029284279005e-01 1.328672095103101969e-01
7.638937002506572815e-01 1.881381635923998763e-01
7.476623427976929470e-01 1.621742297410389833e-01
7.535980188368528454e-01 1.015515576902611405e-01
7.345841432527890902e-01 1.725048833954982708e-01
7.778790034060683034e-01 1.944960121408749465e-01
7.191401984248861901e-01 1.907133632622613761e-01
7.828027931161289921e-01 1.908795559602209368e-01
7.597353582031634023e-01 1.287138634271329241e-01
7.957107861872811938e-01 1.618037452244256158e-01
7.190649083532179020e-01 1.701348808158206216e-01
7.590681844972304582e-01 1.746009947240116933e-01
7.410797621876036301e-01 1.958185912438490939e-01
7.725408327915215256e-01 1.194120029617404821e-01
7.151115930315179448e-01 1.714483629213778837e-01
7.642639404433744232e-01 1.018570820616248318e-01
7.659022780837981825e-01 1.282998573098462214e-01
7.555175947184438190e-01 1.659936761012321960e-01
7.586621448907397980e-01 1.882178232767800219e-01
7.558204315002648999e-01 1.117587080647128028e-01
7.320931922023690142e-01 1.173627010093982737e-01
7.118736828641730741e-01 1.265493381798293848e-01
7.445465717891358581e-01 1.236980744468844096e-01
7.913026059255904299e-01 1.461055874526549225e-01
7.933020797086356435e-01 1.254952018395441293e-01
7.015285431328229793e-01 1.408931633864717869e-01
7.933055852619271819e-01 1.691181956824572286e-01
7.587356611150711805e-01 1.241757599700515635e-01
7.919375072377429214e-01 1.371004183585576019e-01
7.055230378332258967e-01 1.665072982060758211e-01
7.119959563545702474e-01 1.354971068257330991e-01
7.705041462218905624e-01 1.057775594877638226e-01
7.538267182273294953e-01 1.594411039981959988e-01
7.445507347307811497e-01 1.596633665153225634e-01
7.806039077125158654e-01 1.313410753544076159e-01
7.251735182519586376e-01 1.624912256074745320e-01
7.887145265080670598e-01 1.223425207096184852e-01
7.286238247437695215e-01 1.916226021213483510e-01
7.659435298407704096e-01 1.364387596685395221e-01
7.734874545212027108e-01 1.115002619131243711e-01
7.390895512942499135e-01 1.763093062250359333e-01
7.752574531204717845e-01 1.598485247334403558e-01
7.762184007175928491e-01 1.751512223345717545e-01
7.097226794778663805e-01 1.481150595835300232e-01
7.655811249236144089e-01 1.306927739082589246e-01
7.347890361390900793e-01 1.157342056088502269e-01
7.605214534089783651e-01 1.519725443388300623e-01
7.971462912533398004e-01 1.938479435745367740e-01
7.437638186892361336e-01 1.416763771902873337e-01
7.801310627200815917e-01 1.640366867550714647e-01
7.671472652015132176e-01 1.385959489821528279e-01
7.714772053496751214e-01 1.698391940710787806e-01
7.464645497538845431e-01 1.267342835677082169e-01
7.461641255458921762e-01 1.643008660365307960e-01
7.116306526357273343e-01 1.523476318013340103e-01
7.549306810710494364e-01 1.410196615241699203e-01
7.555857572190010085e-01 1.116320662979070066e-01
7.181610061526236821e-01 1.967856589128325617e-01
7.001043592981345265e-01 1.475703788464862165e-01
7.780361075218232836e-01 1.454342970498980481e-01
7.316148364416085181e-01 1.983044416566074053e-01
7.147229120815579151e-01 1.938196635281818070e-01
7.129340752666418757e-01 1.165111770127721935e-01
7.533924869306801719e-01 1.176894648449771374e-01
7.103353715513784916e-01 1.889241509717176082e-01
7.640292232118720550e-01 1.333101607745388051e-01
7.027689738793317931e-01 1.023621380864886132e-01
7.851423854634833610e-01 1.176732097579851755e-01
7.893447372488073821e-01 1.697155100519661397e-01
7.047124451714648075e-01 1.769105234567203422e-01
7.643046552482366529e-01 1.940410073261941704e-01
7.571770615486099754e-01 1.769145526157856474e-01
7.168214882538818111e-01 1.224030226098961893e-01
7.115677984470606399e-01 1.718517811387666461e-01
7.860793771446243916e-01 1.839167215346285689e-01
7.619949220150012970e-01 1.307801652705706252e-01
7.363621750224706997e-01 1.194894389361281506e-01
7.591435818496552468e-01 1.485945738673991323e-01
7.710391163728154140e-01 1.739886858832961347e-01
7.295335591850200530e-01 1.204517239081768776e-01
7.510833458336603208e-01 1.939031174172560212e-01
7.137279612224672887e-01 1.597059806235427704e-01
7.673492067828178165e-01 1.701419238605171580e-01
7.170822225340354183e-01 1.729128247532439322e-01
7.211648288621537173e-01 1.259921571086034531e-01
7.478413258702051314e-01 1.660520573461232163e-01
7.367198415894582464e-01 1.928428783179634842e-01
7.981314518943644076e-01 1.491995218877517904e-01
7.856690099260347226e-01 1.675715362865695945e-01
7.915337862226730081e-01 1.000347432378645152e-01
7.710009644263201567e-01 1.477914114944568758e-01
7.332818947907289164e-01 1.849082345531606053e-01
7.356644828746140563e-01 1.954298184014190420e-01
7.448753311960382151e-01 1.024414316569854377e-01
7.416788985899414044e-01 1.158699604031889485e-01
7.812406258920503443e-01 1.285392159493435327e-01
7.232439724601724684e-01 1.973860491113575144e-01
7.921712774644772415e-01 1.005973293251736511e-01
7.261664846144794128e-01 1.651202864735761833e-01
7.114269484487387718e-01 1.556335706513844730e-01
7.290932337664381979e-01 1.869294640296761401e-01
7.810992805674180639e-01 1.428331589748235431e-01
7.650944486411329626e-01 1.209547059790941348e-01
7.278018673018911144e-01 1.000090052000949525e-01
7.740470208498310134e-01 1.286032189481242649e-01
7.958124848106490346e-01 1.591902313584901696e-01
7.976285510181224669e-01 1.296340291879318762e-01
7.624763510099270558e-01 1.902993955378290969e-01
7.400866430497746729e-01 1.836488281878466411e-01
7.305888469986967504e-01 1.156128676480745465e-01
7.463948843619222506e-01 1.819813041534387166e-01
7.650043229041839643e-01 1.749155681192245404e-01
7.295538794040659081e-01 1.377667342192749889e-01
7.815993977954996952e-01 1.298819744831128664e-01
7.604149507404593944e-01 1.261001458506176010e-01
7.074847674685614818e-01 1.390480653812418976e-01
7.999868812511147231e-01 1.830048195266219535e-01
7.755686661740881505e-01 1.378176147954105757e-01
7.125832782783203534e-01 1.156941154795661786e-01
7.413642673945347594e-01 1.277981558106939530e-01
7.474447331851663545e-01 1.585353925143271336e-01
7.076859417336185398e-01 1.937985208377062396e-01
7.689057709335999080e-01 1.190008594291897814e-01
7.777410655974072995e-01 1.096373086021086296e-01
7.192871449266646788e-01 1.127468110321286632e-01
7.723911332439541422e-01 1.734166022352007230e-01
7.909722433655028695e-01 1.405786982562844956e-01
7.723545651512515597e-01 1.998263108743567051e-01
7.654875400138831942e-01 1.907665232292986290e-01
7.228534274332895082e-01 1.039821940938817357e-01
7.203895382174942963e-01 1.655764793773929766e-01
7.639976080398950264e-01 1.152148010979324733e-01
7.012091170523371275e-01 1.774375668100951486e-01
7.207925727075239486e-01 1.159105313485980782e-01
7.721165688039423047e-01 1.840521544052187708e-01
7.511478010052565768e-01 1.200900671761763461e-01
7.034636773095873652e-01 1.601407523230778673e-01
7.463112997027154805e-01 1.973644097305508327e-01
7.011762686053389926e-01 1.888308391923975149e-01
7.511153488431179248e-01 1.439837128567286739e-01
7.760756176287536556e-01 1.940655137043464651e-01
7.453199662223420896e-01 1.758710279627357931e-01
7.109413992926545411e-01 1.129243081249162173e-01
7.606002368077633413e-01 1.676955384381238756e-01
7.681368581113691141e-01 1.776182010029382918e-01
7.736850262797146938e-01 1.793497404438182952e-01
7.602813116927481518e-01 1.617714449806398891e-01
7.169425157299762486e-01 1.465607306487232142e-01
7.908758449254446043e-01 1.315556322936426714e-01
7.805533100834682880e-01 1.136612624136446870e-01
7.944681369441962682e-01 1.476682901617205890e-01
7.299553277654673433e-01 1.486945642462386419e-01
7.262556744500384687e-01 1.688362309733745514e-01
7.505279509380911040e-01 1.678681193589346143e-01
7.578309428800226177e-01 1.735598755804604321e-01
7.544020603271237579e-01 1.575415443859415898e-01
7.400048281933052641e-01 1.073052958021409042e-01
7.969663692877763106e-01 1.852692897407234307e-01
7.609842070052932339e-01 1.281762502161303829e-01
7.877346063864391068e-01 1.608966587419376482e-01
7.990491038149337699e-01 1.402173753031477621e-01
7.901582048956927729e-01 1.407217018625235294e-01
7.710464677523615196e-01 1.379701984696255213e-01
7.657145105106464289e-01 1.070898898869060978e-01
7.482974012689569410e-01 1.689543909317271497e-01
7.386885238860463332e-01 1.903922765010964413e-01
7.347267935499037783e-01 1.001481308051242192e-01
7.767764630280077354e-01 1.771052590112572322e-01
7.162716648088592875e-01 1.444586431996572884e-01
7.751043710786640339e-01 1.827532342976928292e-01
7.456785192912491755e-01 1.624682297157793442e-01
7.346232481595627029e-01 1.949740468538720961e-01
7.599857125305133909e-01 1.893594451366744091e-01
7.711857827604486904e-01 1.420998922574950862e-01
7.307609641497262443e-01 1.923903981007057118e-01
7.343672000143218748e-01 1.646592278019751721e-01
7.168659007269213568e-01 1.664806427249463372e-01
7.087389452798038558e-01 1.930065378843602297e-01
7.302233579057437751e-01 1.822460031010420534e-01
7.850593776237263510e-01 1.938116153604938774e-01
7.775514347684313599e-01 1.042298396789664849e-01
7.730341618010659888e-01 1.054209103870469288e-01
7.691525068095934614e-01 1.862813198107056700e-01
7.549121025205359770e-01 1.650458150046157091e-01
7.108717624478293473e-01 1.848355617772213244e-01
7.087548101454843597e-01 1.645877686963201081e-01
7.133757136880902738e-01 1.294027507105164898e-01
7.631438350094917888e-01 1.265054701101908652e-01
7.195908069363027293e-01 1.414015688830544681e-01
7.787568394736239519e-01 1.068815110891762343e-01
7.067055582813053238e-01 1.080062610323230810e-01
7.486583031464653093e-01 1.661176440286013523e-01
7.487153624492590698e-01 1.107920736882985480e-01
7.102431114714061744e-01 1.499557575618725991e-01
7.246198173839077938e-01 1.852316389641358307e-01
7.899206626960703082e-01 1.001690881367452435e-01
7.170857734173144982e-01 1.908972585247649123e-01
7.144258010089865607e-01 1.730486901170769642e-01
7.462279734986094759e-01 1.773748046981798443e-01
7.391238991989800278e-01 1.051385447042177679e-01
7.618873911834131984e-01 1.474551812720381327e-01
7.034357193778363326e-01 1.886512935048851314e-01
7.814911280756194900e-01 1.455686939338590169e-01
7.670045138005313623e-01 1.401199076078326333e-01
7.459763531801605341e-01 1.967856796028605304e-01
7.371384727260682501e-01 1.627843496995640404e-01
7.724539208553320435e-01 1.824882201159246931e-01
7.386822481027028875e-01 1.143623196742213910e-01
7.959034038582369908e-01 1.985760259603124855e-01
7.433840326537137777e-01 1.116939832010338807e-01
7.253820349427739789e-01 1.526602811242450675e-01
7.083788105929909040e-01 1.481353138146938864e-01
7.921460815905719821e-01 1.581578316951723628e-01
7.640565078872511018e-01 1.701774843853444408e-01
7.764646679819451336e-01 1.571037473080355296e-01
7.520711022543209445e-01 1.429227973057093093e-01
7.719783313157828619e-01 1.570273401171218275e-01
7.595833100241786706e-01 1.928933388426001261e-01
7.346221228185901841e-01 1.777423847783434763e-01
7.592737270735137045e-01 1.793076889309791200e-01
7.541717041523317011e-01 1.037476875285008593e-01
7.798460475438564465e-01 1.015541517889078094e-01
7.367203407742258792e-01 1.715013302536969597e-01
7.585448128423660785e-01 1.828619184630002059e-01
7.176852849300677795e-01 1.019619819535241279e-01
7.800458445469700131e-01 1.504669889603276745e-01
7.535998282791815939e-01 1.983323111872743461e-01
7.317946386455828067e-01 1.172828224971614874e-01
7.175650382323608412e-01 1.628238880894674889e-01
7.465688760818048886e-01 1.102185424470981112e-01
7.925048830947449829e-01 1.879956868110606027e-01
7.216443294598747782e-01 1.352355543169318497e-01
7.221978500205745721e-01 1.739575868539250947e-01
7.060608042097188397e-01 1.523014816831105289e-01
7.153867440558066004e-01 1.187711930069267063e-01
7.836745967835705429e-01 1.472288043177748251e-01
7.325487478778810457e-01 1.590563179945120309e-01
7.782266637087157379e-01 1.092424160804201794e-01
7.230076018731917964e-01 1.631003071094574430e-01
7.374725097856856815e-01 1.877407952922344192e-01
7.709272105667988040e-01 1.305531353538105788e-01
7.641118036432706928e-01 1.220043160140408534e-01
7.261248735401384380e-01 1.696339266954399738e-01
7.953231610062342360e-01 1.464498880484755017e-01
7.362104057614899943e-01 1.124221163134199453e-01
7.400952541672523033e-01 1.527731248565470101e-01
7.365196703701387682e-01 1.748900688288316241e-01
7.726820611605866862e-01 1.426204290879049263e-01
7.512526075259963187e-01 1.275389775194616937e-01
7.877024839647088772e-01 1.745186820607455003e-01
7.720984684758844807e-01 1.824354676446011125e-01
7.794577997649873025e-01 1.655235027047913809e-01
7.263669685560483202e-01 1.831450220506914695e-01
7.820232603147629913e-01 1.289499348845650206e-01
7.232053482203811834e-01 1.012047575942572886e-01
7.431483273858684457e-01 1.951993342733658876e-01
7.390934307234210410e-01 1.390806942199685481e-01
7.943392600838438122e-01 1.702206301382716003e-01
7.067645232484823792e-01 1.651592746598984085e-01
7.022168873912942866e-01 1.716571963670437961e-01
7.585942496818188774e-01 1.374116154836810544e-01
7.245441439507246395e-01 1.392030983670481392e-01
7.032083317084356633e-01 1.345462996777009868e-01
7.338207485098175997e-01 1.983542476461061521e-01
7.840054322280356480e-01 1.796039451065505610e-01
7.168252766189603387e-01 1.804981741178033616e-01
7.837874843218659571e-01 1.594715606729003032e-01
7.056998778554031126e-01 1.397475840488097698e-01
7.810004107161963027e-01 1.489898738420620816e-01
7.121640794214437742e-01 1.328537209911416495e-01
7.261033945811667945e-01 1.286700452495757874e-01
7.405755563700764377e-01 1.997452501900165989e-01
7.042134715372252440e-01 1.864351678457752959e-01
7.665198270262496560e-01 1.876213351957344289e-01
7.332118724378441366e-01 1.058543949014226215e-01
7.067597819295799999e-01 1.256013957375667622e-01
7.353721267127295569e-01 1.920536454875855226e-01
7.145013693622460638e-01 1.944860502647957623e-01
7.171071021317857452e-01 1.024887388923632070e-01
7.275010348003033700e-01 1.956739516291394199e-01
7.966762464190841886e-01 1.845852850153710811e-01
7.962904035639953859e-01 1.506690057294760021e-01
7.708880203850553281e-01 1.038726693693876324e-01
7.646562105981281610e-01 1.862299081627141195e-01
7.754407254960342666e-01 1.286071179161288602e-01
7.610697146962533965e-01 1.076321300901249833e-01
7.137615515423283430e-01 1.992001860960092019e-01
7.089452474377657687e-01 1.789834838956181895e-01
7.059239612405173725e-01 1.669161057139718907e-01
7.478628411577570301e-01 1.542388635957800957e-01
7.277785110953557401e-01 1.059380456247757951e-01
7.845314063273421956e-01 1.996075037183197565e-01
7.131140174677051968e-01 1.778438089956149715e-01
7.315054763641846147e-01 1.220380329144205578e-01
7.006629701071704908e-01 1.589326849031876820e-01
7.500767850812216642e-01 1.416011317807323866e-01
7.390138021527230539e-01 1.848410781094201871e-01
7.987941308190514844e-01 1.750638123287782677e-01
7.286488187087069024e-01 1.410911703667707684e-01
7.063735934528060367e-01 1.972100131337267970e-01
7.052773920856105772e-01 1.254450464353927819e-01
7.834962930336215603e-01 1.952210614959576374e-01
7.594636173884802277e-01 1.798471211847676998e-01
7.484672046580733706e-01 1.689596909453826012e-01
7.343204432369789814e-01 1.787378438154925142e-01
7.140539670256297322e-01 1.173392260919817187e-01
7.998546315165594445e-01 1.466579092550093777e-01
7.651939451716194274e-01 1.881743031001895106e-01
7.320278084422504605e-01 1.262434961609968376e-01
7.555240835440136804e-01 1.677807927414448619e-01
7.084751882592155159e-01 1.552231144407016372e-01
7.819332774486523752e-01 1.803585459321901951e-01
7.606760688676335036e-01 1.956927659661459318e-01
7.759942089059352899e-01 1.545745570208096886e-01
7.483394692673570603e-01 1.941126164381547503e-01
7.404133561982340073e-01 1.753996890934319541e-01
7.240284596257291483e-01 1.963416783217776240e-01
7.969475222093842515e-01 1.241152987830254073e-01
7.861711973103835405e-01 1.804109997848489244e-01
7.863608891505363685e-01 1.506338479663032193e-01
7.232576489961631827e-01 1.590736437908067402e-01
7.962213559708822830e-01 1.378751365528925465e-01
7.455137867110864791e-01 1.431479441258269869e-01
7.434562748628738005e-01 1.428455681446192116e-01
7.729054058178024267e-01 1.342414897186400835e-01
7.644415601118318415e-01 1.697513469644428008e-01
7.767022840075575862e-01 1.964234386750614014e-01
7.094868232967054267e-01 1.279605968560580120e-01
7.866081578474153346e-01 1.911139589259095994e-01
7.992944444215748234e-01 1.749617404950568611e-01
7.910773817849490186e-01 1.191233963526797668e-01
7.829400792900808037e-01 1.842028940565181294e-01
7.559349907841711458e-01 1.471410458725671000e-01
7.449293380320212155e-01 1.344401622277680286e-01
7.688256533825623684e-01 1.357700832541557379e-01
7.894888051328694534e-01 1.049912329453971394e-01
7.342817240846902793e-01 1.822765244399349727e-01
7.332301250940729265e-01 1.693941022171939204e-01
7.116482946975660751e-01 1.570559401091610463e-01
7.543460097586128787e-01 1.261264501242166658e-01
7.865735187048522592e-01 1.853148354695330902e-01
7.706665441154155749e-01 1.352507163474621632e-01
7.305802293788651314e-01 1.388244390627015323e-01
7.946300388430088679e-01 1.363698974435186007e-01
7.455781340055509521e-01 1.686601272402014906e-01
7.122421772813881669e-01 1.995242964846435374e-01
7.983271240507622268e-01 1.541537285349823261e-01
7.967543199684694599e-01 1.006374407528697890e-01
7.153362333074148038e-01 1.213696210996290659e-01
7.192697972535535555e-01 1.355895555456572144e-01
7.091555069826848134e-01 1.919428231542821828e-01
7.012779815549521345e-01 1.712950619395801621e-01
7.809820767638157024e-01 1.461108793643985382e-01
7.722445056958527898e-01 1.871370927042617371e-01
7.145352781646290286e-01 1.220006225044132364e-01
7.038559707973716106e-01 1.996947115701546704e-01
7.917470164520531428e-01 1.973337371211514313e-01
7.742217487762836914e-01 1.755088202921435969e-01
7.312146794543636918e-01 1.313209508526244074e-01
7.272500163081226932e-01 1.105499526158438828e-01
7.732430172597097862e-01 1.736949107345273913e-01
7.740910661503657142e-01 1.792575001759578179e-01
7.762988915680040236e-01 1.097811949796656805e-01
7.447322533643100373e-01 1.747534916865930432e-01
7.411700448474110026e-01 1.932622970008229246e-01
7.686608544494176742e-01 1.192881278586176985e-01
7.874457929051846827e-01 1.765723759018384409e-01
7.428127361565958209e-01 1.539061234537124068e-01
7.543053958968205519e-01 1.158768558897605438e-01
7.086085210104162702e-01 1.573538347869985754e-01
7.830575812988639361e-01 1.141002331475375331e-01
7.651440356452785529e-01 1.953704755132978088e-01
7.042358745543891851e-01 1.218360044907882411e-01
7.375532917770759589e-01 1.412271358053923120e-01
7.535797298173096959e-01 1.271649623729537715e-01
7.767288074918877738e-01 1.431709917945156174e-01
7.477372693326653774e-01 1.261023022225502832e-01
7.575963178072462334e-01 1.155868234187281407e-01
7.899295268806223458e-01 1.044626167582044518e-01
7.672768056069211307e-01 1.421989081502920693e-01
7.157025048265037714e-01 1.077106477019768582e-01
7.650670422202423548e-01 1.485591628475467496e-01
7.267133332163989712e-01 1.666142753040273927e-01
7.680045336140445267e-01 1.080057244041318365e-01
7.448949044383267326e-01 1.527239480251913473e-01
7.568984969113199401e-01 1.188585451106818347e-01
7.890526661177859058e-01 1.105624454333963280e-01
7.514611569890357057e-01 1.310467590688993433e-01
7.407429387149037092e-01 1.348841815730988380e-01
7.957054370147493838e-01 1.301076653935622218e-01
7.171889067825117925e-01 1.167406404177508961e-01
7.163578340374747722e-01 1.316428895638006302e-01
7.881889549846491372e-01 1.258696506127300052e-01
7.131273255941160683e-01 1.923896450704721539e-01
7.316152039358997383e-01 1.990882149819787061e-01
7.335496809084691705e-01 1.164894635819481439e-01
7.137474532915235592e-01 1.722748208623547383e-01
7.976341576963890123e-01 1.574650449757307169e-01
7.630776225985465011e-01 1.558502202936343506e-01
7.316809857068506950e-01 1.763634938188310963e-01
7.206285580913143196e-01 1.973113706209664864e-01
7.131476267362756305e-01 1.994533056228461054e-01
7.236712096091247881e-01 1.358949980453738049e-01
7.767088277939016017e-01 1.595627600380549738e-01
7.338363922367742154e-01 1.036497556008981469e-01
7.195516503477283887e-01 1.298742972968085496e-01
7.674684545938458280e-01 1.920812937063731962e-01
7.254457230221338371e-01 1.137851145254432927e-01
7.987504028704310866e-01 1.533061971930849976e-01
7.529251923670002844e-01 1.578804294178480228e-01
7.733049544301919820e-01 1.586746562066782829e-01
7.206886295433048151e-01 1.689586533348770570e-01
7.570815972594889809e-01 1.762491180760560883e-01
7.768722579835620756e-01 1.970119989949251638e-01
7.961285671980896650e-01 1.599609952446636174e-01
7.164449714034598626e-01 1.968470521573795762e-01
7.002620712951943549e-01 1.995150154570739520e-01
7.873316603427397142e-01 1.139880481888182473e-01
7.640911596845383347e-01 1.022650738821130889e-01
7.912762607743381027e-01 1.846961105679110204e-01
7.800444154623111803e-01 1.097624221829021363e-01
7.046229544533723077e-01 1.745935376511245918e-01
7.843043277403747293e-01 1.727814464692583041e-01
7.697494352840252851e-01 1.262041075339546681e-01
7.426349930743695316e-01 1.764057067786141131e-01
7.690239431960342875e-01 1.682566551061476512e-01
7.380449379366448293e-01 1.424329654651694532e-01
7.063638144228833182e-01 1.271136840615883223e-01
7.215729100246428551e-01 1.820903296875582833e-01
7.626967654996543722e-01 1.261767622783173948e-01
7.703564509090659040e-01 1.397279057637980937e-01
7.042852063451495725e-01 1.511876600788894798e-01
7.560336252844037652e-01 1.778834479387814138e-01
7.971827207561148487e-01 1.570786671666688783e-01
7.892797124149810717e-01 1.724129614589290371e-01
7.934690009606755190e-01 1.586146884168232740e-01
7.740191154783586658e-01 1.557539730623204999e-01
7.022495743890510012e-01 1.389263060998444932e-01
7.616315330665953676e-01 1.647641486965373547e-01
7.053308349380417175e-01 1.221810174133471927e-01
7.966592527295538462e-01 1.238770762665117042e-01
7.537699650346681990e-01 1.052327759809909002e-01
7.747359143613774535e-01 1.587501252207808855e-01
7.107770395157207988e-01 1.056602296297440291e-01
7.032351325787270513e-01 1.339926917588152022e-01
7.086633436589346857e-01 1.925633874951409308e-01
7.744962415609357720e-01 1.038747560672711179e-01
7.175127637992222418e-01 1.292789094735202204e-01
7.299155705219206869e-01 1.477236369838910435e-01
7.946761328343976416e-01 1.911952040090478810e-01
7.376980687979713958e-01 1.715346502057066014e-01
7.537946600054108437e-01 1.819275317487678567e-01
7.980159622134267439e-01 1.864381310498322286e-01
7.895795297440367788e-01 1.424722506888611573e-01
7.381238144814240565e-01 1.437149286816833405e-01
7.330007239702157618e-01 1.914676687444547554e-01
7.756148808532519201e-01 1.899169551877588069e-01
7.791246333358797793e-01 1.484663005940078662e-01
7.189362594581432120e-01 1.287770040251801917e-01
7.500135975209891726e-01 1.298664594271889960e-01
7.784303386230975175e-01 1.059990545112258209e-01
7.858496278056578133e-01 1.674695398293599702e-01
7.764493278564575940e-01 1.638809698539837878e-01
7.483026046371268336e-01 1.343811576357185344e-01
7.380964672602318144e-01 1.997045134694061530e-01
7.374470887358726134e-01 1.217849916838470159e-01
7.107885828807358752e-01 1.795098586411252306e-01
7.410731093081108778e-01 1.433753470467623303e-01
7.346676484819100184e-01 1.474804031297511087e-01
7.337744036503298650e-01 1.856970697258247260e-01
7.197401994448110463e-01 1.279138287011966635e-01
7.291634377036485537e-01 1.863188587650014827e-01
7.629766801957552635e-01 1.424614245701683879e-01
7.624099000773972845e-01 1.589627035550676137e-01
7.869304071304105141e-01 1.744274293979120594e-01
7.278914360494271873e-01 1.899400329577427549e-01
7.045056199751674741e-01 1.487213179070530078e-01
7.247030569407318934e-01 1.280090507120326404e-01
7.394542374180519406e-01 1.544035569407122832e-01
7.844065285197305837e-01 1.248523572570292561e-01
7.892331243199613988e-01 1.331535269268812882e-01
7.074324663496051047e-01 1.888509727256314497e-01
7.234924607997021972e-01 1.884772101252752408e-01
7.114117299265446670e-01 1.952677719762435649e-01
7.366742974881934636e-01 1.200983875645501853e-01
7.232260603495743734e-01 1.854082669371224790e-01
7.626822681141310900e-01 1.882732982908922326e-01
7.856179732295228701e-01 1.096860082066967168e-01
7.174076871563452862e-01 1.394719798366162444e-01
7.205549908863954078e-01 1.420670310691747318e-01
7.682670689877201253e-01 1.573727632032796420e-01
7.554954103702895551e-01 1.233515133656952478e-01
7.477652421138076821e-01 1.052427467824323948e-01
7.941238472683461724e-01 1.892437502391764448e-01
7.144135725105125179e-01 1.363438987234326105e-01
7.353562074066863907e-01 1.444850505999501489e-01
7.935750591285311017e-01 1.226667271284768157e-01
7.022622803582844186e-01 1.508675324757157710e-01
7.992273918678595157e-01 1.943350016970703531e-01
7.643956995248800679e-01 1.864594306221459552e-01
7.746549403410984969e-01 1.164831544911989203e-01
7.650570509357240701e-01 1.281758246046101057e-01
7.656805911212449800e-01 1.505588249135925982e-01
7.596848122709497497e-01 1.445243647976866830e-01
7.916706981214828298e-01 1.332360631195589895e-01
7.446902407135169710e-01 1.513433541195392806e-01
7.322846085908754077e-01 1.775067320660639880e-01
7.411150664875308935e-01 1.750169490777931380e-01
7.875803290562201076e-01 1.994757005355436985e-01
7.757912170095225823e-01 1.753324416524193463e-01
7.131950512614113613e-01 1.150014578346214567e-01
7.874302361164469133e-01 1.060461538867072118e-01
7.154847512723754299e-01 1.197962383567513778e-01
7.660820239848913360e-01 1.813138655080214767e-01
7.255389270630695497e-01 1.899659043361970889e-01
7.193603145269982235e-01 1.366244793493627263e-01
7.054805847069947067e-01 1.445699152220442929e-01
7.792241297283929446e-01 1.370838187340095438e-01
7.861162312476559499e-01 1.519534030545015013e-01
7.154897256145500428e-01 1.840548023197153271e-01
7.220014101909724147e-01 1.149900012205951338e-01
7.885917551333557762e-01 1.365821470884404920e-01
7.937993961931533171e-01 1.883233215840612318e-01
7.486414177368372336e-01 1.115242995838624795e-01
7.899397561535060897e-01 1.808053616008421516e-01
7.284848798305154638e-01 1.897431479997514492e-01
7.545918297239505579e-01 1.800707693594000569e-01
7.363270579430050145e-01 1.557051868519386539e-01
7.632962038666870619e-01 1.455036285953080766e-01
7.084233477591127537e-01 1.880120748950055154e-01
7.909732229164462280e-01 1.443988749017482975e-01
7.566977963318861633e-01 1.934954566935072617e-01
7.139686804119953489e-01 1.915447378705966430e-01
7.513423167327468732e-01 1.048640460568741606e-01
7.457778494361373411e-01 1.765966576773547736e-01
7.984739234782763928e-01 1.565024044972879447e-01
7.089351275106399175e-01 1.148381743767859786e-01
7.549838710001447462e-01 1.009413495882062195e-01
7.105573874719677274e-01 1.349011031356754375e-01
7.611798444495174731e-01 1.018726778605840433e-01
7.507559507367457252e-01 1.677710611307004496e-01
7.960903849878497862e-01 1.451334765367561785e-01
7.313174687475242353e-01 1.638723275978947180e-01
7.254051704311257343e-01 1.614923669966717157e-01
7.768646573833617452e-01 1.255734898468855443e-01
7.680712525515255296e-01 1.458119827540222957e-01
7.291440218956695141e-01 1.148900276166090473e-01
7.000160333698216553e-01 1.918191360590270622e-01
7.860438208511915104e-01 1.381555706731771305e-01
7.543456532659897906e-01 1.982308034595777757e-01
7.150004869665833596e-01 1.452330476644484170e-01
7.251342162055647300e-01 1.958256000161543997e-01
7.702764587863125678e-01 1.934581478017216860e-01
7.145483005755673966e-01 1.553216919141918451e-01
7.215983103831155043e-01 1.919941224184243955e-01
7.863907950042413608e-01 1.666140452180828180e-01
7.356914351086234483e-01 1.885226582665825990e-01
7.336506185400544222e-01 1.879457048571999134e-01
7.843050511844705808e-01 1.790329306648091590e-01
7.627046020412983074e-01 1.041803792923752525e-01
7.810036521282734956e-01 1.971724797314009514e-01
7.125489693721827056e-01 1.916104670825640177e-01
7.555013233979571696e-01 1.714648114577613791e-01
7.296026968385035394e-01 1.458028141602990269e-01
7.746656609415870642e-01 1.298271273238936208e-01
7.831352420594138719e-01 1.204541461944555469e-01
7.977959873332856056e-01 1.293176327110248103e-01
7.143726697275938342e-01 1.514805056542790351e-01
7.177133955205241556e-01 1.915192890484508359e-01
7.121984718607911047e-01 1.918548130990840317e-01
7.022146520223654376e-01 1.077857014410338321e-01
7.441152544880708097e-01 1.285360096611369018e-01
7.189368644188037782e-01 1.577176866138980116e-01
7.382794122458653518e-01 1.729029073696536356e-01
7.516146123785123478e-01 1.727646053968340256e-01
7.020552655362440886e-01 1.843173389043705201e-01
7.514137401100967617e-01 1.332664650345244117e-01
7.076029877011087432e-01 1.835192824701304959e-01
7.741006707012205723e-01 1.608406262619914429e-01
7.662769546393564113e-01 1.490628173013182067e-01
7.211739749416904433e-01 1.372069566351107328e-01
7.786343143055948213e-01 1.161031277404814266e-01
7.479221335071506438e-01 1.950217940071718448e-01
7.446856572227564808e-01 1.840541965059396823e-01
7.088396570610562275e-01 1.187327529417060989e-01
7.165341637171528388e-01 1.707238599805719903e-01
7.416799029998819570e-01 1.598885017604385339e-01
7.405916903851066380e-01 1.344632541727010522e-01
7.595295406816309214e-01 1.873661698981784474e-01
7.265936825195065119e-01 1.050443122008309360e-01
7.607498406841615157e-01 1.472756243205061433e-01
7.705453318275122809e-01 1.230088555655795279e-01
7.111568564515755586e-01 1.032117648940232280e-01
7.032845743121390880e-01 1.337714511756788460e-01
7.063679891219444285e-01 1.952843269582847929e-01
7.496481761549228517e-01 1.818988121489419629e-01
7.668582184525190026e-01 1.580340293620461078e-01
7.096261048519615366e-01 1.777562442790939778e-01
7.679032489798670591e-01 1.143531317317267593e-01
7.150625255198868047e-01 1.965870065036744718e-01
7.082151114225603283e-01 1.631699043282954509e-01
7.575201586563122813e-01 1.296739831568267942e-01
7.245644162677543632e-01 1.690697973974567836e-01
7.687515461616550860e-01 1.797547048819312376e-01
7.818075489292891644e-01 1.557962169171977496e-01
7.445611741555562269e-01 1.051441439698678482e-01
7.945802674788067232e-01 1.967764250818641869e-01
7.918913701956787898e-01 1.563434833906603982e-01
7.326524491915298309e-01 1.518234018984259970e-01
7.234713067351339344e-01 1.219932678660919922e-01
7.442960456080176534e-01 1.422457300444419648e-01
7.495737499787537006e-01 1.751379146232706907e-01
7.957071026720444751e-01 1.517947423483574643e-01
7.647337753907529345e-01 1.322108844929709426e-01
7.467175073894795068e-01 1.187934720292128377e-01
7.888116862944098973e-01 1.918059079411687240e-01
7.193413269601452997e-01 1.861294782040524565e-01
7.150289233404329980e-01 1.477717609245695063e-01
7.391925751645123110e-01 1.946867692548675532e-01
7.423363670693894356e-01 1.542687484965239719e-01
7.219661576525101543e-01 1.832405805885015948e-01
7.403668056566221622e-01 1.616579418791839751e-01
7.047114924301537409e-01 1.412206062075274382e-01
7.195360722043723234e-01 1.224992478265009566e-01
7.419812449598118809e-01 1.321316491183748831e-01
7.996667970907658241e-01 1.274247156866029906e-01
7.563537606640886590e-01 1.770006112421284028e-01
7.127875024706605833e-01 1.021452926973814845e-01
7.138953290416342190e-01 1.913201558923906531e-01
7.902619368048606763e-01 1.284213424565819328e-01
7.319467648073822996e-01 1.215785755056141837e-01
7.521854589378096367e-01 1.692065827903784792e-01
7.463886098483045739e-01 1.713740784105344805e-01
7.996419820905584785e-01 1.556336208804635635e-01
7.596198529718801717e-01 1.978691754397879921e-01
7.122325743964810219e-01 1.938050339065924832e-01
7.999497767785693769e-01 1.242529820996284839e-01
7.619549679363308847e-01 1.017051548021654650e-01
7.593443614425740007e-01 1.604454043837686694e-01
7.399482311241334376e-01 1.857315131030000122e-01
7.505136931703050296e-01 1.618050345278687352e-01
7.040936906661249273e-01 1.668533302248249028e-01
7.090536079529483615e-01 1.543207352046984115e-01
7.711025878872795891e-01 1.617575273987547357e-01
7.339983813614482377e-01 1.740358379764917474e-01
7.500920755810778218e-01 1.062645910206615196e-01
7.398642230494409944e-01 1.275475050404220878e-01
7.925818562611905982e-01 1.485181101863979891e-01
7.458669960606202354e-01 1.211356296665601351e-01
7.253885526023937658e-01 1.484493223154930153e-01
7.873903928684174991e-01 1.739854173954695216e-01
7.049186992649220107e-01 1.954497773574420116e-01
7.331921776554813919e-01 1.257684408330039805e-01
7.669882474902610658e-01 1.875437156115398740e-01
7.290916938345080034e-01 1.011416767084481472e-01
7.531312446002353944e-01 1.768681257044539823e-01
7.926970157573730580e-01 1.760370787383211399e-01
7.956755250563996018e-01 1.602316851276740506e-01
7.786702303467392117e-01 1.508670087877111710e-01
7.629286861632040839e-01 1.380995060448622636e-01
7.231811931075374789e-01 1.752801901575903321e-01
7.239712670349247592e-01 1.266680497694331053e-01
7.955362480968091177e-01 1.838647840197461247e-01
7.959638858372158898e-01 1.214246540993111079e-01
7.992553329056940603e-01 1.579690598346528974e-01
7.627174244175903839e-01 1.869760899052773651e-01
7.284936257039302809e-01 1.447546893150709613e-01
7.040324082672669848e-01 1.440243129874521077e-01
7.613009741786365137e-01 1.801457664566274985e-01
7.308045536549526711e-01 1.056238774760858978e-01
7.116118675909193225e-01 1.182898630398618312e-01
7.956671194638254008e-01 1.839692619511116567e-01
7.974592014932023742e-01 1.066670631531177471e-01
7.762259134498716850e-01 1.854497756739303949e-01
7.274069899968249597e-01 1.592663883539050806e-01
7.281585218850373797e-01 1.012949079705163236e-01
7.372199188264522141e-01 1.932668443897880284e-01
7.535464029398933894e-01 1.294637464277758609e-01
7.742367519731333525e-01 1.992085722817840132e-01
7.044455258210928772e-01 1.671666651886160593e-01
7.772145065982857259e-01 1.132414934288040465e-01
7.820004472504432647e-01 1.402699808220946309e-01
7.851430532682062147e-01 1.498049666061328777e-01
7.510498569230895649e-01 1.392791541778465869e-01
7.328017955091570279e-01 1.898217334501253739e-01
7.799595261170531035e-01 1.275793739141452277e-01
7.526208249597252653e-01 1.459922167508066748e-01
7.037930058287515944e-01 1.623461430251696980e-01
7.380574785696010220e-01 1.480405562670627784e-01
7.535594624635965078e-01 1.958054605789915914e-01
7.893162893301925997e-01 1.568921650047818694e-01
7.689636399312312909e-01 1.937697923019132684e-01
7.026429053457288187e-01 1.357688803121335774e-01
7.103572901786421312e-01 1.067146456350556993e-01
7.734566653686715254e-01 1.226746827003950269e-01
7.865885949628840246e-01 1.935461566942640599e-01
7.273531495843738037e-01 1.831363050459827169e-01
7.339434208878943267e-01 1.588526496918080400e-01
7.320085649159855379e-01 1.418826064935888587e-01
7.172655582455820245e-01 1.048554972270941132e-01
7.523179479573065542e-01 1.151803320866378877e-01
7.950970384517541678e-01 1.834041350760500788e-01
7.263573818087740719e-01 1.996290203611136294e-01
7.733665764903946416e-01 1.595993332587505587e-01
7.453836279119770980e-01 1.980258933323491011e-01
7.861486844806249152e-01 1.895104433530374610e-01
7.683707271550448414e-01 1.116713869022562533e-01
7.169931747962086099e-01 1.210622163294262921e-01
7.431726642759367563e-01 1.149760837457016460e-01
7.876844211686926389e-01 1.725865278967712302e-01
7.512059071144562283e-01 1.887939646268021465e-01
7.052625519203831184e-01 1.465938319904958598e-01
7.481567544585808749e-01 1.418710805509550976e-01
7.071707866602734427e-01 1.741210120508534520e-01
7.350561316586988747e-01 1.360013157759874802e-01
7.687147079006044770e-01 1.251986345472043127e-01
7.309387872999235647e-01 1.439802727431761242e-01
7.159537606630010931e-01 1.895430327260508030e-01
7.502624897728799036e-01 1.884425731339818277e-01
7.064150567309254170e-01 1.713167982270313028e-01
7.580899037627714110e-01 1.403703758902213328e-01
7.988280970792760449e-01 1.585940575677892983e-01
7.292162334659046952e-01 1.442618497455804005e-01
7.881787439488263658e-01 1.546340396700118525e-01
7.598405985810121610e-01 1.000096333715701780e-01
7.111144194390551787e-01 1.232980416674658852e-01
7.718323184176498764e-01 1.310799766798105281e-01
7.084002253136688632e-01 1.596115288684047950e-01
7.070244298021379770e-01 1.081441761042531702e-01
7.914792430519130839e-01 1.588869828355632396e-01
7.536092136236465233e-01 1.849963752353403490e-01
7.408233144927132141e-01 1.429579576944769170e-01
7.904110908511818856e-01 1.936801986579110846e-01
7.314551712966276265e-01 1.592381808892991135e-01
7.914247343263033363e-01 1.548494619532285177e-01
7.400630513361238227e-01 1.329502640674379843e-01
7.776000785634141765e-01 1.205334638567250038e-01
7.128261198472357618e-01 1.620698911624155192e-01
7.494672628422656135e-01 1.150846042379009837e-01
7.486116279275744079e-01 1.824143425961807230e-01
7.936934705357483466e-01 1.011894454576363900e-01
7.533503103738184992e-01 1.056416030751294033e-01
7.087707063908245120e-01 1.241925391172461757e-01
7.513351286649488925e-01 1.790767372725564077e-01
7.864280780635382051e-01 1.395133439361205818e-01
7.311571623103529927e-01 1.664474903841110243e-01
7.670808655315841662e-01 1.913706440649435570e-01
7.124347339252290467e-01 1.140325991444743337e-01
7.118019886991057144e-01 1.994854591102876162e-01
7.391370425877344941e-01 1.615208428099883520e-01
7.943686859243491716e-01 1.446080869898124788e-01
7.166717954470329666e-01 1.226677607180296503e-01
7.659529896488228573e-01 1.489220807999600826e-01
7.273980785336084942e-01 1.651994460003096410e-01
7.573802128382358667e-01 1.969773725586162483e-01
7.310011629436462544e-01 1.449607685230831777e-01
7.423242350783534338e-01 1.833601458630952918e-01
7.962970377571545466e-01 1.537187438368704528e-01
7.349774323004120147e-01 1.252818221587456149e-01
7.470070262577133136e-01 1.697021786007303634e-01
7.281305928925780879e-01 1.029337435637072140e-01
7.335707331327916414e-01 1.109382058173894181e-01
7.348002992415610946e-01 1.402798873913517763e-01
7.185469478665967857e-01 1.972395845364228462e-01
7.109707962213566157e-01 1.546060399013822750e-01
7.292097504013118625e-01 1.550343778016234075e-01
7.215885119611687992e-01 1.010960127291382071e-01
7.559655308953583397e-01 1.215107950104924173e-01
7.420282370923897419e-01 1.940230553923570911e-01
7.189533353630009893e-01 1.006572482348824238e-01
7.597437196834326834e-01 1.498428738431309415e-01
7.783029002741040925e-01 1.167400618803757228e-01
7.456854057107052958e-01 1.919907042317959833e-01
7.212819893489264000e-01 1.809955318497475929e-01
7.378963771429826179e-01 1.540128311726427224e-01
7.796758490936479546e-01 1.689783274726244233e-01
7.463623146442265321e-01 1.465714486578935105e-01
7.675140925797216962e-01 1.595276847314867907e-01
7.653462610114820652e-01 1.143848869927608092e-01
7.026669526005187016e-01 1.037184499314082464e-01
7.345707421117265712e-01 1.689513428876701917e-01
7.177447832043934994e-01 1.436165210898411038e-01
7.560488971419719872e-01 1.979441445792938237e-01
7.276798844087575269e-01 1.533303583832426875e-01
7.080829250161836397e-01 1.394920069780093974e-01
7.374221744797943012e-01 1.473173876122241821e-01
7.485083385687247848e-01 1.348764089579969072e-01
7.571793127659512956e-01 1.539603094734410260e-01
7.845031019366137670e-01 1.162813704312416485e-01
7.536443920062844137e-01 1.000160304803329736e-01
7.498711673190975313e-01 1.969738579223237751e-01
7.783509559364850672e-01 1.959219651848879140e-01
7.933946800142533951e-01 1.098667412269847266e-01
7.981439730239884289e-01 1.848735796537516740e-01
7.542844262316185100e-01 1.637731543720891969e-01
7.076714805067321201e-01 1.962941935736736698e-01
7.508491227973144166e-01 1.539110694454628447e-01
7.981514103060105558e-01 1.929524939232236669e-01
7.450284881654763991e-01 1.426679157971172951e-01
7.320510355956100224e-01 1.711079072075460950e-01
7.409336077460022540e-01 1.934740414174676293e-01
7.450338955814262976e-01 1.401460803951385947e-01
7.934199345025877426e-01 1.491587556535856895e-01
7.772850766998864458e-01 1.630494104833594138e-01
7.102020821087896563e-01 1.427368171669899655e-01
7.211417677001037418e-01 1.108025569696990120e-01
7.528045322660222860e-01 1.701052503462111010e-01
7.973819776779639268e-01 1.051267003299127534e-01
7.406419216456378019e-01 1.463760435132907822e-01
7.074028124995501710e-01 1.832054474814189815e-01
7.207067684950688724e-01 1.478231522071953297e-01
7.274105122698035775e-01 1.444218862052479846e-01
7.212916151466557402e-01 1.513046526107932610e-01
7.376346849141537376e-01 1.129898843666817254e-01
7.780724209061267160e-01 1.671401677093864446e-01
7.137946559117788192e-01 1.236794547148012680e-01
7.657583630497568628e-01 1.080573853164835396e-01
7.528200932563999803e-01 1.077791823597783472e-01
7.740046860999135747e-01 1.914078692002749160e-01
7.983844361854933736e-01 1.849771846511023832e-01
7.829289255477287490e-01 1.799683470784217698e-01
7.501044831930281376e-01 1.135463700512244767e-01
7.029890698312056818e-01 1.720326283835564574e-01
7.669444768052779970e-01 1.011760133847065257e-01
7.302049946587704232e-01 1.373830111869610016e-01
7.330361265708360552e-01 1.821008080040353583e-01
7.043510134759929375e-01 1.563122502681910941e-01
7.571830072528966671e-01 1.839498036263464975e-01
7.640545261745183003e-01 1.587726682224782915e-01
7.975484971383968169e-01 1.606232300562470683e-01
7.928396950533573850e-01 1.440812038319197741e-01
7.314026118829780598e-01 1.977631506317663879e-01
7.805144282623548424e-01 1.382860037791992791e-01
7.176575508105945689e-01 1.674310782394627939e-01
7.047065183787367681e-01 1.234488542167428704e-01
7.574146760398441369e-01 1.846941386290342768e-01
7.639930967475093704e-01 1.512346023238816950e-01
7.792666927339697569e-01 1.912172969492513808e-01
7.247878849568953896e-01 1.506775846031551125e-01
7.881406690600064602e-01 1.940041455791217118e-01
7.285165947510462425e-01 1.541773952054853736e-01
7.667209417303219032e-01 1.686730919307467269e-01
7.451110823933919658e-01 1.615551440849304077e-01
7.395900938833909199e-01 1.626281319284235971e-01
7.081868330342345752e-01 1.038043283996212540e-01
7.836795773301608037e-01 1.261289077715429252e-01
7.070837802397891281e-01 1.536967950411899653e-01
7.379685329755201195e-01 1.660313770932357047e-01
7.500230029664651799e-01 1.909384752687749986e-01
7.275515187442618270e-01 1.323263263165837256e-01
7.309253977846595918e-01 1.036484795159284267e-01
7.115433848493859514e-01 1.542891906208566921e-01
7.169216450177640088e-01 1.526021131993863245e-01
7.070687532736823488e-01 1.649608982783963562e-01
7.745303098539737530e-01 1.592266095053354313e-01
7.734774143084761633e-01 1.919782091006902447e-01
7.989182246688396605e-01 1.915955437299908803e-01
7.866358497058697496e-01 1.379951725382927152e-01
7.702158655729766101e-01 1.124711882822335418e-01
7.177262746679782257e-01 1.715517054534426156e-01
7.832338914561487453e-01 1.470996627080171926e-01
7.807504627889524373e-01 1.478355105330923791e-01
7.768797045203682528e-01 1.400624276093952181e-01
7.848752739519834210e-01 1.754329077242857138e-01
7.247875359216019442e-01 1.253495389987358821e-01
7.513332439010002028e-01 1.221288924827283462e-01
7.926136342297056547e-01 1.276083020666042844e-01
7.457197110775981574e-01 1.967086325156534032e-01
7.694376074714874836e-01 1.334805497327184731e-01
7.779675012827891312e-01 1.892974947568319966e-01
7.135102537333080086e-01 1.347483929537212355e-01
7.745280560601348618e-01 1.665090272013944883e-01
7.786466801966919205e-01 1.786102804949707412e-01
7.371796836308883716e-01 1.918252884003586456e-01
7.238421066955695871e-01 1.255573343272405051e-01
7.791572741602516006e-01 1.603316527996109520e-01
7.227339943101019903e-01 1.715042377877695479e-01
7.806007505725400808e-01 1.266532879831059888e-01
7.855062634350560291e-01 1.848652582194866834e-01
7.554898867008467134e-01 1.176180903056533722e-01
7.512870386941875589e-01 1.104398669755248252e-01
7.410050572795994217e-01 1.300160841249088373e-01
7.567779119346021988e-01 1.984803116926961153e-01
7.787029313711646417e-01 1.756351453225232784e-01
7.653495783235888528e-01 1.041390351345623799e-01
7.273603433644448835e-01 1.790586518737244393e-01
7.270681258296388672e-01 1.209473700438582211e-01
7.663569859898182735e-01 1.402898409756430098e-01
7.125578049194379870e-01 1.434463238139852548e-01
7.971866931169524495e-01 1.940663627366359112e-01
7.192428128428813849e-01 1.259276943314258379e-01
7.457517319906048492e-01 1.916448158729831819e-01
7.157957160305220556e-01 1.351288313951979347e-01
7.041130159341146832e-01 1.749425269451924669e-01
7.735547639813147303e-01 1.962939971113238369e-01
7.181363604484518603e-01 1.685841021721781463e-01
7.288041524350653555e-01 1.249610459437627552e-01
7.613102211016825605e-01 1.659901912487974918e-01
7.981370283162086965e-01 1.599453557846340357e-01
7.418549092117634469e-01 1.155595970926706628e-01
7.951696652374351526e-01 1.881833828726430236e-01
7.551102633283701682e-01 1.876702737330503967e-01
7.456846542027376623e-01 1.528794055229844018e-01
7.655269745620468802e-01 1.424072286319590652e-01
7.259235180070776616e-01 1.671865671186584246e-01
7.159812081520533500e-01 1.220692122211256281e-01
7.937378497222818963e-01 1.573203800341158864e-01
7.279143139312317379e-01 1.682971775491569622e-01
7.657257683824328920e-01 1.761952828048218012e-01
7.848712136719826482e-01 1.157093256194965669e-01
7.408758995191389030e-01 1.645327890905887158e-01
7.083020661443713006e-01 1.317040939981402869e-01
7.805573512129261315e-01 1.344029780081182901e-01
7.739363127676300858e-01 1.971938084995709661e-01
7.996346841357804269e-01 1.453547228835781746e-01
7.601931497582824493e-01 1.273461903081854196e-01
7.719390694982974921e-01 1.213014807195040290e-01
7.475120635085422682e-01 1.929103100615199851e-01
7.100692655520489671e-01 1.655192878428862757e-01
7.558364762530349612e-01 1.061859194992514355e-01
7.430548875345588389e-01 1.704725754056332365e-01
7.809248227307108436e-01 1.778752861850044775e-01
7.391412481612819052e-01 1.385504190395239754e-01
7.721342322302334749e-01 1.599781977786125520e-01
7.029314808088511501e-01 1.949387038132122107e-01
7.214315680073114523e-01 1.245960854347110125e-01
7.255910455599836606e-01 1.816712743757300241e-01
7.604455253998657627e-01 1.636164809794679875e-01
7.293720060300156183e-01 1.227896120271524116e-01
7.242912223039984498e-01 1.149010300634236148e-01
7.443931628732040062e-01 1.616630627898253403e-01
7.808475007314084060e-01 1.065646766614574970e-01
7.643879628358165590e-01 1.223562857083116406e-01
7.984493859096372104e-01 1.963435093363921080e-01
7.097134042505711671e-01 1.841782358864769431e-01
7.088638799901313403e-01 1.311754817484566960e-01
7.402476403690917417e-01 1.609515606804952093e-01
7.950452157474650061e-01 1.406629524220926741e-01
7.566067836352108333e-01 1.633518429764947155e-01
7.675965525653150046e-01 1.934421877085258090e-01
7.407453732004481983e-01 1.023023919574301555e-01
7.526488803170574560e-01 1.987921758210463019e-01
7.599587739103921269e-01 1.468723503170980549e-01
7.822136360380510522e-01 1.211860431388201986e-01
7.078325437395873720e-01 1.434012669367312198e-01
7.642272398344953643e-01 1.928914985567644902e-01
7.155043794926568834e-01 1.196479329862620566e-01
7.255864040965523953e-01 1.514246916232487306e-01
7.514739600718730594e-01 1.129239728464621895e-01
7.792244041451292791e-01 1.612089067197997883e-01
7.390636513255477436e-01 1.260840812307638947e-01
7.630190327524259963e-01 1.816873498733672376e-01
7.874022864907757047e-01 1.105879531512485858e-01
7.372346034843111351e-01 1.443634457276982974e-01
7.731385585546413086e-01 1.330968335261548396e-01
7.134007982524359637e-01 1.881390652405457720e-01
7.131486365253570936e-01 1.753583117945886338e-01
7.785176861071660959e-01 1.848211634647597690e-01
7.730089987366475235e-01 1.024070363507138259e-01
7.254128924875777873e-01 1.645406654490493836e-01
7.482894544676501614e-01 1.091917652136703276e-01
7.648879180705313585e-01 1.370368539437756827e-01
7.225380427369532121e-01 1.155780069418894662e-01
7.946621875574019223e-01 1.877754642381165295e-01
7.299372756066485612e-01 1.734126953695986351e-01
7.832651057251227567e-01 1.913066644348956069e-01
7.473279080688004505e-01 1.289518683842599822e-01
7.273272551481245740e-01 1.319686480171974319e-01
7.288452014574815507e-01 1.542277105615492694e-01
7.643423981201793449e-01 1.307367087442573572e-01
7.968603921059846940e-01 1.197312058934172085e-01
7.457593486498159674e-01 1.023011886593734598e-01
7.958337711779404078e-01 1.922234836239490874e-01
7.760461779265550586e-01 1.434952171041793123e-01
7.470491540042385470e-01 1.261746673340262137e-01
7.160565660998038373e-01 1.482094843452685662e-01
7.360827751483292047e-01 1.159666380488810766e-01
7.172321658185198956e-01 1.366970890757168988e-01
7.794626099719591528e-01 1.599679520563168644e-01
7.390585984572098921e-01 1.189978057575899195e-01
7.969001249368846684e-01 1.268157216762272888e-01
7.312666977341428787e-01 1.970830985299471538e-01
7.166962897025628276e-01 1.477840625894472071e-01
7.416134613450574564e-01 1.670882234777841813e-01
7.742618270409485914e-01 1.730167385938086166e-01
7.721967998188434823e-01 1.571166759319832518e-01
7.217615730438363686e-01 1.295691532869241436e-01
7.000234789398172008e-01 1.573670411851035011e-01
7.360657940585830783e-01 1.869097256682149544e-01
7.316791387257208790e-01 1.342192212278714714e-01
7.690168109903309235e-01 1.183753743841158279e-01
7.673791101458885544e-01 1.302514660449892170e-01
7.523768915628059606e-01 1.982442523818488400e-01
7.019848572602136461e-01 1.305174257131221649e-01
7.812166431948938117e-01 1.352164331279210874e-01
7.723261654259562237e-01 1.912855434179413505e-01
7.572426411554985526e-01 1.606039199578938315e-01
7.279461394933142149e-01 1.091906298538037612e-01
7.964332771535048705e-01 1.638432801864397048e-01
7.120801054136726149e-01 1.633431098995457298e-01
7.970721109759638656e-01 1.716354065691223507e-01
7.607534481804579807e-01 1.818122312572360011e-01
7.321164832698421332e-01 1.535184986402126361e-01
7.853015643610128382e-01 1.294563325956790689e-01
7.324813562811424150e-01 1.473767757650099042e-01
7.221163940035709716e-01 1.041219638014649895e-01
7.778579490563257703e-01 1.095416934821165922e-01
7.460943535946614746e-01 1.338630264146294657e-01
7.302392303760135706e-01 1.740918296817539901e-01
7.115350662647321744e-01 1.131639622898418795e-01
7.208188635928164389e-01 1.371442947446543936e-01
7.703731647370488655e-01 1.881181555000010219e-01
7.336362905830676739e-01 1.752347500250192036e-01
7.644395177326220869e-01 1.788372285754245283e-01
7.864820994870078685e-01 1.036049327206323423e-01
7.999428761991749237e-01 1.529089228129510980e-01
7.493821334865238271e-01 1.278136790202872852e-01
7.984115092296193428e-01 1.321353608610589814e-01
7.965201303852773584e-01 1.724431145742345850e-01
7.367007520493824568e-01 1.410836072559444321e-01
7.096075310961649230e-01 1.930835818358890288e-01
7.998500551059078978e-01 1.829424358739079326e-01
7.286323896290199942e-01 1.466293908025066428e-01
7.722197327418053314e-01 1.451070700519525858e-01
7.256687462654868304e-01 1.973537870278352924e-01
7.915458723725903312e-01 1.510971175052394644e-01
7.533265296371806086e-01 1.887424784878469208e-01
7.073985485522006345e-01 1.004795723621987324e-01
7.789767867860674100e-01 1.629064199799299950e-01
7.821011102252665159e-01 1.953090379694992773e-01
7.529928164856950490e-01 1.079859679853041043e-01
7.631018615865127197e-01 1.767560805137276536e-01
7.219199044528880060e-01 1.767888994624923493e-01
7.655697735867973419e-01 1.994507744529079862e-01
7.349290620688238018e-01 1.755263503069472708e-01
7.367665049154392687e-01 1.335978157084457274e-01
7.510959508674036611e-01 1.607008973160403142e-01
7.567850766396514439e-01 1.161709279240168702e-01
7.157949747917151662e-01 1.898109677278271845e-01
7.339854850258663577e-01 1.928843109330871664e-01
7.675501255891623575e-01 1.995489646858044364e-01
7.919468303732186687e-01 1.600186426033887999e-01
7.817912915072702251e-01 1.962015491784087351e-01
7.909554799571290040e-01 1.445428266809856144e-01
7.646480715206228629e-01 1.461509319055638301e-01
7.996945444757317389e-01 1.106998416968549837e-01
7.958680106472389992e-01 1.806588317211110239e-01
7.936102887331633049e-01 1.966294791963325572e-01
7.652122809407835291e-01 1.248001774034231126e-01
7.248179488152037830e-01 1.585438398681317806e-01
7.721870702079207671e-01 1.291982068753538826e-01
7.240720963906323027e-01 1.866129831587485244e-01
7.446567133797232785e-01 1.095439772777569154e-01
7.085553650037903495e-01 1.515036752775581752e-01
7.417233647083517623e-01 1.987913091044795355e-01
7.987710986329010776e-01 1.781061233850826098e-01
7.440342653014453411e-01 1.250228582436510583e-01
7.951329853515716195e-01 1.798008573563705248e-01
7.537681823638935352e-01 1.102581529095264246e-01
7.762194211492275953e-01 1.022001505147103473e-01
7.260242430766302713e-01 1.643830551116957084e-01
7.229875963818345186e-01 1.276758485553098066e-01
7.827709324085247999e-01 1.927208691466965607e-01
7.439783506519178635e-01 1.780732559712898400e-01
7.013959320948299769e-01 1.488390830371698337e-01
7.456019052981696094e-01 1.246285770273353188e-01
7.556225434342683789e-01 1.269913978715641323e-01
7.471676080192385383e-01 1.184050798341146349e-01
7.995352448489283503e-01 1.567611685246611541e-01
7.068075523218355638e-01 1.603516477690498654e-01
7.710607871163688287e-01 1.621980261456444361e-01
7.434650756378449188e-01 1.021261853886040460e-01
7.299283977367549969e-01 1.335659398192450276e-01
7.106364666286131282e-01 1.933642234821174311e-01
7.490452711777477735e-01 1.307769534248378884e-01
7.313373066020318891e-01 1.265486373605555215e-01
7.359551680156140030e-01 1.439866915704298977e-01
7.485965308448967459e-01 1.244659660155766900e-01
7.582002391399843555e-01 1.330533392206140753e-01
7.618938482156292213e-01 1.488239881112338181e-01
7.890753123947028547e-01 1.927841691924149781e-01
7.990534007925851334e-01 1.766583093181979813e-01
7.557887208758522490e-01 1.457783376931694186e-01
7.333474856128631147e-01 1.366732849219884915e-01
7.914798910781359886e-01 1.554667179852177172e-01
7.406897448518561244e-01 1.871683310396420608e-01
7.466720792659482520e-01 1.410918997234385519e-01
7.316726810962439487e-01 1.407247394923563655e-01
7.830464496241023031e-01 1.672970978928087771e-01
7.623535162442869328e-01 1.317220627987274739e-01
7.022190192382113949e-01 1.417893958104457230e-01
7.199747545272504601e-01 1.500002399612802018e-01
7.038505576869579228e-01 1.525073879498133333e-01
7.325297763196246814e-01 1.384585396157202442e-01
7.923088758147351918e-01 1.656452046728484895e-01
7.527204667887104073e-01 1.138507274577033324e-01
7.005106022900134954e-01 1.606415979772938818e-01
7.824932782171580836e-01 1.313552217750932893e-01
7.557134099809993399e-01 1.913792334891332159e-01
7.087765238116908728e-01 1.425960377112825139e-01
7.297316329805942914e-01 1.188432754230284993e-01
7.563781586472828611e-01 1.901345424607817358e-01
7.760645608966926234e-01 1.487597863688362443e-01
7.233058159958084543e-01 1.905888287936050862e-01
7.577518776486071861e-01 1.470585144118969345e-01
7.691099390654378976e-01 1.469862184500432267e-01
7.067266713643222120e-01 1.467994500863764873e-01
7.477860003464944505e-01 1.070706599106641954e-01
7.794017824394715577e-01 1.166591764132084430e-01
7.460427797008881701e-01 1.765700197353379797e-01
7.166391352879687426e-01 1.320759154817171543e-01
7.979105773926208345e-01 1.011467138842891134e-01
7.591224987947133851e-01 1.041457728194732091e-01
7.637266527197204002e-01 1.207920268962913990e-01
7.248141421490773562e-01 1.456894842697109838e-01
7.363190461316331259e-01 1.382329668073086215e-01
7.009901624930315878e-01 1.814995653909779461e-01
7.584692688212388845e-01 1.821697911296217276e-01
7.123256890923190809e-01 1.708644664750052222e-01
7.274972603142946248e-01 1.307782611511553450e-01
7.920446309008991603e-01 1.052955715219872079e-01
7.832059574836274241e-01 1.764023297304722071e-01
7.485434552192969937e-01 1.868561953844417867e-01
7.870385004371691640e-01 1.611505968034560310e-01
7.457906228273601945e-01 1.886231736516251756e-01
7.897263242969412289e-01 1.837976489432408267e-01
7.771998831970993171e-01 1.185755901098121401e-01
7.722849301953622625e-01 1.703789256317456702e-01
7.190606734541409306e-01 1.887564828549527784e-01
7.598023962514802720e-01 1.905390964861245484e-01
7.720973973716634964e-01 1.068581199018083794e-01
7.577947035645056229e-01 1.951141172467075469e-01
7.792882063664147152e-01 1.735724813229544139e-01
7.998700039813149143e-01 1.768995230398051066e-01
7.827163893177627729e-01 1.778162046998601198e-01
7.182160454331386612e-01 1.098225353913554192e-01
7.110608720940012617e-01 1.093549780549400163e-01
7.536186298752679535e-01 1.888454124911177479e-01
7.219649614186107733e-01 1.847498371909124804e-01
7.830231295669132230e-01 1.781313231180958190e-01
7.200751085118222150e-01 1.570234551593973904e-01
7.359638149623398684e-01 1.226417121632658869e-01
7.256035378810705705e-01 1.545006381727551947e-01
7.381596087252570992e-01 1.964609378706927423e-01
7.877993471520243762e-01 1.598725365689422084e-01
7.571884480451043231e-01 1.732817201160304355e-01
7.112305974805047670e-01 1.830268691532128122e-01
7.133331853489321972e-01 1.919003090089383412e-01
7.626006791401463980e-01 1.653838672198635618e-01
7.190951813881045762e-01 1.852606903481900380e-01
7.662768157847349437e-01 1.762890301847066798e-01
7.886836544632004342e-01 1.141975360409806795e-01
7.493579260026351774e-01 1.091768823692457202e-01
7.474599067501417338e-01 1.266026686333419082e-01
7.894094439487060466e-01 1.034690305893306572e-01
7.313236730934287166e-01 1.882529363042022008e-01
7.349771539561859024e-01 1.959035283762574631e-01
7.441992404130508554e-01 1.627792325023662834e-01
7.444588071837782151e-01 1.109209295716889199e-01
7.273978106511906905e-01 1.447389737004338983e-01
7.750114239862520016e-01 1.922792271534672359e-01
7.277660509403326428e-01 1.217222986891424719e-01
7.521389614754909747e-01 1.037277479262438684e-01
7.172921360985754502e-01 1.342811808918413785e-01
7.565063712914660288e-01 1.030144297823665511e-01
7.813769786103187398e-01 1.167338631542836069e-01
7.359978216566668285e-01 1.351127921314840274e-01
7.880551049529962437e-01 1.978994258302426423e-01
7.876406647198551658e-01 1.113676983819114896e-01
7.627011941854818788e-01 1.266345653137362082e-01
7.420728827046145781e-01 1.366893860025788776e-01
7.556015510164665328e-01 1.539499793448064480e-01
7.523917125435173325e-01 1.390931684018017755e-01
7.119949845406315925e-01 1.130953940645592071e-01
7.618032566820307494e-01 1.907457554381344900e-01
7.238231680662440271e-01 1.719818636437487891e-01
7.728886985317645619e-01 1.584612346696994967e-01
7.906654881095480647e-01 1.031119277903300990e-01
7.987683147107513815e-01 1.943083885856276005e-01
7.035138358092763999e-01 1.837335375224313783e-01
7.881378715099054411e-01 1.803237048608764270e-01
7.281178000696317820e-01 1.261911989833640613e-01
7.888939390386691120e-01 1.447084320771454824e-01
7.655891084533983371e-01 1.740841326104420328e-01
7.863875757054272775e-01 1.633898070279465875e-01
7.421747600967375513e-01 1.047166302283589201e-01
7.222500651702196128e-01 1.354466377427552548e-01
7.424933439003104096e-01 1.654646154566364324e-01
7.600468487272667995e-01 1.688371494748391877e-01
7.729480762410539940e-01 1.610940252959816577e-01
7.949212617115969381e-01 1.715859978608078595e-01
7.521951707219929339e-01 1.825125571160264304e-01
7.359338400187849238e-01 1.285128311046998539e-01
7.678383972032699623e-01 1.076646555755041423e-01
7.664039575665276827e-01 1.033334933767136865e-01
7.178151042672847870e-01 1.233072597184882435e-01
7.361654213248580714e-01 1.931140565236544870e-01
7.801496473865711101e-01 1.677447614581130397e-01
7.120986064502849988e-01 1.902590659613720980e-01
7.185106277600140645e-01 1.822711221212062749e-01
7.777741024691606775e-01 1.592395862536201689e-01
7.981857459398763455e-01 1.294515056248018992e-01
7.132224047239705822e-01 1.233785748858697295e-01
7.250403360996852120e-01 1.411320860408266376e-01
7.034272737540733234e-01 1.225083331583046720e-01
7.177829880641534155e-01 1.353582660225168266e-01
7.159766654852347534e-01 1.809055741088705926e-01
7.635306887599471182e-01 1.588048399945672928e-01
7.289030310551136704e-01 1.017089280960423447e-01
7.675721313470740270e-01 1.660691235714081559e-01
7.487923499770331448e-01 1.387716590920268223e-01
7.919856652192319713e-01 1.562542790734378906e-01
7.557403996205792618e-01 1.193087759932003888e-01
7.211989620689654990e-01 1.862319536575013090e-01
7.608376934066045649e-01 1.323193416079045948e-01
7.033739993391334711e-01 1.833758910702973088e-01
7.485325330387830878e-01 1.933895292384127385e-01
7.726162026564319385e-01 1.017593227140338175e-01
7.619670796010944436e-01 1.124683689194163616e-01
7.202980572200112785e-01 1.984401542084739956e-01
7.980468694394798890e-01 1.051607176686664424e-01
7.316455030865632869e-01 1.934023860069832290e-01
7.559949058419461743e-01 1.363974842540536525e-01
7.679897492209538656e-01 1.645600224655676402e-01
7.434346307132291276e-01 1.684033307881372399e-01
7.148358391307949589e-01 1.144681932506317057e-01
7.348829254754872808e-01 1.943831740051549517e-01
7.580653427753339946e-01 1.980099084265551923e-01
7.852337063859671229e-01 1.748990606376922274e-01
7.536583835039766255e-01 1.881162295148758046e-01
7.701736882360931125e-01 1.857902043733304642e-01
7.469660244282384509e-01 1.781824439612362254e-01
7.542481903982188873e-01 1.120778893724310721e-01
7.100049416166619443e-01 1.904069910292755519e-01
7.509659006268974979e-01 1.965468386034096016e-01
7.439802575103030557e-01 1.606493073870240984e-01
7.365076411330856443e-01 1.536218217278525755e-01
7.868641938967977367e-01 1.454751431528822636e-01
7.744047010037735657e-01 1.332730444284969118e-01
7.676227304938325613e-01 1.084687788418838839e-01
7.147204283038915973e-01 1.113886478619189602e-01
7.685609216999939042e-01 1.385828409459133326e-01
7.647310429675796550e-01 1.184500682167487773e-01
7.490555478742043638e-01 1.315886349489276685e-01
7.807436442291041390e-01 1.687099911295966426e-01
7.375664214245531980e-01 1.226317408933314257e-01
7.408391661117803562e-01 1.166055724522606085e-01
7.134015024987029330e-01 1.109354854546529545e-01
7.523263283840718740e-01 1.433580293988489240e-01
7.959496953264308949e-01 1.106473126039406729e-01
7.624467486491085522e-01 1.000723864232438975e-01
7.268380888598774403e-01 1.790150103716119379e-01
7.605351392285799594e-01 1.347960136915621887e-01
7.109835333160662296e-01 1.578721300596236943e-01
7.454952282807654207e-01 1.568122969683141132e-01
7.561834751260334553e-01 1.594910673943015500e-01
7.045323375946236366e-01 1.476269113700891256e-01
7.961767516251752053e-01 1.608685230164958735e-01
7.450356709212013762e-01 1.043566319997631942e-01
7.340551770013792332e-01 1.339462656838046328e-01
7.592773605027365313e-01 1.327752549545391514e-01
7.110219098932282211e-01 1.241846897170727215e-01
