7.657826199501394093e-01 3.078336805385137320e-01
7.140381629580963008e-01 3.644163329486783121e-01
7.888147568952834643e-01 3.535205961103624062e-01
7.526292663990072906e-01 3.771222028782267310e-01
7.731031248895492425e-01 3.136406640529885714e-01
7.678787231987221906e-01 3.053649039072697802e-01
7.036120070205011956e-01 3.030475659300172486e-01
7.405056302635476539e-01 3.948435491213746484e-01
7.923728753502103928e-01 3.797202738561254454e-01
7.525476093229088725e-01 3.428920385378107505e-01
7.730029269891875998e-01 3.357941381417775539e-01
7.904218145117787309e-01 3.792790461838535521e-01
7.951544229659193164e-01 3.278173929296593347e-01
7.176773118956121245e-01 3.756546933965833612e-01
7.539969102422339198e-01 3.813917205568410074e-01
7.252008022291401845e-01 3.373664825609838380e-01
7.083959435637975366e-01 3.723200119163957433e-01
7.227362040029633450e-01 3.870241432029848938e-01
7.378377130240927340e-01 3.618619155210827110e-01
7.406419887378102862e-01 3.495576798757260573e-01
7.060816484914564928e-01 3.990441253998864291e-01
7.749178134537370033e-01 3.627497066700209882e-01
7.565810598068632986e-01 3.928151420123573989e-01
7.483461807410979327e-01 3.055652858891995671e-01
7.735676496855555806e-01 3.784804911298993435e-01
7.686176714811178146e-01 3.674958812311076572e-01
7.219248562049778162e-01 3.344117315495942488e-01
7.201172415434808904e-01 3.814232659702629924e-01
7.949623121402042969e-01 3.081334730783025222e-01
7.150214932172429538e-01 3.086099544076428836e-01
7.160240571846312463e-01 3.840065641421440135e-01
7.340477750955722858e-01 3.734400315366265266e-01
7.553535235853005014e-01 3.532582237227339661e-01
7.789226747236990267e-01 3.938349278830965972e-01
7.365594514816893312e-01 3.902223199795461506e-01
7.837762610463939739e-01 3.727001316906400907e-01
7.555370590702669142e-01 3.654277467856065775e-01
7.344990887898549259e-01 3.460204954071203765e-01
7.086878212918769071e-01 3.317234407567948851e-01
7.613166303512338695e-01 3.001707329861245666e-01
7.996768808774487036e-01 3.189866197073819021e-01
7.432753366220818947e-01 3.861044663868456461e-01
7.059007484641535157e-01 3.516079689880693415e-01
7.180518348629306713e-01 3.677497754932689267e-01
7.246417068470585310e-01 3.721725756706488752e-01
7.524406473513944871e-01 3.279756890143190051e-01
7.565119702407798741e-01 3.318444294276175488e-01
7.882539260786981528e-01 3.113459506219265482e-01
7.791476436267968930e-01 3.099456612796325783e-01
7.030994140292078365e-01 3.253184227538211681e-01
7.184659753522792958e-01 3.896818758525010251e-01
7.995035059345193540e-01 3.352221145432907612e-01
7.792695722356208776e-01 3.584853482019888515e-01
7.069522169280452184e-01 3.334643274562573145e-01
7.279679879895268879e-01 3.444326017776417337e-01
7.598270590093130217e-01 3.250169004455675803e-01
7.700248301721235311e-01 3.612559740102072592e-01
7.968058434542071300e-01 3.577001231548454507e-01
7.746702132530228768e-01 3.066182881528339843e-01
7.182027136842201731e-01 3.736283246336060682e-01
7.652334705935631698e-01 3.223276713721128228e-01
7.592625495688886117e-01 3.327327509334553346e-01
7.791943350103097687e-01 3.976307020258284530e-01
7.247947423128436872e-01 3.878365061847746098e-01
7.499871138299573081e-01 3.465329900774108407e-01
7.562116818095191428e-01 3.282950782514866828e-01
7.894792229427596286e-01 3.432251904821501109e-01
7.044043677363699407e-01 3.170816874039905642e-01
7.247272473344302801e-01 3.286766240802527772e-01
7.919730203818577952e-01 3.432318501617047657e-01
7.234963851255021838e-01 3.705316040688265700e-01
7.170981684366105613e-01 3.457917294993403390e-01
7.934980511594783570e-01 3.879670977947386468e-01
7.066106045708289152e-01 3.156298759171508594e-01
7.488171731467746506e-01 3.775641098524072370e-01
7.112369955425080770e-01 3.470571522630930827e-01
7.370332325865824874e-01 3.054462163246311479e-01
7.214646028256729293e-01 3.018696208283824234e-01
7.929724440799980067e-01 3.647218186666620898e-01
7.660840878366415030e-01 3.504632176540218302e-01
7.103650534150506290e-01 3.650211719971713786e-01
7.082715870737020802e-01 3.269742839372703491e-01
7.996860226874147326e-01 3.288036640108641939e-01
7.899413100841456981e-01 3.204888739736744818e-01
7.431046615468329675e-01 3.425872286291181124e-01
7.645555385011102434e-01 3.115541976111023126e-01
7.789673219739026155e-01 3.229037330096684588e-01
7.376029240524780706e-01 3.211952388400290404e-01
7.831984305885598685e-01 3.986950327747492695e-01
7.203799010108388190e-01 3.274461769422516433e-01
7.009012540103405353e-01 3.677094354070408189e-01
7.418518445346797829e-01 3.301500281766525657e-01
7.428755474683962357e-01 3.428474840771241761e-01
7.522080267198113512e-01 3.670570909475361909e-01
7.368946967374485624e-01 3.220667349169046290e-01
7.494991799086293538e-01 3.332679939402791169e-01
7.646637846313584230e-01 3.638119830034323154e-01
7.524304547675429999e-01 3.493435649460285841e-01
7.132188650035431454e-01 3.562388948938264299e-01
7.459351289087289283e-01 3.714462373812628670e-01
7.443020167088998384e-01 3.851151863373047379e-01
7.009278353993523281e-01 3.017355619320825078e-01
7.242506570561979551e-01 3.520914048244803141e-01
7.703866748706041934e-01 3.397212116098581869e-01
7.535668038744982589e-01 3.249126815337287089e-01
7.132342986169537546e-01 3.965116829068939253e-01
7.274285687587224158e-01 3.537180640039983559e-01
7.498432338993659130e-01 3.252026463580649507e-01
7.108602256792186935e-01 3.334130278124843305e-01
7.786612054552155548e-01 3.028686513271981462e-01
7.683249178068134455e-01 3.606558851020601475e-01
7.058966523624683465e-01 3.747693586903967367e-01
7.188587412758160600e-01 3.565556463930451003e-01
7.036879051593597501e-01 3.150785090616409212e-01
7.257009286159233907e-01 3.215042437487216631e-01
7.135033657583358391e-01 3.588289412790755528e-01
7.233812764235444392e-01 3.392654499548372615e-01
7.229694924954235269e-01 3.234084374736567180e-01
7.692396825326195398e-01 3.849533642783244947e-01
7.609411256398057599e-01 3.624456218281428832e-01
7.185712279736155006e-01 3.104824448480606458e-01
7.810330941754374257e-01 3.906258595627493113e-01
7.680645593247203973e-01 3.206708738412858417e-01
7.534292021734859679e-01 3.872383971829885807e-01
7.096948007644535705e-01 3.673868393929895504e-01
7.583872782998675177e-01 3.059775758906527199e-01
7.868815619654431215e-01 3.362608137634669481e-01
7.648739199612787365e-01 3.793289411497735575e-01
7.628483080726128351e-01 3.422073188071934613e-01
7.808784549451442958e-01 3.826525511701782123e-01
7.827651125203537452e-01 3.913755319247149700e-01
7.709363259502735044e-01 3.374812013588054382e-01
7.225280457999825323e-01 3.444227052751913654e-01
7.864715744658782315e-01 3.554422158148987654e-01
7.559317649288450625e-01 3.840942207638260997e-01
7.182510734559015564e-01 3.514222636290321722e-01
7.332639321106837471e-01 3.938490645243664101e-01
7.771215034987495329e-01 3.318422560910845309e-01
7.364923889916976663e-01 3.544403961369852474e-01
7.693397521343114942e-01 3.814408458818194236e-01
7.005334934507703171e-01 3.207140447122486804e-01
7.696059999574453858e-01 3.772231689827534318e-01
7.659703789103213811e-01 3.170799152775253815e-01
7.031128911660325942e-01 3.713702983720190698e-01
7.937406494052670070e-01 3.533471104510236271e-01
7.020852281337930378e-01 3.339120585809703945e-01
7.819034333340336707e-01 3.121463286268031934e-01
7.607281586868467338e-01 3.238597816564086074e-01
7.472642616793024883e-01 3.975780266868493840e-01
7.078915745058991238e-01 3.244558804179569766e-01
7.634598341951296385e-01 3.080964997710344266e-01
7.605400534731756590e-01 3.273366473445519231e-01
7.057439884696646848e-01 3.552119187786129118e-01
7.458028266236245152e-01 3.704644110003282309e-01
7.014302689460687468e-01 3.800362864197414092e-01
7.051475353046504635e-01 3.795530194286461101e-01
7.050873799965924338e-01 3.846207751686050447e-01
7.530423272301171034e-01 3.949420673284348426e-01
7.396593619225872995e-01 3.335589640654760824e-01
7.299060539401829306e-01 3.118373949824921887e-01
7.410456215770945265e-01 3.788430333975619235e-01
7.738413907442370787e-01 3.092049912751497209e-01
7.336156866255187925e-01 3.390924372693426281e-01
7.229396571234285584e-01 3.287495816971891527e-01
7.312088529941727089e-01 3.340079246414568992e-01
7.089012134891040651e-01 3.700985266844406540e-01
7.689775354163626009e-01 3.487678369109332155e-01
7.168032987301125036e-01 3.246592803756005452e-01
7.856691016443078102e-01 3.148708424126583361e-01
7.695415912397690628e-01 3.983020548516568726e-01
7.299698489238766186e-01 3.538890204174685583e-01
7.922816887289743093e-01 3.296851662061086041e-01
7.800100672633626386e-01 3.651597857761210708e-01
7.469684385990059683e-01 3.691032625074114337e-01
7.088098126341924043e-01 3.083353126615501205e-01
7.259852248426367227e-01 3.281216322428863186e-01
7.953797260887969234e-01 3.402037168133751899e-01
7.313283396490072308e-01 3.754683182292065657e-01
7.456301754824473660e-01 3.304706735504718274e-01
7.070866309449053144e-01 3.166420622100377114e-01
7.123887965144410916e-01 3.077760721301283087e-01
7.146558319020871464e-01 3.786385629794000174e-01
7.072694520874630575e-01 3.878908746958907861e-01
7.857380489362258968e-01 3.215802112110547339e-01
7.853443406600888466e-01 3.865614396605006609e-01
7.391706104218480622e-01 3.438174546055242087e-01
7.882494785016360694e-01 3.725781998130968109e-01
7.147084111490508151e-01 3.015928466978132771e-01
7.762136895904622191e-01 3.918560163981167910e-01
7.573715286203857033e-01 3.808618813923141944e-01
7.613091487087851883e-01 3.048261209244995107e-01
7.236374902770191797e-01 3.268577947119055138e-01
7.266999801575675377e-01 3.964471271880254388e-01
7.864189732045825387e-01 3.072769646675457267e-01
7.170121554349051518e-01 3.119352043602575675e-01
7.729453365461322889e-01 3.893423489303384777e-01
7.410565623815144054e-01 3.986193174133093597e-01
7.557189583676366951e-01 3.295458957130023014e-01
7.384831314105353428e-01 3.114486737025908281e-01
7.275208036308337123e-01 3.497031536197372503e-01
7.124577719445509549e-01 3.720835835505782452e-01
7.274052502783623364e-01 3.042149697686935550e-01
7.252086409199821615e-01 3.270185915424710932e-01
7.228381318603923633e-01 3.221595851341244598e-01
7.266850592004732157e-01 3.516351143449628625e-01
7.594191861437725732e-01 3.005212946378061356e-01
7.005006751328047843e-01 3.654453782806572626e-01
7.051086168565441348e-01 3.943313065479133739e-01
7.298964948142122600e-01 3.597000706217404753e-01
7.215568600393025278e-01 3.383149902362458938e-01
7.595656699982187288e-01 3.394658053668111464e-01
7.880212382873210686e-01 3.360770360227169906e-01
7.813552606665770117e-01 3.392108340462203775e-01
7.317182000451140089e-01 3.308272098736664835e-01
7.173469161481796919e-01 3.158957212572037765e-01
7.886008831274974318e-01 3.380149698997457763e-01
7.818507807125190112e-01 3.786037315161696615e-01
7.012666454817129136e-01 3.352612999202477240e-01
7.057310873533021445e-01 3.104003368440736987e-01
7.559262938339817994e-01 3.415560420250360329e-01
7.348245269432651661e-01 3.618485182150781854e-01
7.445120291749999231e-01 3.867227662576890879e-01
7.757026429006727009e-01 3.089722736500082889e-01
7.794204650180514005e-01 3.767472550657006702e-01
7.477532101230097705e-01 3.027181374993148655e-01
7.162557531984281578e-01 3.575617891458815478e-01
7.851101612101333282e-01 3.355956596957561100e-01
7.544611889298323826e-01 3.297424025746867882e-01
7.901908531333945440e-01 3.461119310759727674e-01
7.838694445882050665e-01 3.018255789384977628e-01
7.771715943212703648e-01 3.136403380157396503e-01
7.631637836050148005e-01 3.426363198696583678e-01
7.814146874918193042e-01 3.535664753825018547e-01
7.231559566206094969e-01 3.889824860900215064e-01
7.448133328594952474e-01 3.425801584717257375e-01
7.903624096028352142e-01 3.536905695632604485e-01
7.853086396288950777e-01 3.630679471949054271e-01
7.333759778264447027e-01 3.404970828641196157e-01
7.067282222333783892e-01 3.416351971710235857e-01
7.442101356885812979e-01 3.874358900279302742e-01
7.459494358518647950e-01 3.600673861366828210e-01
7.270400352516533937e-01 3.273809904528313663e-01
7.220609378383735510e-01 3.751968378686505456e-01
7.752343414172141456e-01 3.058158430786542814e-01
7.416076575239011204e-01 3.340152497702981171e-01
7.750578244932853078e-01 3.164335588099596586e-01
7.730676347064989740e-01 3.630642598345535932e-01
7.020513050223744500e-01 3.047414150189098336e-01
7.777457147539977855e-01 3.392331707710294353e-01
7.169204349590767578e-01 3.426020780419174461e-01
7.018188518021621913e-01 3.310877436479910951e-01
7.633221826341690663e-01 3.192144154710531145e-01
7.018639325551815356e-01 3.134222670798761934e-01
7.818657030897258053e-01 3.701911896005080083e-01
7.995924582732123476e-01 3.313359454763142864e-01
7.309591526564684916e-01 3.234323338746956100e-01
7.894675470379136639e-01 3.391536059188999808e-01
7.177743182841768155e-01 3.471742425481779692e-01
7.687144498468729825e-01 3.891227172492515152e-01
7.828711460735536809e-01 3.807099363987795360e-01
7.741024796027700106e-01 3.655217964284119825e-01
7.862193986913654786e-01 3.621964362066506515e-01
7.183374974757218423e-01 3.460100562910444766e-01
7.697417011313918422e-01 3.085307552002958253e-01
7.435705195850995652e-01 3.978102638090031395e-01
7.069900797587879149e-01 3.136218281700905997e-01
7.112076015835470111e-01 3.974035262860009521e-01
7.790972826734154921e-01 3.662232273392258541e-01
7.630186067451610876e-01 3.811782010599248371e-01
7.134451324197931266e-01 3.124009155524486436e-01
7.130996535580325091e-01 3.613408810618074507e-01
7.316435494530197925e-01 3.459163134470196743e-01
7.136563373286479717e-01 3.942153113140755560e-01
7.162594614968235129e-01 3.209873150140540310e-01
7.992216093946854505e-01 3.481806017246519280e-01
7.817224550860166765e-01 3.841106008855910692e-01
7.700628360115311377e-01 3.050235664203773678e-01
7.071298189184123117e-01 3.668449602657222197e-01
7.010375725885316101e-01 3.298824286346990764e-01
7.534107132912106763e-01 3.296865631565601973e-01
7.360371800837562928e-01 3.734177785212048906e-01
7.239230343025655490e-01 3.944417681323393321e-01
7.826517886080396336e-01 3.689438366481281872e-01
7.424563974465123728e-01 3.976463264894688487e-01
7.922716119507096089e-01 3.758090486812867281e-01
7.349187004989991001e-01 3.520871499505688895e-01
7.277758296355580914e-01 3.378603843732557732e-01
7.040418958465852750e-01 3.452264413575903412e-01
7.713684473054243096e-01 3.505075201808000585e-01
7.062497453871189323e-01 3.673948898858489520e-01
7.151765855535594518e-01 3.178107051907521075e-01
7.093653393412850949e-01 3.606989967447650214e-01
7.669715588821557350e-01 3.209321227746700922e-01
7.075325254303093114e-01 3.139355564495314166e-01
7.041602920815308586e-01 3.588526654522848913e-01
7.734127116071113361e-01 3.029042377123798424e-01
7.957598613041763080e-01 3.252234235262468909e-01
7.657587322218555315e-01 3.362622509876312948e-01
7.322151475547122867e-01 3.768387493600079408e-01
7.254349466657747936e-01 3.936972140622712057e-01
7.374862446257054449e-01 3.103922639367089897e-01
7.780674827229280277e-01 3.776915019116046102e-01
7.826685816662226625e-01 3.626574677036540906e-01
7.673280883175521705e-01 3.239815444664867483e-01
7.898654602451770090e-01 3.564925668558451832e-01
7.727345047184218663e-01 3.388858916748349048e-01
7.094015952729973984e-01 3.903579028938249373e-01
7.030118398809104274e-01 3.717598828577454717e-01
7.649811916001558743e-01 3.039304893064228574e-01
7.480439216654001244e-01 3.466464842809139912e-01
7.087236875331311969e-01 3.933340272029300366e-01
7.648459231853290685e-01 3.951765408112906108e-01
7.833119549856666364e-01 3.570104666979593278e-01
7.094319007940861344e-01 3.686232714470106808e-01
7.155037079803161504e-01 3.400089365150429366e-01
7.491312015994239237e-01 3.989457412404912584e-01
7.206354661344513968e-01 3.505017627176432171e-01
7.529921217468045214e-01 3.365898290792010417e-01
7.587376567034276320e-01 3.452009132483536691e-01
7.150055760681450767e-01 3.001512790953037024e-01
7.638050271763091592e-01 3.045271713387048829e-01
7.097300027438633307e-01 3.195276237234907502e-01
7.203183305962929106e-01 3.406863575353402673e-01
7.769829719693562842e-01 3.919402039623018363e-01
7.432016960063204669e-01 3.752241193733748537e-01
7.705324803945151624e-01 3.687060280574823712e-01
7.594328782810881862e-01 3.130568619468774849e-01
7.633146409550425338e-01 3.608019812152235550e-01
7.194722440703359423e-01 3.711442981563150001e-01
7.402802187730626038e-01 3.113689108131917349e-01
7.549601129297198732e-01 3.483301807699596964e-01
7.208437728655879839e-01 3.389784409793613063e-01
7.095428087657124072e-01 3.519753814074934040e-01
7.316743722148929541e-01 3.459430236494289712e-01
7.893857927358496340e-01 3.882556571778900123e-01
7.933347269847722538e-01 3.410694338869472153e-01
7.141769641694982740e-01 3.325069357616028953e-01
7.925989352815971944e-01 3.716231502596208935e-01
7.576583665009801738e-01 3.381756802156144492e-01
7.253343049543602428e-01 3.721579644369342188e-01
7.274125182492263697e-01 3.806945332302062446e-01
7.086791249497087497e-01 3.414853952739734799e-01
7.751607709788687073e-01 3.059413056215008475e-01
7.796589598745637950e-01 3.780902767015975607e-01
7.040915560150295960e-01 3.545450244226432956e-01
7.854682403225974330e-01 3.506102928605531743e-01
7.635288247746203627e-01 3.116320682463393776e-01
7.988248256544732140e-01 3.653477708854043216e-01
7.773587907961838628e-01 3.769932415896813938e-01
7.518700020872816081e-01 3.335547280187967090e-01
7.859297891290250027e-01 3.315543673270268665e-01
7.657844848682140437e-01 3.342305158825092382e-01
7.249946683317203266e-01 3.092884637526410740e-01
7.402286068315154788e-01 3.991486148843979009e-01
7.117687918944844983e-01 3.966478627371980425e-01
7.834604228053014818e-01 3.624049754471483920e-01
7.460897827363089929e-01 3.270084202651599159e-01
7.227909919524332372e-01 3.519116215829569683e-01
7.656880987215270995e-01 3.117687296696872723e-01
7.868993832616812956e-01 3.149153606511935766e-01
7.729056136868331928e-01 3.257972888358604546e-01
7.528258213296422641e-01 3.875241607416518019e-01
7.068866400441026210e-01 3.673797540378481163e-01
7.705051669946670900e-01 3.849713641858629187e-01
7.072504252808170522e-01 3.765915972354565433e-01
7.955670129941369018e-01 3.064781098461796249e-01
7.145022315343336761e-01 3.753487051242681005e-01
7.876542356334363948e-01 3.576149988115593370e-01
7.604995842928897742e-01 3.381533976447866907e-01
7.915548668885228345e-01 3.325910755971489552e-01
7.881847070789790299e-01 3.377748678500643864e-01
7.836821720065865193e-01 3.666582724965223861e-01
7.641042448810623222e-01 3.408544759277076230e-01
7.984993300039946451e-01 3.808561827444811865e-01
7.209518619025784281e-01 3.023520399199796649e-01
7.213193849907272304e-01 3.426620127289226603e-01
7.560327093735602633e-01 3.826789901928380200e-01
7.236901378048357092e-01 3.694606017083643112e-01
7.396056578204224241e-01 3.025623447447499115e-01
7.045618132773416864e-01 3.555774042855761596e-01
7.668008912117461051e-01 3.714384583371950210e-01
7.130874428149032163e-01 3.887104031238858282e-01
7.372748656597124528e-01 3.571530627255163903e-01
7.351745560956871595e-01 3.384024204438468297e-01
7.828929583225248123e-01 3.510561423345867071e-01
7.818260293807597350e-01 3.344965970939411393e-01
7.836143991156159228e-01 3.880257005529466618e-01
7.782044836324349957e-01 3.451275474119194220e-01
7.364046394216272606e-01 3.955886262593940050e-01
7.197445836092131177e-01 3.515172082540425902e-01
7.185400854960016792e-01 3.323829434861986232e-01
7.081480320178010768e-01 3.768819213983403138e-01
7.671025324792224431e-01 3.267429552286224004e-01
7.159619767031067950e-01 3.115591547225697311e-01
7.504790823133280497e-01 3.015988170980277716e-01
7.864268223441721606e-01 3.035077831679495186e-01
7.474154681577672710e-01 3.053192497662321481e-01
7.803163957694282393e-01 3.801934236971269421e-01
7.595296071079147282e-01 3.271755571949158670e-01
7.928617042647895241e-01 3.532082533252371981e-01
7.450001730307054260e-01 3.508674397445882276e-01
7.724464176756974387e-01 3.860702500802914994e-01
7.178959315930533158e-01 3.303454497903304810e-01
7.856975102033423308e-01 3.318779446244083942e-01
7.906004992678696830e-01 3.513861201668364020e-01
7.757340447223919355e-01 3.092581683875696430e-01
7.475443046428168481e-01 3.769735125161256528e-01
7.974239507251296155e-01 3.456305643611051748e-01
7.598570774033079900e-01 3.846375370342327016e-01
7.320793228125647145e-01 3.514926246381974151e-01
7.665860547721452534e-01 3.669171297745259519e-01
7.144620497345133270e-01 3.691476170518556144e-01
7.349556094059755962e-01 3.775696885839277539e-01
7.533898287792748505e-01 3.855444983942116766e-01
7.935901684622603813e-01 3.302466244906495652e-01
7.831966552711993046e-01 3.642917768656361854e-01
7.089318838273701573e-01 3.588776185873250313e-01
7.517625899074601437e-01 3.038607853678567672e-01
7.054330280360691097e-01 3.573507352870488596e-01
7.330752509849911558e-01 3.375814125374363428e-01
7.828483678630737685e-01 3.390457745785977473e-01
7.921389201350547138e-01 3.775415869096205856e-01
7.147983402094700844e-01 3.152746597474274104e-01
7.326275436365065064e-01 3.393531153422285618e-01
7.647398557248816786e-01 3.100314700783162736e-01
7.401093770380983150e-01 3.219523182828846752e-01
7.526818489501260201e-01 3.357114508204572245e-01
7.474587834877867154e-01 3.186764042947984321e-01
7.268237335461819049e-01 3.338710049313174388e-01
7.165744187060034687e-01 3.687047192809589369e-01
7.267811478845759288e-01 3.144353278328278489e-01
7.928285723118186912e-01 3.347118985192303886e-01
7.168080038021431566e-01 3.581027252791534332e-01
7.340899805851484050e-01 3.739032102183045825e-01
7.891288441932664544e-01 3.448572776203476797e-01
7.266680942967268519e-01 3.871231258043157375e-01
7.349445674428266573e-01 3.912080663906545297e-01
7.540318008612378886e-01 3.371406562228254633e-01
7.022956059306415533e-01 3.366589832160045148e-01
7.389017664646589933e-01 3.771442725661139361e-01
7.622266905468317866e-01 3.109155674844524819e-01
7.332490273127366676e-01 3.792738902093071851e-01
7.697372719552160181e-01 3.254584776827738613e-01
7.525478509902877589e-01 3.235815323058536253e-01
7.951594995570426816e-01 3.660248450434770984e-01
7.650311064243915382e-01 3.460493443634984345e-01
7.014069810614569356e-01 3.466460523304532582e-01
7.190198977683146531e-01 3.662483094701188824e-01
7.100302715748237903e-01 3.389812781274861853e-01
7.478778109975372512e-01 3.357136146088308126e-01
7.196613311033986937e-01 3.926243949917501697e-01
7.048152542605314874e-01 3.284279248346496094e-01
7.212831637183009237e-01 3.005499392707633999e-01
7.985130516681787638e-01 3.452600552515892596e-01
7.639444263699942672e-01 3.464571730922938464e-01
7.519296828687476175e-01 3.100834486782891308e-01
7.825653033722109742e-01 3.045715982919218190e-01
7.349565551401565644e-01 3.580511412753055733e-01
7.788373737573737188e-01 3.711270979327654373e-01
7.299337779346308785e-01 3.057074294962895955e-01
7.340873655164694700e-01 3.724664267212932645e-01
7.253051743464552503e-01 3.576129504577300056e-01
7.545790770312902351e-01 3.300859197362806530e-01
7.089157059707325015e-01 3.854673838252945517e-01
7.657241692611277406e-01 3.969217052435095594e-01
7.732164262292808843e-01 3.124914428932812904e-01
7.094951398504484308e-01 3.396440632391667935e-01
7.289572520169873560e-01 3.168787730204986053e-01
7.628859012276940632e-01 3.830926459829452901e-01
7.112958326417267996e-01 3.471416200090159943e-01
7.357274505488513583e-01 3.966571426419391866e-01
7.403493875484020714e-01 3.266861868705843719e-01
7.396078250674761323e-01 3.447796868550745963e-01
7.878329446203500286e-01 3.653904812400688429e-01
7.307789793441401560e-01 3.595598621450990517e-01
7.785222004696376041e-01 3.480358340933801253e-01
7.765969009288651304e-01 3.785144720336834356e-01
7.345294467123558713e-01 3.704150514826353713e-01
7.340184366525821513e-01 3.868825032979289480e-01
7.585711726855183246e-01 3.130733801952421680e-01
7.569996479950399371e-01 3.602294856309494753e-01
7.208550294305496875e-01 3.969370567774668235e-01
7.285503741085652685e-01 3.903136355409439484e-01
7.743470428658802973e-01 3.379512518502805207e-01
7.415436123261147650e-01 3.600037622464150044e-01
7.003483704773399987e-01 3.796819585996790702e-01
7.989624064558936700e-01 3.439482584297361978e-01
7.076775796399479290e-01 3.360783152029103160e-01
7.718268964990094849e-01 3.900844635165011676e-01
7.513868171693515174e-01 3.633509988943861013e-01
7.099914019522268749e-01 3.300622041191414446e-01
7.463261408500978522e-01 3.943511146355370700e-01
7.000079974725668119e-01 3.830634079769905664e-01
7.275400405221676969e-01 3.953435557727021377e-01
7.056040452114775707e-01 3.645611789442644302e-01
7.835598393427845032e-01 3.399874591780065458e-01
7.184336826175519164e-01 3.396500540962805736e-01
7.383999151047205833e-01 3.009359799605489383e-01
7.929555731158334231e-01 3.539460848587717701e-01
7.503575926354814074e-01 3.418254731094606536e-01
7.674941357858064972e-01 3.626982741802650123e-01
7.115187872447761297e-01 3.585832594429442244e-01
7.783118210803490200e-01 3.258559132950066273e-01
7.962933143100588973e-01 3.674162227326136509e-01
7.807967497863035344e-01 3.122600492157810992e-01
7.703937316463126406e-01 3.131221711386738549e-01
7.952691858549439941e-01 3.427413989937744265e-01
7.713253231839696245e-01 3.313940523760189327e-01
7.156582858817815973e-01 3.063144746147561381e-01
7.893702600139221870e-01 3.783676119170253926e-01
7.629650584892706533e-01 3.552284486470987379e-01
7.612003577538732912e-01 3.312399378684121598e-01
7.289741883248084253e-01 3.562700302458519097e-01
7.080327596144376789e-01 3.446768497481780269e-01
7.194273816198524241e-01 3.094860872386474004e-01
7.100516940603994742e-01 3.083702251465578192e-01
7.851516266764186902e-01 3.528397440884036840e-01
7.536906649888895915e-01 3.842496721030647655e-01
7.231941092247984315e-01 3.703518331277622644e-01
7.405152557579913752e-01 3.785805475622021632e-01
7.293019443402353197e-01 3.730362591098218550e-01
7.129381316831157056e-01 3.722183930856320377e-01
7.208647219940022000e-01 3.594275669342962276e-01
7.356953477055113710e-01 3.951672366940042203e-01
7.851892217327690604e-01 3.668435987358439898e-01
7.054718669878303761e-01 3.935019800200759144e-01
7.212384741188881954e-01 3.764636303013319529e-01
7.606173456097258256e-01 3.946514898407221250e-01
7.981543208908215004e-01 3.865171826113543152e-01
7.046457180029819245e-01 3.434330982279901745e-01
7.237055476117303376e-01 3.252646885718747383e-01
7.341259462183800100e-01 3.394898791229970514e-01
7.517829357003762425e-01 3.804305613618444437e-01
7.373080053103887588e-01 3.547491538675888179e-01
7.043462681664599545e-01 3.661715341603299367e-01
7.517878088412657256e-01 3.150136362024142933e-01
7.641187622107787902e-01 3.857586289614248765e-01
7.517656187880964458e-01 3.996339251757686784e-01
7.766362477750095028e-01 3.823534001020089113e-01
7.031480129501650467e-01 3.830843222574395468e-01
7.271415499556382889e-01 3.106068785147403921e-01
7.006440372822843043e-01 3.440593140544009887e-01
7.020948707732391769e-01 3.908240498107272698e-01
7.354154300069905004e-01 3.477727497439214166e-01
7.601503928560249257e-01 3.744551673056970564e-01
7.359115324173886030e-01 3.441264370106544845e-01
7.878462691263954376e-01 3.744419547156945804e-01
7.664510483908661964e-01 3.244075607599935518e-01
7.846531650838223237e-01 3.140871658179705816e-01
7.057504932974087986e-01 3.181097551695586945e-01
7.606779051398433467e-01 3.296226217602098441e-01
7.192286369469832463e-01 3.100038214134989700e-01
7.181735758050246110e-01 3.552948339211573492e-01
7.139228534509155510e-01 3.008765197594674423e-01
7.161121943369299636e-01 3.959891729804866367e-01
7.894479931683491269e-01 3.226644213127582428e-01
7.014663140677853681e-01 3.850480028776276376e-01
7.846893047960861178e-01 3.382762098895977232e-01
7.599427843134178850e-01 3.310947279453839709e-01
7.992868758710489629e-01 3.063787955871544733e-01
7.383144027021968370e-01 3.724838691042570149e-01
7.649373829060446273e-01 3.040255978626979494e-01
7.870024034672492563e-01 3.335117846066698033e-01
7.283882359244536753e-01 3.469139953097200024e-01
7.797053700922349506e-01 3.582079009076379328e-01
7.690815727344598729e-01 3.897291052240873799e-01
7.313457527763993493e-01 3.033079884570962781e-01
7.746690338802605380e-01 3.413527214420820632e-01
7.193890364210649979e-01 3.314537087337625643e-01
7.083716610088782728e-01 3.679646916204952767e-01
7.047554300231201330e-01 3.006866737254825228e-01
7.521543944016195749e-01 3.593928605404527188e-01
7.785494589372932150e-01 3.529749759225354611e-01
7.663955795013801531e-01 3.644128398817100267e-01
7.677071190709996440e-01 3.149307523936275000e-01
7.946060518470686729e-01 3.893353633478602305e-01
7.671498432769416898e-01 3.845199339875416955e-01
7.827626478559628342e-01 3.242605323845989540e-01
7.685277597045093723e-01 3.513357339832109405e-01
7.061028273001055400e-01 3.709378520743796814e-01
7.396680140125045932e-01 3.301939505096107008e-01
7.228936898471287620e-01 3.601430569213951438e-01
7.329789555230588061e-01 3.678601671943269591e-01
7.194539807716231472e-01 3.074365514408946565e-01
7.641918164314704942e-01 3.758998790853553817e-01
7.399298315704229134e-01 3.319272030056460432e-01
7.268712530166786534e-01 3.012378619662777757e-01
7.291089971093293043e-01 3.543757732959594842e-01
7.732285197426127521e-01 3.276545349222028669e-01
7.559623505561799961e-01 3.514436791977477159e-01
7.641092601495762526e-01 3.459180869530350533e-01
7.535616440268138039e-01 3.106097634789057871e-01
7.759940453928769744e-01 3.482323198100509276e-01
7.601109132118333278e-01 3.500669613017185489e-01
7.326288332740875653e-01 3.320707840543357658e-01
7.934451540048430562e-01 3.631316060613208885e-01
7.990929912113571287e-01 3.850019829735457644e-01
7.891293726073964621e-01 3.765582803024722924e-01
7.214474493475983019e-01 3.278879307592283965e-01
7.253935939022576607e-01 3.234292852985918842e-01
7.885981254752372216e-01 3.904427635526121487e-01
7.835140348368705432e-01 3.746602426168247346e-01
7.781020242571147216e-01 3.182741435164721522e-01
7.151616713114326007e-01 3.423818806626254263e-01
7.130286020009589665e-01 3.221133571669305695e-01
7.425605578868420542e-01 3.791104579511731520e-01
7.297089745034330832e-01 3.828598000795308542e-01
7.238833973804785771e-01 3.053352403379041013e-01
7.354821059976058839e-01 3.599943009919518433e-01
7.414591215941729319e-01 3.358146709197379898e-01
7.197435636280469229e-01 3.579173198187684535e-01
7.855323661368497357e-01 3.626980003032463373e-01
7.559019742752293158e-01 3.763145948501370741e-01
7.304086581637496689e-01 3.322887430558991162e-01
7.085614759254320605e-01 3.595894017614678084e-01
7.106153033443380895e-01 3.153443458499196050e-01
7.231535129821230479e-01 3.473320280912295943e-01
7.480456260254376710e-01 3.798806454532983601e-01
7.526061147373639404e-01 3.156697027842644276e-01
7.470933549745464308e-01 3.096482393592749904e-01
7.708521464448987448e-01 3.484071589114151601e-01
7.174533606387006879e-01 3.600111859192085539e-01
7.665773530533885882e-01 3.696504143529200093e-01
7.274346414254466708e-01 3.006777183393414266e-01
7.257869527572035073e-01 3.703170024570916485e-01
7.061959363074040708e-01 3.206378140248000719e-01
7.815930683345970742e-01 3.884117652421809064e-01
7.349138398862359312e-01 3.045286555585993704e-01
7.364769256761815042e-01 3.545421845469594602e-01
7.552808827217073473e-01 3.778313122283075698e-01
7.483764186318268008e-01 3.877114110467950181e-01
7.196063807194403861e-01 3.681953033856019131e-01
7.363053675012558585e-01 3.654139513297069985e-01
7.302882508253198957e-01 3.938873103532382070e-01
7.580370162328847750e-01 3.957738606585853303e-01
7.513949126417428515e-01 3.787923843664286472e-01
7.917054067615107993e-01 3.785615409625054939e-01
7.617725614500192588e-01 3.934962045070545256e-01
7.929822618915403076e-01 3.663178595554947847e-01
7.143031662832438622e-01 3.898501750032583035e-01
7.247207084103143293e-01 3.326745334610889948e-01
7.525980266847157596e-01 3.796158140397289937e-01
7.649390522418000327e-01 3.412358098610975832e-01
7.325830896780758383e-01 3.587832264182931330e-01
7.926760723552571664e-01 3.890663973705382750e-01
7.260845876652239905e-01 3.218885387435272971e-01
7.795771884618973857e-01 3.452288317398932715e-01
7.844743461618273184e-01 3.701566523263392083e-01
7.834784925096884844e-01 3.274968159276656077e-01
7.202515993659602822e-01 3.047668949186380649e-01
7.168945038427948502e-01 3.691767409133148714e-01
7.616359029233209510e-01 3.200979988471518434e-01
7.038267407607138315e-01 3.209193361114314746e-01
7.310677305150463656e-01 3.412241045366607439e-01
7.939351774172146436e-01 3.193013325747121045e-01
7.972882538440908551e-01 3.939150891635329610e-01
7.288872012483960106e-01 3.553762187291820140e-01
7.191046644127021548e-01 3.145961532608543831e-01
7.992241452315644867e-01 3.668812306001759671e-01
7.298415617552727053e-01 3.717905098654005203e-01
7.793177587131461248e-01 3.241222425420586251e-01
7.037067236800524928e-01 3.152221057994017417e-01
7.114321495412495588e-01 3.450831057495118981e-01
7.478371246577784071e-01 3.120759431804361883e-01
7.257712180646608280e-01 3.037522255156813178e-01
7.248094092449880455e-01 3.424896333882719857e-01
7.034961169950058046e-01 3.070139917307438404e-01
7.478754842185153517e-01 3.130237081285787148e-01
7.981159642635687890e-01 3.890963180242396069e-01
7.052071595537688919e-01 3.189969441913407255e-01
7.338961549863938227e-01 3.436729024568691004e-01
7.772306599242686520e-01 3.368279061138825803e-01
7.493270846065148705e-01 3.470885965055873212e-01
7.653368934564901416e-01 3.934946432102981451e-01
7.050824256795306111e-01 3.598064650948260002e-01
7.978840394423656335e-01 3.194407713090797740e-01
7.428375764052111974e-01 3.293064225190296956e-01
7.854341186259926610e-01 3.832305496584045290e-01
7.141160985832878394e-01 3.697638302604565608e-01
7.914843612144414342e-01 3.734968644173209396e-01
7.458037897078777512e-01 3.564773700201946394e-01
7.293215508706532013e-01 3.160439128124611363e-01
7.079244565908225928e-01 3.302225715524593763e-01
7.447804179265299362e-01 3.943089132722404910e-01
7.027035836056786389e-01 3.227389422181226597e-01
7.010623935893005587e-01 3.213295766981682511e-01
7.427543799794233959e-01 3.529982692965785152e-01
7.403632894930570751e-01 3.354395764552793313e-01
7.025468238541400234e-01 3.664913070712380039e-01
7.873114397984851687e-01 3.029957472565557031e-01
7.406962509764088987e-01 3.675440505972769056e-01
7.400099928379144654e-01 3.218500483762836706e-01
7.039254772310481467e-01 3.042719492763436007e-01
7.014349239044160855e-01 3.984080980038600672e-01
7.056850542154444739e-01 3.143399852097101266e-01
7.266910979913294710e-01 3.446027823959875169e-01
7.692677095484037331e-01 3.241588271225422369e-01
7.905115552107541133e-01 3.733669491648584082e-01
7.434720523860520736e-01 3.040086813782687525e-01
7.783407198362612966e-01 3.525761826664022269e-01
7.302360325617492931e-01 3.638711099021303963e-01
7.544772679198753496e-01 3.594045503961820209e-01
7.744628720655057919e-01 3.877535916645746816e-01
7.888274533070664951e-01 3.387333965579701345e-01
7.536285617581852669e-01 3.161066422747322857e-01
7.355795299511386220e-01 3.958485411120427622e-01
7.422707562191187547e-01 3.926761778863409047e-01
7.848113134362466603e-01 3.712121787613218427e-01
7.114409903066626351e-01 3.679947142654197423e-01
7.403390835937130321e-01 3.734881858960963918e-01
7.746407412188097696e-01 3.022009506138296775e-01
7.740693877778384024e-01 3.284293611316976280e-01
7.255942197441532793e-01 3.009559055172156827e-01
7.142659836749427615e-01 3.014899736073641257e-01
7.509360106906962651e-01 3.971651821101951918e-01
7.087391208351230265e-01 3.835319923342420667e-01
7.786456508318826408e-01 3.263124086639053179e-01
7.936521719875919700e-01 3.200042400695340961e-01
7.233151366783951985e-01 3.465692939367586156e-01
7.243190168636549631e-01 3.155038714251995335e-01
7.314001506887258808e-01 3.032256456338875972e-01
7.198528586649277639e-01 3.559335336894985380e-01
7.704128280529297657e-01 3.873333026015833847e-01
7.667418755077725079e-01 3.603721774706257763e-01
7.379526385030132918e-01 3.371693806909488167e-01
7.429752076788299631e-01 3.104567276163700540e-01
7.660940627947234738e-01 3.734138130671022515e-01
7.334912845078178645e-01 3.531404040338240735e-01
7.403733876606846120e-01 3.902138083213764763e-01
7.337912478324742915e-01 3.729534148078926248e-01
7.704736490064694188e-01 3.334368419865621491e-01
7.365782128054586542e-01 3.313671541225514661e-01
7.755052541804293709e-01 3.239877422127205309e-01
7.202410342747564975e-01 3.621970565139715492e-01
7.779396626084000843e-01 3.919082977626185404e-01
7.406003771168314653e-01 3.966284842176889813e-01
7.886120008729172737e-01 3.698620439771423962e-01
7.983779668422528175e-01 3.528645406191969758e-01
7.085867067103692740e-01 3.123393070244160352e-01
7.065696772792249281e-01 3.494066951855895331e-01
7.577093327702710823e-01 3.098297097574658210e-01
7.166553215614871464e-01 3.634448010982846422e-01
7.508552579250369341e-01 3.021274857783144974e-01
7.459628762597806384e-01 3.031248602077489251e-01
7.730357777151497523e-01 3.197059303088464755e-01
7.081816274382143339e-01 3.930789506275417788e-01
7.133924162212631481e-01 3.082696686229167149e-01
7.826736984280630027e-01 3.430046415426106776e-01
7.223161356686860213e-01 3.881259988449164977e-01
7.990221109807175148e-01 3.282138020862422345e-01
7.437364935364387808e-01 3.289518852948193905e-01
7.960780784748423544e-01 3.815489314983760427e-01
7.347140763335818781e-01 3.380931841350885980e-01
7.951852709356865834e-01 3.790292569778509479e-01
7.710055758997117481e-01 3.854605230947165673e-01
7.215611576854502607e-01 3.569415361796999253e-01
7.003503209408088459e-01 3.043302994617889667e-01
7.058352478394250840e-01 3.877045000444445111e-01
7.769207858573923264e-01 3.152507208228276792e-01
7.198831970059108576e-01 3.149214372846984578e-01
7.083180496570816720e-01 3.310123016666939311e-01
7.035198589622783105e-01 3.913800410604709734e-01
7.761920404723042788e-01 3.355192851560448442e-01
7.367491404827339885e-01 3.290903845810298489e-01
7.642465838653544896e-01 3.256401324791865504e-01
7.749397901116689136e-01 3.395103143752717934e-01
7.545342662078108331e-01 3.765677941231335146e-01
7.159952854526339117e-01 3.001929732711162147e-01
7.258103449655154416e-01 3.310572749377554969e-01
7.141156280771659981e-01 3.946470462304497162e-01
7.804276520023168962e-01 3.613337501473424807e-01
7.583681460445366174e-01 3.330199391246759788e-01
7.127218317627308508e-01 3.935127220461107633e-01
7.530228340345803684e-01 3.888682224958066036e-01
7.384030826164267314e-01 3.231536582379413991e-01
7.631921347716805748e-01 3.427317263553963933e-01
7.364734523698636126e-01 3.939259270318009598e-01
7.106842856092078220e-01 3.923865571563837640e-01
7.834035444763798317e-01 3.329120209483004134e-01
7.880888338287126427e-01 3.493482075889466909e-01
7.483961530366602943e-01 3.719996405012407359e-01
7.797771771375392458e-01 3.959017533731989391e-01
7.932646686403705960e-01 3.133221083227124004e-01
7.174285221080384245e-01 3.263556328374961346e-01
7.389844753628093121e-01 3.846281687303799712e-01
7.151258065394504593e-01 3.743201815561645329e-01
7.212185771772645637e-01 3.678554782856959804e-01
7.373069456299897739e-01 3.466372151802138424e-01
7.969484300736855431e-01 3.848306036571468858e-01
7.796350932730036210e-01 3.638287606601540713e-01
7.756254473340712385e-01 3.832550949852084887e-01
7.157567199465380003e-01 3.439961594860914129e-01
7.920701592623534681e-01 3.631925154343375595e-01
7.558936790410863971e-01 3.458131133294329862e-01
7.090158609855122807e-01 3.677146799948837197e-01
7.711933210440885533e-01 3.687280660288812517e-01
7.943559535245363623e-01 3.906905858494444939e-01
7.607129296508251537e-01 3.732175977619625606e-01
7.618766105254537457e-01 3.759357172552814097e-01
7.849059974508003634e-01 3.759037670858363933e-01
7.320045891520792214e-01 3.133206405980695219e-01
7.521071130876639810e-01 3.155167124443477578e-01
7.264728805475320073e-01 3.982730790761653261e-01
7.533428295246804574e-01 3.317110548229902922e-01
7.285132713732713761e-01 3.343050567119501548e-01
7.072605923147885498e-01 3.546224806599970192e-01
7.550419881201582140e-01 3.647437379956783854e-01
7.456608836941409635e-01 3.325506352865227333e-01
7.383770717200415223e-01 3.591225198258558571e-01
7.349643766276620083e-01 3.049460915265774785e-01
7.839778220981901136e-01 3.693767473997170980e-01
7.149015885660197078e-01 3.055291363990316755e-01
7.999599252632163537e-01 3.633885969129629911e-01
7.193822970669884187e-01 3.781268327634429993e-01
7.525762246332270422e-01 3.883181530844236340e-01
7.912058848626767338e-01 3.275737458384041512e-01
7.933485795357947401e-01 3.206716032498260205e-01
7.587090950713759607e-01 3.054426154215143518e-01
7.745608962414244347e-01 3.493918323320354125e-01
7.944023922269544125e-01 3.466054899786862320e-01
7.156177017994853617e-01 3.627798554880375947e-01
7.908863274304257507e-01 3.675917858335366328e-01
7.366395697609208204e-01 3.321898638859792641e-01
7.968349464778311519e-01 3.117963282935437008e-01
7.088602550063726193e-01 3.600793563288376409e-01
7.848553004966539737e-01 3.035354950630572701e-01
7.995902889171009331e-01 3.060948454209670433e-01
7.719965127248036296e-01 3.481987197233854525e-01
7.886333344070939333e-01 3.434930198455410921e-01
7.796357790790187092e-01 3.421489527544120390e-01
7.515011319529769640e-01 3.144588050865076978e-01
7.542978659929890917e-01 3.060554132839980457e-01
7.875260092621148011e-01 3.718149587544762324e-01
7.304887747214078297e-01 3.263372713303622219e-01
7.779734856276615540e-01 3.918975081373676783e-01
7.065566924414750094e-01 3.976087894727264871e-01
7.067120917437771377e-01 3.182581720897543764e-01
7.662802728899398286e-01 3.076802605098795662e-01
7.236504961457779217e-01 3.667372104885007755e-01
7.086043592890066689e-01 3.946704386415519350e-01
7.495673301863016169e-01 3.077538387355818750e-01
7.421785642495823954e-01 3.197896322479584219e-01
7.499057354550144883e-01 3.839246320597931583e-01
7.616644729173245310e-01 3.942831415606787293e-01
7.572364519747407652e-01 3.934615616326136989e-01
7.644419595066815898e-01 3.076010326351488189e-01
7.767639552046385898e-01 3.319561597178379841e-01
7.243164130154361446e-01 3.635932317004674230e-01
7.436428599614299806e-01 3.026994934333726017e-01
7.607624484646391405e-01 3.366250703939858702e-01
7.638676699331008457e-01 3.870558516061366472e-01
7.772051805310613570e-01 3.862340976849070739e-01
7.079595360298774898e-01 3.620639568295698218e-01
7.141056523588138472e-01 3.292747623482774055e-01
7.486378776247976097e-01 3.671355061498996486e-01
7.968079928780642529e-01 3.267168979368420545e-01
7.768966004552055882e-01 3.505558210230280136e-01
7.812113034701400061e-01 3.700490489905694513e-01
7.931086466231038745e-01 3.207229132356750889e-01
7.150646172925996247e-01 3.617960310650070732e-01
7.735609369105854727e-01 3.493258101179563813e-01
7.493004832555797412e-01 3.861941894308090761e-01
7.151849005536531356e-01 3.455090345527103146e-01
7.079343399929870495e-01 3.727211080793461084e-01
7.012471934196627954e-01 3.599026154480196582e-01
7.617178922373185612e-01 3.575276157661945176e-01
7.817497766004054549e-01 3.231485280509488467e-01
7.590197912862064467e-01 3.491207075070416055e-01
7.677691053521502607e-01 3.920813408564592373e-01
7.706133744685055298e-01 3.386093964156665637e-01
7.243664937630583944e-01 3.307079253805276786e-01
7.957544062874907231e-01 3.568819619594494341e-01
7.585172004380579258e-01 3.807702475971579958e-01
7.998423211397297505e-01 3.613148578233601471e-01
7.945813242955583888e-01 3.798660709372117528e-01
7.510538120382653782e-01 3.461772866032922780e-01
7.989083054628158820e-01 3.938771984030882689e-01
7.525106054288854818e-01 3.795754938605406248e-01
7.147780624947525085e-01 3.721040482468475075e-01
7.552453383768163997e-01 3.886201168298057951e-01
7.560931427094478297e-01 3.921539031096298866e-01
7.990521462123825192e-01 3.948078005479087604e-01
7.624325146978534473e-01 3.991829214935522230e-01
7.464860469942784515e-01 3.593856888680666550e-01
7.811073443073563993e-01 3.002298148443365289e-01
7.434447365274541308e-01 3.404254481311125291e-01
7.344003444303931483e-01 3.270426348680234852e-01
7.610122254572918576e-01 3.116508520497411339e-01
7.462724773339280970e-01 3.276094339101384145e-01
7.851204064385919335e-01 3.667333342906503035e-01
7.588408958598182874e-01 3.804521389580471924e-01
7.638217365434581962e-01 3.364258746426496693e-01
7.673952800814705100e-01 3.415748892212854826e-01
7.601686827003926172e-01 3.745753869823350568e-01
7.057576632214063173e-01 3.481840314915646828e-01
7.257107720191622313e-01 3.206120042790517877e-01
7.952557340200353542e-01 3.188757614304912336e-01
7.900266185897657500e-01 3.553420226567267637e-01
7.015863969798554756e-01 3.532721518271952355e-01
7.314934089778930559e-01 3.576789997879221694e-01
7.311832956075106082e-01 3.281505526605889567e-01
7.972573274292429346e-01 3.997514776455244334e-01
7.847214271722720014e-01 3.102570324988384587e-01
7.821446672465504069e-01 3.644233348395993222e-01
7.404925619205290355e-01 3.267452134393661889e-01
7.337836360768340560e-01 3.311788507635956003e-01
7.732622846437273711e-01 3.455098063089247495e-01
7.338906453994863410e-01 3.167026955585227621e-01
7.126943763019600864e-01 3.469599492528225859e-01
7.807168466110666616e-01 3.525297730181947142e-01
7.151373203124784528e-01 3.578656600738849836e-01
7.263126971083344596e-01 3.288770155714016430e-01
7.907431761223063793e-01 3.552044507916073957e-01
7.225319125322997582e-01 3.139798037045599677e-01
7.846356749511973483e-01 3.422787597173596597e-01
7.649022363669542024e-01 3.936490163832086497e-01
7.956153370992462559e-01 3.640660714507654716e-01
7.417350617368140275e-01 3.260245307329082132e-01
7.666824910755130063e-01 3.409236046608050685e-01
7.235618036870533620e-01 3.809036013524192410e-01
7.331671457235140466e-01 3.126566269992787639e-01
7.192356931808655540e-01 3.194723374847953101e-01
7.908636860893303311e-01 3.512174010619491527e-01
7.583463332075868202e-01 3.775394264455020910e-01
7.338355409296172249e-01 3.199932117684952115e-01
7.897106566629489288e-01 3.167788587891327001e-01
7.156353628226335140e-01 3.193847864874395648e-01
7.994271629003167901e-01 3.952557362540377595e-01
7.427703642654898131e-01 3.758638048122708852e-01
7.693746695719826389e-01 3.049781554042755860e-01
7.067732140749835024e-01 3.218464544180880127e-01
7.557302474929425973e-01 3.300115952756450532e-01
7.404531587693097272e-01 3.565746595077080583e-01
7.958341222543265925e-01 3.511524561525225518e-01
7.822135424462579589e-01 3.672726791400665047e-01
7.991258439020132442e-01 3.242412343955148324e-01
7.513515187893550218e-01 3.059930501097298805e-01
7.086572174075730368e-01 3.992409432112283829e-01
7.038537017081919478e-01 3.644558688366263399e-01
7.324427011565391998e-01 3.534211432295203403e-01
7.020975781067652077e-01 3.442819612342522539e-01
7.851540266039863658e-01 3.367933629897599257e-01
7.119846838398316002e-01 3.445468042308604817e-01
7.840376536031228305e-01 3.447280995934422498e-01
7.144150923649079665e-01 3.531665296283864608e-01
7.728174532853877565e-01 3.336040903937478874e-01
7.985477743022728614e-01 3.301420378998114469e-01
7.801171464858700499e-01 3.188420724030979203e-01
7.013071846304547163e-01 3.019467451504478372e-01
7.451727220376547223e-01 3.742173462183943644e-01
7.756349545255957212e-01 3.787415468113451422e-01
7.989399015093598955e-01 3.805438026356627867e-01
7.478636072951079239e-01 3.209779039596818428e-01
7.720038874449078881e-01 3.280913025064171595e-01
7.049415174571697085e-01 3.679085901158660743e-01
7.271555384120952370e-01 3.477314462987684540e-01
7.423476279101578479e-01 3.061354317430925454e-01
7.315318661379648368e-01 3.275505855955463397e-01
7.348651268833799044e-01 3.369729681360387197e-01
7.461232236855722677e-01 3.636196173782233476e-01
7.143597459739174926e-01 3.246301161540850466e-01
7.790837888079223950e-01 3.579449355314853198e-01
7.818970502758547658e-01 3.283878058217618023e-01
7.038760609168787097e-01 3.179300772153518806e-01
7.967797011522477213e-01 3.942446485281184132e-01
7.185822176941725203e-01 3.710503309466235411e-01
7.106548302812220053e-01 3.064727668400611393e-01
7.974098533767239871e-01 3.230940094091140358e-01
7.269498507797654829e-01 3.509219619138855828e-01
7.733004290399358993e-01 3.283466136816659553e-01
7.609262243604169029e-01 3.546652442824635987e-01
7.984909100403320137e-01 3.626537046201780967e-01
7.757019425060930340e-01 3.565853708122786458e-01
7.242679704461321144e-01 3.014880454218280548e-01
7.728731773143303618e-01 3.001734414553225427e-01
7.579311467673768288e-01 3.404361363719387024e-01
7.534284414019564169e-01 3.398874923398880199e-01
7.558469521149855375e-01 3.893305315410683920e-01
7.360890394250639845e-01 3.503439353277906232e-01
7.867143673797791781e-01 3.997423843124868204e-01
7.682972806674993604e-01 3.903140093683423739e-01
7.450760801514271225e-01 3.280712675935976153e-01
7.996005270181710811e-01 3.015541592164331930e-01
7.342534146074433110e-01 3.563096521003576989e-01
7.483375210216741680e-01 3.693509692831191127e-01
7.482583242904083942e-01 3.392335330038735997e-01
7.294828261266569358e-01 3.167511162429303972e-01
7.255345660538663477e-01 3.235328979189116549e-01
7.307274882096007618e-01 3.145588220910345845e-01
7.928972991257459135e-01 3.478506397601697775e-01
7.837835983544650942e-01 3.356047596080820594e-01
7.362963418776820035e-01 3.754257324264360096e-01
7.324680116414883368e-01 3.317424949508782639e-01
7.511357334690669241e-01 3.442014573645671427e-01
7.551150894635911826e-01 3.448261396630906694e-01
7.575847618993519772e-01 3.976529713439356795e-01
7.025744945399873265e-01 3.462772306942326628e-01
7.996614645345617722e-01 3.139261675137045016e-01
7.123574746370762156e-01 3.197065670714954178e-01
7.292716754205605945e-01 3.178238643426478660e-01
7.477769066500360440e-01 3.377226356270517371e-01
7.668999798388533851e-01 3.277843711492794410e-01
7.375909486493644751e-01 3.702016299200658889e-01
7.259476602293393199e-01 3.518448369853136026e-01
7.507892581923004682e-01 3.772102501694718502e-01
7.011447890534130423e-01 3.207618046579387983e-01
7.056340483737844060e-01 3.359284034467880375e-01
7.083057328431937583e-01 3.311836346382625029e-01
7.634899643413024517e-01 3.310766197092537277e-01
7.858200577787202157e-01 3.078582765949157696e-01
7.643138903735579026e-01 3.285665498236592930e-01
7.826252557342695537e-01 3.758809855373801967e-01
7.742124567763372101e-01 3.254256280497089260e-01
7.962646651468734404e-01 3.594592499599447710e-01
7.899220182751428565e-01 3.659154129326459004e-01
7.362811658886259103e-01 3.647793447542799772e-01
7.339696419034460462e-01 3.557321158560756702e-01
7.114398478609559318e-01 3.445054454872786276e-01
7.859684962408696185e-01 3.554812402468942589e-01
7.974764452877611820e-01 3.037650142360304728e-01
7.025552026469958911e-01 3.565648932916320457e-01
7.009466188678419307e-01 3.178862762406152731e-01
7.030031544459255377e-01 3.281097616596023170e-01
7.868943660319862587e-01 3.874835986871069116e-01
7.611013314855779033e-01 3.244143833093822149e-01
7.886770247873639006e-01 3.424263109478954403e-01
7.732430692316430987e-01 3.075750656047880893e-01
7.296965384613995909e-01 3.341103171467926236e-01
7.802940362395986984e-01 3.758835992911727653e-01
7.592681399268669251e-01 3.577389066075359336e-01
7.484918099397995794e-01 3.775008406353383972e-01
7.592360857691271558e-01 3.575455624792576170e-01
7.025345301011234334e-01 3.062658598209955230e-01
7.415668699780327833e-01 3.018321807325052841e-01
7.157508293130100396e-01 3.690854586162249373e-01
7.799007638815437238e-01 3.942700069298455956e-01
7.577500959735767871e-01 3.221786155085886727e-01
7.130227379799051191e-01 3.307169448702074743e-01
7.529064155235034583e-01 3.385718571005122968e-01
7.634505234355314363e-01 3.248783477198822767e-01
7.914005130757221229e-01 3.715227084914204947e-01
7.510454248069838856e-01 3.944633024134386323e-01
7.953361052751731775e-01 3.430316419869368083e-01
7.503242667939109545e-01 3.257701717895125082e-01
7.691405879269369583e-01 3.064912954781956467e-01
7.380246585689974603e-01 3.326152234378937367e-01
7.159858006557282550e-01 3.266083697296023325e-01
7.443368323043707546e-01 3.703084399693318263e-01
7.746934931046965955e-01 3.667435980665175732e-01
7.892646845195060434e-01 3.841247746293756093e-01
7.595231638650464800e-01 3.405576576014713863e-01
7.085055199357931377e-01 3.285523439259733780e-01
7.277333371876880674e-01 3.260701159381613756e-01
7.407305311201543008e-01 3.648100447028279070e-01
7.146527268812977729e-01 3.119620225558730753e-01
7.916926474114011070e-01 3.948496451426675158e-01
7.913439030876372460e-01 3.530720557286420314e-01
7.272287203684094647e-01 3.895270405125830226e-01
7.112823333087623379e-01 3.385402128449906400e-01
7.415028518135562408e-01 3.732835611399779596e-01
7.294013854635955640e-01 3.342846438544322951e-01
7.007982471742066899e-01 3.399406148579504072e-01
7.590654082682515291e-01 3.845264162381431539e-01
7.531242303471703536e-01 3.306801455032429837e-01
7.708675994959524047e-01 3.404763435702561347e-01
7.370729017327143362e-01 3.475111451265735507e-01
7.909891934408234127e-01 3.692066617307133702e-01
7.465054269732486203e-01 3.424687709481846754e-01
7.455404935619442952e-01 3.412171714673078449e-01
7.208180993075739007e-01 3.398588257960059034e-01
7.463240622287765635e-01 3.897657803379604990e-01
7.323139401593425912e-01 3.401952650169194903e-01
7.141372219030379664e-01 3.124772648580337320e-01
7.276888251090187776e-01 3.499006634863662812e-01
7.868245466507766128e-01 3.417126100805376043e-01
7.290254729445301285e-01 3.245276522236903438e-01
7.936131395058277915e-01 3.217257594178107860e-01
7.816321984801560818e-01 3.011920095068948422e-01
7.637052829089769901e-01 3.107167105301660293e-01
7.899032445736738905e-01 3.880839345239128213e-01
7.825004856112494078e-01 3.421737722958734240e-01
7.706317957727319978e-01 3.123128354557881958e-01
7.806703575166357156e-01 3.060020522811069399e-01
7.083976990931100115e-01 3.278413591496087687e-01
7.450318676762345271e-01 3.141168697962434808e-01
7.277193549823450791e-01 3.421372589733693292e-01
7.279579711701080758e-01 3.571420164361620020e-01
7.890526881631051426e-01 3.176344121732593284e-01
7.565832683906388301e-01 3.889853254307978347e-01
7.088078097851786552e-01 3.073987851963065898e-01
7.681300959482258994e-01 3.346857806913741684e-01
7.014628480509089714e-01 3.099542135677141874e-01
7.064322066222274987e-01 3.530319807595941883e-01
7.149018101395083757e-01 3.769552786520625753e-01
7.500695913430003303e-01 3.244181443290458655e-01
7.692589070725617262e-01 3.829655139841894873e-01
7.311292609862334313e-01 3.805948068496889936e-01
7.741898657608462520e-01 3.002028160881674568e-01
7.649868452185311085e-01 3.094183929399414446e-01
7.373295027907165178e-01 3.598102049868943109e-01
7.303085005422035314e-01 3.572768183553134413e-01
7.272993474390484492e-01 3.342481333543200206e-01
7.952799431991766088e-01 3.081248912375983418e-01
7.250620643810800070e-01 3.329594603874331260e-01
7.722006916939883059e-01 3.059827374806857181e-01
7.696625718812337702e-01 3.457304033960401646e-01
7.632388401017808910e-01 3.239276059768943505e-01
7.814942751512791164e-01 3.544392702998653277e-01
7.422790962535469328e-01 3.945829082450260650e-01
7.829169148182160143e-01 3.010669812650401678e-01
7.085661947440418107e-01 3.466113728803527083e-01
7.854018524125451206e-01 3.453985174635511579e-01
7.765580425403840747e-01 3.182933380113565636e-01
7.799340886390244698e-01 3.927083802964295156e-01
7.858895149600383379e-01 3.914829279573280862e-01
7.497582636048824023e-01 3.233067351586085825e-01
7.013317525739219960e-01 3.582994026711885382e-01
7.905420178116859820e-01 3.945375843803443083e-01
7.212951334384142266e-01 3.274381674104677731e-01
7.760663527403834916e-01 3.962094826932600622e-01
7.065810802649056255e-01 3.215503372717449238e-01
7.359486583865961773e-01 3.784509180419370344e-01
7.855765721725216366e-01 3.229604087496574794e-01
7.430852469186356446e-01 3.046337275189581195e-01
7.385486862161791954e-01 3.814467798483636152e-01
7.995936476228908685e-01 3.830503112404846644e-01
7.378860634131658713e-01 3.342454408571008950e-01
7.074873784983560787e-01 3.512905337621628488e-01
7.249963278877489259e-01 3.023930772186858018e-01
7.344423144842346929e-01 3.908557373417547165e-01
7.946053182496184419e-01 3.693424283915802686e-01
7.696315940435702885e-01 3.316990769974605957e-01
7.654079683506087584e-01 3.495437336548411489e-01
7.295412530001245122e-01 3.348427834517609392e-01
7.891461498688707721e-01 3.318824047043986147e-01
7.133833737890150628e-01 3.727854134811457443e-01
7.558128246589003174e-01 3.805212460986514000e-01
7.404406633837429252e-01 3.372775309033070879e-01
7.900378498995812571e-01 3.027022200453253764e-01
7.128092985514180580e-01 3.030213341129504023e-01
7.504683185878968654e-01 3.833618154569840009e-01
7.472252991676628930e-01 3.551463190921462232e-01
7.647693819993843789e-01 3.714075798143385843e-01
7.572651468998353730e-01 3.993729429528222186e-01
7.947317007208980488e-01 3.996763328902911971e-01
7.598276651600316400e-01 3.090369622563027274e-01
7.755737256059171969e-01 3.904024900603039749e-01
7.799785528559523007e-01 3.248880681888796085e-01
7.746323470316881510e-01 3.572055777375965357e-01
7.244939215240449037e-01 3.520883365926947284e-01
7.654014091534071529e-01 3.221954927438177574e-01
7.538550082868030744e-01 3.007420799466203332e-01
7.244600790339583707e-01 3.422401279007249997e-01
7.335844104509142705e-01 3.971364714295040343e-01
7.762669579357687200e-01 3.786142198880484422e-01
7.882643960744669664e-01 3.177140344346374712e-01
7.060529830222168624e-01 3.357408923639929599e-01
7.465252455593606173e-01 3.184145540541759578e-01
7.028568756494127934e-01 3.716690437033094430e-01
7.406236683545913690e-01 3.604270621181369649e-01
7.305982418774883413e-01 3.745151072921774071e-01
7.999990274199646478e-01 3.723259448768831970e-01
7.603144129527323880e-01 3.656336089191558614e-01
7.240993357978307010e-01 3.965549363769871327e-01
7.595542420594726396e-01 3.619325510354579611e-01
7.534369727937887395e-01 3.801078006871277948e-01
7.454228985592838974e-01 3.471594794215793200e-01
7.372185397131600926e-01 3.497602611331884215e-01
7.867910110460345496e-01 3.010935471161663157e-01
7.940477733998076992e-01 3.087890953361257518e-01
7.613145449977277712e-01 3.114283852276459319e-01
7.758646110151343755e-01 3.056522075296799756e-01
7.455915207206929018e-01 3.647760438642279057e-01
7.399261169247803860e-01 3.140935114689511476e-01
7.881516424724430703e-01 3.654720611045342293e-01
7.239848857836123086e-01 3.196450142140617734e-01
7.798996756338867353e-01 3.922562554384332323e-01
7.172501499164387617e-01 3.189938031799901541e-01
7.467731093637524076e-01 3.616115652315108897e-01
7.338016944964086408e-01 3.885668136035090869e-01
7.947869942593838166e-01 3.451676066767951911e-01
7.494887316984828463e-01 3.560138794938466078e-01
7.361881096872309183e-01 3.116117067307868083e-01
7.830146374229192130e-01 3.489236370428451250e-01
7.896016678853537973e-01 3.395679140580136202e-01
7.536624274957816061e-01 3.478561990117517988e-01
7.578467309312413303e-01 3.377814364758203181e-01
7.329177870138999795e-01 3.206004092180340659e-01
7.439292783997943914e-01 3.278071741009294104e-01
7.747620919652654647e-01 3.650264186957193902e-01
7.443518080710950224e-01 3.352857262722249154e-01
7.308231387763897136e-01 3.835270469485790867e-01
7.120242780674056471e-01 3.287704813038899720e-01
7.399937486436622969e-01 3.137765226091731030e-01
7.713899698479937950e-01 3.774544631836316277e-01
7.607173542390143206e-01 3.156637681121853278e-01
7.218674727669416313e-01 3.650420160179791984e-01
7.186023789667016493e-01 3.147855183111463728e-01
7.524047569211766984e-01 3.180685433808257967e-01
7.081442227328766936e-01 3.174240461732935614e-01
7.572673641229061836e-01 3.863386376269011269e-01
7.397693896446558837e-01 3.494352190484407150e-01
7.480440682914286654e-01 3.902935493323399507e-01
7.123453714896286204e-01 3.358587423383619375e-01
7.246628426563596070e-01 3.382545248679697525e-01
7.500655662244953836e-01 3.190654860828094908e-01
7.127038680632304946e-01 3.675836942776614658e-01
7.618680988567766432e-01 3.107559368871740113e-01
7.530461184739969394e-01 3.598980251287349219e-01
7.941303859130087739e-01 3.505604370439954209e-01
7.021479309037971239e-01 3.505660949392429004e-01
7.727238656725081700e-01 3.660724903869046476e-01
7.951417962200170164e-01 3.190908304552607655e-01
7.695550400437174421e-01 3.911228232778649061e-01
7.575088380483869788e-01 3.473092127896065806e-01
7.963922870877750970e-01 3.078011985555462737e-01
7.111457669732775821e-01 3.134519644871630040e-01
7.170903190019403128e-01 3.113873345233514334e-01
7.368766032455398296e-01 3.412902777855958969e-01
7.608819826681356702e-01 3.917412641284663266e-01
7.953475449123226237e-01 3.795524049127865784e-01
7.707376878479701432e-01 3.616061515387401504e-01
7.311961322507410932e-01 3.125021384971538585e-01
7.399932463451264208e-01 3.917294183163430588e-01
7.334855145630064799e-01 3.822851020672289879e-01
7.657879843104471451e-01 3.831003339818666587e-01
7.986985748509732863e-01 3.981495333041585316e-01
7.313831017989556038e-01 3.829963369077412638e-01
7.499476465728104335e-01 3.107882433275488410e-01
7.829925614654176247e-01 3.938696017356289603e-01
7.112175443753556703e-01 3.056863959982012990e-01
7.503454024068894057e-01 3.229054447577027198e-01
7.667893844728810304e-01 3.742101085695075380e-01
7.019726247386323115e-01 3.304619210309941435e-01
7.985724154369039374e-01 3.511723032638333075e-01
7.926199915057003942e-01 3.116727452288066691e-01
7.180015467277675034e-01 3.195228578850684009e-01
7.217569193428917673e-01 3.768029630854388135e-01
7.217050046184696477e-01 3.067918237856098740e-01
7.455351277506159224e-01 3.906569018755651768e-01
7.050175126118168878e-01 3.399640015694808670e-01
7.837427208788789734e-01 3.952979591084619382e-01
7.242238357487321698e-01 3.033557023017987020e-01
7.808824506819365130e-01 3.973064003430416546e-01
7.420679436393269324e-01 3.773383510425359355e-01
7.292683252978610087e-01 3.444926194371846773e-01
7.236221922724024314e-01 3.577965110141134719e-01
7.161858160179616073e-01 3.494202491059856808e-01
7.788346349544237324e-01 3.750539436807464044e-01
7.333939560609000763e-01 3.850167998341178510e-01
7.149792124331381116e-01 3.254190717669163124e-01
7.360719124833255966e-01 3.973039537632072626e-01
7.664659171230308043e-01 3.227151311156086222e-01
7.494264875357263822e-01 3.629809656871292312e-01
7.661661798745198482e-01 3.525598408935355366e-01
7.953092132329955266e-01 3.222237731264779304e-01
7.867181964668712446e-01 3.737824776407986938e-01
7.597435968565591224e-01 3.100474229422869876e-01
7.775684913528125852e-01 3.362191546589566316e-01
7.589957773177837819e-01 3.323647048476497390e-01
7.152090427814721263e-01 3.093513933239020464e-01
7.260608716433087917e-01 3.705842867299387056e-01
7.989914812987524151e-01 3.943999715366588998e-01
7.852840359764815537e-01 3.745204130307686619e-01
7.160583391713087886e-01 3.274218568821014030e-01
7.033196658461026152e-01 3.212739498785630032e-01
7.306828601493584596e-01 3.517349390676131060e-01
7.111227439480443113e-01 3.391489026342388580e-01
7.674607032826830100e-01 3.669629411652400308e-01
7.539418953157838166e-01 3.662724401422514653e-01
7.814813410502156055e-01 3.671791210948205930e-01
7.753212855978329765e-01 3.407990020310990298e-01
7.829817898641522333e-01 3.742699150390478291e-01
7.918095860663938446e-01 3.563254725577914006e-01
7.409012910040280175e-01 3.661370634592873152e-01
7.587751562086979540e-01 3.698772980882166217e-01
7.260982630072426725e-01 3.234845578914410935e-01
7.385540888189712216e-01 3.463318360337196977e-01
7.403793871814497995e-01 3.181362921092018570e-01
7.459411098975806675e-01 3.080720596097003550e-01
7.601346946026226181e-01 3.088362463473486308e-01
7.291662102609974827e-01 3.116659054429192222e-01
7.620753713630135096e-01 3.931725813295008920e-01
7.350719464984313278e-01 3.122886619388733354e-01
7.934468019070688438e-01 3.377015924074074360e-01
7.642844805404178654e-01 3.508112764587893451e-01
7.815524707423967543e-01 3.734963173522561908e-01
7.417229556293187809e-01 3.785245570808227211e-01
7.010418993751956762e-01 3.805497889674876455e-01
7.815223277412064462e-01 3.288478527954575847e-01
7.184878040559965484e-01 3.393265156123149162e-01
7.143695962700966628e-01 3.918010862713729447e-01
7.661392333634706731e-01 3.357394987152499954e-01
7.280222149436538226e-01 3.444126459720752709e-01
7.756362667455075632e-01 3.403942593359713942e-01
7.994336197534743782e-01 3.644849720484445998e-01
7.499819120149406881e-01 3.561438775221034692e-01
7.061377635173198275e-01 3.751521744995662266e-01
7.695435425825896125e-01 3.333996861121944488e-01
7.344293204416256771e-01 3.108558785622656528e-01
7.806636826494514070e-01 3.054927303414383122e-01
7.518874141736432426e-01 3.788043491974039112e-01
7.917962357944621221e-01 3.071446767165439962e-01
7.273032603124562900e-01 3.577945275905372591e-01
7.816430705450096994e-01 3.987547520566123160e-01
7.570097396557819991e-01 3.543174317395855200e-01
7.413272754898281303e-01 3.647716337957811472e-01
7.573456521408741260e-01 3.759335286624277961e-01
7.138069666626550847e-01 3.504086171816014894e-01
7.979040568014561519e-01 3.265167308862079176e-01
7.496307638855321809e-01 3.452303076110086466e-01
7.384079125280316180e-01 3.735769932699807283e-01
7.220934172569635212e-01 3.006690583990244137e-01
7.465269504004066192e-01 3.770434701077901574e-01
7.498120003591186578e-01 3.819192210806984233e-01
7.346789361094283599e-01 3.837256546669154944e-01
7.684146036963747095e-01 3.612966219934597989e-01
7.860142661417772736e-01 3.772577400068201636e-01
7.724540469879755955e-01 3.405950065447461705e-01
7.095482737315349508e-01 3.572128365071352007e-01
7.697325446732893317e-01 3.745241535166287106e-01
7.372188563849449983e-01 3.064679176899621216e-01
7.778894349299130262e-01 3.167949158193996140e-01
7.744021165445542643e-01 3.941217284044880032e-01
7.430992727777586682e-01 3.355953181607206903e-01
7.274254896601335396e-01 3.573183777046131659e-01
7.236203265548454278e-01 3.083298015263015723e-01
7.009768997762403364e-01 3.403520239964672456e-01
7.380727777195963402e-01 3.549993842830614366e-01
7.728742392896085223e-01 3.454078780692040884e-01
7.896940041440632108e-01 3.195220296919278336e-01
7.404449079353668806e-01 3.630944929781343422e-01
7.155344501219956799e-01 3.637353431836912732e-01
7.471745073121637271e-01 3.578760344853305631e-01
7.492076244030657639e-01 3.799548846917873979e-01
7.469338981021902413e-01 3.616817738510558211e-01
7.718794013436719448e-01 3.016795675513374020e-01
7.887169915721297109e-01 3.516007037104825761e-01
7.474588260320749189e-01 3.447628269669069656e-01
7.962112482037849714e-01 3.953220171356989776e-01
7.716847738950578517e-01 3.934279839897738551e-01
7.983174619794403126e-01 3.031477332912390632e-01
7.360875685003175350e-01 3.656893043171510760e-01
7.428162996111038474e-01 3.355896029356889576e-01
7.798098206459568305e-01 3.810568198382081051e-01
7.948266443067424358e-01 3.114201475790064899e-01
7.337307609974103029e-01 3.705312491561014165e-01
7.876373208575977447e-01 3.011303669295023466e-01
7.135642846677446860e-01 3.281821692319769057e-01
7.525125211134943148e-01 3.197573067638784794e-01
7.579902387397875474e-01 3.362550590062681755e-01
7.306887066167060407e-01 3.909802973966449713e-01
7.999952360014291886e-01 3.300071881270573160e-01
7.370774993975172107e-01 3.871948161141596234e-01
7.482918238577100922e-01 3.754377089987420701e-01
7.111431361755704561e-01 3.350190001041035703e-01
7.978162629016248841e-01 3.494751371030151987e-01
7.252804322424859507e-01 3.443226136257634962e-01
7.408303922707697442e-01 3.812918456199957395e-01
7.250251423895260894e-01 3.422622682370216607e-01
7.555458105532780744e-01 3.995537837835578809e-01
7.634637853237197236e-01 3.055869662900142503e-01
7.064132788133518082e-01 3.060652446230125445e-01
7.755013949694984365e-01 3.664489829719906333e-01
7.712323152715632180e-01 3.233455088401292477e-01
7.035728186045081545e-01 3.153991204064288678e-01
7.380105139484366417e-01 3.928572395986801302e-01
7.209759809288626142e-01 3.417265293988247521e-01
7.498221354178351561e-01 3.401172844583176813e-01
7.121437854881174090e-01 3.293787301212088292e-01
7.000810537449775328e-01 3.863830969675817184e-01
7.323447552892005108e-01 3.082410297543743405e-01
7.405026685270048592e-01 3.185430337194365413e-01
7.397798326985662865e-01 3.023520656265117901e-01
7.833371678625454804e-01 3.003838074096693567e-01
7.850947787346971296e-01 3.437876474097057433e-01
7.091771143889294970e-01 3.867817999831366649e-01
7.623579271536703450e-01 3.397347437187456798e-01
7.220596319865228985e-01 3.080841195999532434e-01
7.543493720786861312e-01 3.296388387497701800e-01
7.568065652432265367e-01 3.455717736786068084e-01
7.783553148946373845e-01 3.265525979645554355e-01
7.800541906905499312e-01 3.997991730745278360e-01
7.494227069122768592e-01 3.846637068455320274e-01
7.496701225169953853e-01 3.621000427854404458e-01
7.384332871885608274e-01 3.755498584137615947e-01
7.023694499382465706e-01 3.275629433966671944e-01
7.789931985783675739e-01 3.226187773860221264e-01
7.053015612293771497e-01 3.611630663303440070e-01
7.088902773237223398e-01 3.379676994125441758e-01
7.967386074273173913e-01 3.475972472405894353e-01
7.397096718826824402e-01 3.131655510676248366e-01
7.515470913692506860e-01 3.568986517600752362e-01
7.478696906551166590e-01 3.452161915001450976e-01
7.008184702445098280e-01 3.492330981061088635e-01
7.895782123500385552e-01 3.651779030741472143e-01
7.485936161331075978e-01 3.920300241974784550e-01
7.832173554115604563e-01 3.547566477901282767e-01
7.694033476607492483e-01 3.920430158835966905e-01
7.785183494746223953e-01 3.882894651388822949e-01
7.730320404479612550e-01 3.886773703253746381e-01
7.280764882620843759e-01 3.624517092800122464e-01
7.818712676853841748e-01 3.035463055849969560e-01
7.288807658892094699e-01 3.806626109668575508e-01
7.599376316938856180e-01 3.193439921279303539e-01
7.874141768054929713e-01 3.911714908773242794e-01
7.920898794582272862e-01 3.888760103761449982e-01
7.013448977863724343e-01 3.216243877250274941e-01
7.615459832978724863e-01 3.342788459526630507e-01
7.596938001666054818e-01 3.505634918606562178e-01
7.348326831019592609e-01 3.765944733244777076e-01
7.146708359520690390e-01 3.744574064596434826e-01
7.423480130908006736e-01 3.041139447063751500e-01
7.385575082297282101e-01 3.104139340778857004e-01
7.523755506859302056e-01 3.924012871397538071e-01
7.602978396171380382e-01 3.939010988565202487e-01
7.341814028234178169e-01 3.683556617114398524e-01
7.159714735578984746e-01 3.983490005868055572e-01
7.884840128838335183e-01 3.840516395910119618e-01
7.561531328491538639e-01 3.314190356320168007e-01
7.760901550280825401e-01 3.357277749215099028e-01
7.520793440732880253e-01 3.577924288658760887e-01
7.490674951344982180e-01 3.263034856354731783e-01
7.385989768005332134e-01 3.920794175424791583e-01
7.918327923500954046e-01 3.512630173676348777e-01
7.553058822784775028e-01 3.403346558100532326e-01
7.433798258881400001e-01 3.544655707512626153e-01
7.717432577977868524e-01 3.562378782251006126e-01
7.816785097771450364e-01 3.669285255850877059e-01
7.601668654237097034e-01 3.182515909046183533e-01
7.333275667181552437e-01 3.930023333152426468e-01
7.821664806849404350e-01 3.335231810922933970e-01
7.352710812548119979e-01 3.841858076763974283e-01
7.774805004333085190e-01 3.874698325728829218e-01
7.205777958564874019e-01 3.905926000984246693e-01
7.777470723109234374e-01 3.303963104831301179e-01
7.615846882221168901e-01 3.978521041361998134e-01
7.218574849251170322e-01 3.250439880963830741e-01
7.957377753393477526e-01 3.957008418933777860e-01
7.399419868490536567e-01 3.904475028047542651e-01
7.616975309019881069e-01 3.573414583819041757e-01
7.285565837296725800e-01 3.055734030208661633e-01
7.183640303769945890e-01 3.382588249787417123e-01
7.040608453357097840e-01 3.834436616240932127e-01
7.477198532475307635e-01 3.826822310702053254e-01
7.626263166301525676e-01 3.123263674426403624e-01
7.057623170338720442e-01 3.630256349428093166e-01
7.523197158558250219e-01 3.508622249117688274e-01
7.815499448688230100e-01 3.945573511091229335e-01
7.080027490349299901e-01 3.849101584840972090e-01
7.154016031412864240e-01 3.508945569636170991e-01
7.415245319880229280e-01 3.775544423122617621e-01
7.215331548143306684e-01 3.025924390524769581e-01
7.228822913824832774e-01 3.321127726335708075e-01
7.781524869865658056e-01 3.082991154254022814e-01
7.770147633527813014e-01 3.371157950087084187e-01
7.886463448257204911e-01 3.415763596170382499e-01
7.434651700050385337e-01 3.821819920126636183e-01
7.833513142172640054e-01 3.213237390208152910e-01
7.359121231086285242e-01 3.025415105364453461e-01
7.590092972742694677e-01 3.517768234241939185e-01
7.297455061248764308e-01 3.587676858584156747e-01
7.311541001252237493e-01 3.820561236123276028e-01
7.093534089010292698e-01 3.372568260334425361e-01
7.567494811439520186e-01 3.652646018719296062e-01
7.979829868213039745e-01 3.925762222916337474e-01
7.780639778709488308e-01 3.815830409966666226e-01
7.877982455234388004e-01 3.841580124033118770e-01
7.941979543133809161e-01 3.890079747007670896e-01
7.052909286353679086e-01 3.392072107902459610e-01
7.615878164656146865e-01 3.772123915769958202e-01
7.494276259897099113e-01 3.575405850180251033e-01
7.105100143381490874e-01 3.652327784498201058e-01
7.414967852825240513e-01 3.538665028751354358e-01
7.642324708011298817e-01 3.493119446684830320e-01
7.143727941595121589e-01 3.773206330858076551e-01
7.349082247540241752e-01 3.070042125077051542e-01
7.310996526797337580e-01 3.447744507568517025e-01
7.395030618260428623e-01 3.550706516738567631e-01
7.558386128903769041e-01 3.982082390698393204e-01
7.792787548656029406e-01 3.593940903762298245e-01
7.200792851988676579e-01 3.842261721286056586e-01
7.361954638363177317e-01 3.197232645014720376e-01
7.252492877701022245e-01 3.102590893914223824e-01
7.999785504644163492e-01 3.578227214641430676e-01
7.417543932035826071e-01 3.494083682404218738e-01
7.543887281184710192e-01 3.672452305168734110e-01
7.159380536146211504e-01 3.261312397535996443e-01
7.771539183964313313e-01 3.175354412045123254e-01
7.338754297989311670e-01 3.918019984236995601e-01
7.074598340578851507e-01 3.967195793023721717e-01
7.282551199469733394e-01 3.222611235057465939e-01
7.384942803748816287e-01 3.425057933438678814e-01
7.489403798189786521e-01 3.451941801667684495e-01
7.658206829779010683e-01 3.154083886260327096e-01
7.216285520859787583e-01 3.216986144991481056e-01
7.272017274035841305e-01 3.819281465903840433e-01
7.498729780151940361e-01 3.256157404564804514e-01
7.601722981638551202e-01 3.966107198122255095e-01
7.675723124354485449e-01 3.138906501398053828e-01
7.195074513534541749e-01 3.803777057225229408e-01
7.807355916252830541e-01 3.975884855445457888e-01
7.676722309604105954e-01 3.918055197420881042e-01
7.263560974055612851e-01 3.877107141463282947e-01
7.748355786226093223e-01 3.350280084906063216e-01
7.531071408459951710e-01 3.158191307748688947e-01
7.890228482409082922e-01 3.788100646883215683e-01
7.363290176829829781e-01 3.454866739453238966e-01
7.433236830927499872e-01 3.201387194264521674e-01
7.838187896110407893e-01 3.507464191014404986e-01
7.649285383323520815e-01 3.785944909363997413e-01
7.072441319175721830e-01 3.343945577418815374e-01
7.583434851776832408e-01 3.339252523911915294e-01
7.522950983712605177e-01 3.690221261328522906e-01
7.433442249869353091e-01 3.735171618299087948e-01
7.150205499001335285e-01 3.885094595567676889e-01
7.908046105992020403e-01 3.319808207456887983e-01
7.712398105167688200e-01 3.052650018560532086e-01
7.721052322775747712e-01 3.719761678374244873e-01
7.944121187522057426e-01 3.102741534727352923e-01
7.012182525741806893e-01 3.527068745608843980e-01
7.835910458179669025e-01 3.188050383011431510e-01
7.644062438512947422e-01 3.494144512538167047e-01
7.952515876342597378e-01 3.012621295276324274e-01
7.544737487401008691e-01 3.932224457483305957e-01
7.951190963187767524e-01 3.154266089107945481e-01
7.226787552957236738e-01 3.746459495239214954e-01
7.183941697315677777e-01 3.291275071412713138e-01
7.217400534040918636e-01 3.356024371267133377e-01
7.037959476606211462e-01 3.247982373279608148e-01
7.206980800485536243e-01 3.375527920735010290e-01
7.654766484671020610e-01 3.338523646642482245e-01
7.296478429803130439e-01 3.318081278458376859e-01
7.443971209715853909e-01 3.765443995490571627e-01
7.224715972519223373e-01 3.644743697027507112e-01
7.708122193992859028e-01 3.447518225867259867e-01
7.393042558466089709e-01 3.544356786551051686e-01
7.347406168331739318e-01 3.894351813015193287e-01
7.672818417055222717e-01 3.695593192764132784e-01
7.427204653598232786e-01 3.513885643246339452e-01
7.152290936813532340e-01 3.467525492941894716e-01
7.365265837855943243e-01 3.256881381145452781e-01
7.110425036586519587e-01 3.841935476329665922e-01
7.815519982798257992e-01 3.201887952948315741e-01
7.550699539793835902e-01 3.916712143567909754e-01
7.763383166484159048e-01 3.512647112915269210e-01
7.153312018729953703e-01 3.700622211980797993e-01
7.289953765381528283e-01 3.024930855717249401e-01
7.965978156945573430e-01 3.797056804939654695e-01
7.328926246107627662e-01 3.976390616825074553e-01
7.584580198950179319e-01 3.960641984988639841e-01
7.103061911504739978e-01 3.387832587643858639e-01
7.337761352746584587e-01 3.886365101830667190e-01
7.772000894510914248e-01 3.074900099236743678e-01
7.460417735683695373e-01 3.844173134247851897e-01
7.226480731551661041e-01 3.608175033394562803e-01
7.660239351149933373e-01 3.705789538349983370e-01
7.602841181802054704e-01 3.665563238444201621e-01
7.833868310435647686e-01 3.641085057105386547e-01
7.687075083848561308e-01 3.825218806926656279e-01
7.567968810291223480e-01 3.405139852738716111e-01
7.669720744034461690e-01 3.251705027912452084e-01
7.963501617634556329e-01 3.105730354845950836e-01
7.617807815460017062e-01 3.538022971001138495e-01
7.068388660852648053e-01 3.234926986361383316e-01
7.652001984861218631e-01 3.344041758760426530e-01
7.328290664263935605e-01 3.804840127532532756e-01
7.278507541706374928e-01 3.505653290917720155e-01
7.515300024435445092e-01 3.552751408603552763e-01
7.495691463764920792e-01 3.400657120187511873e-01
7.392244082675856198e-01 3.113318867356281716e-01
7.040453026135812253e-01 3.177913130635811600e-01
7.084230382166024631e-01 3.370011418645070811e-01
7.856803040677562411e-01 3.334955774059351619e-01
7.869103796365779502e-01 3.867420778101910428e-01
7.098701299201988224e-01 3.135405087692633708e-01
7.331886738918459434e-01 3.174578425701785056e-01
7.565020065424384876e-01 3.445808589659951626e-01
7.945722313760933408e-01 3.226558969705288216e-01
7.836678013945119758e-01 3.301576275211453027e-01
7.560507163953789078e-01 3.285672818351671465e-01
7.899608477019816055e-01 3.363019252379879642e-01
7.149891142945056233e-01 3.344702793827979415e-01
7.940011736944411203e-01 3.094544251581991534e-01
7.276077931396078835e-01 3.521519248567931415e-01
7.006779741241611070e-01 3.768070798094458884e-01
7.802488437725316750e-01 3.877543874264782753e-01
7.855605898007851362e-01 3.421708432908418529e-01
7.104714254100388260e-01 3.770446342848133847e-01
7.646071609712117301e-01 3.612056063654203730e-01
7.312570720972062510e-01 3.189751919077617459e-01
7.036546696504306642e-01 3.175032584519838497e-01
7.563684844858199474e-01 3.043381847017493369e-01
7.590325862994814488e-01 3.353594337043036555e-01
7.045423521639921915e-01 3.333841189999784960e-01
7.422506458803990181e-01 3.664666307621103902e-01
7.911907362557086820e-01 3.369036847133281554e-01
7.109420763664578979e-01 3.849622753024636301e-01
7.127594554574572250e-01 3.025713803642359201e-01
7.690270087986437186e-01 3.846812562211516240e-01
7.303749260209927430e-01 3.281752749497063859e-01
7.435960203927701739e-01 3.974400795731925506e-01
7.126498376321127592e-01 3.254589667943827980e-01
7.812812914999468505e-01 3.528292640407609260e-01
7.626047888905278516e-01 3.642077493794198539e-01
7.043291950174425109e-01 3.146041366491179603e-01
7.737418990204795177e-01 3.052112945240569308e-01
7.795964049481709512e-01 3.313852017694165486e-01
7.172797898843741304e-01 3.670715123325075657e-01
7.100695457238456187e-01 3.848354971466103058e-01
7.886870494822402211e-01 3.072158998615721059e-01
7.166148125616084164e-01 3.486237790289877791e-01
7.250791004691816699e-01 3.318564466185345285e-01
7.782171827637330841e-01 3.803982085239983046e-01
7.945860588220138299e-01 3.162525257865337891e-01
7.738065100844114808e-01 3.231842417383262722e-01
7.849047256777346160e-01 3.640155748734617003e-01
7.976570098460329383e-01 3.227667230907013129e-01
7.910022434056405150e-01 3.114660642924796941e-01
7.303910032212204140e-01 3.121740210346907740e-01
7.034794053590076590e-01 3.336363801709571475e-01
7.755729991036169890e-01 3.928880107673703437e-01
7.743470966045218340e-01 3.087529981087185904e-01
7.085087316903289079e-01 3.408853403693777873e-01
7.828368067833405552e-01 3.140771907210223035e-01
7.511303111158538215e-01 3.337889578258211309e-01
7.106154496335895798e-01 3.069028759543294682e-01
7.922714407320966545e-01 3.974153708008989483e-01
7.844242465199976477e-01 3.494426844126126142e-01
7.402579500500598986e-01 3.982274541172154403e-01
7.920821172132276322e-01 3.523778088936163067e-01
7.321919632653938192e-01 3.544558202339909148e-01
7.991172546394608167e-01 3.951595107976457188e-01
7.667106764634747940e-01 3.348705820030501434e-01
7.535652598700026683e-01 3.323871212742215420e-01
7.944839253596216455e-01 3.423757685325999334e-01
7.353645650257183419e-01 3.537830717675113368e-01
7.327214174799803192e-01 3.097645860667511686e-01
7.241598616410015454e-01 3.409578689701616150e-01
7.304296262944677265e-01 3.711783152755581128e-01
7.041369863224739012e-01 3.716523159525606523e-01
7.322664729233815395e-01 3.859528683838831520e-01
7.522527365050865056e-01 3.092967391103064179e-01
7.868590612604824397e-01 3.669279644684865227e-01
7.936247875795343631e-01 3.198271977262581167e-01
7.475896380678532793e-01 3.317514620038251039e-01
7.538400296377089083e-01 3.325734244358163338e-01
7.683716576191506054e-01 3.536289106400019033e-01
7.271431138329275123e-01 3.883256338966643018e-01
7.954740558097216363e-01 3.050337644439937712e-01
7.770343426267191100e-01 3.888000381688846985e-01
7.050178495162880976e-01 3.851211112979942008e-01
7.999984838333664694e-01 3.231143669483828029e-01
