7.762034326707371035e-01 4.725768864931174096e-01
7.933961805056927163e-01 4.999563441890174653e-01
7.942155611055323750e-01 4.526366760544445200e-01
7.352846210674331973e-01 4.523142472194989772e-01
7.561945273834277392e-01 4.039577381907761833e-01
7.144003780997304487e-01 4.214569960044068919e-01
7.340022652009057236e-01 4.010493988052060699e-01
7.271147770752145467e-01 4.810130322852314566e-01
7.805821063543022520e-01 4.768409474179696184e-01
7.818930956695556711e-01 4.428945705970912528e-01
7.308508453238327096e-01 4.191210991206631986e-01
7.419340027968051032e-01 4.414616196317359686e-01
7.258739817615155188e-01 4.860977658195448914e-01
7.801612340241724786e-01 4.594701632581048578e-01
7.311685445485658352e-01 4.738739128136914558e-01
7.430437401007777831e-01 4.970030670761190761e-01
7.172171861873909426e-01 4.312009943662656886e-01
7.616599248517754717e-01 4.897677877554834636e-01
7.848693025462100126e-01 4.442222468883215147e-01
7.556242490043064697e-01 4.877310110580104774e-01
7.887014307057438334e-01 4.919230273417372068e-01
7.620866188216515180e-01 4.523851466159812817e-01
7.601483656207989048e-01 4.670579099084056773e-01
7.510129076094961276e-01 4.478873100910040206e-01
7.865300744206461525e-01 4.457955378664941182e-01
7.687609412321402269e-01 4.563518308486704811e-01
7.433090183675660212e-01 4.409166160808404844e-01
7.278893680486236972e-01 4.593008842075132492e-01
7.252958221339705913e-01 4.919169594887589092e-01
7.891539844862913711e-01 4.629844129288382959e-01
7.811283241976638703e-01 4.575285513615309219e-01
7.186811071512625437e-01 4.572596188098662084e-01
7.768105532876546926e-01 4.266966626664892015e-01
7.062499783881485138e-01 4.156684381073942891e-01
7.776478549264045359e-01 4.862428734972702449e-01
7.526008880859602623e-01 4.010895775600556434e-01
7.780931330859119921e-01 4.883334954239846315e-01
7.772922228514141940e-01 4.316713314132196722e-01
7.059072030146371635e-01 4.834005559956909837e-01
7.729337257480641821e-01 4.051016803247922682e-01
7.432148635067059583e-01 4.646184153003081185e-01
7.606469149117784934e-01 4.530058132584053876e-01
7.347502523612949865e-01 4.567498265215346187e-01
7.933747432877059635e-01 4.383586377745846141e-01
7.944531139703797651e-01 4.750381022821736909e-01
7.093309852673129745e-01 4.245146085746384079e-01
7.806638149859673748e-01 4.743603080770706359e-01
7.227885628656369743e-01 4.087675970703669170e-01
7.730992643050146329e-01 4.802330429059750161e-01
7.240420839237287076e-01 4.966516137868005054e-01
7.930067719681612726e-01 4.445199158394169681e-01
7.803696357624342328e-01 4.296916959085970156e-01
7.594877359885648938e-01 4.146849521696088225e-01
7.352610543506450380e-01 4.503933593180624584e-01
7.776088353618133553e-01 4.562810792605802579e-01
7.865685275463812909e-01 4.036934561218485928e-01
7.048388294739605930e-01 4.638617253163593301e-01
7.575849833467861449e-01 4.311291894652208301e-01
7.558901675472495807e-01 4.519074945551003197e-01
7.804740460373971178e-01 4.464142977105519661e-01
7.900547853419348510e-01 4.119712960284632741e-01
7.802213778709319314e-01 4.487998586237439969e-01
7.352928683469250881e-01 4.622301007536659401e-01
7.557674217688222784e-01 4.131398753612803287e-01
7.301219549333011205e-01 4.118679607365720585e-01
7.658343035415832167e-01 4.473699845759651073e-01
7.541607751188253994e-01 4.536815970168259771e-01
7.198980607863425529e-01 4.667421942692195902e-01
7.086576114789150393e-01 4.019654207859032491e-01
7.730910335392563448e-01 4.304868437608063148e-01
7.304606802513242680e-01 4.428468334141231200e-01
7.419337843774564956e-01 4.384343258036180746e-01
7.519422585599609965e-01 4.107710337464689498e-01
7.157456034698911340e-01 4.126370519555478955e-01
7.149608872453954156e-01 4.475005346424696384e-01
7.791789192964053701e-01 4.577905404625663977e-01
7.811980382988171767e-01 4.412133706812937373e-01
7.246897154707150346e-01 4.599080466546370261e-01
7.618762746955329845e-01 4.236121456993591217e-01
7.933383145888726062e-01 4.492932208010457229e-01
7.798202635111668446e-01 4.570890410396863945e-01
7.305561176951966829e-01 4.460798177502373063e-01
7.438400497507767772e-01 4.651417948437746031e-01
7.134524625978578838e-01 4.711004458446509391e-01
7.064546892517775678e-01 4.863509180181143643e-01
7.735223826045728446e-01 4.238244272175516469e-01
7.962044522677741432e-01 4.309228483290072909e-01
7.858829490962713216e-01 4.098409221706854622e-01
7.748193816229493880e-01 4.914501784432580012e-01
7.060708022322914612e-01 4.422803363637083374e-01
7.762740199508010308e-01 4.194724288457215566e-01
7.542228196195824852e-01 4.116771349902663135e-01
7.857668556773855784e-01 4.439028278702356056e-01
7.203008341231771361e-01 4.310838102359396684e-01
7.634631689283821743e-01 4.794379856028574416e-01
7.573391554410591198e-01 4.428059376007472681e-01
7.468144397317362237e-01 4.298623047557994514e-01
7.204258515796705398e-01 4.824268630988535755e-01
7.828303760180128634e-01 4.912121838058512990e-01
7.410854717842123573e-01 4.778354503600772407e-01
7.071831332586884233e-01 4.127784529440193806e-01
7.463708902687918867e-01 4.046600571024004944e-01
7.566339162314631439e-01 4.243423295745792911e-01
7.782852615210216207e-01 4.117930980468795799e-01
7.031149547178090486e-01 4.541486365463355268e-01
7.162818864317166412e-01 4.528256389966901496e-01
7.285846831793728606e-01 4.484371299073663386e-01
7.613348038898102299e-01 4.856991737459114278e-01
7.685991134201882735e-01 4.473153451963294280e-01
7.842464422941223257e-01 4.155442197193572884e-01
7.988545307805373641e-01 4.857906340378936871e-01
7.605118432336059886e-01 4.772337578880107012e-01
7.899754059017850549e-01 4.287083363637194111e-01
7.342118142580310591e-01 4.647829264327139054e-01
7.210690940946081762e-01 4.684721013475108276e-01
7.391483138207856074e-01 4.880549245306917694e-01
7.710126322446917424e-01 4.917760424689009979e-01
7.769348739462185183e-01 4.206611668190977094e-01
7.898229474437629127e-01 4.348380370905663428e-01
7.789142110438550537e-01 4.083027493462509372e-01
7.307679847885381053e-01 4.557991252693511797e-01
7.176833710491197227e-01 4.861276692810160283e-01
7.610901297126236864e-01 4.422223571873277193e-01
7.919889860196557274e-01 4.446737458110191499e-01
7.658754137243239946e-01 4.386353250247038149e-01
7.007839566290907651e-01 4.720192803347059152e-01
7.554900841063888484e-01 4.958881583748787625e-01
7.759414196490355131e-01 4.099127395876985824e-01
7.824366217990457173e-01 4.552355847068195738e-01
7.389151824803462665e-01 4.171107780776047713e-01
7.653474985958688137e-01 4.166763103425589754e-01
7.326504892442682326e-01 4.811420719154514414e-01
7.317786659451173126e-01 4.738411902642135631e-01
7.888978768543288833e-01 4.687343993883298365e-01
7.505125303731962072e-01 4.118439458850605694e-01
7.378129649104281373e-01 4.778078153049936105e-01
7.209453843326132372e-01 4.605194964495147314e-01
7.723069081709982298e-01 4.835974635080840800e-01
7.757906477583972338e-01 4.921618992919760127e-01
7.485810898772361499e-01 4.136506267424839289e-01
7.098457129414388334e-01 4.030993856181429025e-01
7.235404154034674740e-01 4.386519395671272248e-01
7.332597809496931296e-01 4.212862835370321246e-01
7.845184958830007105e-01 4.581596380019972159e-01
7.217453889809989365e-01 4.031026623562420919e-01
7.659007464719472802e-01 4.035274301610543013e-01
7.045127533226174243e-01 4.912161141961512989e-01
7.661058752558055351e-01 4.642578019812229062e-01
7.647368642585731235e-01 4.699130218450192631e-01
7.055720349352438969e-01 4.658478097386294925e-01
7.584688458043910009e-01 4.431226800602922067e-01
7.454979730662695259e-01 4.806846482465787496e-01
7.691326503020745609e-01 4.963940401457335172e-01
7.967989563950073073e-01 4.506395895569725307e-01
7.884554569888412301e-01 4.857459633073319405e-01
7.564087887816267619e-01 4.173581273638912181e-01
7.810060388495999595e-01 4.008451384620275171e-01
7.279652441339432567e-01 4.368510898706678969e-01
7.905659061177011671e-01 4.441456409433675034e-01
7.466550687412815135e-01 4.454835167327680367e-01
7.993165212268991127e-01 4.466662713859704814e-01
7.991734040239117931e-01 4.492368283844934140e-01
7.608383861137961723e-01 4.100387744898978948e-01
7.617196551155530626e-01 4.847508190679043483e-01
7.984122084876286163e-01 4.414048996107899359e-01
7.188986744079551849e-01 4.157764396692657516e-01
7.767105985144777680e-01 4.228146483782610487e-01
7.783505579055290946e-01 4.667553338480640579e-01
7.496239740850844102e-01 4.675598468217319059e-01
7.004916877549073329e-01 4.386855957703993392e-01
7.766495246656690554e-01 4.123817029507121923e-01
7.152490015527022127e-01 4.061169337747215224e-01
7.571849770072625052e-01 4.669552192112970124e-01
7.121136515928992994e-01 4.595180679166716020e-01
7.845824576729030220e-01 4.850033492509533417e-01
7.598811468705699568e-01 4.554708039630362970e-01
7.002022670848702113e-01 4.788491743829489389e-01
7.907315619834390796e-01 4.935322808802468098e-01
7.367432409308201091e-01 4.533984264227174377e-01
7.973472342146152858e-01 4.884506482187497278e-01
7.223201417523420487e-01 4.028783976122037869e-01
7.058720279071769577e-01 4.927176523085400883e-01
7.901096969456306018e-01 4.327063488619900533e-01
7.390247113699817127e-01 4.039377491307463708e-01
7.765792835853325693e-01 4.694256392495752550e-01
7.753423872906065606e-01 4.081490827167068014e-01
7.960250413554575966e-01 4.141351206229164084e-01
7.742460137184743463e-01 4.028784206665454448e-01
7.968538006970340426e-01 4.632937562884712479e-01
7.487777681630121140e-01 4.031232740918596069e-01
7.634696075380462688e-01 4.125306805754859196e-01
7.509964240981414907e-01 4.886429592147214507e-01
7.224735654583476219e-01 4.795452037513449062e-01
7.627781371789165155e-01 4.222977145139880095e-01
7.152136003502507222e-01 4.971545858327475198e-01
7.972621641663018011e-01 4.244422410308732463e-01
7.223081397844631768e-01 4.614258595238587279e-01
7.875508024890031100e-01 4.086022327483480598e-01
7.567968353496691281e-01 4.722393728939480728e-01
7.889030981490455785e-01 4.468787873155642965e-01
7.261754516924793235e-01 4.968254859220871955e-01
7.531440431566738258e-01 4.226766458899618439e-01
7.657059434086227467e-01 4.615092899657612380e-01
7.121385650641225418e-01 4.635640240431216363e-01
7.226197174244305410e-01 4.375594795475071797e-01
7.244144416029283384e-01 4.044138502896097997e-01
7.503877453794038921e-01 4.272778997842940907e-01
7.974938992443626473e-01 4.534216051355649535e-01
7.319762603643514831e-01 4.613554449507998312e-01
7.915670177963642917e-01 4.886943138446337431e-01
7.950891488753401015e-01 4.233393060319732837e-01
7.403286132940525288e-01 4.862854377202304734e-01
7.042435159501218012e-01 4.272283021022827976e-01
7.706773480137802945e-01 4.461550705697387986e-01
7.109298966288923882e-01 4.356358259856629722e-01
7.200197706216873161e-01 4.176858357567465596e-01
7.138573129758928326e-01 4.906117913713882173e-01
7.187426670530739914e-01 4.215645527631260991e-01
7.655652972724553695e-01 4.090084665254578589e-01
7.262489954564870231e-01 4.628623423435156425e-01
7.945325841964722136e-01 4.376496090682431284e-01
7.423919524076845189e-01 4.863234973491596946e-01
7.357050321847556917e-01 4.785295609945044992e-01
7.211346736367103549e-01 4.681009303494618190e-01
7.532557700831590264e-01 4.202531643422878771e-01
7.782134909380327148e-01 4.627666707113541333e-01
7.403950697268272263e-01 4.948392275814914587e-01
7.643090747149889896e-01 4.202923486239458217e-01
7.953150104866416603e-01 4.307813258713089621e-01
7.360811079314028005e-01 4.898904490305634463e-01
7.933650258200816152e-01 4.888787966605172008e-01
7.627313730370824940e-01 4.201192785426428600e-01
7.565136311419187187e-01 4.342134633899529805e-01
7.848112066128749564e-01 4.543816780331184635e-01
7.507613046151880853e-01 4.653494035517558025e-01
7.780803189623597405e-01 4.380186790439434263e-01
7.798451769970858871e-01 4.540407487726982882e-01
7.529889614046281210e-01 4.964868283883373534e-01
7.511465606902046899e-01 4.101945563267600514e-01
7.585308344521080048e-01 4.557167479466419646e-01
7.668964620815605926e-01 4.419846403500172771e-01
7.532344991323060013e-01 4.796951445334128872e-01
7.901237820877238249e-01 4.754636349164682585e-01
7.361702724390840613e-01 4.873728088063900565e-01
7.759836557424921732e-01 4.240564656675053223e-01
7.613304228583508415e-01 4.117086432376074745e-01
7.542151967556232073e-01 4.055930733152276479e-01
7.848630857111691395e-01 4.266044858025561659e-01
7.371790386814474072e-01 4.417750055413739441e-01
7.989730004580823941e-01 4.616818921217072935e-01
7.307873638894857304e-01 4.516025079150077781e-01
7.086300388513876447e-01 4.509757606165140653e-01
7.098303485939846391e-01 4.322821723597597976e-01
7.027897871601147539e-01 4.016615900504866277e-01
7.358701486319499940e-01 4.525942309867309055e-01
7.621702985380194306e-01 4.346413107064747705e-01
7.694313761628220893e-01 4.925942478334698338e-01
7.556622916282205171e-01 4.158903092869338236e-01
7.271890872087481972e-01 4.578007764328695384e-01
7.587478913608225461e-01 4.318175652438667189e-01
7.755610825823989751e-01 4.682140803423535669e-01
7.371298457902466517e-01 4.688533550171894992e-01
7.915279039342280054e-01 4.963416970381840931e-01
7.323214396256103598e-01 4.384685225384533092e-01
7.785550455159548910e-01 4.088018424631295611e-01
7.945147447778355687e-01 4.204821310951781799e-01
7.868610748331128502e-01 4.445588384063368093e-01
7.597313050657876765e-01 4.329953811454231305e-01
7.357440439676861121e-01 4.245586875740435806e-01
7.573210297182718653e-01 4.665298930005173927e-01
7.184888181954005582e-01 4.665136190977265951e-01
7.997418470845937266e-01 4.365648688927785126e-01
7.234445198046371983e-01 4.454151820290954689e-01
7.148481325900993832e-01 4.566131961350823332e-01
7.688341451620701594e-01 4.909537635120651555e-01
7.085667175025355258e-01 4.264298676230710017e-01
7.984268109745625841e-01 4.172096691254673084e-01
7.515577629729737197e-01 4.973042872481317489e-01
7.361466935516445265e-01 4.011163236481103955e-01
7.998086190722430988e-01 4.476963415573839145e-01
7.741900772837750910e-01 4.587827369169125147e-01
7.782223152483719320e-01 4.084993038548064836e-01
7.436400242531633342e-01 4.768848250632063968e-01
7.892910907977401802e-01 4.595560564477663701e-01
7.463185929553211029e-01 4.707963310113934541e-01
7.927925433641170860e-01 4.884006063604084957e-01
7.912327390628994817e-01 4.633072373648523534e-01
7.793211314071606388e-01 4.809190501136759721e-01
7.641992936122080637e-01 4.409306147824815225e-01
7.405355906068143979e-01 4.787394144684465891e-01
7.244863446643362570e-01 4.797701712349210501e-01
7.653316034961745729e-01 4.411243230157659845e-01
7.397811093456587717e-01 4.993597915977215362e-01
7.608226035968257417e-01 4.978362529601170205e-01
7.267172087911715206e-01 4.600836400116363745e-01
7.363056878930387406e-01 4.842376172866589834e-01
7.127509755201443253e-01 4.434259024379354486e-01
7.837705743759988408e-01 4.632413234902796328e-01
7.401258623217864541e-01 4.676874241166299462e-01
7.421946103576378961e-01 4.222052308365771278e-01
7.859659925292863392e-01 4.343821247710734079e-01
7.298362688973675239e-01 4.796914884323796313e-01
7.646210518810043766e-01 4.503494938310198537e-01
7.383859673094304021e-01 4.330991372475846424e-01
7.202790388451431047e-01 4.225373444648524712e-01
7.387496953393809518e-01 4.163481594389865648e-01
7.586358060142764925e-01 4.210530825431619828e-01
7.589589265337838286e-01 4.095366260108123102e-01
7.924931684165588130e-01 4.773131707741554708e-01
7.962769593593281847e-01 4.915191962951339644e-01
7.449640301397196795e-01 4.377133565375017632e-01
7.380409213783347688e-01 4.700935586168744074e-01
7.320348809955272706e-01 4.035568608342571251e-01
7.651119951492074689e-01 4.490550447599843675e-01
7.903424524812756591e-01 4.895446071077808048e-01
7.865953720484319955e-01 4.167117224445308632e-01
7.090844862471585852e-01 4.440368039574682513e-01
7.358701946828097862e-01 4.256269447139562345e-01
7.680101103747826174e-01 4.736489337846473413e-01
7.799701880961136258e-01 4.210811724130605338e-01
7.672270471766468036e-01 4.265436041511646570e-01
7.240756998558255386e-01 4.598738793736044661e-01
7.182005067392494002e-01 4.420734229538277327e-01
7.129034204500909189e-01 4.652434174878035678e-01
7.151102893306452435e-01 4.002097455257023206e-01
7.058259903056123274e-01 4.782687817744779024e-01
7.326913651161198748e-01 4.802395058211492707e-01
7.718823191376291692e-01 4.041333097202020053e-01
7.255270110863080157e-01 4.583175157186776816e-01
7.060072637601636503e-01 4.042280478673733746e-01
7.750290851523080615e-01 4.309214178157014796e-01
7.941120678865907223e-01 4.818482628004790991e-01
7.972138825195063117e-01 4.772157910192831864e-01
7.913026948475385680e-01 4.708564352433122768e-01
7.511717490488367677e-01 4.647091639458124090e-01
7.293638594691779220e-01 4.258171244358370799e-01
7.729859580174509581e-01 4.555666815191324326e-01
7.191513768643477134e-01 4.047058397899271909e-01
7.972164454930229516e-01 4.430532072974489033e-01
7.794191437127837574e-01 4.444109468896835224e-01
7.287106301823528254e-01 4.864287657612560989e-01
7.016858682279818460e-01 4.933512562837394921e-01
7.291063991120949606e-01 4.461284194573921225e-01
7.903882525249040780e-01 4.490098771546933154e-01
7.587472070614723618e-01 4.755053770425522464e-01
7.913096815631118774e-01 4.454248804582477961e-01
7.179685419234312915e-01 4.528496666528422088e-01
7.714693619201757890e-01 4.004385495664499195e-01
7.925097515534936798e-01 4.484800902629366703e-01
7.461738492645840770e-01 4.713042314035925107e-01
7.544301424440449377e-01 4.373066282353975653e-01
7.195505367143889552e-01 4.704301221709826786e-01
7.904665626483212693e-01 4.246121705119314527e-01
7.181452083710283540e-01 4.344205678010391591e-01
7.128580237660515628e-01 4.469412666777331511e-01
7.585128493033023167e-01 4.497926287581565097e-01
7.590394572733402123e-01 4.575614385903968850e-01
7.852478591865383883e-01 4.037138439721125738e-01
7.374178403889458666e-01 4.168589175030592564e-01
7.243318892041632484e-01 4.751155327683533880e-01
7.011071233985761708e-01 4.835434580920581205e-01
7.771901753671695001e-01 4.189113040663992593e-01
7.506673424116683258e-01 4.452442635047119124e-01
7.856424873344218796e-01 4.174499976115234601e-01
7.038843726727755934e-01 4.063549868897482487e-01
7.416833279939591961e-01 4.314318401366608047e-01
7.233229302624082369e-01 4.650073382077125617e-01
7.602880675270499156e-01 4.901487941829920092e-01
7.747737896543919200e-01 4.295085664758101496e-01
7.797873827936668834e-01 4.103887836593916316e-01
7.759096895676063088e-01 4.600587859850141514e-01
7.255573738116424254e-01 4.246154281708011125e-01
7.643706243195194094e-01 4.763315624795586567e-01
7.430936605891801383e-01 4.310262990971840957e-01
7.530558560481208641e-01 4.776810688591953680e-01
7.287891865668475466e-01 4.815876412489497049e-01
7.677481818033545791e-01 4.961398769859147739e-01
7.516252537788944421e-01 4.275853691872341100e-01
7.080780491838050139e-01 4.247673878375589629e-01
7.858179310565558406e-01 4.365582481784892610e-01
7.527484535612735117e-01 4.501363377960322931e-01
7.682501225051666660e-01 4.336995330635908807e-01
7.704130227008230136e-01 4.372230448585887608e-01
7.969193025019012389e-01 4.207879896915942552e-01
7.756161596412026737e-01 4.783622326360880139e-01
7.599054987571410846e-01 4.354390890499970634e-01
7.177961701990525079e-01 4.114595325159906558e-01
7.267994920978229079e-01 4.455184862255617273e-01
7.080227434405688136e-01 4.022926726139435250e-01
7.300727833383483523e-01 4.696064982222827311e-01
7.876989830419198757e-01 4.636469457741492217e-01
7.903035539389923203e-01 4.238246858223579938e-01
7.882744677619617502e-01 4.586663848738971594e-01
7.173579292122640449e-01 4.400983758542104107e-01
7.986029048888394488e-01 4.068563808144501914e-01
7.745686636670047198e-01 4.080257719770957747e-01
7.115017098329270429e-01 4.234820201696080089e-01
7.339616257187577819e-01 4.205759895862512532e-01
7.756608492233201257e-01 4.551857368271956528e-01
7.510621863412896282e-01 4.253382681187761749e-01
7.580850355117338957e-01 4.413518295618809040e-01
7.239477433111349836e-01 4.447377295583017642e-01
7.985741374432446804e-01 4.951177295219091889e-01
7.002802105660157483e-01 4.729976289196179406e-01
7.565421483625789367e-01 4.459553705756161834e-01
7.901944733203538629e-01 4.445894508440360049e-01
7.562912034224215097e-01 4.872375788910970340e-01
7.886233946091548708e-01 4.984953565908835094e-01
7.473412845753989453e-01 4.198671173310207783e-01
7.124187895265579051e-01 4.379366740221460885e-01
7.503727906593257169e-01 4.773959959306423029e-01
7.768303709264038348e-01 4.764321762624267875e-01
7.490860869157511814e-01 4.467581973572931631e-01
7.607559857352192978e-01 4.287823193619034745e-01
7.187745829881261317e-01 4.818208005259319027e-01
7.054557515099848519e-01 4.732599657025921003e-01
7.649844100858154139e-01 4.192380174058306652e-01
7.765591337792895343e-01 4.247293795286481988e-01
7.956662962701115394e-01 4.157829673561619366e-01
7.866004959720720446e-01 4.685094964263450956e-01
7.664769170483717309e-01 4.128059930951318290e-01
7.575636813473720643e-01 4.837776145674438366e-01
7.443094171604348608e-01 4.981750833944605938e-01
7.235204514837119127e-01 4.633601073389331804e-01
7.252682072599982988e-01 4.751236646698038246e-01
7.745335288400664320e-01 4.121361200027399141e-01
7.340910895665881952e-01 4.454314567137719338e-01
7.121637088195403864e-01 4.235197791249639687e-01
7.150550618956672544e-01 4.268812846770386749e-01
7.815927823582988765e-01 4.307583192321025045e-01
7.479115273845402534e-01 4.348365227806254563e-01
7.769434987745859056e-01 4.399628139089960532e-01
7.413121936669602174e-01 4.574881057345671076e-01
7.414145158278828696e-01 4.139403911960683469e-01
7.976695190746397879e-01 4.069141108128507822e-01
7.257338342209822546e-01 4.234168579555063205e-01
7.795811721407539530e-01 4.919404005947541902e-01
7.488609081291091041e-01 4.042855049365693954e-01
7.098436652725177431e-01 4.945489355216220462e-01
7.094959051718022769e-01 4.866044851519606418e-01
7.531326598978758113e-01 4.651613449021879676e-01
7.188943772317633041e-01 4.356715571931175646e-01
7.620079558646517537e-01 4.582306148882486774e-01
7.387711437011816873e-01 4.305846929984519234e-01
7.493448256676700225e-01 4.529922977746498325e-01
7.310224571192212029e-01 4.453501210461192628e-01
7.809749873523627040e-01 4.755013317690114927e-01
7.329098289790904053e-01 4.065113623649144192e-01
7.084490573777328937e-01 4.087974935262951304e-01
7.340986097508019892e-01 4.033114116876926891e-01
7.416710104159636163e-01 4.926976296482172279e-01
7.097172837280905089e-01 4.912854009494819207e-01
7.375174806378407277e-01 4.712914360889455812e-01
7.646927622045668338e-01 4.897085008250390281e-01
7.650438989004756385e-01 4.912480046241851639e-01
7.860872404280156989e-01 4.579455074280053273e-01
7.133116114275454001e-01 4.697720428201433984e-01
7.346042944895672111e-01 4.248310591161946759e-01
7.168606277398756887e-01 4.187320706183529917e-01
7.048853310996984201e-01 4.371987959632750997e-01
7.353159447083521538e-01 4.127079429452154002e-01
7.825586092858628495e-01 4.706518654563419668e-01
7.605959623319806795e-01 4.349289036632783545e-01
7.664438596606157894e-01 4.965563056658088836e-01
7.877643035150695416e-01 4.095087937464187422e-01
7.754049148409399850e-01 4.405796147843298871e-01
7.823068055086360717e-01 4.651324558318838953e-01
7.391242464754239627e-01 4.951966135421724813e-01
7.718087854837614170e-01 4.052021684208150232e-01
7.267106926367494779e-01 4.112072523544315628e-01
7.828284035380630446e-01 4.718923429930077518e-01
7.191295880849943867e-01 4.323198608859848968e-01
7.018405017860108730e-01 4.110733516164049584e-01
7.455991083212208936e-01 4.006862222939664431e-01
7.029658554220729050e-01 4.188540744334396937e-01
7.862875961804056679e-01 4.441563007113423223e-01
7.364687439293022830e-01 4.366724147632927711e-01
7.823621517943347703e-01 4.643395261731221302e-01
7.159851468489121240e-01 4.110292150153520563e-01
7.842475687274012008e-01 4.659634916416823258e-01
7.052456416877147527e-01 4.164994411805468255e-01
7.914918676023794397e-01 4.756160556417080021e-01
7.276063462712916152e-01 4.303862793942414555e-01
7.369009384700933030e-01 4.300840857403625539e-01
7.559266636930037642e-01 4.377485920778285688e-01
7.954354063344096781e-01 4.821391076341553505e-01
7.520191161692280080e-01 4.029941041442240968e-01
7.296350722546626200e-01 4.248366447503341137e-01
7.501843978083819753e-01 4.431062666297080344e-01
7.212919708682906661e-01 4.438707886710019368e-01
7.466809298240472126e-01 4.412391124800023601e-01
7.268342952012951663e-01 4.430211082674265777e-01
7.783772235984027787e-01 4.816685007162827548e-01
7.371323871442900799e-01 4.219391180938603658e-01
7.978071098820471718e-01 4.939414892829582238e-01
7.780478786634317245e-01 4.859865317895824544e-01
7.085925472794870617e-01 4.535740731282346672e-01
7.986675199674219128e-01 4.116622628110110371e-01
7.383655004829228208e-01 4.276171353292495536e-01
7.643340389409298830e-01 4.265869018389030765e-01
7.099982517575672558e-01 4.130863244206142149e-01
7.710625293410485748e-01 4.560033317545085230e-01
7.720043936788327787e-01 4.070785265621855720e-01
7.522366669515798687e-01 4.276274092216529876e-01
7.665699204452847138e-01 4.131773214489843360e-01
7.471555587557406897e-01 4.508872018149947536e-01
7.079809332183295556e-01 4.009393115301599919e-01
7.150071029337358164e-01 4.097191111897644511e-01
7.616381752782586112e-01 4.129019056476624927e-01
7.848424202716619558e-01 4.035943853370901890e-01
7.935343188224416311e-01 4.579530653917102123e-01
7.797900997609091833e-01 4.854507378101139414e-01
7.749712536250961126e-01 4.879919420139103847e-01
7.673244744732744538e-01 4.454718258957551802e-01
7.959202012529855708e-01 4.181646683767192840e-01
7.155169362622729734e-01 4.463917589037852407e-01
7.721205843665185364e-01 4.631918032724268164e-01
7.044596143975234703e-01 4.882630706676727717e-01
7.041969252623432318e-01 4.897715464174518529e-01
7.721769516043428538e-01 4.567644711534367685e-01
7.729912273097908626e-01 4.026441325177256836e-01
7.125371345817291813e-01 4.915720011007669310e-01
7.983329759610026111e-01 4.060461706912069646e-01
7.421562804053575269e-01 4.406557771097241449e-01
7.532846193091030651e-01 4.036989120858962554e-01
7.794912669973038666e-01 4.683725825978988788e-01
7.100681945804562245e-01 4.150283751313738057e-01
7.336193823846146600e-01 4.502728195328924432e-01
7.471501398726481113e-01 4.302822808123119569e-01
7.351012407695266537e-01 4.061095188936224565e-01
7.122138359462907298e-01 4.534486185685154824e-01
7.484627285791374263e-01 4.615515965713298252e-01
7.374548916809333665e-01 4.851864592971577017e-01
7.885404342413366852e-01 4.966745553833209481e-01
7.669460713444067324e-01 4.456021126435501523e-01
7.688561205168439328e-01 4.492143149969727300e-01
7.381544578300284210e-01 4.516869992094906250e-01
7.599463555447754093e-01 4.294191786679745770e-01
7.168936187954147998e-01 4.109390267375477301e-01
7.799827178078414525e-01 4.255822845429890755e-01
7.584703642776027266e-01 4.901859230870669881e-01
7.528386991380515703e-01 4.407108494603951820e-01
7.573567302417819613e-01 4.967819966387514441e-01
7.667250714183324600e-01 4.455690002262298055e-01
7.251185330440564902e-01 4.184917193932051194e-01
7.200889477868762656e-01 4.053970378524225926e-01
7.327262133993883708e-01 4.673184831107762838e-01
7.330703969607705872e-01 4.386147294197496049e-01
7.059642991619655694e-01 4.439352853437973367e-01
7.161398962285705494e-01 4.109855006717240133e-01
7.917989284024478103e-01 4.774162955906545158e-01
7.815907537607933442e-01 4.479588102262195282e-01
7.157003381346800364e-01 4.281198683731585186e-01
7.862691929181850892e-01 4.558460175271803472e-01
7.858961868335319068e-01 4.841436000724854694e-01
7.153753262283781833e-01 4.232461447957989176e-01
7.423990893080929521e-01 4.407022769065043755e-01
7.381241146834766065e-01 4.983633998024646905e-01
7.985382306316204382e-01 4.317787536092020928e-01
7.659759839307594964e-01 4.698907477461565785e-01
7.247355880084462854e-01 4.640075545030064585e-01
7.397610079387153537e-01 4.555697634119905692e-01
7.778857535122405409e-01 4.691055418821450940e-01
7.843878471474361458e-01 4.055916626540672087e-01
7.160933955140298401e-01 4.922000561726741497e-01
7.305403288971275000e-01 4.998057448611644693e-01
7.106455344121086481e-01 4.636714266882942526e-01
7.243093303071400646e-01 4.629810439950848289e-01
7.997470480973584150e-01 4.938596957153807976e-01
7.733028870120493004e-01 4.193238160295233996e-01
7.311800051215225915e-01 4.747633340297145454e-01
7.969106805018779660e-01 4.365434532632196385e-01
7.975147396054291793e-01 4.736080436243135239e-01
7.490650135151408762e-01 4.896194656355474795e-01
7.569915056407201526e-01 4.248687663307442186e-01
7.354692868492231916e-01 4.099902535483188615e-01
7.565299509284350021e-01 4.819039969619898223e-01
7.282072240991750434e-01 4.282838668987319908e-01
7.704996040020981596e-01 4.313801076701484494e-01
7.194955705277531477e-01 4.671953308587276643e-01
7.269048814060090624e-01 4.684915549392880685e-01
7.580039013091877109e-01 4.394437714873178358e-01
7.088714712596466683e-01 4.211118561063386112e-01
7.244854482931322170e-01 4.171106382259739953e-01
7.286068047237983514e-01 4.107583840337700187e-01
7.720265054664726678e-01 4.381494293201773083e-01
7.409240980601812243e-01 4.532437802784426983e-01
7.112938380991777887e-01 4.380204241001611765e-01
7.260747762460272314e-01 4.379091514094262116e-01
7.198622014299319583e-01 4.901296324803484650e-01
7.734142605533357306e-01 4.657438457176057423e-01
7.317756814507990759e-01 4.849734303204964458e-01
7.005342022809531999e-01 4.157872395117278019e-01
7.861370935372016255e-01 4.316697665838316045e-01
7.520090246028934278e-01 4.325200807747939802e-01
7.543308067427898500e-01 4.133848789235308185e-01
7.231209813700564260e-01 4.870298986272747488e-01
7.136174009364815163e-01 4.102117984830254693e-01
7.201973719068491819e-01 4.948911026417697201e-01
7.361372979343450140e-01 4.783581759097064734e-01
7.880009690255374011e-01 4.824025128909291693e-01
7.796458919572000212e-01 4.800418304405999481e-01
7.851025829490869690e-01 4.648084805607136660e-01
7.846948732587731845e-01 4.743274636107123743e-01
7.584897648325756858e-01 4.949534165742812686e-01
7.769073347019713749e-01 4.509901401549150646e-01
7.206993511904583594e-01 4.882778550802021611e-01
7.717520308268154272e-01 4.307240452932696861e-01
7.860863733577334589e-01 4.789070235326455816e-01
7.953817694777017833e-01 4.292636053885604541e-01
7.482313831100735335e-01 4.917795004877134613e-01
7.745627122002293197e-01 4.900553380230989187e-01
7.704153782324394406e-01 4.065572927785237600e-01
7.514274460992522719e-01 4.775117157782742816e-01
7.345845610823471539e-01 4.081639605589830744e-01
7.599260587316777338e-01 4.159558635995241893e-01
7.690670603780378478e-01 4.477566729116611022e-01
7.630694890616959158e-01 4.211236993233621884e-01
7.598502663726207640e-01 4.711922743840453731e-01
7.990808662532152828e-01 4.624957921309472142e-01
7.911406079061644725e-01 4.098968252089778552e-01
7.641537885290645704e-01 4.058815794267259802e-01
7.534463507706943286e-01 4.852964103475644331e-01
7.917823548107699727e-01 4.372870288574334796e-01
7.236988282902493408e-01 4.283091645153643823e-01
7.128480125466536421e-01 4.995156074167846905e-01
7.733947640471283691e-01 4.244995626780027620e-01
7.775948848932433544e-01 4.290827584190684552e-01
7.844319637979253468e-01 4.426420792432856910e-01
7.007768582706482841e-01 4.753779939399256915e-01
7.547773370359506240e-01 4.890774540501751644e-01
7.601825560959056816e-01 4.812138463259806875e-01
7.232617684562181459e-01 4.037244963228922012e-01
7.284725324311592809e-01 4.313292116030489343e-01
7.112224940475028179e-01 4.340612974696025361e-01
7.704884056142311533e-01 4.359252505155136737e-01
7.268175795204881995e-01 4.714652329384729779e-01
7.248477964897792614e-01 4.388385479271050271e-01
7.174678297969294682e-01 4.108218194402508683e-01
7.898980924417634553e-01 4.977005610248888545e-01
7.455571417062895057e-01 4.315359026394450792e-01
7.614736804938672110e-01 4.079326644146722969e-01
7.428519084676044049e-01 4.158958711886618920e-01
7.020592153620225373e-01 4.391222436047979572e-01
7.245590032310091910e-01 4.188821111217329585e-01
7.062633492005363500e-01 4.808908131831493016e-01
7.556211851341588792e-01 4.319475408856747745e-01
7.105346827347401861e-01 4.162978069520302249e-01
7.721028344349259998e-01 4.533066309911616409e-01
7.900903630881395134e-01 4.795171279215703630e-01
7.615982658235028735e-01 4.731441959746762738e-01
7.670230568322701226e-01 4.782095059446283547e-01
7.299447154968961016e-01 4.966831402937482709e-01
7.171773894228636870e-01 4.107034032856617944e-01
7.822579498632115103e-01 4.002542883883462022e-01
7.078465337397560342e-01 4.293718133304573747e-01
7.110754706327084840e-01 4.006465586467614082e-01
7.110959624709742855e-01 4.550704156992427252e-01
7.510490576291029008e-01 4.067306228925686717e-01
7.172986552165500074e-01 4.882483653216495023e-01
7.097689792680874632e-01 4.154229801993503668e-01
7.027319877699041983e-01 4.259885576029512899e-01
7.050777455235909263e-01 4.077030879263586205e-01
7.271988572571709275e-01 4.118692262755133671e-01
7.235479629619641084e-01 4.959052961611484234e-01
7.398741731527876953e-01 4.269682509180080521e-01
7.458610832612069252e-01 4.437335331271278771e-01
7.064426668956416133e-01 4.379613133561787719e-01
7.914227676566515379e-01 4.851083604515435965e-01
7.547436530654519915e-01 4.310595233979102048e-01
7.232297461312380271e-01 4.877864151917733482e-01
7.304671082950952021e-01 4.022191673827170133e-01
7.719713876785054829e-01 4.156990002996001077e-01
7.459239723315941317e-01 4.476810206340893217e-01
7.866976834000189989e-01 4.249769250999699821e-01
7.879183092816064438e-01 4.779647127543261154e-01
7.792770966581559211e-01 4.885171962225697273e-01
7.860825494152035020e-01 4.540868075209653076e-01
7.216204728392251466e-01 4.576358701090816328e-01
7.047121840808573401e-01 4.088040744985526054e-01
7.165692513627359705e-01 4.869287184290232995e-01
7.949220160058033668e-01 4.761175309970245850e-01
7.972987889405609430e-01 4.389341789342908751e-01
7.418245344093959970e-01 4.731794550006732658e-01
7.567090165024291659e-01 4.766595184476265512e-01
7.125613846588337852e-01 4.961216366501768338e-01
7.202301415869761803e-01 4.108737262494642772e-01
7.469351601079108338e-01 4.855937837465632567e-01
7.689818639854486548e-01 4.394533721516408753e-01
7.403113245515363650e-01 4.804669909714602838e-01
7.322870558057072987e-01 4.449097049202150878e-01
7.050513686485171405e-01 4.275530061066032395e-01
7.473800728749457889e-01 4.331589997942100201e-01
7.385873015421369203e-01 4.516520405338171340e-01
7.669142263045617414e-01 4.960194346711432889e-01
7.339436777179297877e-01 4.835907699096217982e-01
7.146214075512120623e-01 4.238110554862095647e-01
7.028797605497556500e-01 4.265465927420164505e-01
7.625453514443568670e-01 4.745457458963529551e-01
7.279912362652807278e-01 4.789557856128331403e-01
7.290355721977055392e-01 4.263032390562147000e-01
7.424154590941477450e-01 4.197146694332013483e-01
7.335485563865948855e-01 4.968505340745538179e-01
7.826061841807429031e-01 4.780626506889170679e-01
7.001117547527089258e-01 4.017345685973441327e-01
7.518721486462756065e-01 4.249582661416737017e-01
7.162736365609136957e-01 4.707342231976002767e-01
7.966570085211204244e-01 4.970643371171069580e-01
7.265188776872295584e-01 4.222974174919655876e-01
7.516522252507921165e-01 4.632118572424751002e-01
7.092471299619698133e-01 4.456952553454467392e-01
7.260710248020242341e-01 4.276529555402832083e-01
7.812922372306247976e-01 4.627559390721973642e-01
7.717651534960197068e-01 4.377347905566160713e-01
7.634114292606248853e-01 4.913584913556938716e-01
7.288246652699775785e-01 4.688028759285010616e-01
7.956420111274807860e-01 4.962222446533600118e-01
7.647150280215343487e-01 4.492418731438860280e-01
7.850870324059844307e-01 4.448069667276665085e-01
7.697319818506445088e-01 4.516394061169097252e-01
7.789724544936067474e-01 4.335628954310204453e-01
7.345588396715218016e-01 4.869223117046580507e-01
7.662850971727358518e-01 4.647703449293965061e-01
7.957645865539689778e-01 4.297912206376480748e-01
7.055508884986307905e-01 4.596504155615183662e-01
7.771321997896721845e-01 4.552885310673817632e-01
7.725550854275011758e-01 4.198418188763844983e-01
7.260319596043742774e-01 4.083896825844887668e-01
7.637321450703318249e-01 4.172063572279030019e-01
7.272722194873236790e-01 4.989453809737300904e-01
7.066218001825538275e-01 4.614335451668959420e-01
7.175406761842506587e-01 4.951577953387558129e-01
7.817380629774415279e-01 4.618585670335131899e-01
7.215885795173526684e-01 4.275727490021121735e-01
7.776291423099788158e-01 4.631722607367424471e-01
7.276364996890308801e-01 4.061470403359477843e-01
7.421780152567428734e-01 4.062377663394957095e-01
7.604685381525584376e-01 4.630136178354041787e-01
7.345881887375926844e-01 4.412427406473385938e-01
7.716589207111212989e-01 4.827428994991932454e-01
7.017875415975464160e-01 4.754672748769229740e-01
7.512432075885174809e-01 4.598953190654234691e-01
7.670492653120264404e-01 4.094392121143340946e-01
7.880198333524233156e-01 4.385369479732623699e-01
7.755128247460387758e-01 4.452187271461068296e-01
7.679308358746790297e-01 4.610741075809632328e-01
7.643753653954501459e-01 4.968589712559012272e-01
7.193975214605071722e-01 4.331847129267555330e-01
7.804160436316520677e-01 4.977777306824022752e-01
7.086241954956912226e-01 4.276268563903079523e-01
7.581450122649520118e-01 4.403656934204361328e-01
7.355608503408858079e-01 4.457980676567341316e-01
7.951025462980968461e-01 4.670984181052353357e-01
7.681789364528339714e-01 4.401645523754713074e-01
7.867410180846321488e-01 4.799535823215685948e-01
7.261869986490040452e-01 4.592906291198490809e-01
7.998666237779089583e-01 4.081223157421059455e-01
7.672097836458722231e-01 4.822439062757303274e-01
7.509302483010381613e-01 4.695836762557258348e-01
7.041326027536441989e-01 4.512840486481509705e-01
7.695784074355527249e-01 4.361398301751537310e-01
7.138578531562205232e-01 4.689069124405921829e-01
7.332468429490001105e-01 4.725086267096137993e-01
7.293311755876901170e-01 4.506209646255048273e-01
7.305764504831174788e-01 4.793334379726520988e-01
7.789861225723268001e-01 4.962974615324284300e-01
7.231820025194140023e-01 4.659466211091504162e-01
7.497394081846368019e-01 4.231714685331423587e-01
7.457894603460913929e-01 4.473222100800520185e-01
7.000883512925358820e-01 4.576729857268944102e-01
7.697489892508159182e-01 4.947561985834578735e-01
7.759554354192488290e-01 4.660333772685985032e-01
7.288974524669856736e-01 4.838088905974329834e-01
7.929896866382022402e-01 4.773029375200437130e-01
7.088107593437281695e-01 4.003365837439631925e-01
7.736100135933074995e-01 4.952330010327882226e-01
7.264366898989264021e-01 4.802282700106244029e-01
7.159175001521932424e-01 4.762666517243470121e-01
7.268441690241808084e-01 4.415961727827026895e-01
7.387475214325663897e-01 4.125518055056951461e-01
7.605325018875992438e-01 4.448432271484353828e-01
7.843622894715683858e-01 4.263752868649294259e-01
7.787008655130206458e-01 4.747369796944438392e-01
7.354567439865350442e-01 4.210192175887543242e-01
7.627562128550239295e-01 4.742295483852616567e-01
7.207495439113272839e-01 4.592418778590667827e-01
7.570848092756448100e-01 4.266455528541471254e-01
7.062032327697709277e-01 4.816666548975318540e-01
7.902747066769526540e-01 4.688552671181722142e-01
7.137456772656171067e-01 4.093921688723669017e-01
7.546564698830557916e-01 4.355594647941689046e-01
7.312884473991834167e-01 4.558122399933019486e-01
7.706389228587506857e-01 4.623860957186333720e-01
7.703930007147442582e-01 4.955920952471489227e-01
7.813853304593199045e-01 4.530127628835642351e-01
7.572526507017193209e-01 4.151982429301396271e-01
7.807988341440674773e-01 4.546920268102878637e-01
7.118489796614821952e-01 4.313736754264678730e-01
7.293651199599009427e-01 4.399687260799094446e-01
7.896398389659742278e-01 4.289728005536248556e-01
7.553098376974283212e-01 4.581969322099760378e-01
7.528269585243579920e-01 4.060311513336912759e-01
7.286351422421941670e-01 4.908197598910248316e-01
7.017595520971195988e-01 4.307097727885232930e-01
7.587707017584850444e-01 4.023069993047319048e-01
7.719798954987115991e-01 4.318102669976060515e-01
7.161347534560570383e-01 4.892366302045154658e-01
7.198558813468636242e-01 4.691145942916300493e-01
7.641683404041068606e-01 4.427614178834585745e-01
7.785705044545861986e-01 4.630072133892079167e-01
7.380882323476259943e-01 4.604156867180134727e-01
7.567742784423183711e-01 4.234990519548476051e-01
7.756477176436422649e-01 4.227997075743715194e-01
7.640066242614657055e-01 4.595727796356167127e-01
7.009054100182822156e-01 4.757395748766841681e-01
7.870538996477565163e-01 4.452459320502027418e-01
7.764352835437908773e-01 4.097684827886844960e-01
7.564817097696365789e-01 4.809778837260513251e-01
7.085493623973873056e-01 4.097445745828769970e-01
7.847043771825127356e-01 4.721049669568583296e-01
7.262467212465387734e-01 4.448128433209574406e-01
7.700074817173979680e-01 4.858465644020538710e-01
7.786977256818798931e-01 4.177673216374597764e-01
7.773580030276269204e-01 4.991009849294143486e-01
7.072365256912102049e-01 4.238168671765295548e-01
7.173370620823735777e-01 4.054460819609045918e-01
7.892122252055894238e-01 4.330286911400546002e-01
7.735961064959377964e-01 4.916591447649004687e-01
7.748844941516845886e-01 4.863573611457422396e-01
7.467038336138446253e-01 4.175743139607292487e-01
7.670434377123738212e-01 4.393663482786921981e-01
7.880431012595225937e-01 4.435522511674164781e-01
7.247399421006769371e-01 4.370687801904649672e-01
7.348252736129682328e-01 4.628645533185035132e-01
7.889736062111756265e-01 4.184340076582383494e-01
7.798118646477479876e-01 4.154906529772878776e-01
7.685254878218119590e-01 4.308162720012341240e-01
7.989698699280447514e-01 4.780460402703582967e-01
7.800128796135783471e-01 4.224332847071686770e-01
7.071768856912589163e-01 4.659491499988142049e-01
7.923802599823589476e-01 4.993419609491145383e-01
7.997638861814583278e-01 4.596524733555076292e-01
7.015896378583725834e-01 4.766686250795498792e-01
7.229543183751866442e-01 4.286821889678843478e-01
7.443007682430384797e-01 4.507569429869284772e-01
7.309999484453806318e-01 4.524357958847772254e-01
7.994966357764967668e-01 4.674568746632972172e-01
7.768666535974956266e-01 4.206179189022665743e-01
7.416852646479654698e-01 4.340096715779130365e-01
7.390079378176435121e-01 4.295192256844265755e-01
7.662093452981398878e-01 4.073526750510887418e-01
7.159120185861902463e-01 4.254109725392617447e-01
7.350767613337858553e-01 4.567960524923949106e-01
7.998136331671514831e-01 4.532766670919750052e-01
7.389799718981141519e-01 4.810054596481737055e-01
7.009585515654579435e-01 4.336656467593325015e-01
7.623289414056482194e-01 4.592230337497485992e-01
7.241294861588595255e-01 4.991774117068541461e-01
7.241794004615901281e-01 4.427684757405401794e-01
7.232636362492622650e-01 4.924574603171355536e-01
7.197095196030226516e-01 4.484863364988493917e-01
7.951429832701473188e-01 4.831984894456066160e-01
7.736367053798530735e-01 4.720859504999719292e-01
7.431505796484667581e-01 4.109968141660275132e-01
7.739856629010302136e-01 4.509469056336626869e-01
7.306618916604820102e-01 4.900348113880482748e-01
7.760095676845202295e-01 4.953743135660358399e-01
7.107584572334267881e-01 4.881007592544689411e-01
7.845142248046879097e-01 4.315712468563424609e-01
7.674924151666561167e-01 4.208734990665651265e-01
7.126187643978878494e-01 4.264990999820590378e-01
7.104978823025692725e-01 4.127877897342905333e-01
7.744423030302726163e-01 4.812526202490867155e-01
7.180066177980278797e-01 4.186782382644420597e-01
7.314612010851567758e-01 4.848690684217113467e-01
7.886310972455552459e-01 4.680457955926653479e-01
7.906145222251405036e-01 4.043752941860358496e-01
7.263440436557108137e-01 4.931512489794133147e-01
7.998061665671176712e-01 4.331913059729214366e-01
7.709351991990327502e-01 4.916284628526282896e-01
7.726403134230309666e-01 4.487036707894751508e-01
7.764095910978054960e-01 4.198705066442937617e-01
7.030151989739359397e-01 4.478022935727560272e-01
7.936710866308088752e-01 4.233710626835806012e-01
7.359130045193821301e-01 4.816527813604519759e-01
7.221851834701099593e-01 4.372462321621667924e-01
7.233638937723149143e-01 4.266978354378034854e-01
7.660043872952756461e-01 4.620530346137294853e-01
7.005720292743013999e-01 4.383434138077633158e-01
7.257415239884053015e-01 4.335716876343622683e-01
7.017393545187687875e-01 4.404618051599953898e-01
7.740831149337135120e-01 4.794418001396765772e-01
7.070406126545182302e-01 4.084419325402354750e-01
7.203044976640794461e-01 4.175127258985460443e-01
7.318323842998089024e-01 4.932172453482724928e-01
7.010638078710070831e-01 4.720929026046208343e-01
7.948411021644690155e-01 4.479930897405720036e-01
7.532540230598443465e-01 4.078063830487703711e-01
7.163278858542195815e-01 4.478145460076925488e-01
7.717918310958992167e-01 4.525748128558759742e-01
7.985326941826579317e-01 4.263673507614025304e-01
7.429454379856191837e-01 4.778269064851459191e-01
7.173252023730198879e-01 4.906625319049442435e-01
7.706415386628960862e-01 4.353048815825469875e-01
7.267271008731684967e-01 4.849723033384057969e-01
7.279138302796778204e-01 4.490633811453778601e-01
7.121805755285538497e-01 4.190141129387673913e-01
7.020461246008115053e-01 4.222062830301848702e-01
7.402637128501480257e-01 4.507406428510221108e-01
7.631853825340790820e-01 4.362576250066344530e-01
7.516823878908720502e-01 4.499746928271489699e-01
7.779855245783344753e-01 4.426718697344281805e-01
7.337559760351189952e-01 4.909903994288887796e-01
7.952144886951715286e-01 4.168342710083797198e-01
7.036821929404331044e-01 4.341368369126099580e-01
7.760261133490343743e-01 4.321722157285979860e-01
7.437456211615330881e-01 4.465580660816569347e-01
7.127717135001223614e-01 4.821996646159747990e-01
7.439916477915271553e-01 4.072444166701524315e-01
7.998420976210621758e-01 4.001431673787024801e-01
7.041000212762773547e-01 4.481563302816785610e-01
7.921819444388412679e-01 4.636890670285713778e-01
7.741473932852376283e-01 4.494540326165502586e-01
7.878707459986032946e-01 4.379416722004040308e-01
7.398674557903310856e-01 4.913164214027641030e-01
7.581149863080232087e-01 4.964017977463985876e-01
7.018239817564102534e-01 4.139330569514264591e-01
7.775922092163428667e-01 4.450816113298853849e-01
7.584451264275013926e-01 4.868694763129982062e-01
7.955100060432918063e-01 4.495410887545771006e-01
7.788758975873902868e-01 4.187094422930273674e-01
7.680593821870350668e-01 4.201536144760521507e-01
7.631288217420397757e-01 4.820123576323619985e-01
7.645189308568661746e-01 4.153431390056190331e-01
7.355178398158033204e-01 4.937597802893031185e-01
7.646004807164322736e-01 4.630703213879052149e-01
7.496064738455042731e-01 4.932774137762305777e-01
7.325381240738927380e-01 4.245521856437757258e-01
7.279052900523792502e-01 4.788758334361478686e-01
7.839012921923514954e-01 4.204780239562093125e-01
7.942381505040466694e-01 4.410753856188585065e-01
7.936688466086556648e-01 4.136984844507708425e-01
7.969037904365334768e-01 4.375519340391673673e-01
7.804449086669272839e-01 4.367088688947454722e-01
7.814219994186950569e-01 4.722810211323842378e-01
7.786487345476065247e-01 4.363445091100942030e-01
7.819051665184838518e-01 4.880862348676642815e-01
7.658809302890363657e-01 4.595162987128619259e-01
7.212820571620688348e-01 4.741109532657168391e-01
7.706869052739669934e-01 4.447514069697235395e-01
7.229253190869191492e-01 4.645329727474623027e-01
7.796769743641445150e-01 4.956176037593209571e-01
7.171854148334836365e-01 4.421872055691237202e-01
7.634380100051330054e-01 4.403436649893604504e-01
7.165064451360833031e-01 4.179375365031718914e-01
7.032512726142239323e-01 4.590891089789138624e-01
7.194442107625267369e-01 4.279378310232273552e-01
7.478080287678757765e-01 4.634630405230312222e-01
7.261364456980998749e-01 4.511938614098180977e-01
7.129234214619075694e-01 4.553069536372136294e-01
7.260246885153965879e-01 4.462637509005822900e-01
7.698714420815322423e-01 4.038127564159270655e-01
7.307924225891833103e-01 4.214466935956982518e-01
7.832508310329191481e-01 4.038596280140741568e-01
7.050882936268921819e-01 4.688216632023746167e-01
7.923897677277814688e-01 4.432510582673867550e-01
7.590917492540537603e-01 4.432660863282461561e-01
7.225362970874756874e-01 4.969919596648607607e-01
7.283928408712685432e-01 4.195051669509602954e-01
7.924639449936033975e-01 4.970791929067558401e-01
7.743082549203800236e-01 4.567083689196386187e-01
7.935114671661281927e-01 4.161032127366486866e-01
7.826193448471502334e-01 4.226420314867396222e-01
7.068033596894233161e-01 4.941996597345262865e-01
7.323732066902985949e-01 4.072854659022982493e-01
7.681117073401522166e-01 4.198316826911202559e-01
7.370667986689101170e-01 4.047033735565845891e-01
7.054565742179992327e-01 4.746229361504402666e-01
7.231506633649550375e-01 4.217338889000641355e-01
7.416641621002733054e-01 4.157203244634024020e-01
7.824731853195762143e-01 4.154308786082245852e-01
7.433944933636726926e-01 4.331957850164687707e-01
7.694485833942321662e-01 4.450261468306124790e-01
7.051841312780520177e-01 4.628031438442135048e-01
7.376950605640044678e-01 4.297016083198197389e-01
7.533784781408393583e-01 4.761850356231782100e-01
7.271880573851811080e-01 4.300116106469926702e-01
7.224309964731395750e-01 4.719942341334529279e-01
7.727127004195266657e-01 4.365530614450102154e-01
7.731238867826258909e-01 4.377748413617453815e-01
7.704990859129035030e-01 4.203328601633284922e-01
7.276622985173301084e-01 4.792690468177526752e-01
7.542425779767993888e-01 4.683262048769532004e-01
7.965206161169942067e-01 4.434184623516178037e-01
7.623784359485861195e-01 4.424233100137950347e-01
7.835402057886782234e-01 4.719979922632040470e-01
7.292996727944101032e-01 4.877037898591702336e-01
7.293328508714210789e-01 4.736150952985157536e-01
7.917633744536535234e-01 4.167935846873165318e-01
7.570269532126565615e-01 4.297085745220547981e-01
7.893783376291796383e-01 4.597787494964891142e-01
7.380272646313466023e-01 4.232874297015565279e-01
7.262649201117477027e-01 4.595942510593503116e-01
7.766401562058307118e-01 4.464878455725261874e-01
7.836201814770062946e-01 4.261811919233713386e-01
7.819944785070678250e-01 4.205480363778087982e-01
7.838977465187497717e-01 4.509531089271502369e-01
7.766430746241778094e-01 4.578770613986234972e-01
7.566920995859747201e-01 4.409743737377499473e-01
7.967395014071602111e-01 4.373788001343033027e-01
7.756562073929323953e-01 4.286645526616696955e-01
7.669862498284949481e-01 4.128449923680017619e-01
7.579305422340687493e-01 4.860652093886865810e-01
7.386962924558030386e-01 4.030339744722984952e-01
7.889031628134465235e-01 4.892989887060573695e-01
7.465245434648579703e-01 4.984204235347673428e-01
7.208338295861146383e-01 4.933729775244638516e-01
7.556456484241744764e-01 4.077779205237025417e-01
7.458447093922540017e-01 4.418231026276412399e-01
7.514182065905531394e-01 4.505757224414730366e-01
7.830204608073045858e-01 4.199682514024377644e-01
7.871865707737191187e-01 4.681639552358566325e-01
7.534366505873160147e-01 4.639471730275912531e-01
7.065544089630814151e-01 4.327209821599753425e-01
7.517916629786501881e-01 4.605678006798125113e-01
7.592324991988831373e-01 4.704764249019006694e-01
7.703546333265137713e-01 4.954315507167189603e-01
7.772419147465321476e-01 4.254633666272380488e-01
7.596438327733698870e-01 4.403543965021992079e-01
7.854699647824108233e-01 4.365508608546156966e-01
7.231855189862140820e-01 4.582547383927647600e-01
7.462100528076763828e-01 4.813208636966113119e-01
7.118379819577541623e-01 4.574404777853880999e-01
7.788312018245446833e-01 4.296884448926222566e-01
7.567503018055423691e-01 4.347901776097348181e-01
7.401193220291175656e-01 4.800664738579786261e-01
7.603125663321446126e-01 4.751376158022309060e-01
7.898586360537286355e-01 4.642445275958623774e-01
7.054915651480949679e-01 4.596319996544644404e-01
7.581692985513116545e-01 4.244146110240972769e-01
7.648769338851296729e-01 4.285502835502834063e-01
7.543213937673416414e-01 4.370714648767909383e-01
7.407643306671533034e-01 4.543825670673570238e-01
7.822642630607620218e-01 4.936596594451784781e-01
7.579792233725063388e-01 4.388423466126921690e-01
7.139003353579452815e-01 4.040525172923571384e-01
7.878901405384867163e-01 4.326267159218235570e-01
7.435425319978772318e-01 4.638919168781137636e-01
7.221486781342608685e-01 4.209997759576756815e-01
7.922474660717155892e-01 4.536803630115396890e-01
7.352509195633449846e-01 4.061824295774723592e-01
7.701541127270172815e-01 4.262708646821261604e-01
7.635293452409530612e-01 4.483892159450294512e-01
7.292935693835783661e-01 4.358267037992685777e-01
7.798650224672017961e-01 4.295453074853452513e-01
7.734595918872799736e-01 4.564839527602463920e-01
7.676720049311456240e-01 4.264047634379521945e-01
7.642863706578957306e-01 4.626461035567792646e-01
7.264260753408886551e-01 4.729559436482102530e-01
7.634368054134798021e-01 4.339198670039823291e-01
7.872722074214866250e-01 4.322649369904981720e-01
7.291741631241472898e-01 4.298600145024189523e-01
7.573789076906837225e-01 4.183620407418633946e-01
7.803178379801291031e-01 4.796948108288602297e-01
7.720738777576865441e-01 4.502976641971059291e-01
7.721041971566586781e-01 4.309325797557918558e-01
7.212986556404989980e-01 4.664059397844138033e-01
7.083011411474321450e-01 4.991229839820046088e-01
7.688355360669376637e-01 4.396670522342323029e-01
7.150158396890312629e-01 4.726232497523170650e-01
7.630677325266288502e-01 4.315530606115363099e-01
7.752225050161154485e-01 4.101811251060837327e-01
7.739529831812923533e-01 4.164447735175035303e-01
7.097326350217794122e-01 4.136016191634797057e-01
7.623049558369494605e-01 4.682019176906296876e-01
7.265769265609219874e-01 4.317950999797740552e-01
7.792139241376357939e-01 4.544767720549924839e-01
7.406775359932478153e-01 4.869033346308486720e-01
7.400883603347827577e-01 4.608434520232173037e-01
7.503892964168925594e-01 4.323752118228975094e-01
7.871229152562839726e-01 4.629615454195337154e-01
7.085668473039719029e-01 4.718141491704248569e-01
7.599764034352149977e-01 4.002985418367205339e-01
7.960339607802209283e-01 4.025732310381577306e-01
7.847652321735285597e-01 4.988540857043289867e-01
7.417533916114209536e-01 4.433670726802682038e-01
7.652511504654035956e-01 4.083964086573715901e-01
7.240688682014687627e-01 4.445711498666735095e-01
7.362048092876334326e-01 4.379454526075362564e-01
7.320351426197962974e-01 4.874096173766824247e-01
7.465916451875792559e-01 4.144175653259691838e-01
7.023318419372261978e-01 4.480092445235113185e-01
7.165354645374876208e-01 4.436962576892559129e-01
7.399818200027392656e-01 4.009286307094940272e-01
7.142066981613495180e-01 4.220064645724829200e-01
7.525472420676712071e-01 4.321525559658145887e-01
7.437405070770344295e-01 4.275862832885528042e-01
7.717398032690496734e-01 4.987565135189392374e-01
7.649009560727304535e-01 4.554394875133749299e-01
7.754020658732119209e-01 4.115588811483361642e-01
7.174736791417078985e-01 4.896527411608240232e-01
7.019428933953939520e-01 4.944275636057343659e-01
7.587701322019004824e-01 4.796718912508692867e-01
7.944873953049705895e-01 4.657910643780069915e-01
7.208322513687372979e-01 4.883085265518386509e-01
7.362932229848986321e-01 4.504114403589231097e-01
7.008933577940273940e-01 4.399019561752883778e-01
7.796134968061183557e-01 4.285117893190166782e-01
7.867876427236522030e-01 4.710385384081686166e-01
7.464991315952892448e-01 4.042343462134556642e-01
7.717161493828690322e-01 4.638980747314574993e-01
7.004066138465290248e-01 4.557662386769892326e-01
7.304290020447853360e-01 4.014476635274174532e-01
7.363406778570982247e-01 4.544856366774867040e-01
7.802987016808908827e-01 4.422279138597580150e-01
7.235167152365391541e-01 4.922567606923354822e-01
7.993202902760703221e-01 4.218444251070606055e-01
7.756181364710509341e-01 4.364622345815559745e-01
7.969684475754411634e-01 4.827982477896966551e-01
7.574255672223626501e-01 4.290165806766831347e-01
7.671391239175789911e-01 4.581791887170967303e-01
7.386769687851606481e-01 4.951514176672436873e-01
7.767222410195605553e-01 4.298368835003276711e-01
7.739792160171026225e-01 4.403268608317688626e-01
7.586590593100674962e-01 4.817132249595137417e-01
7.911115938375510304e-01 4.096566601266668495e-01
7.552607750499376049e-01 4.435776924704329938e-01
7.163262143647178837e-01 4.570954695348328212e-01
7.829162517937825472e-01 4.966198639235540058e-01
7.636539848883580062e-01 4.823155954492818198e-01
7.308865230212716613e-01 4.975648532333977192e-01
7.919361299017618760e-01 4.068505877310130137e-01
7.728781976982050939e-01 4.129366613878004966e-01
7.740713572201162185e-01 4.140807595741558544e-01
7.242982320799506990e-01 4.138664077498160343e-01
7.501150902582719437e-01 4.779715549672800545e-01
7.845197027455667049e-01 4.520114632906185315e-01
7.786126246610416413e-01 4.019277664934521876e-01
7.242965458950465507e-01 4.853131710286809342e-01
7.594881091070988521e-01 4.754496404181384195e-01
7.981141903809383376e-01 4.997685022109429331e-01
7.941959219281549132e-01 4.071115193299673085e-01
7.011358265321003813e-01 4.119502539461903368e-01
7.712315046780131578e-01 4.073857214615027589e-01
7.335446490592395508e-01 4.261595533593038887e-01
7.074160327042839924e-01 4.096909453587366245e-01
7.928534689476861574e-01 4.701309871444492861e-01
7.193756625073044475e-01 4.677466102395033132e-01
7.598865062695011607e-01 4.030977291877564928e-01
7.660872043738019554e-01 4.169142869065039503e-01
7.043836893516434161e-01 4.016727151930651885e-01
7.444397869210165331e-01 4.299855138028972346e-01
7.620921325904582710e-01 4.734036349961998624e-01
7.235405831545467237e-01 4.514319792616714455e-01
7.742654266012989339e-01 4.584808101894745636e-01
7.855697326661401636e-01 4.971398656084919931e-01
7.446655907962639320e-01 4.468044608991998956e-01
7.598100688053942564e-01 4.736121093253561343e-01
7.642274838198007680e-01 4.462851718480911334e-01
7.550412769089526188e-01 4.761862781527259614e-01
7.883568890103223037e-01 4.122856040076453010e-01
7.623471787460228688e-01 4.118031592993002810e-01
7.959753209107292005e-01 4.446132497631343217e-01
7.846050693686612565e-01 4.328716722581758547e-01
7.227290091682629924e-01 4.507758616640965554e-01
7.517695566717966793e-01 4.837164826002920415e-01
7.967520624079194036e-01 4.693639880540744214e-01
7.590880928888821266e-01 4.578730069291575555e-01
7.904946041197865592e-01 4.404584255361287948e-01
7.706802392859861683e-01 4.811609894159438738e-01
7.231318556144838983e-01 4.594546321420625024e-01
7.923711081882363061e-01 4.849649171474694764e-01
7.461676916489787814e-01 4.616055857628416081e-01
7.789578250452025010e-01 4.457375664997835218e-01
7.589378626077774026e-01 4.073730878091785246e-01
7.756793896207472283e-01 4.872116743140736395e-01
7.237102881215061734e-01 4.803544152122517508e-01
7.910962124874942880e-01 4.960096109418069554e-01
7.711880375467431437e-01 4.344247757005220700e-01
7.632084281932872694e-01 4.464583840608191134e-01
7.663395648975364072e-01 4.232774817209964957e-01
7.540660740761253589e-01 4.100582231079573647e-01
7.037618285914699623e-01 4.118582627457043621e-01
7.306354382208518627e-01 4.820236346975536046e-01
7.568223683222676801e-01 4.660364189614483177e-01
7.948138663778948620e-01 4.039847015011022724e-01
7.726259796859890061e-01 4.198305632610469518e-01
7.560594998681606782e-01 4.441907827375695117e-01
7.993517840992397927e-01 4.585829191415740080e-01
7.048835176103407374e-01 4.241269918282344342e-01
7.155604922921708910e-01 4.526824401446805091e-01
7.349095947409060026e-01 4.657356289844774566e-01
7.406176716726688980e-01 4.233112128633221838e-01
7.135113629574207916e-01 4.011093761246039557e-01
7.022766626188781114e-01 4.974555975782586903e-01
7.829319596156381067e-01 4.846737090412640003e-01
7.911948323746509359e-01 4.446278538466557628e-01
7.407124935258474485e-01 4.230002239160168820e-01
7.910151086590624381e-01 4.668454070677444667e-01
7.231129820513217954e-01 4.674010400703928481e-01
7.922638103977469592e-01 4.420576991166157987e-01
7.996586476236149377e-01 4.098585442551115343e-01
7.721840112451933136e-01 4.157697753148236197e-01
7.136135513111138140e-01 4.376810428228016248e-01
7.658486558383633680e-01 4.708786465948410216e-01
7.683981369427594910e-01 4.323909028840253188e-01
7.774823350076967010e-01 4.124003003320614313e-01
7.484438568759350652e-01 4.229987956989766373e-01
7.232027811046599641e-01 4.690542436895055456e-01
7.204252381993533350e-01 4.824979841676199643e-01
7.629515889333849943e-01 4.405144245668184411e-01
7.831590994457878763e-01 4.918604954826276687e-01
7.162114884076538068e-01 4.518693521978093264e-01
7.431391156858941915e-01 4.543305496192747706e-01
7.867801356975814286e-01 4.979553561014676832e-01
7.880113678820889200e-01 4.605573155897635385e-01
7.346495418352918527e-01 4.340203556606304636e-01
7.565981366902377880e-01 4.400942349523689900e-01
7.082406542991585008e-01 4.716235716982969395e-01
7.255137717216004756e-01 4.754274464263038569e-01
7.653780443807961520e-01 4.728706356690398072e-01
7.875494495914193704e-01 4.487790483565706756e-01
7.371369322997698426e-01 4.985672844811864790e-01
7.574887064285794613e-01 4.604085005528825714e-01
7.335208993850586001e-01 4.738941870767746090e-01
7.152361915123833791e-01 4.455032186070924660e-01
7.651214246433371002e-01 4.979165204073709439e-01
7.125987887140354804e-01 4.282615651498361542e-01
7.474253382762617859e-01 4.713970856591424008e-01
7.027289347944425391e-01 4.850869392441807815e-01
7.620412031905613448e-01 4.374298935667811916e-01
7.515833930019304443e-01 4.045855828155551226e-01
7.396839337187266494e-01 4.603228446472176216e-01
7.253487459504085466e-01 4.079442012226704439e-01
7.420355231062927270e-01 4.271323717356111938e-01
7.007527407604859926e-01 4.013966288100490609e-01
7.851286841312559162e-01 4.578616457086791547e-01
7.575503412790667301e-01 4.391907774882991555e-01
7.958524774007843527e-01 4.559066100630174700e-01
7.247251360936698417e-01 4.708692304797651440e-01
7.988520210368199592e-01 4.554127408968065560e-01
7.454636077286497242e-01 4.062037229403287486e-01
7.574751972468762862e-01 4.682562409969120432e-01
7.994044447188908276e-01 4.637873049790416369e-01
7.048772441659489907e-01 4.589122256338769024e-01
7.332371301615674408e-01 4.688292892997384387e-01
7.753380482691176745e-01 4.505342163882815609e-01
7.696075813693987744e-01 4.150518894349164434e-01
7.237019482284071659e-01 4.693762955329496833e-01
7.494533983315491144e-01 4.852889872187932108e-01
7.409449970338150004e-01 4.258800196559453521e-01
7.591862405051574836e-01 4.127964027702692440e-01
7.493492393855110123e-01 4.194673935610566673e-01
7.944165472714086462e-01 4.384599685062734453e-01
7.972793353625922119e-01 4.883932607496964673e-01
7.434476801667109225e-01 4.783675074725409759e-01
7.993825349210641473e-01 4.922907002032932966e-01
7.677316488249077420e-01 4.638306868052980425e-01
7.030462821015981412e-01 4.172474795119527347e-01
7.578420146986135641e-01 4.144930395209852070e-01
7.224136753446805947e-01 4.385087418999324971e-01
7.420993069585269941e-01 4.503384943682549046e-01
7.271153303363097065e-01 4.609121351646608966e-01
7.621972856511413097e-01 4.150677098500352158e-01
7.097448135934105728e-01 4.233419323958054203e-01
7.791367848150281272e-01 4.842087782506232507e-01
7.903917765513202021e-01 4.411487237997809285e-01
7.001588091727937169e-01 4.285379593493122696e-01
7.694695764983843222e-01 4.765709958855452455e-01
7.530451297835729640e-01 4.010450529407040832e-01
7.294087221031048118e-01 4.908231233782278657e-01
7.257010225656878033e-01 4.192263902301277545e-01
7.798762320389225344e-01 4.444587200527423398e-01
7.705813358970379223e-01 4.044222660243995682e-01
7.756408469740122547e-01 4.299490530032372138e-01
7.737706926960403742e-01 4.899258427204927768e-01
7.550820569457070697e-01 4.198877343734483958e-01
7.890171050603060898e-01 4.446029764918978389e-01
7.682793627793677027e-01 4.148689026405754099e-01
7.509207224488054777e-01 4.438629708858295997e-01
7.366877224718736406e-01 4.436422227286914710e-01
7.715909299530542276e-01 4.051661908679434765e-01
7.694618674816329218e-01 4.901625359628628553e-01
7.910258062789838895e-01 4.954133467238646116e-01
7.936058740569205128e-01 4.957358400138693888e-01
7.791336844727831945e-01 4.185494723907269288e-01
7.061811161605475728e-01 4.988329017764555617e-01
7.668175548032140076e-01 4.024559466849684797e-01
7.652710657951387052e-01 4.454756267439584638e-01
7.445458848066464075e-01 4.932656307410980823e-01
7.414896361696453608e-01 4.264290167080597715e-01
7.462924180225806170e-01 4.331739543790588121e-01
7.992011750740678488e-01 4.598609005905245350e-01
7.978607674958115847e-01 4.935661419310187203e-01
7.385286445280343504e-01 4.496402300837618604e-01
7.343814244840610739e-01 4.000286234250790551e-01
7.162043344691126912e-01 4.016009228812865151e-01
7.856249538531736576e-01 4.882330466164176430e-01
7.498731248232586299e-01 4.859908779090650333e-01
7.142793837388666800e-01 4.349516910922652246e-01
7.449532536076373113e-01 4.344184873520124945e-01
7.840518875710007496e-01 4.866781671241631191e-01
7.457867982083257186e-01 4.051950311531197779e-01
7.747319858802548254e-01 4.358745708408922614e-01
7.218334521481162280e-01 4.107469807647802229e-01
7.397653249317714952e-01 4.829554620875810556e-01
7.385270979048449425e-01 4.219903723892221015e-01
7.466246601222763513e-01 4.281683801533341382e-01
7.414556811251624691e-01 4.533547996043951755e-01
7.689773299956672581e-01 4.774685380380199184e-01
7.780310435808790448e-01 4.159091579306384845e-01
7.392023702554488818e-01 4.419783841724973517e-01
7.299395808580204648e-01 4.282023122371432233e-01
7.600156477432249424e-01 4.362031885019134747e-01
7.589658556880831686e-01 4.060539645750050886e-01
7.865307385480587721e-01 4.937363075848687499e-01
7.477806010242283863e-01 4.928515797153802946e-01
7.142320612700433502e-01 4.510519004381915442e-01
7.981961780802239170e-01 4.543702087131346046e-01
7.977679308999042762e-01 4.307487866342572524e-01
7.789886073585856607e-01 4.379142159837378090e-01
7.745757360549293535e-01 4.177784372942485724e-01
7.077059488711503477e-01 4.282012657318153837e-01
7.191175339893735030e-01 4.586333552801670210e-01
7.358062054890307513e-01 4.803527565124374732e-01
7.181013067775580128e-01 4.308921317546117735e-01
7.954848439582853370e-01 4.619979516693197841e-01
7.222887161740735307e-01 4.308139393922351124e-01
7.902445542707426940e-01 4.373202566621596232e-01
7.634370353637829343e-01 4.126037439331894374e-01
7.548487049689178718e-01 4.593238584507236544e-01
7.511236895673815139e-01 4.911857887634022979e-01
7.351445514917988033e-01 4.079751112780249378e-01
7.886202722042240376e-01 4.959392529127641391e-01
7.168210378705264230e-01 4.020554640715729988e-01
7.739880420981776199e-01 4.997175183934129405e-01
7.574187946056473164e-01 4.424591522759925288e-01
7.760128395979666305e-01 4.593347467693722486e-01
7.022041807999642726e-01 4.175211583770880863e-01
7.146042538546542033e-01 4.336930863990553497e-01
7.870492080976291271e-01 4.131952171862299239e-01
7.332710709318714937e-01 4.232894606871918652e-01
7.217232101681529954e-01 4.253563208319959266e-01
7.974007786505578066e-01 4.524392139824262027e-01
7.007940328491774062e-01 4.747736298729558491e-01
7.797277154517747721e-01 4.333311087504713166e-01
7.375518365975155533e-01 4.243123834337214073e-01
7.822268508783777330e-01 4.194777812334259948e-01
7.378548646412865786e-01 4.568436178875994180e-01
7.748502784588977566e-01 4.724328796335225955e-01
7.564596358511469498e-01 4.233303467036105827e-01
7.478100226650857829e-01 4.913210722468080993e-01
7.603873047942998342e-01 4.558420214993453290e-01
7.088927483766190862e-01 4.655637507908451100e-01
7.230326682618862799e-01 4.454251054350346073e-01
7.514162262905301759e-01 4.117760997269867551e-01
7.762892727719228336e-01 4.673189633444576607e-01
7.391162306077759814e-01 4.285375144188020569e-01
7.034740712874132385e-01 4.099482745411605067e-01
7.762344633868099031e-01 4.454897102225338079e-01
7.922964580120702704e-01 4.918997850680043582e-01
7.137491737212213749e-01 4.323772022669974957e-01
7.458560984225649504e-01 4.720339024076269929e-01
7.272975995185353426e-01 4.091321892294745854e-01
7.822742329072731593e-01 4.466152333409607045e-01
7.968400345348664038e-01 4.179723418092642362e-01
7.531265569698633033e-01 4.264436198926714328e-01
7.643319057527447891e-01 4.093450720054146452e-01
7.720958213027970807e-01 4.547339384153675779e-01
7.151795877606708096e-01 4.508800289779395509e-01
7.354928159333673499e-01 4.720377738787334687e-01
7.867549185140249035e-01 4.506704394572824124e-01
7.733492531748522580e-01 4.049436439527476228e-01
7.901523511661689980e-01 4.578834028785321308e-01
7.761755068815130443e-01 4.456901667116575649e-01
7.640619141002494841e-01 4.488683210676949198e-01
7.991896639051774276e-01 4.588770307873119014e-01
7.037828381938590061e-01 4.820573543516154524e-01
7.732805269360020217e-01 4.437074373658008164e-01
7.752492135723327848e-01 4.102839336110596924e-01
7.286921144240229298e-01 4.214449546638274202e-01
7.671052100532261830e-01 4.794595251655640045e-01
7.350087051097886626e-01 4.581079966182717289e-01
7.965399037808815752e-01 4.321635653491177065e-01
7.143038297484889387e-01 4.214186217979754012e-01
7.655904229974251907e-01 4.297644274128962216e-01
7.564426271849349348e-01 4.617620163818221268e-01
7.227354766457209090e-01 4.349516268712265710e-01
7.635511232586633668e-01 4.853296232302203306e-01
7.404312294694658236e-01 4.248730162821351408e-01
7.877649409039683137e-01 4.547666493899568674e-01
7.831852845477231817e-01 4.958254906846589760e-01
7.715072600910578560e-01 4.280652217500400258e-01
7.707551075424395881e-01 4.150348838709556065e-01
7.063598738907469476e-01 4.974898601366968265e-01
7.557441363837168469e-01 4.482335739955273235e-01
7.747261154404188055e-01 4.967275308967788461e-01
7.419291181071392405e-01 4.383464889382279184e-01
7.248433867854806589e-01 4.688890208378301838e-01
7.418175160124926837e-01 4.757074919163265525e-01
7.337146146337331087e-01 4.033409702848604894e-01
7.326315463830478381e-01 4.136764252279794274e-01
7.579761758286245321e-01 4.886836391467626051e-01
7.558841650283718572e-01 4.515822021855706025e-01
7.644972214628060758e-01 4.208576509558805689e-01
7.991808291141461185e-01 4.981932702967966087e-01
7.307984483808679377e-01 4.031040300912814844e-01
7.052937897297462122e-01 4.663166743747136356e-01
7.361750586602979762e-01 4.129835246962413331e-01
7.438519818746673895e-01 4.200358827486156965e-01
7.317278006311467298e-01 4.637958722960165425e-01
7.711980735176029444e-01 4.461083505300097451e-01
7.643704234148398502e-01 4.592694394509703182e-01
7.171293093126540619e-01 4.123257724359701282e-01
7.944012722806216287e-01 4.030011533687856695e-01
7.515562830145229301e-01 4.106002016130817500e-01
7.083319715265233851e-01 4.414164445210233545e-01
7.775609476507819862e-01 4.647835119206883414e-01
7.208997860463327578e-01 4.803389843618557919e-01
7.033116445088610780e-01 4.117464226198746524e-01
7.594065670568622695e-01 4.078183961532239055e-01
7.093253966300417934e-01 4.695046701791414367e-01
7.738778669382521125e-01 4.533037352749388349e-01
7.245985598200487265e-01 4.110691301615408411e-01
7.199952279212031847e-01 4.514132222452535981e-01
7.492746934818317328e-01 4.105833115002333056e-01
7.884120199499731196e-01 4.214803518945239857e-01
7.380815539237477463e-01 4.232170067598030605e-01
7.781641596561869045e-01 4.043636956648737346e-01
7.497129833527460541e-01 4.149073248261297420e-01
7.816413791428784563e-01 4.783498148500614500e-01
7.857110365958923648e-01 4.368576493560044072e-01
