7.318605067887526960e-01 5.492104303171905233e-01
7.700845755437185636e-01 5.962145149810782474e-01
7.257828605863150262e-01 5.113836474852282432e-01
7.207216003603373888e-01 5.607439111448169200e-01
7.462734306557716746e-01 5.557801806484766738e-01
7.865055085982054495e-01 5.234739954978618881e-01
7.853664044758708052e-01 5.607102417588735177e-01
7.748359485251198331e-01 5.471917289710783727e-01
7.202884792463108976e-01 5.512987823709172286e-01
7.008144928690077657e-01 5.234905039701236440e-01
7.085649639131876842e-01 5.592923761000279104e-01
7.207501480727330767e-01 5.845558897732090475e-01
7.011432785212422525e-01 5.213208629344483480e-01
7.930695899860057407e-01 5.411169762430350083e-01
7.975023273835620818e-01 5.302016828064423093e-01
7.072783387899868046e-01 5.809847472775817590e-01
7.021278041717239349e-01 5.400492420165761143e-01
7.066224030040128001e-01 5.520641566230652941e-01
7.973279904206173052e-01 5.478634028801636635e-01
7.668327447409697406e-01 5.089647636449818879e-01
7.715879307654718300e-01 5.553029763832805221e-01
7.110408272000530161e-01 5.829765645372005922e-01
7.786728187174570825e-01 5.228734337833766954e-01
7.564167729148636443e-01 5.018958319690914882e-01
7.576574028620786105e-01 5.212597018846693020e-01
7.720302357666194437e-01 5.201735496527915004e-01
7.307832685693569363e-01 5.882021169464382027e-01
7.948401097905430923e-01 5.049203361303691295e-01
7.525428719783414655e-01 5.715976502705801821e-01
7.307746192140885944e-01 5.353158381452645109e-01
7.500589753640229951e-01 5.997553404664652810e-01
7.427000381545865171e-01 5.349742774786037103e-01
7.377731542457466318e-01 5.472620948101551974e-01
7.140430210724105775e-01 5.719364485092319761e-01
7.983927991454892181e-01 5.783396094227934991e-01
7.667152769258200884e-01 5.586064233321058614e-01
7.133039948109902717e-01 5.866783253757290595e-01
7.167765653359629008e-01 5.188393768797622263e-01
7.386163137643509957e-01 5.049695233352464729e-01
7.450084404193400012e-01 5.658191203192106666e-01
7.633782552174599445e-01 5.632781071085164459e-01
7.376195410887214088e-01 5.035925429111406393e-01
7.205176473496595069e-01 5.602227619105750733e-01
7.229888509197962554e-01 5.506577963965146871e-01
7.809212717456415209e-01 5.448739406200602264e-01
7.931645273530045781e-01 5.924939396130374236e-01
7.554951016267615893e-01 5.696485398538133627e-01
7.867969747416725390e-01 5.043853805883469210e-01
7.257823608869002907e-01 5.007383169338812667e-01
7.080954207213775442e-01 5.079589182324285579e-01
7.732585486915770634e-01 5.354936153103045937e-01
7.584585871190528961e-01 5.092990218298805161e-01
7.156874042006176051e-01 5.353274344344440827e-01
7.831981994169319172e-01 5.574734437652169028e-01
7.174166663864918192e-01 5.780521957129305388e-01
7.293300360059792320e-01 5.865252738870428972e-01
7.639613525472231936e-01 5.714751809007074801e-01
7.393350003215363175e-01 5.056984210144022107e-01
7.518043631532528304e-01 5.430117005857160173e-01
7.628955611360445088e-01 5.459041536085157409e-01
7.927830279242620293e-01 5.523377137006526549e-01
7.999256255268484272e-01 5.287365929584062485e-01
7.260777607760426910e-01 5.462170005101107950e-01
7.757066425696850231e-01 5.764859257795108549e-01
7.652386609318493349e-01 5.105456967973619475e-01
7.335185941652275776e-01 5.846276383493114182e-01
7.047926155815038562e-01 5.939967284573878237e-01
7.944952207165788538e-01 5.496054737951971969e-01
7.401677322378430457e-01 5.154600115041318986e-01
7.787543380691839268e-01 5.000619174123078770e-01
7.618694752355797961e-01 5.415935369562208113e-01
7.907597013186640211e-01 5.366000417786884746e-01
7.551970176110512911e-01 5.021765988304329742e-01
7.253344769064743458e-01 5.107176322633539822e-01
7.017857932527414855e-01 5.386082345294513907e-01
7.670877600280621156e-01 5.964181711867969637e-01
7.272010610414552101e-01 5.142585397495211819e-01
7.237810693681474561e-01 5.240703827535460047e-01
7.431119047764316310e-01 5.228083568201470355e-01
7.661777482447660326e-01 5.933378835955136488e-01
7.642367726510487236e-01 5.228407518760751493e-01
7.872708388702238658e-01 5.140941417248158229e-01
7.299746529680239959e-01 5.688101571776393861e-01
7.013627420719815708e-01 5.821191645418646310e-01
7.127606886917062790e-01 5.439478248807436689e-01
7.530810289523108825e-01 5.893840387237823109e-01
7.730588194362680854e-01 5.168884770661518191e-01
7.474010062488422035e-01 5.819102040936815490e-01
7.361815648053250394e-01 5.652994386944836247e-01
7.978494768607314880e-01 5.689117966514792846e-01
7.401471847142403471e-01 5.859830069796078122e-01
7.570952819666507683e-01 5.274391654314701805e-01
7.242928847688423488e-01 5.216393791114865008e-01
7.321061152133773176e-01 5.278387083731208573e-01
7.301601001575566130e-01 5.367907907288419489e-01
7.913332909118635516e-01 5.851600376038301743e-01
7.633791818745601088e-01 5.192563728233577924e-01
7.924355290238993543e-01 5.298770933278567075e-01
7.976150247586673014e-01 5.076257128061524293e-01
7.916389657105817879e-01 5.302601048713440068e-01
7.587124911947847883e-01 5.063180420627918510e-01
7.030939110092355726e-01 5.201052237935217537e-01
7.047871591576364558e-01 5.386973300261539421e-01
7.764882891055681080e-01 5.112280809031964912e-01
7.686615426096311543e-01 5.065957344704610232e-01
7.922086746230935228e-01 5.452182115281900554e-01
7.561589822100426295e-01 5.255711725175407079e-01
7.245954758363124526e-01 5.438899234452447828e-01
7.904225961521839094e-01 5.394164469939379813e-01
7.801764390188485887e-01 5.987605066938868070e-01
7.601688607329094571e-01 5.045794195199293508e-01
7.753766723582897757e-01 5.946041761477203202e-01
7.571615126350257352e-01 5.675045375074162513e-01
7.112202353872110194e-01 5.379126258998103705e-01
7.242199086029038613e-01 5.731425496002798825e-01
7.753588205432826452e-01 5.062868472187436186e-01
7.831381286125790320e-01 5.967592072240581746e-01
7.243879686672295426e-01 5.980810113092311919e-01
7.831664617080712487e-01 5.263069967428740670e-01
7.974003378381999685e-01 5.619238332476301778e-01
7.645507748849783569e-01 5.417507263143294116e-01
7.766403785614941491e-01 5.400351039407068621e-01
7.563665446275903426e-01 5.258806855875981512e-01
7.357981076450760272e-01 5.053049031779611733e-01
7.260118053316569897e-01 5.515416705734768055e-01
7.682459885765315910e-01 5.430602059927078784e-01
7.849757410178281880e-01 5.404250187521518756e-01
7.105074421885404501e-01 5.988323662179264595e-01
7.350342483575024177e-01 5.773426258951811496e-01
7.838800799202055858e-01 5.157888870715322538e-01
7.539130212437380463e-01 5.791397755815463899e-01
7.244254805573351330e-01 5.765517276920135714e-01
7.511055880590410405e-01 5.592281126952314274e-01
7.283233043660297668e-01 5.649753110186214178e-01
7.692581299859082566e-01 5.692127334518861659e-01
7.315321915147788845e-01 5.612254602075529286e-01
7.524003569904503808e-01 5.391490137493177848e-01
7.925848625177779327e-01 5.444950155379780776e-01
7.265087765671502940e-01 5.524874223364403258e-01
7.642514342957458240e-01 5.117119794068212268e-01
7.177936949537809808e-01 5.410342209667998725e-01
7.885116186619418599e-01 5.076074237498197084e-01
7.177793435453894144e-01 5.905810450576286508e-01
7.507737145864403772e-01 5.138077491208132841e-01
7.661863142141680516e-01 5.321503926914066263e-01
7.666229214043602802e-01 5.760010331264928674e-01
7.563831336492808921e-01 5.229311554229240100e-01
7.197942959149762343e-01 5.604587508603782187e-01
7.077142355060516143e-01 5.215298304513349414e-01
7.170182333230294969e-01 5.926554023200700794e-01
7.532020351075713327e-01 5.233474885827151812e-01
7.059137016774580387e-01 5.550210172940650555e-01
7.721292349751410766e-01 5.561993387705435055e-01
7.294163017771021496e-01 5.886975132665076549e-01
7.444189712230677713e-01 5.585033775348768881e-01
7.471576198247378287e-01 5.195623681874113053e-01
7.318744527023013369e-01 5.580172126502971341e-01
7.051023538178939898e-01 5.029115036924051152e-01
7.642560873172898894e-01 5.692952378046611805e-01
7.968386258849804449e-01 5.747187046905249952e-01
7.927679507531518732e-01 5.500414443209504789e-01
7.876692722060318896e-01 5.953881394826153750e-01
7.437097090479225514e-01 5.656388781789928322e-01
7.550631129375555695e-01 5.192304940134884195e-01
7.017650080801474122e-01 5.420654572268084337e-01
7.089456709863500850e-01 5.753180053146721429e-01
7.577232104134480339e-01 5.482202805925242561e-01
7.313929218284688227e-01 5.772769573746420191e-01
7.366956584716208845e-01 5.483530270309919796e-01
7.078749319746114876e-01 5.666650213657525859e-01
7.389372906425729637e-01 5.724885203763327990e-01
7.035904513846399366e-01 5.557885430305686825e-01
7.969899136969077480e-01 5.959189476945376818e-01
7.779763419744765152e-01 5.958467257924902061e-01
7.624417882725462725e-01 5.644026498765588595e-01
7.152182818739258874e-01 5.427409057709192686e-01
7.512046410763648652e-01 5.480449334087611479e-01
7.171171455649445470e-01 5.799593369236211160e-01
7.667771041929021258e-01 5.189826302669312552e-01
7.781938225863214154e-01 5.188413801734040876e-01
7.695072489086042244e-01 5.610455345019254025e-01
7.688514337237084550e-01 5.753842569885556646e-01
7.960090774255347279e-01 5.569965258970065447e-01
7.481001858844282815e-01 5.504158931869977955e-01
7.920599672984401929e-01 5.199378850545790520e-01
7.603445099783543437e-01 5.105615724292159596e-01
7.616846460447864731e-01 5.410631763472489864e-01
7.513613544136144018e-01 5.948741379206026192e-01
7.862467449148358156e-01 5.039822514922621677e-01
7.229089913113156962e-01 5.370135456180418210e-01
7.523888800543497846e-01 5.910572709652694989e-01
7.457035585904140396e-01 5.296039027487827733e-01
7.017897090872461385e-01 5.591604564647270070e-01
7.286596185803169146e-01 5.012172966784695927e-01
7.132021646330505282e-01 5.054106781100233814e-01
7.510458077481331207e-01 5.694724754326861982e-01
7.181562269884188554e-01 5.747102144034741400e-01
7.330883279334026170e-01 5.269601601626251464e-01
7.832114418476531226e-01 5.547345909013603471e-01
7.660993527897416167e-01 5.565436564191976743e-01
7.717109903891297140e-01 5.681069313767321827e-01
7.806361690297101141e-01 5.321211565772421270e-01
7.363322624249586390e-01 5.869977981992433591e-01
7.932720731550698678e-01 5.284406560593926105e-01
7.174073117117797382e-01 5.034710054839559579e-01
7.878336036054440772e-01 5.312403807072767492e-01
7.193979093156589455e-01 5.475381902073019891e-01
7.083245348973161715e-01 5.420202399251515812e-01
7.481515047712126165e-01 5.405019278435342356e-01
7.427550640574923646e-01 5.827544802464619256e-01
7.165619631680383295e-01 5.224518815358988322e-01
7.688207810504158468e-01 5.513361229673268138e-01
7.258597223536245036e-01 5.137423124951784326e-01
7.672737897472622359e-01 5.439419487030603406e-01
7.457608025729537404e-01 5.149220722320582144e-01
7.541959877802000278e-01 5.915450100071486528e-01
7.990042917073807427e-01 5.756118456027604635e-01
7.779547975056826381e-01 5.300461089191808028e-01
7.730283933196814283e-01 5.153812363777201533e-01
7.648012636127532460e-01 5.984964734955573462e-01
7.529219596989547014e-01 5.184575869771379519e-01
7.694730098606037405e-01 5.048857893924149076e-01
7.164267343121596410e-01 5.118807985452966669e-01
7.327135739635003420e-01 5.530296676164495606e-01
7.658139295198816976e-01 5.910650827268326690e-01
7.804514249936511661e-01 5.592128939269165322e-01
7.941413584839360773e-01 5.756823841825932098e-01
7.618121801674780924e-01 5.925067697833300562e-01
7.872928030542336586e-01 5.943281106309199480e-01
7.520237993794075537e-01 5.229324157226135084e-01
7.608974657483161819e-01 5.170572077847026549e-01
7.607533502731662622e-01 5.424006142177109080e-01
7.702686610287965419e-01 5.508073782243341210e-01
7.721943160679979323e-01 5.832488944650763285e-01
7.205895960898895947e-01 5.235494882944498052e-01
7.822476659962758205e-01 5.686555407931064288e-01
7.102086163450217482e-01 5.492151105282124801e-01
7.859879627423744797e-01 5.325001701781512109e-01
7.197761787586778315e-01 5.837535716113662065e-01
7.754358808459488328e-01 5.329511351260454166e-01
7.453463716300514630e-01 5.026374764770771275e-01
7.922257543708857153e-01 5.287312265858855609e-01
7.842876184124492056e-01 5.374550550186212305e-01
7.739778112530827370e-01 5.077243376861485524e-01
7.290626460946856291e-01 5.889284460945904964e-01
7.733111288478967671e-01 5.490070012328633897e-01
7.169422518606626271e-01 5.389739747020886318e-01
7.543733894308526367e-01 5.795501067665962402e-01
7.764174903498586300e-01 5.377011283991363078e-01
7.595899246007082883e-01 5.946385496486765732e-01
7.499279085948727941e-01 5.588252924568521962e-01
7.400470434206030124e-01 5.177923737142497984e-01
7.254866177687405715e-01 5.265462480383735766e-01
7.887935554638506597e-01 5.759518648264332352e-01
7.697254104438127076e-01 5.910702782024157553e-01
7.619463575899213525e-01 5.404705417445827553e-01
7.717312356650031235e-01 5.038078253770488235e-01
7.746673644731677522e-01 5.274326163687443891e-01
7.013211148937622541e-01 5.521688642483859599e-01
7.082793175474469960e-01 5.622554588776700335e-01
7.193032445589868651e-01 5.358095320045953569e-01
7.279615100025279562e-01 5.106550016554097793e-01
7.412691608942895138e-01 5.162910858655710422e-01
7.314128596285445205e-01 5.257927186833999400e-01
7.047616752891336933e-01 5.190738393928462369e-01
7.374669195290253221e-01 5.974373196838611566e-01
7.109669993835343593e-01 5.720627764973851281e-01
7.702711553141411427e-01 5.426229841354488492e-01
7.296723006965099012e-01 5.826739503295090827e-01
7.860668865800610750e-01 5.340353669246530322e-01
7.518468952759840285e-01 5.776941217440214604e-01
7.464345295110824674e-01 5.796694419722256963e-01
7.745163548474089943e-01 5.239870289450602181e-01
7.109844283385552410e-01 5.455342008257493269e-01
7.546260046939901045e-01 5.802325200885074530e-01
7.088688365775520639e-01 5.060386182067341254e-01
7.545374753302113158e-01 5.994280023125488910e-01
7.141763847689114320e-01 5.013033562117213959e-01
7.651606206881954586e-01 5.038573600062318247e-01
7.838019906000839310e-01 5.653189922693659941e-01
7.550978969692867526e-01 5.908965655380686854e-01
7.040309036890904926e-01 5.077758944838979271e-01
7.294528064655553257e-01 5.099819061219128535e-01
7.525150922910999185e-01 5.205155163701794541e-01
7.329780546489479409e-01 5.070701346301830226e-01
7.868483908455476961e-01 5.111865566722043619e-01
7.388564701220199371e-01 5.360363700465805570e-01
7.157903331834980509e-01 5.352805018281580063e-01
7.331769675016958088e-01 5.318895880424153733e-01
7.430168518055293436e-01 5.872698464622809755e-01
7.037446608540327553e-01 5.106349819599753648e-01
7.927705671738356497e-01 5.456233056787900271e-01
7.889702285285504768e-01 5.585014456178655218e-01
7.551999704614271725e-01 5.735036541640291530e-01
7.540420402098589880e-01 5.385650931450692847e-01
7.196596724935957479e-01 5.611828717326496907e-01
7.698750280801662793e-01 5.008885653034471641e-01
7.119721877621849604e-01 5.725439682742961001e-01
7.207075642238720548e-01 5.792846700144705929e-01
7.464756839953892165e-01 5.572492419115624429e-01
7.121047669940822056e-01 5.884083852480938015e-01
7.228330940019802586e-01 5.281651471589569047e-01
7.240403363162930539e-01 5.094175668453430061e-01
7.241311613128353919e-01 5.856415646283210652e-01
7.700688496453624854e-01 5.370902645682157361e-01
7.831190590925767303e-01 5.748344306673230930e-01
7.915669441739697776e-01 5.057535121397463973e-01
7.589492470248587752e-01 5.307287087600702780e-01
7.665216489639034014e-01 5.054176866200885687e-01
7.250967653916990940e-01 5.873349143158628216e-01
7.164608685817006606e-01 5.006992079536934925e-01
7.825088153158814563e-01 5.347599204958476404e-01
7.186631543868933214e-01 5.744466093611788615e-01
7.865806092121711002e-01 5.649241205830006773e-01
7.921561330008048962e-01 5.294518326633752547e-01
7.661529134279637665e-01 5.149729533970096584e-01
7.846706921120267797e-01 5.496969334440053867e-01
7.832323269969527768e-01 5.705162652684085955e-01
7.055886495337059250e-01 5.507925118642282847e-01
7.658603603018797612e-01 5.999403594159917752e-01
7.184177512935095988e-01 5.570144071220697324e-01
7.072195178331206478e-01 5.578722931403437002e-01
7.642303446835797542e-01 5.371935895113809645e-01
7.199288124934885014e-01 5.011749607120555838e-01
7.541726693037867912e-01 5.350041113912118451e-01
7.210574253431653036e-01 5.241928166545071210e-01
7.191503185085318384e-01 5.149708712799770938e-01
7.385533653102914764e-01 5.191956429236226356e-01
7.957515263237071590e-01 5.719876716138040385e-01
7.689239140219007451e-01 5.182640952774011378e-01
7.350499420467569989e-01 5.115789431510652241e-01
7.113991985616658908e-01 5.262369270171897151e-01
7.185263167640936199e-01 5.076512462795372826e-01
7.839152524172203762e-01 5.117642243985852657e-01
7.288850808269946580e-01 5.513999593531223598e-01
7.957559450236226795e-01 5.370002118136472102e-01
7.237194227078095343e-01 5.673570215909387038e-01
7.866921868581695509e-01 5.718189858507168877e-01
7.934266942215129070e-01 5.557456225026717878e-01
7.600331980740685500e-01 5.874687200331007997e-01
7.278305014177102183e-01 5.238777725346130953e-01
7.781379629330028580e-01 5.226949333608186254e-01
7.800716411288951546e-01 5.370053117376835106e-01
7.274902827084315238e-01 5.907424492476565092e-01
7.436645319808721233e-01 5.189582899184319587e-01
7.523205929271424841e-01 5.187821196917459243e-01
7.527718160318782603e-01 5.267861680947560910e-01
7.719230464029194216e-01 5.070793828469424280e-01
7.471598997238797502e-01 5.891298773445377002e-01
7.974103470795914639e-01 5.675584192815236184e-01
7.339328978521960645e-01 5.740062421488920652e-01
7.598874451622719128e-01 5.966007776853123890e-01
7.332702952117401418e-01 5.588140512219651468e-01
7.907791349204764675e-01 5.838754425890033684e-01
7.706148235078129627e-01 5.718842456335002655e-01
7.243567622321234190e-01 5.276079091736859406e-01
7.935789615439193811e-01 5.947803481334295039e-01
7.937480659293310037e-01 5.722643970856335915e-01
7.617521608211932360e-01 5.534919353409808451e-01
7.983525002027007655e-01 5.948397555444576712e-01
7.021914389075535334e-01 5.876047672776454345e-01
7.771441234598153169e-01 5.474462536384721023e-01
7.409919204777601909e-01 5.593006818935042368e-01
7.069314060860724114e-01 5.517005162669461615e-01
7.846728453713807117e-01 5.362178611850947352e-01
7.691161857702227822e-01 5.074268843901091897e-01
7.099032456441368710e-01 5.795139221734522117e-01
7.369604307707121604e-01 5.143527037468307306e-01
7.985199486787650791e-01 5.913181802830184131e-01
7.678367783493622589e-01 5.482380769619195071e-01
7.668657171560242514e-01 5.591131346039194261e-01
7.359823772997872160e-01 5.663966786846712509e-01
7.418523768552894859e-01 5.084969831629564396e-01
7.478625297995863397e-01 5.482349975785697493e-01
7.546196545308114789e-01 5.016735366633228166e-01
7.801561208118648061e-01 5.487535779321571772e-01
7.482137789887670642e-01 5.691568974342660070e-01
7.450492792660371455e-01 5.517695446677748361e-01
7.616673433674234772e-01 5.239900655901326143e-01
7.726763807287433394e-01 5.595235843961492428e-01
7.300839482708857409e-01 5.292461473901516333e-01
7.560691374476571358e-01 5.716707620277436952e-01
7.225042644335963882e-01 5.797987070624461836e-01
7.351183117067402462e-01 5.621208797470794716e-01
7.817155764551850794e-01 5.272582466626176689e-01
7.966607427873607650e-01 5.589504047721411961e-01
7.579103495527452772e-01 5.816537021248537886e-01
7.831714154780797799e-01 5.750624952214030694e-01
7.595299542722681041e-01 5.794177345645276089e-01
7.765858621611400059e-01 5.462472093581426380e-01
7.466327543282615942e-01 5.259889827064169188e-01
7.460886613148954849e-01 5.725264232191937808e-01
7.360545520308814371e-01 5.358241807537849066e-01
7.928887504952689680e-01 5.034444131113975374e-01
7.302562050627765533e-01 5.584446176968704822e-01
7.088110863128974648e-01 5.524872357727547145e-01
7.042481154901820695e-01 5.625145052459366024e-01
7.713491808273874595e-01 5.365213289811002761e-01
7.632827478185009173e-01 5.224603587324828657e-01
7.161634461054056100e-01 5.927587514896044407e-01
7.100075059628500052e-01 5.286572327120047099e-01
7.591271876713463485e-01 5.535372991090955486e-01
7.920619380073632421e-01 5.526252680451223531e-01
7.494205146077088653e-01 5.445772763252079152e-01
7.511330949162552395e-01 5.246396193195661528e-01
7.224676472807365357e-01 5.501419452600572191e-01
7.190660096772565346e-01 5.201431656919188740e-01
7.800226827593921275e-01 5.665040864596813108e-01
7.885358648826369388e-01 5.438685745158445828e-01
7.712165800747071698e-01 5.932301287319010630e-01
7.864859483639248250e-01 5.588901385549321921e-01
7.466500165143767909e-01 5.415521634282782770e-01
7.833088955443935353e-01 5.399175482211260313e-01
7.352180220919900533e-01 5.915148117999031729e-01
7.536264443181478478e-01 5.823976017244509862e-01
7.544702371470022317e-01 5.675508615248592292e-01
7.053466661052747444e-01 5.048120658205659250e-01
7.823248060408278803e-01 5.206001448261641240e-01
7.354145040229068675e-01 5.672546800882447560e-01
7.100919357194201975e-01 5.047284578524207088e-01
7.947810235259933354e-01 5.307417965978725727e-01
7.751687364735196928e-01 5.232452023536262598e-01
7.718430234880004903e-01 5.532317911612267824e-01
7.707510903052249285e-01 5.715292295075189433e-01
7.047071866391655393e-01 5.521299638319905334e-01
7.997659215204256933e-01 5.772943853750949206e-01
7.186537184370230813e-01 5.353052985390682750e-01
7.321491988357415881e-01 5.160695805378012757e-01
7.849393714431334157e-01 5.780400592962443573e-01
7.430468938587547756e-01 5.189433104460356994e-01
7.960436301833996309e-01 5.773398371997793266e-01
7.695014303407256007e-01 5.406712302546430315e-01
7.576572605186930875e-01 5.973770386383954190e-01
7.532274025594042355e-01 5.071330578864751137e-01
7.160385702210948500e-01 5.477367410313473961e-01
7.179128674552889278e-01 5.088714200821364830e-01
7.819763852203085452e-01 5.211019554066116388e-01
7.953500628610137291e-01 5.679308690833846374e-01
7.066137838325022846e-01 5.529539388280070300e-01
7.545444347791613326e-01 5.138592450076322482e-01
7.205374582346035783e-01 5.503678393530582191e-01
7.860564522208195459e-01 5.585389738443435892e-01
7.913965157881354129e-01 5.275116432098161390e-01
7.120843988347601572e-01 5.264441641531999450e-01
7.013254470950778252e-01 5.856163846414300655e-01
7.867388159518343693e-01 5.086355464290737149e-01
7.280413316792118117e-01 5.612482242890779460e-01
7.099763568129818792e-01 5.904456863439135894e-01
7.460540426604830300e-01 5.055561723233660265e-01
7.518918886242421662e-01 5.055885700946182171e-01
7.495985795755018000e-01 5.931278990790194161e-01
7.584079891529424966e-01 5.456471464216391398e-01
7.294210269280094749e-01 5.219932941258962344e-01
7.746039048827049189e-01 5.796468223576901613e-01
7.196308073375001779e-01 5.318587000501076023e-01
7.842663462491359372e-01 5.332041661656430342e-01
7.898375107782991122e-01 5.608318746650338138e-01
7.125043807464012113e-01 5.998166805660443135e-01
7.468968807175013769e-01 5.715646050925162758e-01
7.354104272253405572e-01 5.570550780464407215e-01
7.190853517001202233e-01 5.382785864488788263e-01
7.899064978012693139e-01 5.130161304783076304e-01
7.133274208485848034e-01 5.597267838926704986e-01
7.652478982097274951e-01 5.437422301987321349e-01
7.540583575405443995e-01 5.264729053402060766e-01
7.173327481766330616e-01 5.296258869244041545e-01
7.704194075883958881e-01 5.726843058086715788e-01
7.852562801486391297e-01 5.439457513637167008e-01
7.301798787644298017e-01 5.259012517788386187e-01
7.040190358101061641e-01 5.247771847484004049e-01
7.960095253122723147e-01 5.159193030121556056e-01
7.976230496140652715e-01 5.444361478156167777e-01
7.294371764999549868e-01 5.159265405277533301e-01
7.088420403513275847e-01 5.046994636649415611e-01
7.573744883840134445e-01 5.421935040154911567e-01
7.426880341470657454e-01 5.218565182992486173e-01
7.570804978504904748e-01 5.059164617863332047e-01
7.441780999344461689e-01 5.290170463706449500e-01
7.340709010757031638e-01 5.572740049982916055e-01
7.531630310046278920e-01 5.390205843393791607e-01
7.616007933193775781e-01 5.210877561068567587e-01
7.717133045466323393e-01 5.548767435314677643e-01
7.922557157991126919e-01 5.072632568286818966e-01
7.413829699364913317e-01 5.243384731571314461e-01
7.502992694769916593e-01 5.901765002681442773e-01
7.059770654930384026e-01 5.161245762873549747e-01
7.568446490697788853e-01 5.083805118998823147e-01
7.435412717372386071e-01 5.041778407185247834e-01
7.419694566627180743e-01 5.631992537139318689e-01
7.412582954616742104e-01 5.907519013972912791e-01
7.955955883663770045e-01 5.052500958821111166e-01
7.237392931426541720e-01 5.956395374747198712e-01
7.199021696932556003e-01 5.120249412692867708e-01
7.218298941406133817e-01 5.538192149038281276e-01
7.266110860424951357e-01 5.069545565874467030e-01
7.268073975065232339e-01 5.565243077189822030e-01
7.105047782258608891e-01 5.213274376636628515e-01
7.759230774035923428e-01 5.677909847615418837e-01
7.955884794922577496e-01 5.252447431084181773e-01
7.031745702083849192e-01 5.508588393492206414e-01
7.970702899079868953e-01 5.890412178517094866e-01
7.959292239722050022e-01 5.074185857986288628e-01
7.128701275184349262e-01 5.002623537670124465e-01
7.481009301385880272e-01 5.327858606421451704e-01
7.368067013278316590e-01 5.854205739586644253e-01
7.215709359416007107e-01 5.656999279249508294e-01
7.272138549473541325e-01 5.815443992727244993e-01
7.141693638512318643e-01 5.319864791697348494e-01
7.312377274045832598e-01 5.603831115108144356e-01
7.974557596581495211e-01 5.209126164279870297e-01
7.611812512789342122e-01 5.626698059224735093e-01
7.103445654016667943e-01 5.323612066068069693e-01
7.670639676903227011e-01 5.036388763860789597e-01
7.073118993490546957e-01 5.675339270860485508e-01
7.636260702664877664e-01 5.828915223642059384e-01
7.528995847468459290e-01 5.459432920190028238e-01
7.258680238214267888e-01 5.634388742336391420e-01
7.428805281486001721e-01 5.104242492995473279e-01
7.238939506631281162e-01 5.966316443051571383e-01
7.843469272282916904e-01 5.813048500298604315e-01
7.253956193014633458e-01 5.147729407747974051e-01
7.906617371800477301e-01 5.014550532531277804e-01
7.753303361390349036e-01 5.069034691129413739e-01
7.764717166891229594e-01 5.271704171211473167e-01
7.988531636550817439e-01 5.404511056569012428e-01
7.571921592797540290e-01 5.748662377568047877e-01
7.051568623738505570e-01 5.011923605299616336e-01
7.284639480210960416e-01 5.592812412312895276e-01
7.143529909949275503e-01 5.937447351841007581e-01
7.604542097480823104e-01 5.423213538895285124e-01
7.510347370992276339e-01 5.139607596122877098e-01
7.188295276889460350e-01 5.210002667266486753e-01
7.072870606677753580e-01 5.831413936832001710e-01
7.617071823635743755e-01 5.628962943938331520e-01
7.759165061926822649e-01 5.156798052924028708e-01
7.208935310710427036e-01 5.175621386342089680e-01
7.201484762715629762e-01 5.212916937772067438e-01
7.671321492936563624e-01 5.420112573546802537e-01
7.582836155254486510e-01 5.289676622711372289e-01
7.932538200955385754e-01 5.642993996029532777e-01
7.318518536681637432e-01 5.882710398976624955e-01
7.041064331015095545e-01 5.594987240469677658e-01
7.140374788003263085e-01 5.234342706501391440e-01
7.176935689623985537e-01 5.217599311154461628e-01
7.639522957652603585e-01 5.101274193754392616e-01
7.505071924251228710e-01 5.314622368976782418e-01
7.701061470780210527e-01 5.143530624651500016e-01
7.176705320848418834e-01 5.740533118531497836e-01
7.351444514605645075e-01 5.950945955535517085e-01
7.347728799277392087e-01 5.071289428022290879e-01
7.151922505593012458e-01 5.227916538587853434e-01
7.216262419491177305e-01 5.373840602976772685e-01
7.325700981770049136e-01 5.118463075239758631e-01
7.661024278553597577e-01 5.515602422888663536e-01
7.094123059910829587e-01 5.604168609961813763e-01
7.094098455155422034e-01 5.977177975743380722e-01
7.314295673275458265e-01 5.672182998783850127e-01
7.950155352089428584e-01 5.404409153009442912e-01
7.399176406237546466e-01 5.134073378803269971e-01
7.067585973140053657e-01 5.286821086955640903e-01
7.058997465818841466e-01 5.131804090239238114e-01
7.759957153283354447e-01 5.681206965981229207e-01
7.174314232249814349e-01 5.795923309630042208e-01
7.270737178574407933e-01 5.813747342113038119e-01
7.533367506807203684e-01 5.464955738403474150e-01
7.364486481585931221e-01 5.155414438174645841e-01
7.991266549572698663e-01 5.003464643079129637e-01
7.056231562861894346e-01 5.875715845847958585e-01
7.885572420954702899e-01 5.268881966964251706e-01
7.958666035552677265e-01 5.486638510577205308e-01
7.832498930044956564e-01 5.449844377276765739e-01
7.694502454739381436e-01 5.200799008419146885e-01
7.220125573030291566e-01 5.292252383871276500e-01
7.459929501364674920e-01 5.975750847381626762e-01
7.753035379422847928e-01 5.624465168003789373e-01
7.948074270950132858e-01 5.044005060725823553e-01
7.948822467435641137e-01 5.629950594239758743e-01
7.504216810799237969e-01 5.624265435003257263e-01
7.886913304289644433e-01 5.559282623985050131e-01
7.375331209998783333e-01 5.353697484384777328e-01
7.865907346361030728e-01 5.369873757827376970e-01
7.879203543212405236e-01 5.983341729892533989e-01
7.134320990120157635e-01 5.107455049881693965e-01
7.886960801743378990e-01 5.257882956534362107e-01
7.090865059638237211e-01 5.149478535396542211e-01
7.983893553983020253e-01 5.172234756486089324e-01
7.732657541606234863e-01 5.166357585331921021e-01
7.860532156221780031e-01 5.037250749859726318e-01
7.013590077242116694e-01 5.182952140751679870e-01
7.263708760773600615e-01 5.196711758622531985e-01
7.922102413024718626e-01 5.781673217706272405e-01
7.613026655333365866e-01 5.128534558288793122e-01
7.296164980440206227e-01 5.459144822500399119e-01
7.448299658235858489e-01 5.523015036981449022e-01
7.002820129963094331e-01 5.986181230460504432e-01
7.897343134632005546e-01 5.592917598991102857e-01
7.260687014189325383e-01 5.092908686509636240e-01
7.492266208498432611e-01 5.826547280812381935e-01
7.956279399156883647e-01 5.318772065027473905e-01
7.077686050914946403e-01 5.246193390498764542e-01
7.046032998265562286e-01 5.770901184190875277e-01
7.344651709285275887e-01 5.588104709423526995e-01
7.026152471034768920e-01 5.242794021324269638e-01
7.353558247595350927e-01 5.362015207200203637e-01
7.865313138568517104e-01 5.520254075813220140e-01
7.417289337061405696e-01 5.162651958424988585e-01
7.471584178541776922e-01 5.791994613841121575e-01
7.075229821275975661e-01 5.874907570053309325e-01
7.966836197951019383e-01 5.965993758568097771e-01
7.470889345554075911e-01 5.810763570930126409e-01
7.590162732649864408e-01 5.938519456753997838e-01
7.432361179321281819e-01 5.193457851149593241e-01
7.159056581840257394e-01 5.409679882370510562e-01
7.707273071020900312e-01 5.142950415281695165e-01
7.184990039673563311e-01 5.718343392188893759e-01
7.520341297478557729e-01 5.766960984967518522e-01
7.086346982511048109e-01 5.079407293781007526e-01
7.165992815232177238e-01 5.998757709612463351e-01
7.331616103850708832e-01 5.464011239564707800e-01
7.888097701109584303e-01 5.612926947693553936e-01
7.920583154985625374e-01 5.292138497640560546e-01
7.555792034525430356e-01 5.861012956930189421e-01
7.277635357767135993e-01 5.778725800543713653e-01
7.628912494178065051e-01 5.314696283763647999e-01
7.958098385797378604e-01 5.214164178625777524e-01
7.354523445903202727e-01 5.783412318796670171e-01
7.747507730443841112e-01 5.828361810173019464e-01
7.576528211948686531e-01 5.143293121958988356e-01
7.018378608406792285e-01 5.307614707409787913e-01
7.929539899503971201e-01 5.620595971545538916e-01
7.441209199066536328e-01 5.029521439645190384e-01
7.492211201452612102e-01 5.113109344382066324e-01
7.361054915204979787e-01 5.556587774530726831e-01
7.878666182283761144e-01 5.549200368082302104e-01
7.268999298887892646e-01 5.217632311999383932e-01
7.637543823509226337e-01 5.149948766134406775e-01
7.068641934271381322e-01 5.845960278854978043e-01
7.960126241612786036e-01 5.238021402675960836e-01
7.933032644402898681e-01 5.356079247235473462e-01
7.419973597652826935e-01 5.625107616168234514e-01
7.438182999656246519e-01 5.198940460322181156e-01
7.980962941891976969e-01 5.029968628238469242e-01
7.953826604093569008e-01 5.478019632615480639e-01
7.568732314018581375e-01 5.333782443351406943e-01
7.724542282762856260e-01 5.073016441596720494e-01
7.918838535009520285e-01 5.842926037407932816e-01
7.451863625450965145e-01 5.152338075995389621e-01
7.895258605783624928e-01 5.090177240790478841e-01
7.144000849382271534e-01 5.602150804095473724e-01
7.457912505522652502e-01 5.702938050096971745e-01
7.026105151752718436e-01 5.301694368798877122e-01
7.821221264927481487e-01 5.617934713427017446e-01
7.051851842333414222e-01 5.338940297778906885e-01
7.415071118077358747e-01 5.020625546550249174e-01
7.463403899285779852e-01 5.784455342396521704e-01
7.999219009801469271e-01 5.133682285499650000e-01
7.381836677280035897e-01 5.075530458996142524e-01
7.057678577292029187e-01 5.510503750300187464e-01
7.757328202704020237e-01 5.241441531455907077e-01
7.721498746176518324e-01 5.243030434613137336e-01
7.237640406853855790e-01 5.780384788625232417e-01
7.952880936401321987e-01 5.421952919379064983e-01
7.259649701936179422e-01 5.292240481901869797e-01
7.231465182709954087e-01 5.736377098410161413e-01
7.325611131584903735e-01 5.973088407736921734e-01
7.654061745522144911e-01 5.551999600302577331e-01
7.997212966168755210e-01 5.012828750559128466e-01
7.962978631106347738e-01 5.053029355843854376e-01
7.704815815166204951e-01 5.836451661087791454e-01
7.659268201287640077e-01 5.749755871740425128e-01
7.324032003346812036e-01 5.320671686953475366e-01
7.503249080493561429e-01 5.569385638626531687e-01
7.754188790089262540e-01 5.679948393145565211e-01
7.919858781787472157e-01 5.063994222900632947e-01
7.039946870377411514e-01 5.218900652364395487e-01
7.742466276535104885e-01 5.153596430810842843e-01
7.678106025333983897e-01 5.566671805592948719e-01
7.316296819863037371e-01 5.005241731061347288e-01
7.517717847936042919e-01 5.441786670165227324e-01
7.203126367683438946e-01 5.932225130065151841e-01
7.421288638880768618e-01 5.522098617818425037e-01
7.638626924493809867e-01 5.239429584306035670e-01
7.561602731196389593e-01 5.661823055546888472e-01
7.125082332417654873e-01 5.251476126680002521e-01
7.891739024854104168e-01 5.504085144677540731e-01
7.867682752684777014e-01 5.852110234735496963e-01
7.568763907634861177e-01 5.291925682967490996e-01
7.201283592061811234e-01 5.159735866701775642e-01
7.470452519431753924e-01 5.903603212044321591e-01
7.708110773095578905e-01 5.817505723624081249e-01
7.203226461876087727e-01 5.470967115926033131e-01
7.342065375371827907e-01 5.656553313650466430e-01
7.872263927503077019e-01 5.181145949963937847e-01
7.829602675853980509e-01 5.131883057868460440e-01
7.393541862725389047e-01 5.178021868351115886e-01
7.463976930434459423e-01 5.204012431853866083e-01
7.880862790153597697e-01 5.878438365442740787e-01
7.894543275523936421e-01 5.625271226070931441e-01
7.386787216237725717e-01 5.250224806923402543e-01
7.591102917963858943e-01 5.634299931959294572e-01
7.532838699948029015e-01 5.309880448983375079e-01
7.511725275700892324e-01 5.436879905043927597e-01
7.506023024406252020e-01 5.130929008509121925e-01
7.108468514924989323e-01 5.857420826580598261e-01
7.750442985685158659e-01 5.427021553314178570e-01
7.467172468580225431e-01 5.391016470594913734e-01
7.706063279694768120e-01 5.577645344263488791e-01
7.773254625163581455e-01 5.868392227036305364e-01
7.003384607886349311e-01 5.179419497048003418e-01
7.921420546988687805e-01 5.676092346454832960e-01
7.559996897470692145e-01 5.010756747778776221e-01
7.446181791971104857e-01 5.234512241713390468e-01
7.736121279221844782e-01 5.095779262573133517e-01
7.123955013006580961e-01 5.394085410687901039e-01
7.128592621480229763e-01 5.525967236561842855e-01
7.916174551219739008e-01 5.616628394636082877e-01
7.704914798834283651e-01 5.064981289140040310e-01
7.386502965956538436e-01 5.296364755485105658e-01
7.337816944368090732e-01 5.801060861280636916e-01
7.696646780528397791e-01 5.985838963459286788e-01
7.090407535822456087e-01 5.420942506229968760e-01
7.593817296011864393e-01 5.079660753029848763e-01
7.086268943652530572e-01 5.152135056052485895e-01
7.488321688854866487e-01 5.357739374914120001e-01
7.615660840144240495e-01 5.043727403135934706e-01
7.379811319096198918e-01 5.746535061753396123e-01
7.694905373732725540e-01 5.900072918088830054e-01
7.408072138367266524e-01 5.042680054964600034e-01
7.471598478827863321e-01 5.459069455712193264e-01
7.565075006840454863e-01 5.306690687300685827e-01
7.475073867037032027e-01 5.155885627748140188e-01
7.585990639926861734e-01 5.457639806631673363e-01
7.052223898316734019e-01 5.718815918469140058e-01
7.764249969828440623e-01 5.389282092846969796e-01
7.772525675478010321e-01 5.897362012204113713e-01
7.277465690445247271e-01 5.459910599839119527e-01
7.546397870098648930e-01 5.015251636979003447e-01
7.441539817040685456e-01 5.721628440046553354e-01
7.954376862888915545e-01 5.675081055890567328e-01
7.688062078995109294e-01 5.001059344944406293e-01
7.018475088461878508e-01 5.763620794632661193e-01
7.676898109764483946e-01 5.351361055196298677e-01
7.367555655910541512e-01 5.581500715598034512e-01
7.672070322640869300e-01 5.149934156725448631e-01
7.956377653712918274e-01 5.857728984705088404e-01
7.519818105847834167e-01 5.706800321234799522e-01
7.050825303277046263e-01 5.278182918119311839e-01
7.760383065016562831e-01 5.360886329865377498e-01
7.043646942467817196e-01 5.006845717787004046e-01
7.169245537325067419e-01 5.680042701561738294e-01
7.506592206098321451e-01 5.386238336117286085e-01
7.693729009931669083e-01 5.509206830185686687e-01
7.789496320415754127e-01 5.114846016680276719e-01
7.596805848898283697e-01 5.597693513926480513e-01
7.575176859246505190e-01 5.430463691377576119e-01
7.372760333224356311e-01 5.905826030976437657e-01
7.531508928306811512e-01 5.641828091949026014e-01
7.187090130614626204e-01 5.067544215133361618e-01
7.747500757845433572e-01 5.774639126640337405e-01
7.929872303487380814e-01 5.774009747801340797e-01
7.593436419692825012e-01 5.584595534973710862e-01
7.902540548834571243e-01 5.294502110478299661e-01
7.800475946571960861e-01 5.603482622318023409e-01
7.435114838596332820e-01 5.270044827049394920e-01
7.587361380368390362e-01 5.269268242828240023e-01
7.011057449858317803e-01 5.421369851927559935e-01
7.788904411471589961e-01 5.499863705251590851e-01
7.201303107071685972e-01 5.624344864349976048e-01
7.164413946649538234e-01 5.928099013515546467e-01
7.072860363064267242e-01 5.282947710721568324e-01
7.628186768990669053e-01 5.480788473647064674e-01
7.546392440546402236e-01 5.904426206076067718e-01
7.395765444104289710e-01 5.274938812353232587e-01
7.272860142942393358e-01 5.326747349349768568e-01
7.319639414479163220e-01 5.176663592428462080e-01
7.316862540514098567e-01 5.440528470101391179e-01
7.145600141583436926e-01 5.825049877542738397e-01
7.990920004976507229e-01 5.380839689314758090e-01
7.979909478636778575e-01 5.820354366617324082e-01
7.439606461314560715e-01 5.328402038983672817e-01
7.696217186274749711e-01 5.854136218367865796e-01
7.914516938956497327e-01 5.633811820564089690e-01
7.467386313926502872e-01 5.948449326048073083e-01
7.903925625952412659e-01 5.342559020947572623e-01
7.549155401473370830e-01 5.931152820417284754e-01
7.179008171843781483e-01 5.792406842656807608e-01
7.444515169651204634e-01 5.410585605922325625e-01
7.377269611949516248e-01 5.193506790546424945e-01
7.711544189570772589e-01 5.086769799657671065e-01
7.820147548554561290e-01 5.443877609834054665e-01
7.995614100191483775e-01 5.813279616134829908e-01
7.021865695307254462e-01 5.742901808056408708e-01
7.990673712894826863e-01 5.407436325367591667e-01
7.613887582321343661e-01 5.741373576650845578e-01
7.163790505711902235e-01 5.760964051041452816e-01
7.682778778927870089e-01 5.160412022251764652e-01
7.957474087537563801e-01 5.253953153638706297e-01
7.955508632091385923e-01 5.186629561402057442e-01
7.138305568668739109e-01 5.142747699822411978e-01
7.549675057778327814e-01 5.187084849059457881e-01
7.028730630953404779e-01 5.148996789002805441e-01
7.772911678150709047e-01 5.376781351913271223e-01
7.489972122035832847e-01 5.699247457940797013e-01
7.992825030764211247e-01 5.123203654090553449e-01
7.661173736459008232e-01 5.994570530593751334e-01
7.964859418930057000e-01 5.236428480347036230e-01
7.756317780836339271e-01 5.001769073096202778e-01
7.070088162342509364e-01 5.671291041881366679e-01
7.166454535751063393e-01 5.009716754310429288e-01
7.652635253646171698e-01 5.048703712862750992e-01
7.878920198735772651e-01 5.292209123020524819e-01
7.074924652792470292e-01 5.122388319336008689e-01
7.134643739509607396e-01 5.050314504630332157e-01
7.596406693115436148e-01 5.762887392724895808e-01
7.830538657790687695e-01 5.260842504842284661e-01
7.141124184012447307e-01 5.090019726610438555e-01
7.039744524584651275e-01 5.072192247248239472e-01
7.657198261055638833e-01 5.207260323365643373e-01
7.025880839356650753e-01 5.553011128858944545e-01
7.534493569089275589e-01 5.043326336795890263e-01
7.503482590586032508e-01 5.776674033580477818e-01
7.119783763337388383e-01 5.301912735378244701e-01
7.916611815292670107e-01 5.393702181744871593e-01
7.656315954950067004e-01 5.577114999410566210e-01
7.553188660744076799e-01 5.408760095314344429e-01
7.467117036667050289e-01 5.140636868347194799e-01
7.195830731034810190e-01 5.321616916325360158e-01
7.155960198983498666e-01 5.754404970773765449e-01
7.615296062059804250e-01 5.709357700928943125e-01
7.937824061429907818e-01 5.726618951775630517e-01
7.837176072859223241e-01 5.388946237925180682e-01
7.482162430103043160e-01 5.610321447506205761e-01
7.074688710147029047e-01 5.461632720401154995e-01
7.924881026454201338e-01 5.697930726092941267e-01
7.935159134463243280e-01 5.411632523383731463e-01
7.528663325311661936e-01 5.695451779211483379e-01
7.128517876213206206e-01 5.719907208747840865e-01
7.597301520596266844e-01 5.415679810469484767e-01
7.992897032178847283e-01 5.798765837126456102e-01
7.937648338770927348e-01 5.275803143828841080e-01
7.792653556984604490e-01 5.235916315650475106e-01
7.376205721049791109e-01 5.299396833643914562e-01
7.838375635882915970e-01 5.544028146844359739e-01
7.368768096360112096e-01 5.737075088460035222e-01
7.300415440589324012e-01 5.503614021983406213e-01
7.998958830295497258e-01 5.005576688228299265e-01
7.483760198886204584e-01 5.326712864870696285e-01
7.723789741529769604e-01 5.496867134540471822e-01
7.846025137209814426e-01 5.939966534368703588e-01
7.830306055180691338e-01 5.522534213871219677e-01
7.848471430066746857e-01 5.578367230259936305e-01
7.541934408474908480e-01 5.383050449885662392e-01
7.446324288355926635e-01 5.276145457693681706e-01
7.340346509444175549e-01 5.779226572765782111e-01
7.074877191791287823e-01 5.501071628142526482e-01
7.506545007959420923e-01 5.503451595203617819e-01
7.768545166309649419e-01 5.446845420560708639e-01
7.071777908027663262e-01 5.167232519231874655e-01
7.416487447259709764e-01 5.102649133745729149e-01
7.690736538786439036e-01 5.686058148767747511e-01
7.897425801886569507e-01 5.280128262305736619e-01
7.868133123561420472e-01 5.704912686318516224e-01
7.651089383730306226e-01 5.223664677611790097e-01
7.494327615500347983e-01 5.579778141158282523e-01
7.647548841125431096e-01 5.090461974519635557e-01
7.780572491007420322e-01 5.717642475955460046e-01
7.931894038543635395e-01 5.833879808406764456e-01
7.056949157330848488e-01 5.463857298683818531e-01
7.189772141683120621e-01 5.589665124948288710e-01
7.921076134078655073e-01 5.024873408212147119e-01
7.350066566997160988e-01 5.100344563187760860e-01
7.383800386580456898e-01 5.605783681002376451e-01
7.865188593372068881e-01 5.101147855122443175e-01
7.989207887987570533e-01 5.016715513253744430e-01
7.301408148936862075e-01 5.730066303523960736e-01
7.485816086521261958e-01 5.837556763646767344e-01
7.398066711649882166e-01 5.071381433138751893e-01
7.403297951986254066e-01 5.284171477991018717e-01
7.723343676863648755e-01 5.646008129757855709e-01
7.418384490231019202e-01 5.274677063301281832e-01
7.578676710053369181e-01 5.337844628925600965e-01
7.333393459650257018e-01 5.245770202335078292e-01
7.303882572657842687e-01 5.922568932883578441e-01
7.248856403785401969e-01 5.528969757629249582e-01
7.785052864705025444e-01 5.236351267025906031e-01
7.522772876413547083e-01 5.681418021616513325e-01
7.600814711339595187e-01 5.150302055953298597e-01
7.533127222173345849e-01 5.278430197361172471e-01
7.599096624499956931e-01 5.440347512860299606e-01
7.711098040120043517e-01 5.174405192913905660e-01
7.183402655205535225e-01 5.711643318925900825e-01
7.382140666411318719e-01 5.507843472626070547e-01
7.649660972493641520e-01 5.712870918923962371e-01
7.237739785533691128e-01 5.335543264037545530e-01
7.123352921203621735e-01 5.449009100946691220e-01
7.405756717542459899e-01 5.213162828328191667e-01
7.599268523256160757e-01 5.359717181773921979e-01
7.665077097590530242e-01 5.372671891499831709e-01
7.956903258009868640e-01 5.681116907287431239e-01
7.211218912258611224e-01 5.120117284326612950e-01
7.717250327454642234e-01 5.101053037493941122e-01
7.980283402221528544e-01 5.006519590359337357e-01
7.277696195723020178e-01 5.004121713500111479e-01
7.658859943121065772e-01 5.979828239121139921e-01
7.923029331282869236e-01 5.129481356971117290e-01
7.477877199288816001e-01 5.444026464180992120e-01
7.543298325495263468e-01 5.104924696125819894e-01
7.042672765398607648e-01 5.769759695070465488e-01
7.038824720228549214e-01 5.643686592217382891e-01
7.316827528453038187e-01 5.100798380637778795e-01
7.633038877776823217e-01 5.439393887243859638e-01
7.702429457039110527e-01 5.582757886832159233e-01
7.403354831360035027e-01 5.911347884223152604e-01
7.937116291334785911e-01 5.844312648349458961e-01
7.999624717439490773e-01 5.034620110081446942e-01
7.849810888586425950e-01 5.199660373345255104e-01
7.689205470940553289e-01 5.519143586173105298e-01
7.315379630835798785e-01 5.706224545196921794e-01
7.363799693519829104e-01 5.110614856170924147e-01
7.847042705715051580e-01 5.596441291626260695e-01
7.877379826359791615e-01 5.170622009268349695e-01
7.047623369112211433e-01 5.580039702169503624e-01
7.198867528008037198e-01 5.258442030491933261e-01
7.442726653410989268e-01 5.755041761138941503e-01
7.883480288331095043e-01 5.414888830368527195e-01
7.244463529589332262e-01 5.942411190592931103e-01
7.909956919155000099e-01 5.821297170191690462e-01
7.957044996653889202e-01 5.907127398152913766e-01
7.725505373101689832e-01 5.837844781995593646e-01
7.120997204158282523e-01 5.735863308222440837e-01
7.310611228352453805e-01 5.327761813283513614e-01
7.561763702273807120e-01 5.602843650465594294e-01
7.759190165605296396e-01 5.942735106367467157e-01
7.518187980606105825e-01 5.499072856561303402e-01
7.758021515096389376e-01 5.371738028168532297e-01
7.731965945565222320e-01 5.904010800906662748e-01
7.914846311671828172e-01 5.666877709227338134e-01
7.013055412975587322e-01 5.367248853962541810e-01
7.826700805531632277e-01 5.898669255060253747e-01
7.159848569857607536e-01 5.785675948527939649e-01
7.458684073984055418e-01 5.896519125419968921e-01
7.481410573876063896e-01 5.920566724204754383e-01
7.550889695445147654e-01 5.882379135555385608e-01
7.539094882901326011e-01 5.213115911232771849e-01
7.010725175509789908e-01 5.366689360169283329e-01
7.710316247667996503e-01 5.490152431204472494e-01
7.181941258798971717e-01 5.208975916494895664e-01
7.700281468931752249e-01 5.115888160352096703e-01
7.845472298104830822e-01 5.492328104674013556e-01
7.037702663372497058e-01 5.554730226195703224e-01
7.086605166812088852e-01 5.429564909432122999e-01
7.984913418845765998e-01 5.024624440839003947e-01
7.054653207809632454e-01 5.500929936702564360e-01
7.459389320522236133e-01 5.798648473028187311e-01
7.455220191756681825e-01 5.181288802029726526e-01
7.871321123501113792e-01 5.297774160860637682e-01
7.122775807601172682e-01 5.255261107380908570e-01
7.376753627886765141e-01 5.323098397382668434e-01
7.522120955478642790e-01 5.918813807348808353e-01
7.783567743395949368e-01 5.655085866741631495e-01
7.924749714687833180e-01 5.210869727624098946e-01
7.059088817505885238e-01 5.285882857118748834e-01
7.973802511725841535e-01 5.763244039776902472e-01
7.549810594693959764e-01 5.826903143057449164e-01
7.467511646248525814e-01 5.525301590977338417e-01
7.389320009383765209e-01 5.599316739083048944e-01
7.371132607708990037e-01 5.842757569812239149e-01
7.791428735459138277e-01 5.182713311458969629e-01
7.655592506970474442e-01 5.228449718615688635e-01
7.993756978493860021e-01 5.575537493685216450e-01
7.569518510249141352e-01 5.106588492915853372e-01
7.619398466764111255e-01 5.128263653333402505e-01
7.987017870132303576e-01 5.164303269197724200e-01
7.614973020954428629e-01 5.247946809171643023e-01
7.211801129331133486e-01 5.371325738129224536e-01
7.376994932269141936e-01 5.050066752172861495e-01
7.560316430953870626e-01 5.621003007495115611e-01
7.343215389895478840e-01 5.959694061456282110e-01
7.083716088205824768e-01 5.021700821666551517e-01
7.975060320932275681e-01 5.868659385815216956e-01
7.624386404434417841e-01 5.130588518583862889e-01
7.209298950780429482e-01 5.024922946869564422e-01
7.329407527375314535e-01 5.877857856108377188e-01
7.284957087486065852e-01 5.314176095160768609e-01
7.878325456257003756e-01 5.208871474625268450e-01
7.663533637487388583e-01 5.206816449436399985e-01
7.457748618372385119e-01 5.261114090138465649e-01
7.702838217844770741e-01 5.077056020942545267e-01
7.639712331773238496e-01 5.219488405601024894e-01
7.280098654065119135e-01 5.479818593593472897e-01
7.124358160586881095e-01 5.893496561598630112e-01
7.371999880805663041e-01 5.701583507946172968e-01
7.387995736814338965e-01 5.687569500255253985e-01
7.368171144476273193e-01 5.770825287839986828e-01
7.723257492419552950e-01 5.022045703421831320e-01
7.073215126518483942e-01 5.853844233690737031e-01
7.606762260664732267e-01 5.270286323987931620e-01
7.922762701771375315e-01 5.936460279006163798e-01
7.156189299608439747e-01 5.826203971125909487e-01
7.899702115261963975e-01 5.754233791351810456e-01
7.234694998766196816e-01 5.959890816202423336e-01
7.258157917162960659e-01 5.117655344905170933e-01
7.077444016901061064e-01 5.098470291071286464e-01
7.964777419768181987e-01 5.693213707379056743e-01
7.538575575513681848e-01 5.763151311300278579e-01
7.936777207401558565e-01 5.132836278344166114e-01
7.589431279658944707e-01 5.228501287566882372e-01
7.193981591856779545e-01 5.379801535504522558e-01
7.385133809835852103e-01 5.491136703018184573e-01
7.858980577150441738e-01 5.512960765164071075e-01
7.480416601165517099e-01 5.806011223403810817e-01
7.050416649450916839e-01 5.577854922542175853e-01
7.914891528805204635e-01 5.901439689564544899e-01
7.535841478950100480e-01 5.352696668841456784e-01
7.973573377471828705e-01 5.136752829583961510e-01
7.626657294780366803e-01 5.210221350968211596e-01
7.612287182836530164e-01 5.563256809052524732e-01
7.875295873385061984e-01 5.492831065369563337e-01
7.948957291609156650e-01 5.214306884522761365e-01
7.292550100888366416e-01 5.021731478792870185e-01
7.860803876480323416e-01 5.536404005714843368e-01
7.220215996294472305e-01 5.929926305424186861e-01
7.652749831105798428e-01 5.633861237864449256e-01
7.118711969616805524e-01 5.969813265023304893e-01
7.590308486315145986e-01 5.127345405894410124e-01
7.917535164833793271e-01 5.213843402993981746e-01
7.627548165597688445e-01 5.143399226709471916e-01
7.058757837225224652e-01 5.926821712774488216e-01
7.205580334736989556e-01 5.256134307307690490e-01
7.411085815024289758e-01 5.227594653446437922e-01
7.083103078479852099e-01 5.629165728762171028e-01
7.798246823307617426e-01 5.335381589384352585e-01
7.382543337116178606e-01 5.303841653635050779e-01
7.097325857257438253e-01 5.667114663490170345e-01
7.406953736232071428e-01 5.964665440338712266e-01
7.941353416214580463e-01 5.553595391533342474e-01
7.776280009703996354e-01 5.354210960677185938e-01
7.574497463430196476e-01 5.806608819189504889e-01
7.901889624496115649e-01 5.077224922350175307e-01
7.393879607730564629e-01 5.236943080539183670e-01
7.774443601526774827e-01 5.376764514919701865e-01
