7.492936667523641958e-01 6.889182654318675159e-01
7.958014822406120903e-01 6.004149443139228381e-01
7.839143654140890982e-01 6.142150684419189766e-01
7.911512400191491601e-01 6.637171616993275958e-01
7.485971127370223410e-01 6.342722736963750663e-01
7.114979487135856262e-01 6.718781231858756975e-01
7.106551801174916250e-01 6.720426494557283359e-01
7.274607541164965774e-01 6.833810904342143555e-01
7.258748255443426833e-01 6.973549853876834792e-01
7.396504184167058682e-01 6.702431375777004874e-01
7.941085005774496386e-01 6.846551100888467190e-01
7.994215807257070150e-01 6.763224184612621759e-01
7.847449641735807502e-01 6.553092532634556822e-01
7.550384587138463388e-01 6.881501546680075521e-01
7.483114368038971120e-01 6.853452013732379555e-01
7.019660355401591278e-01 6.959770897281585267e-01
7.672815430482984311e-01 6.552048207863211404e-01
7.081013082777231071e-01 6.552425783071482712e-01
7.162103811007484166e-01 6.612023233964626767e-01
7.931422198415982727e-01 6.968002541405554640e-01
7.917457600507418203e-01 6.262915423134232107e-01
7.897939437250094397e-01 6.566967704412249862e-01
7.131723909111035153e-01 6.002039901810277689e-01
7.834963399265518769e-01 6.083445664779220108e-01
7.192418824480529826e-01 6.315228933176075810e-01
7.970211630012447035e-01 6.821100385781975195e-01
7.572165345853475449e-01 6.988400482258692037e-01
7.201349972417812051e-01 6.262696275282804148e-01
7.863018002823722874e-01 6.989803393511970775e-01
7.350878090857178027e-01 6.306520074011162658e-01
7.133470820053714467e-01 6.260540513891357239e-01
7.592778956432603144e-01 6.776333846199060762e-01
7.918500108573209850e-01 6.403899292595163217e-01
7.972721037318173387e-01 6.561985770120963846e-01
7.018826417476378143e-01 6.320034180646030286e-01
7.496630941979899321e-01 6.569831632989460157e-01
7.328226591470368145e-01 6.436937242881124455e-01
7.839215345278263136e-01 6.068854106561722972e-01
7.780335051626227072e-01 6.151808779881897671e-01
7.476640167745188803e-01 6.685850902233341220e-01
7.261381924750014427e-01 6.794621913065179708e-01
7.915344558435627453e-01 6.272886840212164028e-01
7.110539711507256611e-01 6.824099089995939726e-01
7.247672424568699645e-01 6.363185371518748079e-01
7.338835127496847743e-01 6.979616417356870883e-01
7.709996984774374340e-01 6.197737876450817307e-01
7.227395049011571260e-01 6.806799484512566778e-01
7.767957367720862427e-01 6.986768144261747970e-01
7.462526803437594669e-01 6.202130224414338366e-01
7.374380236328988980e-01 6.261213346124071544e-01
7.870586279717721734e-01 6.877049264712526977e-01
7.898463349344567730e-01 6.089649084508654830e-01
7.093568000491817793e-01 6.846271700429293894e-01
7.656248940237612155e-01 6.309069812943433053e-01
7.482831497439783597e-01 6.570114994390073848e-01
7.573398997189183524e-01 6.948916629784129828e-01
7.501706462122705865e-01 6.065021144130577913e-01
7.146243914129613017e-01 6.753474919498613227e-01
7.923029363799687363e-01 6.435896926632420634e-01
7.111204714924022063e-01 6.204651773200258180e-01
7.090624369959281914e-01 6.699281406684671758e-01
7.017734017378709499e-01 6.706972600035230325e-01
7.380329157403886509e-01 6.547753847586981202e-01
7.583148391987732939e-01 6.723136088215899697e-01
7.133281372345546822e-01 6.815301906703987722e-01
7.791341178764460418e-01 6.235021107494387316e-01
7.268952125858832991e-01 6.294864934229502662e-01
7.002203227048832135e-01 6.145522617562433343e-01
7.611548442450755125e-01 6.607262652976240158e-01
7.836112694544412616e-01 6.738951708199655277e-01
7.981571716035963382e-01 6.517331518364195553e-01
7.499273609197236734e-01 6.991212529011031629e-01
7.898254093477163895e-01 6.425403235221809339e-01
7.280804739092174849e-01 6.225106897773796666e-01
7.214394909321794058e-01 6.217887163378419402e-01
7.402997945319366169e-01 6.423956957377254806e-01
7.043800521010971094e-01 6.534411557140145099e-01
7.410753294962320048e-01 6.926727716498668475e-01
7.993117618430214399e-01 6.348475224025504904e-01
7.952130975866038565e-01 6.266740803835884055e-01
7.842648698535572560e-01 6.771041457903432814e-01
7.550703489364640753e-01 6.136752578158413129e-01
7.620514893825657277e-01 6.193555684249691939e-01
7.204310830192646176e-01 6.504315152721785731e-01
7.683891107130043086e-01 6.688644146992646089e-01
7.456593556267436806e-01 6.296540939608514797e-01
7.709798709186594934e-01 6.165984373483841541e-01
7.482614971066660070e-01 6.155846929265855749e-01
7.535960531311355348e-01 6.935698838742654360e-01
7.032497700230743165e-01 6.674053502214374323e-01
7.503756479405292446e-01 6.048369535142903430e-01
7.511225409473780701e-01 6.375311670316210488e-01
7.753325556695885856e-01 6.831225178709188217e-01
7.641877483152528239e-01 6.511626716917866542e-01
7.926410588377936772e-01 6.590374460044092775e-01
7.789851499760992448e-01 6.088898174654970852e-01
7.282220054765233819e-01 6.502687233983175386e-01
7.911876626476717078e-01 6.201845215457761906e-01
7.108342918851471293e-01 6.323562441297914116e-01
7.581900541610360200e-01 6.076459151010975557e-01
7.885925404868273647e-01 6.042642530625512709e-01
7.709084581989661400e-01 6.139903052033192088e-01
7.227404558942300827e-01 6.874138448958395653e-01
7.571598301558226662e-01 6.671725077537841164e-01
7.610646192869211513e-01 6.478095809673390937e-01
7.103389093850028813e-01 6.404052139363647367e-01
7.460578420173371583e-01 6.784544776862044824e-01
7.909040699804569252e-01 6.855906370041224829e-01
7.753600300358602926e-01 6.339492375657103107e-01
7.959054771660000194e-01 6.862866500842119688e-01
7.119742112145893698e-01 6.825109410387428799e-01
7.412411704913042243e-01 6.380343221015924993e-01
7.066075670452330870e-01 6.260657500679729370e-01
7.634041280462688928e-01 6.195858347628122598e-01
7.299913401727134987e-01 6.578239162090894210e-01
7.721958602435902153e-01 6.002145388251743929e-01
7.214989980069161923e-01 6.111412347368077036e-01
7.532042943030130555e-01 6.469292879599528590e-01
7.877800458010530971e-01 6.949021908959038818e-01
7.651868132586074900e-01 6.546743959298949589e-01
7.374319043229686788e-01 6.306469773165139792e-01
7.004815358815084103e-01 6.577873386263390909e-01
7.824864262432080775e-01 6.106119332811541511e-01
7.345696353922305244e-01 6.106643135177449722e-01
7.634255485244072492e-01 6.465923564825115655e-01
7.307654445721791792e-01 6.513620212306638901e-01
7.971154087784665387e-01 6.298576927931931468e-01
7.528858500895231343e-01 6.566046391626223500e-01
7.080445558548033036e-01 6.173489329124204339e-01
7.977184014287469482e-01 6.912977403262274834e-01
7.376980283071006284e-01 6.414139672392823455e-01
7.153525505830273801e-01 6.448402602579574872e-01
7.222089935710063191e-01 6.419579102784260805e-01
7.496901302514862309e-01 6.908719440344224250e-01
7.323839981233662977e-01 6.721649933705466928e-01
7.991935828392739971e-01 6.111206813775817981e-01
7.714050681223570960e-01 6.097869748426398839e-01
7.924190691218225835e-01 6.681196858574491859e-01
7.913235983911686144e-01 6.150530468594890277e-01
7.324629195284769745e-01 6.803638895127106512e-01
7.292969810650882234e-01 6.648458217028972994e-01
7.559085558008223904e-01 6.543769919606103880e-01
7.079197272454190726e-01 6.823613073983669786e-01
7.106033567381595528e-01 6.065796246763970334e-01
7.528542190485785213e-01 6.266983230717551034e-01
7.106661897727336585e-01 6.396287666438595920e-01
7.661160275564954381e-01 6.864080985253494527e-01
7.194201089886781419e-01 6.734599336373716660e-01
7.759817928569970880e-01 6.101010478038397800e-01
7.926163553979337362e-01 6.330023362385218677e-01
7.929011044100419126e-01 6.042983943818309722e-01
7.367098420837645545e-01 6.830454231618976468e-01
7.937257918271179991e-01 6.664235113145395850e-01
7.284765824082907182e-01 6.302553385659359630e-01
7.909898152487702117e-01 6.283588245730682420e-01
7.931368495742636693e-01 6.144729803700741400e-01
7.175759507449128716e-01 6.981622338538384653e-01
7.018783695938742850e-01 6.960821828520904475e-01
7.164644604271526163e-01 6.654370139499834469e-01
7.461612804932948873e-01 6.200128345591191525e-01
7.884081085514489384e-01 6.024641348721403444e-01
7.963579930915196670e-01 6.725826401121592912e-01
7.606389611988396693e-01 6.241272835501303629e-01
7.531122783516541741e-01 6.455146519866432619e-01
7.102711003343673557e-01 6.835357836167944567e-01
7.160854802826293053e-01 6.280764643965051075e-01
7.059533908821480352e-01 6.735099994912732146e-01
7.570617504348367000e-01 6.507856227488328926e-01
7.520201114093469918e-01 6.722724832317523713e-01
7.855261228868477552e-01 6.628630365903493971e-01
7.021126827251447100e-01 6.113251107333238510e-01
7.793730656188591066e-01 6.213135251267707382e-01
7.091963533212601867e-01 6.428632704673018505e-01
7.130362403761545398e-01 6.573790455402117594e-01
7.375272720567801477e-01 6.035878956652642735e-01
7.496964444485260115e-01 6.005432760449392893e-01
7.980982327465075965e-01 6.384453785921583302e-01
7.848909388233122897e-01 6.287921677236998352e-01
7.559622564684944646e-01 6.537174694018907939e-01
7.349223377172120486e-01 6.347880295032009013e-01
7.800170178659848741e-01 6.975571378889235952e-01
7.931546245524652150e-01 6.422425416229368134e-01
7.818538533756470565e-01 6.336652639376618712e-01
7.015304334223801952e-01 6.425477195148562304e-01
7.261433143562622261e-01 6.458100414620544516e-01
7.991445753917457706e-01 6.592701375635303673e-01
7.848707715295225595e-01 6.440505506851084139e-01
7.456486745647951109e-01 6.370863883276955963e-01
7.654712286682145983e-01 6.100844311186010005e-01
7.662863497440952631e-01 6.916278045284097731e-01
7.841834178110596021e-01 6.900333788347804420e-01
7.722920808292522699e-01 6.924130783425861413e-01
7.481493110909143152e-01 6.416065918612424701e-01
7.164620547807072359e-01 6.241283090169932324e-01
7.204200648249804440e-01 6.052426217394138996e-01
7.662276561342036274e-01 6.645189466553671487e-01
7.880156083648121035e-01 6.188655556291196014e-01
7.604198081670778819e-01 6.774835622799524337e-01
7.020368323675163502e-01 6.367558626906317798e-01
7.569518810366510086e-01 6.525841034820634157e-01
7.114449915511650291e-01 6.907309842658775345e-01
7.016587222549897085e-01 6.355404442130510034e-01
7.910620006798750881e-01 6.247088343024006507e-01
7.905445600014282537e-01 6.225162885355495224e-01
7.124781523416026108e-01 6.542570037445014641e-01
7.330894687332691895e-01 6.186983688766886091e-01
7.150260145672627798e-01 6.874114343463447740e-01
7.952763383013136123e-01 6.083841732285449888e-01
7.795788735233224465e-01 6.688214753134711366e-01
7.199719491880530731e-01 6.467547244132032525e-01
7.137851558549737074e-01 6.005130393157548374e-01
7.243352675753703673e-01 6.116800726870568194e-01
7.933248524563814019e-01 6.291339536937383681e-01
7.965679448192102274e-01 6.238987536122331257e-01
7.808375036826056270e-01 6.286071677855704642e-01
7.512912610368431832e-01 6.936612073557761882e-01
7.361224290664720726e-01 6.849788594739492087e-01
7.333213562974791877e-01 6.667429344553036374e-01
7.565954836593301591e-01 6.930009049548082611e-01
7.051121801985802406e-01 6.186660008303698222e-01
7.417693906736841924e-01 6.682532729562004059e-01
7.622072098948573515e-01 6.370690174240720705e-01
7.015350022735787894e-01 6.337741631420741317e-01
7.870500834686147140e-01 6.691989748588805798e-01
7.987558137039721951e-01 6.365202463759316309e-01
7.924682107450848889e-01 6.826664264386348435e-01
7.105322728652903042e-01 6.616430643456254757e-01
7.215283320130092548e-01 6.115522475290717797e-01
7.437268467476696454e-01 6.030736249659720549e-01
7.996379859930331513e-01 6.970335922650767735e-01
7.006025894134619847e-01 6.884738131206967759e-01
7.914350668035671221e-01 6.276789865365484111e-01
7.678925214835630175e-01 6.466605644760378135e-01
7.939466125663396934e-01 6.550704196017889114e-01
7.378893727289527193e-01 6.813991847955077619e-01
7.380107791158621033e-01 6.096405447192410065e-01
7.735981109038024828e-01 6.826244474855890365e-01
7.159897899821237033e-01 6.097648158042008326e-01
7.783991046385045909e-01 6.978790768657008314e-01
7.448930424312827370e-01 6.527655284938196356e-01
7.220103030219332529e-01 6.389864043985677977e-01
7.885406299518654683e-01 6.938821327465272137e-01
7.236055960837141088e-01 6.838730792817547810e-01
7.230518526400082635e-01 6.673120712266973342e-01
7.013814381780328899e-01 6.060632809540111854e-01
7.171928007489334345e-01 6.462057916010468528e-01
7.765969847826772465e-01 6.370067937134336056e-01
7.406200428789647683e-01 6.457236296781729834e-01
7.540193640665505681e-01 6.241040364768144499e-01
7.568403355433311885e-01 6.497102839238551031e-01
7.849813453565840371e-01 6.083253049124801581e-01
7.938721836260679288e-01 6.392218165616472270e-01
7.897282857541545464e-01 6.098878195158468074e-01
7.502514467907059892e-01 6.647055248091198187e-01
7.558711694253181790e-01 6.214446039189087667e-01
7.062656179146904467e-01 6.450541329153371972e-01
7.902700582571378085e-01 6.950656546660609614e-01
7.036292512881316963e-01 6.810213653358601071e-01
7.631197810165675222e-01 6.554176545796591702e-01
7.433311731199266914e-01 6.519198721197574375e-01
7.442727263511078606e-01 6.156943662385158111e-01
7.802788647592564519e-01 6.788148293426968793e-01
7.008336717484215939e-01 6.884867698077756781e-01
7.866417176920177390e-01 6.048566070449130638e-01
7.477524813600912035e-01 6.331157133072087273e-01
7.885952753843963325e-01 6.941976513619982914e-01
7.633654473360186321e-01 6.026540831832054579e-01
7.339260843100784415e-01 6.637882970689368278e-01
7.039121483525654366e-01 6.369406245699191782e-01
7.803406622355186784e-01 6.122070526878269359e-01
7.285746061382523120e-01 6.640254671730330127e-01
7.448059239903069839e-01 6.628702883443662319e-01
7.056463418243485997e-01 6.248051720458656089e-01
7.246960404559079638e-01 6.013857492350118683e-01
7.557873097039077281e-01 6.316584015676006691e-01
7.968745112545722042e-01 6.831246319417692003e-01
7.521041975502041899e-01 6.129778135735106659e-01
7.633383766472112697e-01 6.699236616892515483e-01
7.982180181518454543e-01 6.837845249403353698e-01
7.533526650692682347e-01 6.933221755445855283e-01
7.920407037828299801e-01 6.229888460506730619e-01
7.755958239734516146e-01 6.466914458837560442e-01
7.037438077836662975e-01 6.911614926242193313e-01
7.752845060065640670e-01 6.312260609186161053e-01
7.688089607619937871e-01 6.934318066388137636e-01
7.469146969131166269e-01 6.306712969526455659e-01
7.892026378434603417e-01 6.233611523881286143e-01
7.160107297627861245e-01 6.853707613868651460e-01
7.895181768648684706e-01 6.125283628444970763e-01
7.969837936198720385e-01 6.845043643529589161e-01
7.545225136265560906e-01 6.116304253955662240e-01
7.582442319772214612e-01 6.192650758493771779e-01
7.765194700191440091e-01 6.499721576324855032e-01
7.307475457207082137e-01 6.838631906902663538e-01
7.181800086436468389e-01 6.590376807720866870e-01
7.682058096912955936e-01 6.164167643188532830e-01
7.307832631259055800e-01 6.504691280302288270e-01
7.133860794369002445e-01 6.562314077245098298e-01
7.882826755387979389e-01 6.455072070728486988e-01
7.867592370935366786e-01 6.093279761501460001e-01
7.019019676381819117e-01 6.567643991733425057e-01
7.432239942643297237e-01 6.745505107378433340e-01
7.475972789865553692e-01 6.375041387998077180e-01
7.835796595005863896e-01 6.560163341646981783e-01
7.774277716292588014e-01 6.145966819492392208e-01
7.829217581945246973e-01 6.262473285793886957e-01
7.373276555002623578e-01 6.459940797695311598e-01
7.427291718365491846e-01 6.357082195694727655e-01
7.943972042404875422e-01 6.228189821593222986e-01
7.301442976485036374e-01 6.393338646363473377e-01
7.112398561904481609e-01 6.888440622052440787e-01
7.130566093384173021e-01 6.307683115005400243e-01
7.407673846628920478e-01 6.649327053094384876e-01
7.841944432489260652e-01 6.436186563335607458e-01
7.202604978724433948e-01 6.708088031815648833e-01
7.797081472988028894e-01 6.031848495357333695e-01
7.904636098343411632e-01 6.458451071468407356e-01
7.925198401875138687e-01 6.402182266326906790e-01
7.958480800382644604e-01 6.534884078254443729e-01
7.355736274955250176e-01 6.771525030071550155e-01
7.824121343635953574e-01 6.545103430749116269e-01
7.695676910547130101e-01 6.119412695048193074e-01
7.858565944469937392e-01 6.962408885449498097e-01
7.474044673556279328e-01 6.226182337688239699e-01
7.746916127576134459e-01 6.145438785660433112e-01
7.500542332968170856e-01 6.807677937106887400e-01
7.649510182450396378e-01 6.290001477380795514e-01
7.579285978619005881e-01 6.390214858574549961e-01
7.554795582808888632e-01 6.673397361814468187e-01
7.971372068923883170e-01 6.656742113575258024e-01
7.944878008985298834e-01 6.970755708273586038e-01
7.407816021582290800e-01 6.612045539355611012e-01
7.321753962306861707e-01 6.257143601203440930e-01
7.523945105700531322e-01 6.707899689307665891e-01
7.130564834073571667e-01 6.967312351297998418e-01
7.763417059002026832e-01 6.829600458975084720e-01
7.202604035050409470e-01 6.575617825442605646e-01
7.393251069337126724e-01 6.032833266940953454e-01
7.942031404327629662e-01 6.793935401048384337e-01
7.066850159014496091e-01 6.263302731806938972e-01
7.576416223883454260e-01 6.891363624877124838e-01
7.997082708494192005e-01 6.458008418726137734e-01
7.792034825155998989e-01 6.225038381732981296e-01
7.825817145926977636e-01 6.313305706908394210e-01
7.318449391262823456e-01 6.856511505337700152e-01
7.563742507417263727e-01 6.966442855089868269e-01
7.365226037500274270e-01 6.561481740322326894e-01
7.638143284535710009e-01 6.439227144862502694e-01
7.236568603312980574e-01 6.490498284325560974e-01
7.178228261218377870e-01 6.714187816594054947e-01
7.276605840672770720e-01 6.352572464135847197e-01
7.939583006075812133e-01 6.180989505549998597e-01
7.166895566102747805e-01 6.623836476499840309e-01
7.794308645160333837e-01 6.812214284415970544e-01
7.781051522517763441e-01 6.163154924405785939e-01
7.281624273642981482e-01 6.352049734044196150e-01
7.745277100420105976e-01 6.372016684198853476e-01
7.843707529482404350e-01 6.392775465325368778e-01
7.635044063912496126e-01 6.013731866462405096e-01
7.632997195421374892e-01 6.199549008592717403e-01
7.388749346437640808e-01 6.561111651840856318e-01
7.879482666833420579e-01 6.330858192720811850e-01
7.960903088368448399e-01 6.119015191144236976e-01
7.918205578645034493e-01 6.325418054339374541e-01
7.874010478275959013e-01 6.307486023895436666e-01
7.081195750679825096e-01 6.317825319893279890e-01
7.829843818859955062e-01 6.762233243978437169e-01
7.382010955258263563e-01 6.211836163933124322e-01
7.445483890685492545e-01 6.109449893132175013e-01
7.628833746006909999e-01 6.878307147764481932e-01
7.422881236477502087e-01 6.374866463312908182e-01
7.964161021619159397e-01 6.336057777402928082e-01
7.259994788527847076e-01 6.931256143578574669e-01
7.691184489983109440e-01 6.986754632492037098e-01
7.699665639930582950e-01 6.446697286233672441e-01
7.109390688489323207e-01 6.306696212286877490e-01
7.948645750637070018e-01 6.846558800703355097e-01
7.488219834869909164e-01 6.894900309361707835e-01
7.273913119677916095e-01 6.481214762208837854e-01
7.293324590958235598e-01 6.386303609805266124e-01
7.633677710873649769e-01 6.809558270130171564e-01
7.208582912715403301e-01 6.372337008081152554e-01
7.750989632564502241e-01 6.180534193006105292e-01
7.775841472468102422e-01 6.875872595386409714e-01
7.442906482652511535e-01 6.843926832941968907e-01
7.768814412389127844e-01 6.574395090761337990e-01
7.997136445819953421e-01 6.439359274371472264e-01
7.497189898913643180e-01 6.540627420527609370e-01
7.749157727255776562e-01 6.245303593220959959e-01
7.806220759540686283e-01 6.337877035918795254e-01
7.129040967001929463e-01 6.933048371524141995e-01
7.308160302484395521e-01 6.703732166818933136e-01
7.243269059266976839e-01 6.725824596478771067e-01
7.908052068084469033e-01 6.214886287470509085e-01
7.528108047075680043e-01 6.854459114389750418e-01
7.941618385745874420e-01 6.462741180033458877e-01
7.251410645750934192e-01 6.559640245100630818e-01
7.645756967391947878e-01 6.799785266830496999e-01
7.067550617920624889e-01 6.514632571521201676e-01
7.474344188835672087e-01 6.774815630301004310e-01
7.719775637891669318e-01 6.106753966831341973e-01
7.601153214322788898e-01 6.765967237558996317e-01
7.940931751312284570e-01 6.270772652229962274e-01
7.992294881358330549e-01 6.633472646463163258e-01
7.166069571740764088e-01 6.917440924019168103e-01
7.757040383015271212e-01 6.988930113485332107e-01
7.156997061830522311e-01 6.278718435403820575e-01
7.723525485638979005e-01 6.037166731965588617e-01
7.108026705573873283e-01 6.669070416448419358e-01
7.142206630052400085e-01 6.920160513875348585e-01
7.427341189404990107e-01 6.572730022586723564e-01
7.461916318459130837e-01 6.376653383865398261e-01
7.062867161228704171e-01 6.521353926949181590e-01
7.665947205400817088e-01 6.334080235939015813e-01
7.680203586221659995e-01 6.142842431972348471e-01
7.011456962706243967e-01 6.012054840121701105e-01
7.280103299278755102e-01 6.659515315351594023e-01
7.994558638367464942e-01 6.891010969074780057e-01
7.389767037948351547e-01 6.979351100239492567e-01
7.432539315140220815e-01 6.073189614985913254e-01
7.588046332217898149e-01 6.631306621821658753e-01
7.684772980211900251e-01 6.079616811484633843e-01
7.282132735536862578e-01 6.103055184882441031e-01
7.389312525750557636e-01 6.700175308497082760e-01
7.131397073382107488e-01 6.291695312255509709e-01
7.619170082025061852e-01 6.443825859313440096e-01
7.529667244101764245e-01 6.343998185548687108e-01
7.850397321167249531e-01 6.360731172176440351e-01
7.336423311368776012e-01 6.801911031707801314e-01
7.347271231553852422e-01 6.401317364898850837e-01
7.657048494838264441e-01 6.741556977180991339e-01
7.488386149863407448e-01 6.701118640643219937e-01
7.071953561799753096e-01 6.917148395798116134e-01
7.261593278207623126e-01 6.008504175158044802e-01
7.830632872808038769e-01 6.857251764703471419e-01
7.142311841627912994e-01 6.376449949040203791e-01
7.641788853428571615e-01 6.084902574385701035e-01
7.274342699518349109e-01 6.619790427371352592e-01
7.799761264963263052e-01 6.269147489285474828e-01
7.198073137538061328e-01 6.471642371664146909e-01
7.962379357190245699e-01 6.478723956053538124e-01
7.800205437823085619e-01 6.444684793190517125e-01
7.553414509913257691e-01 6.485362266235521478e-01
7.282405010513912647e-01 6.972660393542515767e-01
7.109203459096027355e-01 6.820963020067115634e-01
7.894307688942152623e-01 6.028947449177639584e-01
7.229773901120456481e-01 6.642849428592971783e-01
7.396428636210559127e-01 6.833751065667617031e-01
7.970705136764169030e-01 6.500147874868256181e-01
7.268581907739832815e-01 6.294866393560384354e-01
7.419429679820316315e-01 6.598969086517454397e-01
7.832282526858868055e-01 6.386176846463496037e-01
7.579010171447891908e-01 6.204957355450801959e-01
7.337116780137815653e-01 6.685721582417951669e-01
7.820215361525041375e-01 6.595119579756303363e-01
7.992921495783087416e-01 6.014667550818602049e-01
7.046848369133487111e-01 6.988628517873056722e-01
7.873136895493336729e-01 6.685968862002480417e-01
7.253099465594399220e-01 6.928545306115789781e-01
7.212567350777396857e-01 6.217170437015824280e-01
7.619856173910222186e-01 6.107171494556969948e-01
7.379747663979246974e-01 6.265618218338060430e-01
7.943890167061966601e-01 6.389511129259779487e-01
7.931312820409563979e-01 6.960125436287663003e-01
7.081003849582518939e-01 6.381104261678305356e-01
7.942138619155432178e-01 6.375295405836265417e-01
7.623043032376093375e-01 6.259505677152858993e-01
7.484146615579079231e-01 6.868592500827936931e-01
7.377258169544748112e-01 6.337436793923292289e-01
7.935001044336640330e-01 6.148671007399805211e-01
7.685499331851948224e-01 6.946265760912830878e-01
7.766535581374347519e-01 6.444686394428870146e-01
7.592514838712907110e-01 6.907579783034933918e-01
7.939579148951605436e-01 6.525812884045709694e-01
7.448565233232581351e-01 6.118098000919071078e-01
7.455078929585357006e-01 6.770803898945818577e-01
7.716688346446763935e-01 6.185120389557242637e-01
7.023430314345294745e-01 6.290989171284636639e-01
7.436911166383443073e-01 6.847058493712894212e-01
7.353990084207004951e-01 6.639484210663628705e-01
7.582696619919746528e-01 6.306658530549438257e-01
7.793589305336237061e-01 6.686585414257996129e-01
7.758414495457846005e-01 6.803795255067947023e-01
7.651304323108785166e-01 6.435265818599398280e-01
7.353697702936057290e-01 6.373611381848935942e-01
7.596805427328114924e-01 6.606734182233374719e-01
7.151317616497580021e-01 6.040718005852119266e-01
7.915112302003489697e-01 6.020024891254456278e-01
7.862368070708586343e-01 6.162372220888623353e-01
7.878607098177603518e-01 6.493575054525138057e-01
7.812115204704257465e-01 6.023956193255332048e-01
7.020465750195125088e-01 6.561632527463633346e-01
7.904174347822811031e-01 6.407633466912758813e-01
7.755582018542743761e-01 6.415710248468413646e-01
7.962781796877778095e-01 6.562117216931946384e-01
7.189270697815071109e-01 6.909273306828160877e-01
7.068620422148229610e-01 6.541063519276193450e-01
7.470171899632258583e-01 6.044962816063268463e-01
7.056896675657889917e-01 6.684247543012240556e-01
7.928345214183196710e-01 6.938074761148669278e-01
7.530406761634607093e-01 6.086093684568576467e-01
7.854373418871843926e-01 6.152444669852170644e-01
7.320756437880259204e-01 6.636467477485873401e-01
7.019850213609994949e-01 6.046315694281915176e-01
7.982303190412929350e-01 6.541557738957637369e-01
7.006411434505644964e-01 6.217919813968568743e-01
7.864869471787190314e-01 6.629787630094468032e-01
7.043358502952439260e-01 6.748228544082016667e-01
7.730651047834038447e-01 6.233170807120546053e-01
7.653524005281744369e-01 6.295967727549529602e-01
7.643924194192591726e-01 6.418403350743778768e-01
7.062517905107348337e-01 6.493620418367239688e-01
7.378050107742740726e-01 6.914469563801042273e-01
7.938089595704842516e-01 6.564986639720116202e-01
7.228807400792218729e-01 6.447924022993187787e-01
7.425661913201213604e-01 6.685109647356901608e-01
7.543011640189331013e-01 6.156743453042088365e-01
7.613857882282640821e-01 6.064079883590303144e-01
7.763542630790729593e-01 6.293369194962529223e-01
7.705302187931327706e-01 6.285027603325809009e-01
7.936656445339390631e-01 6.753765850921813474e-01
7.619003986668447803e-01 6.417935177847651218e-01
7.700912570783862154e-01 6.405265459601137135e-01
7.358267579580350937e-01 6.265886656414469957e-01
7.712950992447937804e-01 6.419499230841925197e-01
7.833703566879788305e-01 6.099505346202364064e-01
7.505773097624034440e-01 6.811673915937066504e-01
7.873420913501145701e-01 6.615711420816214883e-01
7.510552863797189671e-01 6.372705099250000060e-01
7.233316116681245411e-01 6.137484710571827762e-01
7.276446195662493732e-01 6.598362290306121203e-01
7.790245602723929741e-01 6.952160834144762713e-01
7.238184071404756281e-01 6.749353540509752669e-01
7.501815342133861808e-01 6.193845180160540975e-01
7.620767620361940109e-01 6.439318961401869768e-01
7.042665481978072073e-01 6.049253579154241223e-01
7.295529168810414022e-01 6.299836547588435476e-01
7.383702274658029419e-01 6.291649818034332764e-01
7.466450509311540751e-01 6.247908303756399828e-01
7.214517892030204438e-01 6.679201268230965383e-01
7.441642981645988364e-01 6.174634806378105356e-01
7.211543824197138575e-01 6.995033025063496224e-01
7.159709141451802150e-01 6.053027663347189113e-01
7.977217392320883338e-01 6.735755113684909201e-01
7.854103372477294620e-01 6.760743788130477716e-01
7.546801791077136778e-01 6.028341463420776591e-01
7.043122351754760313e-01 6.719491743970742448e-01
7.003602725257399575e-01 6.288486689978204369e-01
7.678726745323056768e-01 6.039036610984243048e-01
7.583921747800701496e-01 6.004592181271140028e-01
7.800744595802582282e-01 6.020258050728068966e-01
7.927885886424347328e-01 6.488999117494009816e-01
7.540757786594439738e-01 6.552538056572803082e-01
7.637412291714610335e-01 6.001015596555758780e-01
7.584954340182072929e-01 6.645263203561710963e-01
7.112563004149214940e-01 6.389178903293946110e-01
7.773818020170131238e-01 6.904107135883690294e-01
7.663156919343346862e-01 6.139620671472001412e-01
7.293096160120817739e-01 6.349370620291505674e-01
7.615774968081859830e-01 6.374603875871808212e-01
7.364977368856462370e-01 6.036827919160037137e-01
7.049920575778835241e-01 6.275339937697719250e-01
7.045429779693662686e-01 6.360820014332253525e-01
7.275303907984604912e-01 6.585636550961169178e-01
7.906315752247292661e-01 6.125535989751503818e-01
7.373715751791524164e-01 6.721346828907623916e-01
7.061576005182561566e-01 6.719040702743044324e-01
7.740136959089656266e-01 6.206019292818154565e-01
7.041622113782127768e-01 6.430291450824354715e-01
7.427411330010209589e-01 6.757449328971434355e-01
7.761056356131984524e-01 6.105353044934798135e-01
7.241111232722448054e-01 6.237169032250582390e-01
7.339878565117678999e-01 6.878730152484751059e-01
7.259312028302868924e-01 6.569458131066152617e-01
7.646576019991155881e-01 6.509031473041835270e-01
7.409753291095165784e-01 6.147295453610136517e-01
7.381889035301278934e-01 6.910611167099499630e-01
7.472658966012041271e-01 6.558148527232260383e-01
7.361184409805094919e-01 6.446261843503657829e-01
7.491790457446150242e-01 6.017802915171562850e-01
7.519481934505114484e-01 6.579895167788438748e-01
7.456164907953312104e-01 6.463229952587259408e-01
7.880007498815868594e-01 6.746815753617760869e-01
7.403523565444055654e-01 6.556556880922563835e-01
7.504281707522609812e-01 6.195727181670391825e-01
7.613418112739888111e-01 6.939359841896899361e-01
7.228398590067837137e-01 6.425079510548084016e-01
7.979578966100102644e-01 6.382395122573357726e-01
7.045780236543329744e-01 6.453332709205168438e-01
7.356694867326842857e-01 6.602931482598678459e-01
7.941228778848706815e-01 6.693900352145624177e-01
7.681682589890759250e-01 6.571144315881252140e-01
7.285732393394972473e-01 6.297032865762055565e-01
7.913507628465946686e-01 6.886791929322093608e-01
7.096482828910564145e-01 6.846624179407212463e-01
7.676958458878530012e-01 6.438770606643759997e-01
7.719355034361116141e-01 6.178965621395089425e-01
7.811568447808399096e-01 6.205454200832611900e-01
7.585831040721202623e-01 6.051720174071468783e-01
7.387482306961563605e-01 6.409284720212813369e-01
7.237127540463327291e-01 6.548787995362774783e-01
7.920167692761342915e-01 6.054166869697277242e-01
7.921305621155666499e-01 6.271278089785186083e-01
7.777138926291843335e-01 6.309559054514373155e-01
7.079960886477756343e-01 6.273481950186691192e-01
7.108824308754377874e-01 6.322805749453062063e-01
7.806089903040469569e-01 6.502547606878783526e-01
7.525916264018472912e-01 6.347086103199189866e-01
7.336743678436378202e-01 6.322513381371790420e-01
7.794495975191408910e-01 6.937813805261330291e-01
7.384773669518993611e-01 6.799445404900379408e-01
7.946656712402173639e-01 6.120143695665993810e-01
7.891225729564311786e-01 6.625838909622576711e-01
7.840935941342760396e-01 6.506075642755536625e-01
7.350022140056186037e-01 6.191232868456448823e-01
7.251937083423390940e-01 6.570098226300948863e-01
7.446829616761463377e-01 6.481818802425668435e-01
7.869138847433158057e-01 6.182610179580868559e-01
7.996808252831520969e-01 6.630559903678396871e-01
7.145957473254421766e-01 6.891821981045930245e-01
7.920077931624251999e-01 6.070563093863778903e-01
7.428626555822075428e-01 6.287089123851532513e-01
7.789997654716920295e-01 6.883125354139830732e-01
7.038245980111336175e-01 6.779420755506566643e-01
7.668381428736038563e-01 6.780353262448428620e-01
7.618420153258466110e-01 6.755647032732331470e-01
7.143055491241750987e-01 6.337321132810678215e-01
7.461148532815167211e-01 6.327012556452564773e-01
7.059735419146201396e-01 6.506755590401342992e-01
7.204069365210945541e-01 6.149527549619512312e-01
7.293788549895817708e-01 6.620893680115863544e-01
7.227221183066900867e-01 6.700092702623701157e-01
7.455251208933014739e-01 6.159849019303532680e-01
7.522673852528283245e-01 6.069982790792491922e-01
7.634526449086869171e-01 6.367162230490801544e-01
7.734442706065794981e-01 6.064630243563295942e-01
7.811755152734318752e-01 6.662647030010423466e-01
7.762701791238918458e-01 6.664431150891835243e-01
7.189189141974893227e-01 6.454252766251886708e-01
7.490996950235175866e-01 6.482376380886455403e-01
7.352403493181757232e-01 6.014452669153851350e-01
7.711937602763565547e-01 6.197624541118262886e-01
7.336319555877877097e-01 6.917756209285520486e-01
7.500815213306815110e-01 6.919081447538387719e-01
7.608127750985140825e-01 6.794002791893907212e-01
7.960978210923272957e-01 6.149131127298721466e-01
7.971542769588532140e-01 6.233325258067291541e-01
7.554454317448223710e-01 6.011498755184687681e-01
7.536887398392011495e-01 6.263079337003466529e-01
7.636288380085285432e-01 6.503609315213555453e-01
7.692968638885003818e-01 6.671902385145782599e-01
7.380967419805627427e-01 6.321394355116756181e-01
7.187856360876736517e-01 6.658715019334902063e-01
7.029614910248923598e-01 6.503400177143771055e-01
7.696539162319468996e-01 6.133931077519209074e-01
7.667929131489717998e-01 6.027492297931518195e-01
7.718688864999383448e-01 6.044291922801732220e-01
7.568541235448741356e-01 6.271663252841852554e-01
7.448238194415232050e-01 6.310453648596270337e-01
7.689186863412753592e-01 6.044394649595670188e-01
7.875692942450820411e-01 6.680477453018791589e-01
7.474850876483947193e-01 6.363699773576582119e-01
7.076196295936219016e-01 6.426873205812948520e-01
7.417009270727764614e-01 6.983906379713297197e-01
7.267762258612397996e-01 6.270336068650864680e-01
7.755212008792239375e-01 6.850598480122676026e-01
7.459767544733348910e-01 6.446869198660150069e-01
7.920132203770512413e-01 6.362006310483494520e-01
7.813882619906629134e-01 6.694965740798283216e-01
7.198897349528081691e-01 6.675474424612172220e-01
7.878933610498445317e-01 6.439989522148115153e-01
7.144788174990533980e-01 6.578592021862649242e-01
7.436533632399860982e-01 6.141126997331500803e-01
7.998698197089725292e-01 6.931618348439652078e-01
7.435240239764477899e-01 6.499729046306559344e-01
7.506600886956401597e-01 6.663143559184452336e-01
7.235705044269922226e-01 6.615147020730007821e-01
7.566508484648725164e-01 6.248550201993103848e-01
7.698630779753512510e-01 6.880629765763045524e-01
7.055455123320402144e-01 6.096225723018543485e-01
7.918039783889551098e-01 6.448156286544555194e-01
7.382318644042533684e-01 6.494323439628630901e-01
7.056498851845673936e-01 6.917869307842650084e-01
7.522340867482485427e-01 6.093772387345797181e-01
7.360929088469181369e-01 6.775604113861086741e-01
7.788228144685962473e-01 6.825285956304620871e-01
7.605585293173999784e-01 6.294635928528908853e-01
7.941535242259971650e-01 6.971339350242408139e-01
7.113544962532699634e-01 6.364759811189870664e-01
7.083905754229865570e-01 6.180950440169662441e-01
7.131138994598714698e-01 6.957340185086929862e-01
7.471758020404181133e-01 6.571777872122066544e-01
7.940503468483900429e-01 6.362671109104722778e-01
7.340767152828753250e-01 6.819745166189690178e-01
7.046204684950811981e-01 6.117040739100334523e-01
7.624286198540602966e-01 6.510558097406179412e-01
7.522055777695361156e-01 6.217510806404444867e-01
7.143818025531276650e-01 6.047691356153439557e-01
7.551999268314690816e-01 6.547455332293892205e-01
7.600513903268708571e-01 6.669073795088624745e-01
7.850649213177977037e-01 6.290906389145662914e-01
7.214445188190309333e-01 6.341918212341612904e-01
7.459390908590486369e-01 6.709309332587791719e-01
7.819067836499972168e-01 6.093128561836179680e-01
7.795407002565906129e-01 6.599641005777492353e-01
7.145525143720544703e-01 6.920307571697041915e-01
7.686454441517737157e-01 6.378822017008347611e-01
7.536090254778168296e-01 6.592608667371632203e-01
7.148069744728415831e-01 6.242405176622420893e-01
7.208767461621479189e-01 6.792769266975597908e-01
7.797874936203583740e-01 6.293374006343812610e-01
7.081123587110192963e-01 6.313122650805778058e-01
7.267684607286098997e-01 6.151033457730391563e-01
7.458446420845137315e-01 6.269348750095455891e-01
7.352595518896952731e-01 6.586252840460490310e-01
7.269143295879151312e-01 6.186503055328942402e-01
7.298275993786565996e-01 6.330787365409500378e-01
7.530549519159632776e-01 6.291428629593153188e-01
7.311771674789407927e-01 6.822086712591549640e-01
7.431278497105174852e-01 6.267068678961567052e-01
7.988839040834855298e-01 6.062706010016059022e-01
7.938783542108531766e-01 6.517768917349954227e-01
7.783100649878565980e-01 6.199116032543635635e-01
7.656273896417539193e-01 6.065980249623659226e-01
7.871116356759800814e-01 6.111789136823679858e-01
7.602381885343638679e-01 6.769950966660007730e-01
7.568810432582624426e-01 6.945970317563596730e-01
7.952126090167128680e-01 6.403695264676656507e-01
7.900054649719259192e-01 6.203410835516511845e-01
7.676202176699260527e-01 6.554127995024590092e-01
7.402006457261126604e-01 6.491864393059199045e-01
7.306777397906007998e-01 6.455889337494236102e-01
7.291102539410646566e-01 6.052581613120306958e-01
7.039886856870862797e-01 6.055309076263735157e-01
7.246810233789587885e-01 6.932345606603351751e-01
7.615101721493473530e-01 6.659351015306331778e-01
7.746094673595027569e-01 6.670601024480076191e-01
7.584179204525522966e-01 6.368555217687936754e-01
7.341503424345865447e-01 6.938143981065658661e-01
