7.221199455402946832e-01 7.912052378757584714e-01
7.113386465706921236e-01 7.965470815923441084e-01
7.019417281622102323e-01 7.998170070754710981e-01
7.093968770264056367e-01 7.797767354936187001e-01
7.077918030473452360e-01 7.776106953690641310e-01
7.034838664667417696e-01 7.742268815859025821e-01
7.042384818540786684e-01 7.568815029701156938e-01
7.333965504914228273e-01 7.836265032903498851e-01
7.026873776384894299e-01 7.972482856283346075e-01
7.079645996702018662e-01 7.822414566291189253e-01
7.099152388520117984e-01 7.743525624192082457e-01
7.054410604060898926e-01 7.568136891346428641e-01
7.237882250506758597e-01 7.802920307281651091e-01
7.094260793546249833e-01 7.978051630619801271e-01
7.019930316616793675e-01 7.893817162807668097e-01
7.306188118430819722e-01 7.788125222408821546e-01
7.128240783932346947e-01 7.864588029974184380e-01
7.299090812040267551e-01 7.605198742648072718e-01
7.141618002529547260e-01 7.806619350841103033e-01
7.119561859142498061e-01 7.764011188976239763e-01
7.086228921549957427e-01 7.576669580698187634e-01
7.210097716716242777e-01 7.849734230754825681e-01
7.124669100470266692e-01 7.839084717864441831e-01
7.059841029067704943e-01 7.961732488653786577e-01
7.059984939789349934e-01 7.816290765237754457e-01
7.118368600209679098e-01 7.766761354613386237e-01
7.022407130018299970e-01 7.180318513164762884e-01
7.395850928204513730e-01 7.674829090899728534e-01
7.379557451843489213e-01 7.920362164585843523e-01
7.161861565105626104e-01 7.963933975759763806e-01
7.113066249667375773e-01 7.340283060048043984e-01
7.052505783839021491e-01 7.983496177783402370e-01
7.009496935474925916e-01 7.980926290466938688e-01
7.000054195315075223e-01 7.932841254820774957e-01
7.033262134184670167e-01 7.706826498981997897e-01
7.145844638364460266e-01 7.981403478381605687e-01
7.271258285769035545e-01 7.995622417184664599e-01
7.268238605432455479e-01 7.982817748936306135e-01
7.059921216832216739e-01 7.566860041753660227e-01
7.146164364103260169e-01 7.797895651950315088e-01
7.220628063492333659e-01 7.958433784601164351e-01
7.035576628577981939e-01 7.898256576427973297e-01
7.546683878280663338e-01 7.839095602383873151e-01
7.023942977980769387e-01 7.625303676785237794e-01
7.159295879513842831e-01 7.837629298310986314e-01
7.103901476144894866e-01 7.760681235906442543e-01
7.337219630412450400e-01 7.983546221631617756e-01
7.409047040765098791e-01 7.685651021271412420e-01
7.402237464856908922e-01 7.961528032947524647e-01
7.159173266490319598e-01 7.983878665547307074e-01
7.284271082114034401e-01 7.946530954044593864e-01
7.104610525795833631e-01 7.541860054919803380e-01
7.199827625898801431e-01 7.508053253194251209e-01
7.251455795640975310e-01 7.978936291476550480e-01
7.276156302445289104e-01 7.501201277509178533e-01
7.081917647586442044e-01 7.938230844156491939e-01
7.004547768793957241e-01 7.928402407968333510e-01
7.071121956469796910e-01 7.791638041124679948e-01
7.048865339055409018e-01 7.499655677683075838e-01
7.910446803574251451e-01 7.235444241042234825e-01
7.565581510014180999e-01 7.361251057612008264e-01
7.815879631330029387e-01 7.377655032008103575e-01
7.324445381933682997e-01 7.850284316101876492e-01
7.793228977727494344e-01 7.756940713855833280e-01
7.291613705444458526e-01 7.589948861331237140e-01
7.535869235374679231e-01 7.560711216820454883e-01
7.611316332577640065e-01 7.781494909703898788e-01
7.529913778837823424e-01 7.749306048218270737e-01
7.287088097066151127e-01 7.444858833842382673e-01
7.426313000247239948e-01 7.911524015135263932e-01
7.635518033215484834e-01 7.314912866746134945e-01
7.718840346062340041e-01 7.117561175391804440e-01
7.215325440539556157e-01 7.378421688852787597e-01
7.312707495129252555e-01 7.719788280403486747e-01
7.902363430557269863e-01 7.005468295786929644e-01
7.792108783012918760e-01 7.476515638448846257e-01
7.105396987459029479e-01 7.454440017576630106e-01
7.653255411596061597e-01 7.684444115558215493e-01
7.813104042908838309e-01 7.976624723836883701e-01
7.512122597814404612e-01 7.847395116494207956e-01
7.100031859634428066e-01 7.468627737690756163e-01
7.828609643047672595e-01 7.215902991936103961e-01
7.624055344993059258e-01 7.211078756445892246e-01
7.237490055677330281e-01 7.293282905244593550e-01
7.237567114098980570e-01 7.921478560917265543e-01
7.496636825739287913e-01 7.443898261512071901e-01
7.361977592041789586e-01 7.461266061004743211e-01
7.949085823551778063e-01 7.372335905628518704e-01
7.911646766300579614e-01 7.417160647377680771e-01
7.079615372169807408e-01 7.184747534819315717e-01
7.880357194849828550e-01 7.924846181886164853e-01
7.805925651379370667e-01 7.503846960139721745e-01
7.118424718953515473e-01 7.426312346879604398e-01
7.100060871531724827e-01 7.715166503625539018e-01
7.639423076555202918e-01 7.432159921263956637e-01
7.812903590021249567e-01 7.051525248052632477e-01
7.229581839782580621e-01 7.355390239504189243e-01
7.710927842212987882e-01 7.782960471840911776e-01
7.270131232288213896e-01 7.249617518878500588e-01
7.380289198240217452e-01 7.834911622677420695e-01
7.490650913957703771e-01 7.447909280199638271e-01
7.985656532254807871e-01 7.884978868324928891e-01
7.912464366623741530e-01 7.589220367777128606e-01
7.864473089080996626e-01 7.956463875697618038e-01
7.273001871127345863e-01 7.472845474813827327e-01
7.461916168486695256e-01 7.007350952483100137e-01
7.178764066066435356e-01 7.440803066566890056e-01
7.798636085936843099e-01 7.933302507329814679e-01
7.694490740678041618e-01 7.294235750270614549e-01
7.513959300541835917e-01 7.090459791009973145e-01
7.216028097261032448e-01 7.454314542493187812e-01
7.250991306794527524e-01 7.824918426216288525e-01
7.759971924923714237e-01 7.411040944437794487e-01
7.842279346894817094e-01 7.129976495649635870e-01
7.839982961811026163e-01 7.436886763378642851e-01
7.929279053149074219e-01 7.311301941574448460e-01
7.185100862355939810e-01 7.194546278835666220e-01
7.693832412435712698e-01 7.216036416083915217e-01
7.711120174612958733e-01 7.528419279681682896e-01
7.504741510683671235e-01 7.004776167208777160e-01
7.443862127883219548e-01 7.509742986295997458e-01
7.545493382661481174e-01 7.523640775071238629e-01
7.243116418612964846e-01 7.480068295985647930e-01
7.097342986712910085e-01 7.182931310372833167e-01
7.956459436869129931e-01 7.345080103939913840e-01
7.088980152294995785e-01 7.579973782356925760e-01
7.317786052137182917e-01 7.702214532297418925e-01
7.990593480226761969e-01 7.228238815630313452e-01
7.822713054610133110e-01 7.411480099518992226e-01
7.537711172692114214e-01 7.481925388082959483e-01
7.589281032270945859e-01 7.379163694362791404e-01
7.741198777350261073e-01 7.076058208907061164e-01
7.430170780657391338e-01 7.132318536579380641e-01
7.382021024030546164e-01 7.210342952652255555e-01
7.099268379122855022e-01 7.335966243895477579e-01
7.992815810203423021e-01 7.632668057174356591e-01
7.750490445699351749e-01 7.865433798853090908e-01
7.214484579042678147e-01 7.208067473571364570e-01
7.152300092229796347e-01 7.040650426583258126e-01
7.649721231639534658e-01 7.487584286317618965e-01
7.738835238784257387e-01 7.769548578010221362e-01
7.265742665740082540e-01 7.173038243334277642e-01
7.693499331653821383e-01 7.695000072483886289e-01
7.491692111016055033e-01 7.045775389080446427e-01
7.453933884661573250e-01 7.704814191843238902e-01
7.542330087596739174e-01 7.211668869705856189e-01
7.901729333257639931e-01 7.507161863908056176e-01
7.009602313729464962e-01 7.021625557742094959e-01
7.552676334717874918e-01 7.227967170870175373e-01
7.798574418567865152e-01 7.259057797829162606e-01
7.938830137797004971e-01 7.808898267453259212e-01
7.907379206727163101e-01 7.123223448827893378e-01
7.528669304052191258e-01 7.190004986720024416e-01
7.946044877454645494e-01 7.192308626941048555e-01
7.151565551295371304e-01 7.342812286601776428e-01
7.550300888999050830e-01 7.265734746826046919e-01
7.293247162469151945e-01 7.917008533866034536e-01
7.958235179161492479e-01 7.364335625305522548e-01
7.026670639996004386e-01 7.080669997604389643e-01
7.437058394384173932e-01 7.795747925075864337e-01
7.284980668908221935e-01 7.005638683476644868e-01
7.801234515958657134e-01 7.988144896377936677e-01
7.246154434660763144e-01 7.924333550609399257e-01
7.619609201260801878e-01 7.207213200860973501e-01
7.602912449286284291e-01 7.383931060978998762e-01
7.417891822265069157e-01 7.265357875869176141e-01
7.545569066264490310e-01 7.453749960675949415e-01
7.113512257647932602e-01 7.895592478759667632e-01
7.395114774419909720e-01 7.861850759040289738e-01
7.688602348689598243e-01 7.825831322265308643e-01
7.888073615331347987e-01 7.060963004500711016e-01
7.096506765706326325e-01 7.066737085667512686e-01
7.074043133948562101e-01 7.894353771412844223e-01
7.950524668370699821e-01 7.656117605827623684e-01
7.435790509008888272e-01 7.286711622535713140e-01
7.318720454165356104e-01 7.898511992536491055e-01
7.761818964154097999e-01 7.289567473372440265e-01
7.044165587055916111e-01 7.712657181186821642e-01
7.711714026380402931e-01 7.965041584093013327e-01
7.847628554542482870e-01 7.993627852108246001e-01
7.962028240284391156e-01 7.494659741173318457e-01
7.503101699323736495e-01 7.202104261005901620e-01
7.898153666947724805e-01 7.602945320275618091e-01
7.466721855981508504e-01 7.601001746819344707e-01
7.426058833719746399e-01 7.095148989499501235e-01
7.070794541100139385e-01 7.076442359843023722e-01
7.876690216537274303e-01 7.172651106542130561e-01
7.602935006212065971e-01 7.155620627728720429e-01
7.246575219787336763e-01 7.093191293828743360e-01
7.027228588901103246e-01 7.388817227342820981e-01
7.266057940554471184e-01 7.809523386496965980e-01
7.245625322187885242e-01 7.069562159421287628e-01
7.917345983819317201e-01 7.936889517957570472e-01
7.650798909040311679e-01 7.343276742404980517e-01
7.478133118771940202e-01 7.089602896287201528e-01
7.112015202301879002e-01 7.592805128768818079e-01
7.048809326550893317e-01 7.681801135356369770e-01
7.947671827648581377e-01 7.269376142921240014e-01
7.389843015433525952e-01 7.083070347458713112e-01
7.295143475945475853e-01 7.410923565115742351e-01
7.007717355059127629e-01 7.347437142207163818e-01
7.720122460347333959e-01 7.776287819059664042e-01
7.056449840885246072e-01 7.316975062241863892e-01
7.103026979548234809e-01 7.433151676180191902e-01
7.083335728991176916e-01 7.205233176279745022e-01
7.088416696047226129e-01 7.087452579605086900e-01
7.780264387788444758e-01 7.639771778257422596e-01
7.437642134909382419e-01 7.877096884715739655e-01
7.845484999683877136e-01 7.941068582949143417e-01
7.910099620098856033e-01 7.585409170499344267e-01
7.368828005310646967e-01 7.395125723899018677e-01
7.288610554426068200e-01 7.898195725142738155e-01
7.304481660214168226e-01 7.376533280522142855e-01
7.108423164233818037e-01 7.837336692666068139e-01
7.383679124250768222e-01 7.164217706222700821e-01
7.389039969180911660e-01 7.108016464185706873e-01
7.914700691107376951e-01 7.714571242368032378e-01
7.735702494554551611e-01 7.762943281548430052e-01
7.361697040184902452e-01 7.461807253399197482e-01
7.116729204463991820e-01 7.230786907975537137e-01
7.094310619913939409e-01 7.645167529508520854e-01
7.634789398088374091e-01 7.949326118180306544e-01
7.435269548083576208e-01 7.672444857674927121e-01
7.309775540576503028e-01 7.176074352203882789e-01
7.343021066294971311e-01 7.324183388201853662e-01
7.976387367295774133e-01 7.301165955805497543e-01
7.004488904416023010e-01 7.090584429600629290e-01
7.127109951510395280e-01 7.432242645330233710e-01
7.437311268579114287e-01 7.656227987307743232e-01
7.868928031346132945e-01 7.998728174722129491e-01
7.980433662447734555e-01 7.634362015629122533e-01
7.771216581321398476e-01 7.436166451881776052e-01
7.710626589357271188e-01 7.164107409155938688e-01
7.302361852384684493e-01 7.534535407743152557e-01
7.298793280908237868e-01 7.530630087717564702e-01
7.516696912003427711e-01 7.330225914265133813e-01
7.359404692180997465e-01 7.828161553131878225e-01
7.703686669266140985e-01 7.600023934026620687e-01
7.960394325164905638e-01 7.506417566334717684e-01
7.192684833733171690e-01 7.345644119516738790e-01
7.916336407138357956e-01 7.989543112989967444e-01
7.310426922286448193e-01 7.593574062627537202e-01
7.721607598948947437e-01 7.315651248410499630e-01
7.234111640075402416e-01 7.393683681028422328e-01
7.597429584829642479e-01 7.754593640788551845e-01
7.917490613059480209e-01 7.560285123721643963e-01
7.808119006965340558e-01 7.219843994001657883e-01
7.216671770752569604e-01 7.897398953188783377e-01
7.204917872104277254e-01 7.079161456046033640e-01
7.366772035893451864e-01 7.452885673183929915e-01
7.328464970796612077e-01 7.132286148517769098e-01
7.176576111767947186e-01 7.315632604807318362e-01
7.635581325268491204e-01 7.799643653516090680e-01
7.997824372939172921e-01 7.301217221646059130e-01
7.976999681251937258e-01 7.785350472064965777e-01
7.925076066025151800e-01 7.120587282580190802e-01
7.002720383420923955e-01 7.401236975519445149e-01
7.871682644831220488e-01 7.775925237485019625e-01
7.030473592771380176e-01 7.228026504793916285e-01
7.001696260049934395e-01 7.526349284852313914e-01
7.605647824232836252e-01 7.128741491027436039e-01
7.300139480962019034e-01 7.149969667560727160e-01
7.827419881080397435e-01 7.151683352552427042e-01
7.585211369388792368e-01 7.129467726763952795e-01
7.784599417591133719e-01 7.013140846333070222e-01
7.271222456184557315e-01 7.973574178069156027e-01
7.083805395673744565e-01 7.788226763076226966e-01
7.893753373749046176e-01 7.077808945155197318e-01
7.561869466812265461e-01 7.992443324370974711e-01
7.105017117305760799e-01 7.608085515391020959e-01
7.879869354474482446e-01 7.121148525117759753e-01
7.350126950724826802e-01 7.448176480866824933e-01
7.056051273782958377e-01 7.906059794816900910e-01
7.191568858648822449e-01 7.416484199581176995e-01
7.050312361694983654e-01 7.032883131785286901e-01
7.634555164067297062e-01 7.351975467702660527e-01
7.405964229740281679e-01 7.390405930309726923e-01
7.708201966034000652e-01 7.636199528008731363e-01
7.420531225031306022e-01 7.201605517258693467e-01
7.208685005129358281e-01 7.887659542735047102e-01
7.091137190776135579e-01 7.809788602319585049e-01
7.659245957712972341e-01 7.218929030884809750e-01
7.943751518642478970e-01 7.036893682095115565e-01
7.455910174211360930e-01 7.719564419414413070e-01
7.286601255996484339e-01 7.523753030194757496e-01
7.281675517411333454e-01 7.216796976103586614e-01
7.354366386637956055e-01 7.633258588526641297e-01
7.233677279698585982e-01 7.218529265832218655e-01
7.782242185269108159e-01 7.003841051050498923e-01
7.829334746822472768e-01 7.620126843228582914e-01
7.218070614158589304e-01 7.945537008775603871e-01
7.585820906436743227e-01 7.994712883178903828e-01
7.616581022222447261e-01 7.505975574158632035e-01
7.301647250319660554e-01 7.560552851096877802e-01
7.808792332926902668e-01 7.387595018918367007e-01
7.711482703513069525e-01 7.342613439589502633e-01
7.581067881435656908e-01 7.197129019230450453e-01
7.876009516901834040e-01 7.148982856173404787e-01
7.412662306120239020e-01 7.765367991189457975e-01
7.974380943112256981e-01 7.778854412214142311e-01
7.269692037915201910e-01 7.081851575480624383e-01
7.366834604932185337e-01 7.673943537410743421e-01
7.736933484123026394e-01 7.586563471411138515e-01
7.160466820994502157e-01 7.165144348594232326e-01
7.129109109315645565e-01 7.322826824173909177e-01
7.602013614929489238e-01 7.114583653108270678e-01
7.139965590535410911e-01 7.335622800074339533e-01
7.204534956588320993e-01 7.395734011582772993e-01
7.100792821625270257e-01 7.561982215316851441e-01
7.589375009265826311e-01 7.283650950033899729e-01
7.460358858551113803e-01 7.658146573389422729e-01
7.956914467094412524e-01 7.768718749325920214e-01
7.539308603442429479e-01 7.074100888113601382e-01
7.187000275021975249e-01 7.870398414740318316e-01
7.065757551551963278e-01 7.788202255198464208e-01
7.433427408650501444e-01 7.099317697049112308e-01
7.116614535498461125e-01 7.175889725784025952e-01
7.248394472446323400e-01 7.286520269802979621e-01
7.247308888018002548e-01 7.725311668042438296e-01
7.325201801379582767e-01 7.363400180000331252e-01
7.100397881075786177e-01 7.498177681503641612e-01
7.512282323686584329e-01 7.088516103057328488e-01
7.704306401734486442e-01 7.001234894959132982e-01
7.864451733157320490e-01 7.071800231887218624e-01
7.280423828220172755e-01 7.039258031634112456e-01
7.243922596064344965e-01 7.445245560949790287e-01
7.265138629699540163e-01 7.314342667998783298e-01
7.580576359227386707e-01 7.124447525870963860e-01
7.935600273025908979e-01 7.092488860013923535e-01
7.901432070333898050e-01 7.113889975063893978e-01
7.360260194997640948e-01 7.347944695205932408e-01
7.651134878130528838e-01 7.070794135947475745e-01
7.456048585207050161e-01 7.853125845343897904e-01
7.376974226522424738e-01 7.164810295662384920e-01
7.279493122751801160e-01 7.079326495943520925e-01
7.145429919804116015e-01 7.326887167063184103e-01
7.975174541469944867e-01 7.165665978046733553e-01
7.247590755081319003e-01 7.911202860691964878e-01
7.540749611092371074e-01 7.931966112703394689e-01
7.688519006175625892e-01 7.356931961287840327e-01
7.972356279653968203e-01 7.770671419040584560e-01
7.715413882149142477e-01 7.931786028887894968e-01
7.819733210796137035e-01 7.682087373139440123e-01
7.982364976703435477e-01 7.429313067014244876e-01
7.031776001920206909e-01 7.080293549753138294e-01
7.892114553176245995e-01 7.385764614364263014e-01
7.825012792881339552e-01 7.137915729599397796e-01
7.220424744194144928e-01 7.076481536324388255e-01
7.418747035990775895e-01 7.684669935092572901e-01
7.875642236491412485e-01 7.689482451710920596e-01
7.005563584673629718e-01 7.935212218608733714e-01
7.554350533340519203e-01 7.623995417972080357e-01
7.309967427202808121e-01 7.671393151855965264e-01
7.641413864831744229e-01 7.034405502552563139e-01
7.978986887926287075e-01 7.778186564047877560e-01
7.996758352676852644e-01 7.910046578847060861e-01
7.174643963322724360e-01 7.824727613697922690e-01
7.515904776124323616e-01 7.223504303204302257e-01
7.682473266149760782e-01 7.319329536999910069e-01
7.728240622637784218e-01 7.325215411511278862e-01
7.957078238852326457e-01 7.146099398407650405e-01
7.937622027555782944e-01 7.968562760920888666e-01
7.200103585483544899e-01 7.493648172807904073e-01
7.114685109034064592e-01 7.381799289554560328e-01
7.967153835685232277e-01 7.857775138672649096e-01
7.407068846174510446e-01 7.008816239225548195e-01
7.866852951521144943e-01 7.652884762712323097e-01
7.131142659728961775e-01 7.110132970311602296e-01
7.379517049510593285e-01 7.195630921897024912e-01
7.253257096362675238e-01 7.862702079259604737e-01
7.774755429256059447e-01 7.081723007564300065e-01
7.819810433058550503e-01 7.361788745103254872e-01
7.411096095393890915e-01 7.049952277231164022e-01
7.853794930946073061e-01 7.790178688380073879e-01
7.959326866996428995e-01 7.207572697320745458e-01
7.449796140915910803e-01 7.215325332623928611e-01
7.684281513552456699e-01 7.994059041735671611e-01
7.148240546018055364e-01 7.649775677258143780e-01
7.180141368128682977e-01 7.409095421370884837e-01
7.637402185229221763e-01 7.479890210823640917e-01
7.052789159941096342e-01 7.502060795097946766e-01
7.273900803955239969e-01 7.881818928463739660e-01
7.252183766052098246e-01 7.528453180241656550e-01
7.088016425255769803e-01 7.871492220782754234e-01
7.639734742219722596e-01 7.474594939386232095e-01
7.308784323242613068e-01 7.120716030080662673e-01
7.380207698667362592e-01 7.344826003044386820e-01
7.739366153739607457e-01 7.039842561308400359e-01
7.317089967935321848e-01 7.075309143931649558e-01
7.321405802394699291e-01 7.491948143135638283e-01
7.213343004365678768e-01 7.314403448804741581e-01
7.395255536433013033e-01 7.675368739564474296e-01
7.149372251500422104e-01 7.863990410725612001e-01
7.560414921479803319e-01 7.235750125680007194e-01
7.009355490677177114e-01 7.037893739377281133e-01
7.519831970439748714e-01 7.211210872856071985e-01
7.632732997984290613e-01 7.550826000835928475e-01
7.370843029891913645e-01 7.879393603494715403e-01
7.171589917059165709e-01 7.580385116715017135e-01
7.042286662618502113e-01 7.161128514676744494e-01
7.149079888647688064e-01 7.193423494371091742e-01
7.613837610724777383e-01 7.627134056475618484e-01
7.617246442561137476e-01 7.297727616923359584e-01
7.435126236503654118e-01 7.382097644747446230e-01
7.584862736396755789e-01 7.008796483360841822e-01
7.708464707765892987e-01 7.198763504838419092e-01
7.893778391470341882e-01 7.462527370461740084e-01
7.553397938833907865e-01 7.490070660346430653e-01
7.372610293826140637e-01 7.702745649832050123e-01
7.850874301622741136e-01 7.213055744908148936e-01
7.703883054697058252e-01 7.295324947087666878e-01
7.549440121861459296e-01 7.937947362057998779e-01
7.265978003212484326e-01 7.172358251201369495e-01
7.653585895529936289e-01 7.595703459168269278e-01
7.001313615924801281e-01 7.585030100580069101e-01
7.997525289884698241e-01 7.129001725396738598e-01
7.684286905394045464e-01 7.372379494759967455e-01
7.359048996680527255e-01 7.620624529854562734e-01
7.886409528729514395e-01 7.146653442319084171e-01
7.577727534185543234e-01 7.453725995528263093e-01
7.684534397834651420e-01 7.095308130248234590e-01
7.721617239783142850e-01 7.389400639686558581e-01
7.703095937561919015e-01 7.307062537185760043e-01
7.642449684373867624e-01 7.272018027926590023e-01
7.015993946279655002e-01 7.510014735280965414e-01
7.451620185992539058e-01 7.040468579293610585e-01
7.699328803114318109e-01 7.168545602922405946e-01
7.066057900023473559e-01 7.090484278099062898e-01
7.676743450078284958e-01 7.671393277716964665e-01
7.001001528237204008e-01 7.420556874545325421e-01
7.262751584672316740e-01 7.958210739713923454e-01
7.738980877968297811e-01 7.080465736391801101e-01
7.690239019065380210e-01 7.630161563273488712e-01
7.207703301101812121e-01 7.414036711125252532e-01
7.191922190195346731e-01 7.959094226746713518e-01
7.092745094110762816e-01 7.769250427316312102e-01
7.779019070554371584e-01 7.005568351726385590e-01
7.131604955387617073e-01 7.426808741927587443e-01
7.703964586155848115e-01 7.511384497377437963e-01
7.397771962501067389e-01 7.062342470664911831e-01
7.187894437562063477e-01 7.585207610926255617e-01
7.717992696344517789e-01 7.533534942450471616e-01
7.071846434596025244e-01 7.552878421310662560e-01
7.625486475631241268e-01 7.260639029514539544e-01
7.846668406895218606e-01 7.992323961575454883e-01
7.115118641633849661e-01 7.310229710626978683e-01
7.984135411254482673e-01 7.245248344034005417e-01
7.090548672171205213e-01 7.698158825518863768e-01
7.910009452407908981e-01 7.599023502876913749e-01
7.627553564722789892e-01 7.374672980285452706e-01
7.582506452001860353e-01 7.116060830088057898e-01
7.928907451417764873e-01 7.274414642442731394e-01
7.304437424685968905e-01 7.208649485542815150e-01
7.506915919598426967e-01 7.809795978649125558e-01
7.849606620511540012e-01 7.765247623786980524e-01
7.517054312199928923e-01 7.511253796284979023e-01
7.012597261224949863e-01 7.188361677957507689e-01
7.261581073551699461e-01 7.476967393201386924e-01
7.300767139499473313e-01 7.106715296156973505e-01
7.195725113585380583e-01 7.622325626762951334e-01
7.704835507675181772e-01 7.238340715017642646e-01
7.198669525733032426e-01 7.654096256893270223e-01
7.738117738852757777e-01 7.287111389315164001e-01
7.664972808656420611e-01 7.405224819063773722e-01
7.829509878630921405e-01 7.177060412430931180e-01
7.378498742288972512e-01 7.180128281521964695e-01
7.071122023762229647e-01 7.162079305722032219e-01
7.069227933483930304e-01 7.305073173420181254e-01
7.138440082780537210e-01 7.685420555412758592e-01
7.109073588519024822e-01 7.196997131875191300e-01
7.459573618901577108e-01 7.012494787305343369e-01
7.674225483872026965e-01 7.340233786457375231e-01
7.967053490267447247e-01 7.149926552621864717e-01
7.859743438760353751e-01 7.713131629194928118e-01
7.086959132222713231e-01 7.565995585477152119e-01
7.803423518492659250e-01 7.133878542429248348e-01
7.871337522377942486e-01 7.104480814579328118e-01
7.373852966096043904e-01 7.803504950239337212e-01
7.079459859887105022e-01 7.568779820399847980e-01
7.139272987774245571e-01 7.716345139946469978e-01
7.949002336348506281e-01 7.295756581626708925e-01
7.455271984590425838e-01 7.848840684016507030e-01
