7.198564760926406958e-01 8.890709468667969961e-01
7.180044788895032504e-01 8.170819064342557114e-01
7.115405509299226328e-01 8.684498160540971012e-01
7.226319199613114863e-01 8.614717121969029945e-01
7.206997020208500970e-01 8.597852728290249491e-01
7.197382002595901218e-01 8.788145971203875639e-01
7.252091902836438342e-01 8.683496348478140225e-01
7.441900062800259619e-01 8.982612871933257637e-01
7.286982689822267822e-01 8.989562164438786862e-01
7.368850732066924980e-01 8.932419049789696031e-01
7.049648511862182110e-01 8.835629706790536497e-01
7.180916135480741591e-01 8.729219766087319421e-01
7.166217223778451606e-01 8.914368083606759585e-01
7.393790831334063895e-01 8.970848452538556783e-01
7.022787909541970963e-01 8.875153742849950511e-01
7.148337159116423534e-01 8.240255820523293417e-01
7.323515145516907854e-01 8.994374136555174370e-01
7.041800753852909267e-01 8.477439150445463811e-01
7.148919631145815856e-01 8.113467291926836911e-01
7.281029146236657201e-01 8.841350609482098166e-01
7.212494818316788070e-01 8.956357307816397162e-01
7.218636208952853295e-01 8.963008100144124191e-01
7.109400415576053733e-01 8.787323291271846859e-01
7.203684356647884757e-01 8.934219499129076869e-01
7.383392396426927684e-01 8.949702857058232652e-01
7.010125738412368301e-01 8.807067522713061258e-01
7.070102278359690073e-01 8.855802975846595038e-01
7.715070272316089106e-01 8.803478370590029911e-01
7.083671120969495805e-01 8.955900890308113871e-01
7.078969149313005804e-01 8.289762580661578228e-01
7.472464147385085020e-01 8.990977404311577548e-01
7.474272981023946105e-01 8.623846856377180847e-01
7.036041820886267395e-01 8.619650123674433839e-01
7.460749299191998807e-01 8.952858997524931750e-01
7.358109554461473856e-01 8.917391768292581844e-01
7.193539867358540452e-01 8.221374945930504108e-01
7.562772305346919799e-01 8.936959523420657803e-01
7.028483418410957917e-01 8.964392332530751739e-01
7.052441019276853851e-01 8.675290760742104812e-01
7.027357129938485159e-01 8.806072238763203996e-01
7.090095110626767339e-01 8.392471768223072059e-01
7.085990335703252763e-01 8.655699924948052626e-01
7.952317153825274598e-01 8.450694159806699801e-01
7.288781596350586423e-01 8.637654414717469420e-01
7.483374214710087902e-01 8.248207421590159072e-01
7.061636251173276646e-01 8.486747903404769922e-01
7.184996980044930925e-01 8.929427725908860580e-01
7.077521433798932282e-01 8.166774702328993829e-01
7.523795668081453281e-01 8.752362868518319683e-01
7.410945061311819959e-01 8.901828623618175396e-01
7.051069299803017776e-01 8.960301440845914733e-01
7.272531650975679884e-01 8.376615124827880843e-01
7.565038345245411744e-01 8.811966365952256242e-01
7.371780148759561335e-01 8.584704994355660812e-01
7.418462349698227154e-01 8.636407065435426356e-01
7.436613968079587300e-01 8.984623787839703946e-01
7.270436926248147191e-01 8.985955548154281880e-01
7.316364758105516897e-01 8.962121832472699223e-01
7.477936732603455150e-01 8.508452899923221180e-01
7.565317605879606777e-01 8.656624474499855504e-01
7.251789605633236491e-01 8.731072166741777885e-01
7.123534676844508473e-01 8.837299560443526714e-01
7.628782385968017055e-01 8.867955244029674944e-01
7.287694692400047414e-01 8.326525871944167045e-01
7.183022432094815501e-01 8.551336756968269670e-01
7.071777330360242697e-01 8.398087534632793227e-01
7.703841845856649329e-01 8.743348803253341295e-01
7.071372738433945315e-01 8.800721284142982714e-01
7.134216151991764621e-01 8.764929374175387533e-01
7.277238282657362278e-01 8.867899935913079457e-01
7.220136264492947875e-01 8.794088212888127032e-01
7.072872732986172917e-01 8.925227011955746415e-01
7.678827606686873253e-01 8.841801511942793956e-01
7.348485234521356935e-01 8.742571068593405492e-01
7.067597475202471724e-01 8.671503014576648072e-01
7.311379347284328034e-01 8.403574992878495298e-01
7.492482175834946911e-01 8.801561047167831831e-01
7.153186044057666670e-01 8.062171885445724717e-01
7.028563689111904100e-01 8.203975907203346907e-01
7.135734458525391233e-01 8.766829698240781177e-01
7.301240167382069268e-01 8.344240452928098906e-01
7.672199808625169704e-01 8.934903230036712607e-01
7.416358693280445946e-01 8.522303615463632243e-01
7.960100942604100283e-01 8.842003224055027255e-01
7.477343467615372719e-01 8.915907299688221599e-01
7.236151421211231005e-01 8.554639211583289216e-01
7.150589224263367294e-01 8.517949639537629736e-01
7.209491142139625719e-01 8.231924296418071663e-01
7.693765395445621991e-01 8.940442761181307540e-01
7.921501878675405450e-01 8.597224241448644388e-01
7.143582020685212974e-01 8.894873160057796824e-01
7.670232738012827678e-01 8.989344532621367234e-01
7.240347080477834707e-01 8.941607095306274289e-01
7.052711274581160428e-01 8.900322904984269146e-01
7.024745543450119367e-01 8.355114518916233468e-01
7.581712707293589704e-01 8.904142778233004041e-01
7.031320478040713473e-01 8.547642918183506744e-01
7.626154227915984407e-01 8.678077428859227727e-01
7.711624154164775646e-01 8.886951492400037012e-01
7.432408766011039392e-01 8.868203746671722287e-01
7.812170444226338439e-01 8.824907105782130445e-01
7.639559737324395083e-01 8.342994296867564108e-01
7.201980029081136436e-01 8.914099867767070196e-01
7.868323826998431247e-01 8.987318109557943524e-01
7.431827358040545839e-01 8.142138493351636086e-01
7.331603338713477136e-01 8.860390260575672361e-01
7.412781217244327481e-01 8.696571870516045522e-01
7.523904002062323793e-01 8.605914336096373018e-01
7.763427272648424360e-01 8.821301571641653183e-01
7.228686605281775535e-01 8.162441461462153214e-01
7.009329304848884723e-01 8.958130701059130452e-01
7.457676473430487896e-01 8.823152498275692590e-01
7.599214437419047341e-01 8.727329824735149399e-01
7.010077195852876253e-01 8.592430098972125840e-01
7.605000417648652977e-01 8.508656294827582345e-01
7.697541676158028423e-01 8.936126838141643658e-01
7.172775122618711974e-01 8.881788542904549555e-01
7.129417746911709264e-01 8.711096969945326673e-01
7.230278007427348719e-01 8.999720839890626989e-01
7.353437213613308598e-01 8.515301916767629153e-01
7.146434960426637506e-01 8.706165591922148117e-01
7.384619018526947798e-01 8.778054699467660038e-01
7.168324745677439047e-01 8.975341923844332159e-01
7.393212823730388461e-01 8.175400391076843576e-01
7.023268683639516397e-01 8.803569485929194638e-01
7.205060388559586526e-01 8.751613103564284124e-01
7.040465114932704660e-01 8.908341898924707625e-01
7.314334485473723557e-01 8.724028567585353500e-01
7.502834776932676419e-01 8.566513834236292313e-01
7.032937622046246950e-01 8.215825039320590051e-01
7.488864803656987146e-01 8.748600314957186708e-01
7.274986014345179441e-01 8.841997098359802854e-01
7.304272728956776595e-01 8.863983261281757065e-01
7.075485921272337553e-01 8.282723912878484640e-01
7.276647844710621982e-01 8.839052582383427614e-01
7.437949449240262023e-01 8.792429237292475053e-01
7.554869049624958199e-01 8.165482905093633947e-01
7.579610090144465184e-01 8.733463660867927247e-01
7.147717073784556341e-01 8.632407907883021814e-01
7.314716045226896668e-01 8.507960101353627680e-01
7.216044081726132875e-01 8.945563799896599777e-01
7.116297832434274051e-01 8.706082764954817810e-01
7.080958981786209527e-01 8.221459770879252504e-01
7.010973166147003166e-01 8.464898888694221135e-01
7.076940561831327470e-01 8.860291843819411151e-01
7.091220243458529193e-01 8.862264497015086562e-01
7.089414328223717643e-01 8.660577514379740327e-01
7.751050556933986035e-01 8.764657857761598558e-01
7.148767775200307595e-01 8.469496701632905911e-01
7.110027721966432068e-01 8.930057446398262933e-01
7.531424935856918523e-01 8.825453092348898299e-01
7.285243864866883801e-01 8.940424795521495493e-01
7.334234889902849774e-01 8.694751966139978583e-01
7.599736599797402015e-01 8.868238251262443583e-01
7.016404159417253261e-01 8.664461969852161882e-01
7.132996556638147023e-01 8.692625677917887872e-01
7.097839102013204782e-01 8.675529333015659095e-01
7.014774452032407348e-01 8.430220835179856875e-01
7.592867622762415891e-01 8.861322034119336610e-01
7.064383391599996509e-01 8.103231844605987000e-01
7.079445398855923610e-01 8.903058307623568091e-01
7.147315169203092289e-01 8.517632300475850293e-01
7.055449113722656040e-01 8.896348373088694972e-01
7.873066300454094613e-01 8.785280602922586057e-01
7.000876892351826086e-01 8.565460192856868549e-01
7.028795714381976811e-01 8.998495470663530060e-01
7.128037395250802488e-01 8.700285226696905516e-01
7.130551585841323758e-01 8.619407746550014071e-01
7.882352276100903499e-01 8.654320890108134767e-01
7.106428355264851060e-01 8.623045743438056965e-01
7.173514946347047117e-01 8.910132692931355125e-01
7.005625137437628824e-01 8.959371815970217368e-01
7.188445906940233998e-01 8.519085413259352979e-01
7.069700306376466292e-01 8.579922624886757720e-01
7.698867599649222848e-01 8.993155985206736647e-01
7.112560508670937587e-01 8.878963301764515315e-01
7.074145010214003548e-01 8.154888122130624639e-01
7.340388447669513594e-01 8.897856079221390102e-01
7.316092777355693855e-01 8.882356362919796577e-01
7.472940610863280098e-01 8.625286427622744778e-01
7.257772910387766396e-01 8.090708063429284946e-01
7.513063184334408673e-01 8.822021741375456472e-01
7.061144600231216151e-01 8.564626407519868589e-01
7.354286070059140590e-01 8.828799388602245335e-01
7.132303221673174098e-01 8.135837564009591460e-01
7.187387534426638025e-01 8.839153868151259363e-01
7.112455163238251554e-01 8.952400708941143925e-01
7.602889778144354960e-01 8.992273148190463861e-01
7.182226761841190577e-01 8.813749372870287591e-01
7.328692861956631610e-01 8.914146014354987768e-01
7.420090872369313750e-01 8.374759178315289709e-01
7.728654654693144499e-01 8.907784518759638281e-01
7.504610925602792637e-01 8.796200156259317282e-01
7.338026308261952346e-01 8.356401970092277587e-01
7.085084441103132180e-01 8.947599975878545164e-01
7.812143551467654046e-01 8.993276950391514424e-01
7.247970830545302778e-01 8.982856009690923793e-01
7.905168158147095614e-01 8.454146529782160524e-01
7.546505748905723010e-01 8.332544421244761912e-01
7.382994153514829128e-01 8.763689230285960363e-01
7.026391332299247727e-01 8.636810547945611427e-01
7.124927813625545614e-01 8.846511150912117483e-01
7.621591350241989637e-01 8.417607154938990810e-01
7.003827032430707256e-01 8.927539236490292796e-01
7.456918528023783743e-01 8.961877961043491769e-01
7.517505053852693298e-01 8.819528312052332675e-01
7.487451552810813205e-01 8.771065933017526683e-01
7.052231548243842463e-01 8.825356356623764720e-01
7.012014408085344153e-01 8.038896707553798704e-01
7.410652206480135007e-01 8.544637948604266731e-01
7.180216304960738150e-01 8.576251031341880493e-01
7.203740651473479195e-01 8.812718882950060229e-01
7.500252050818115857e-01 8.909177293482438698e-01
7.124427500445739136e-01 8.445425803333677095e-01
7.469698767381059978e-01 8.905090795943783055e-01
7.073380830600844993e-01 8.909594365405670846e-01
7.224516922477877134e-01 8.981265624710930151e-01
7.190495223814039605e-01 8.931016550999588688e-01
7.702331629349860043e-01 8.682337230479235668e-01
7.214130443229184175e-01 8.649730445481963459e-01
7.150885106661838408e-01 8.445352921203344021e-01
7.097404368883547532e-01 8.823613090543651616e-01
7.004749344183536230e-01 8.469890005901972163e-01
7.163681909900712075e-01 8.255914338106231654e-01
7.945719309387551110e-01 8.768962762193058813e-01
7.038822376408218062e-01 8.177058828174502692e-01
7.346949060987550961e-01 8.489120897398054755e-01
7.594070203935683328e-01 8.147655063827400346e-01
7.270335375902984287e-01 8.892321385847877790e-01
7.118196113510212308e-01 8.682673690075980444e-01
7.109936817475825954e-01 8.322207422061680404e-01
7.170621453992214178e-01 8.711341623303586745e-01
7.978588574317562188e-01 8.910695140416156068e-01
7.139788634143076074e-01 8.567673542031132294e-01
7.112887529142859488e-01 8.939692153152219989e-01
7.154300248989838851e-01 8.541504069416716582e-01
7.179063207627854881e-01 8.936961959906795094e-01
7.573943638771479803e-01 8.668825717389812002e-01
7.343409892740215827e-01 8.997500174011615615e-01
7.102884069590258420e-01 8.481703730563248111e-01
7.031244050161652437e-01 8.920954954939589454e-01
7.057927481730247310e-01 8.427824999373010328e-01
7.193662337608970336e-01 8.409609596343176063e-01
7.785891076402156052e-01 8.978911680386763017e-01
7.198991059012866955e-01 8.701167077766644997e-01
7.287662063552355907e-01 8.402220708284181550e-01
7.233180432765669021e-01 8.633339313796422054e-01
7.439559554471698588e-01 8.934364910752327082e-01
7.075795107760916025e-01 8.376250858194330684e-01
7.182575569287963368e-01 8.945594637406293348e-01
7.064235248189525418e-01 8.838678050778950857e-01
7.279968211468789141e-01 8.905390229121679102e-01
7.584437736816727060e-01 8.310748013555211422e-01
7.525597369986586349e-01 8.996095683688105638e-01
7.346402121475821279e-01 8.738435437920142324e-01
7.140174199364547336e-01 8.866787882281883526e-01
7.232026609687465246e-01 8.932691099436382842e-01
7.179452459104583850e-01 8.651506325568705247e-01
7.026023350666255052e-01 8.176359035277523946e-01
7.369742173963484966e-01 8.962913636652495297e-01
7.008011863242542550e-01 8.372517729078733373e-01
7.202180019415120871e-01 8.940876162628648149e-01
7.377873907597833902e-01 8.331237470364056819e-01
7.326891124424118606e-01 8.934037178960062553e-01
7.225140917537572482e-01 8.204484465122328096e-01
7.256246834176618421e-01 8.531303600848793023e-01
7.306401031145017821e-01 8.292453540437452197e-01
7.078361269172389614e-01 8.079636075351781521e-01
7.054032950324935491e-01 8.615054745062389330e-01
7.109095823941852244e-01 8.516930409183354200e-01
7.933889305086794241e-01 8.968733215230315636e-01
7.179964745940823345e-01 8.456126030178232611e-01
7.053214240016982828e-01 8.621442027955150689e-01
7.128062528956968791e-01 8.750946220348112536e-01
7.145176934208783415e-01 8.525084392369577380e-01
7.435997406617003147e-01 8.948905978256147531e-01
7.088456705571616334e-01 8.735305812558247229e-01
7.371092612109542141e-01 8.064616868195041421e-01
7.133133747862221430e-01 8.870507243456020596e-01
7.189938048070239063e-01 8.706910923088577725e-01
7.049102709339722939e-01 8.922846186058679407e-01
7.046100931898974240e-01 8.975976836695392924e-01
7.007725245204347031e-01 8.868623619921912615e-01
7.170433935467411812e-01 8.909887173713485486e-01
7.162814949078504245e-01 8.377290973679156760e-01
7.097776662463186614e-01 8.456435635070435053e-01
7.475494269431240957e-01 8.463732347382404431e-01
7.112022709908802920e-01 8.580494180612541211e-01
7.375513616646302006e-01 8.985148691214535077e-01
7.484592958367117799e-01 8.763047921470010770e-01
7.306813408518068043e-01 8.882621600794213812e-01
7.350628216603760645e-01 8.728759939550670977e-01
7.136493567807615790e-01 8.611873154309455103e-01
7.269390753582246623e-01 8.180661571296704571e-01
7.686981392058491735e-01 8.653660648146470624e-01
7.256929525787358948e-01 8.898276960795070689e-01
7.323378138653838798e-01 8.845775855869824067e-01
7.337209318586072060e-01 8.783436551903531786e-01
7.030487847230546539e-01 8.824760781057100489e-01
7.454800392549726373e-01 8.978705876891754922e-01
7.397069156982717386e-01 8.814336433157592410e-01
7.040452835307414725e-01 8.988906346374446743e-01
7.519323886538553658e-01 8.624795937619635922e-01
7.059223423739813263e-01 8.037621051192641586e-01
7.242688606554525954e-01 8.939102861024039726e-01
7.060671041636563672e-01 8.456744647907196155e-01
7.861829070578140177e-01 8.642025822231653720e-01
7.204963353976747698e-01 8.742872024021735022e-01
7.212596971637915688e-01 8.820445198649969898e-01
7.139987891208042781e-01 8.855401035115813002e-01
7.541253659711903978e-01 8.584844865286477278e-01
7.056697839632848357e-01 8.680882674280017142e-01
7.084572747497870360e-01 8.603207953369316208e-01
7.322553162187601661e-01 8.349340796455639868e-01
7.219146607553029726e-01 8.869063661296991974e-01
7.474447405085518081e-01 8.988945952387754623e-01
7.141399756891992912e-01 8.866648021020555603e-01
7.306082430894238477e-01 8.885667147696473256e-01
7.060031168559680603e-01 8.794289626664067994e-01
7.208908521720793772e-01 8.965496311413116981e-01
7.057374753723492100e-01 8.915363199421635354e-01
7.362891781025622251e-01 8.732091598157113443e-01
7.226938094182555616e-01 8.715303221606525153e-01
7.060107290155193116e-01 8.186795012368206503e-01
7.882114609647887793e-01 8.700346151161537644e-01
7.117245705835620884e-01 8.819757795856015825e-01
7.341006447673916746e-01 8.536821310629748583e-01
7.327856310465532541e-01 8.554914359896512721e-01
7.350046220998904811e-01 8.734528476358931481e-01
7.357682426109276586e-01 8.444008310873728496e-01
7.095290260571989194e-01 8.551643572149457695e-01
7.116777450874106625e-01 8.927076117202189520e-01
7.362359530355495618e-01 8.934170736197343254e-01
7.060398662486121468e-01 8.130037512769757724e-01
7.698848811246109536e-01 8.829008217546095993e-01
7.252019626366306149e-01 8.836177360039318973e-01
7.274323155981998745e-01 8.680545372727370701e-01
7.116920369740379337e-01 8.591373117714031782e-01
7.161736606750738199e-01 8.887353075666950541e-01
7.156556686037952586e-01 8.040354077460406534e-01
7.495485625787466910e-01 8.496362331985036764e-01
7.089075718080920518e-01 8.644142580152466282e-01
7.040741279494531213e-01 8.350101998871019005e-01
7.687216839347545960e-01 8.888294279163119205e-01
7.060595994266601894e-01 8.764012321089014179e-01
7.472821934235185370e-01 8.942499362495047732e-01
7.350132162864420060e-01 8.412837488861217849e-01
7.179592250208395310e-01 8.779209765495761264e-01
7.996170385276957226e-01 8.653157680732576074e-01
7.583451131535121625e-01 8.903685425059824077e-01
7.277175126880019995e-01 8.746952899105974177e-01
7.436419847583275455e-01 8.440257657825263049e-01
7.164224587850228643e-01 8.234441721939861347e-01
7.099744084105055197e-01 8.277325846897340966e-01
7.021190127561421912e-01 8.585403288655156784e-01
7.020273479278795747e-01 8.585955930056462515e-01
7.528622575621471968e-01 8.896250636600577799e-01
7.039300939261290413e-01 8.752558757700600323e-01
7.023159678391091010e-01 8.101528082085116544e-01
7.378121637845936887e-01 8.941491926366911258e-01
7.280711456170662066e-01 8.784071145458565155e-01
7.591764889188710175e-01 8.973167091953744290e-01
7.050609320785564682e-01 8.683954436634413465e-01
7.232469149950840892e-01 8.955809139731492063e-01
7.680002470629249123e-01 8.940463119132312508e-01
7.392885647732730936e-01 8.718397540871000162e-01
7.031639852104450972e-01 8.065553119982744601e-01
7.118075046272619444e-01 8.953591178055558819e-01
7.358954308969334335e-01 8.774213614619575941e-01
7.112575849403611761e-01 8.435019443071676282e-01
7.149078338428700441e-01 8.522268501524552509e-01
7.611054971348112375e-01 8.630625237031526176e-01
7.106416400506319064e-01 8.934869340242393987e-01
7.114728944126015309e-01 8.452366491629234035e-01
7.094298869424050524e-01 8.266157756049510308e-01
7.247980188226190723e-01 8.639145952181513932e-01
7.650956508157086278e-01 8.634880582197671517e-01
7.327517167321379032e-01 8.830518071597044383e-01
7.838489521498606116e-01 8.587405870641170447e-01
7.006105182463280290e-01 8.394992255770834522e-01
7.331876524241417448e-01 8.973488092237306146e-01
7.246791086630230971e-01 8.829698938910450767e-01
7.553600936558865220e-01 8.617237391962341286e-01
7.095059567125018285e-01 8.357754020785505000e-01
7.039667930845177057e-01 8.851268231151184773e-01
7.438380535903050816e-01 8.897470410233491167e-01
7.554969182050471632e-01 8.759267207453829140e-01
7.200970143101724785e-01 8.449174727121352424e-01
7.164554333229107286e-01 8.688197879293505510e-01
7.006410790029136137e-01 8.751514676279643634e-01
7.152499288470289818e-01 8.662645861415593229e-01
7.053645117268041442e-01 8.626693703629515486e-01
7.533504914311619505e-01 8.395640410003561982e-01
7.033909085064626865e-01 8.106760499499725547e-01
7.533301513836325736e-01 8.125235036456470716e-01
7.175901682103147383e-01 8.793432253671649157e-01
7.737139145481018998e-01 8.926361765219629207e-01
7.090489096565295579e-01 8.980454169409582965e-01
7.318542520802950868e-01 8.855599488309479073e-01
7.018765871233481057e-01 8.912476187716835696e-01
7.116193170588211991e-01 8.306292015192727751e-01
7.207385123908072178e-01 8.578222551686147668e-01
7.083554458768995810e-01 8.809710145015120508e-01
7.439739666197977552e-01 8.868359670354537538e-01
7.057101816748555523e-01 8.416767897306168811e-01
7.310748446416182045e-01 8.888764710770589161e-01
7.298117729341150328e-01 8.689076610675364742e-01
7.463917918602422930e-01 8.841281809429656358e-01
7.802167133343385075e-01 8.782451887283526659e-01
7.015454861460789227e-01 8.506945737735003288e-01
7.105650629510662508e-01 8.973805837516692918e-01
7.120567403466262490e-01 8.453015211753105440e-01
7.016632710484496105e-01 8.953095472505231411e-01
7.527403162265918768e-01 8.792367839664074758e-01
7.403433122108200592e-01 8.950829037285933376e-01
7.329467074117171910e-01 8.553606099745103553e-01
7.087378799156542897e-01 8.078489623030085109e-01
7.194570253799883464e-01 8.948841793825013102e-01
7.416668204873730907e-01 8.958904106101848175e-01
7.490627182479638879e-01 8.747172921123470557e-01
7.411009880126022686e-01 8.080788327046211084e-01
7.008742523884015085e-01 8.850911790648825495e-01
7.229288287988115957e-01 8.800810813807783406e-01
7.949037007070569594e-01 8.446794704157425393e-01
7.561474420671249197e-01 8.997982883010210431e-01
7.343346982888784291e-01 8.927793349268655643e-01
7.524317978988931399e-01 8.760784350399254405e-01
7.272092123935952612e-01 8.428463220935106248e-01
7.385953664136264418e-01 8.963310465966978224e-01
7.135200507837039519e-01 8.585501676021671802e-01
7.052413092744433953e-01 8.937764673061996401e-01
7.412708713366844560e-01 8.965089812364041011e-01
7.072640206715192779e-01 8.832201365519321001e-01
7.236686736570085987e-01 8.881019912162748664e-01
7.202065570615487911e-01 8.998379938053269189e-01
7.421180101273319174e-01 8.617995861364943222e-01
7.191955664447301499e-01 8.472783147663861536e-01
7.422521820958527528e-01 8.413923578113204904e-01
7.444281166378997616e-01 8.659279425753926285e-01
7.045394309531025634e-01 8.345086407818289587e-01
7.713958535505434089e-01 8.604300283825734308e-01
7.514535459327236211e-01 8.824293481076883605e-01
7.437171550197920755e-01 8.691266354509231684e-01
7.183198459694991600e-01 8.520170034737812870e-01
7.147125228472352987e-01 8.315807811523344695e-01
7.086324028998280955e-01 8.872412248713821281e-01
7.037301749179778465e-01 8.344271089720527446e-01
7.226922910697437530e-01 8.456107487664585864e-01
7.152891161697823019e-01 8.637660595568108501e-01
7.492493796009813689e-01 8.387773944661358616e-01
7.088476191037828000e-01 8.992237516630672278e-01
7.028214620316834971e-01 8.902603830516739869e-01
7.132890509869325157e-01 8.709972977817820317e-01
7.363368734590826081e-01 8.225815768233206704e-01
7.478939048293717917e-01 8.509885260038728694e-01
7.478386895841708792e-01 8.741481613456469901e-01
7.177176287727563553e-01 8.804004931762408059e-01
7.280779463052363676e-01 8.532080066428757714e-01
7.037036616947121015e-01 8.580820488719810291e-01
7.584322158508325362e-01 8.997518729247961922e-01
7.314185254883632803e-01 8.740528143802869243e-01
7.123073742354080196e-01 8.541129268857010626e-01
7.195893958499538501e-01 8.958680095708996260e-01
7.049253224658724726e-01 8.782398355337295293e-01
7.197100510389540240e-01 8.885724574400581943e-01
7.433213322826228708e-01 8.542050255998683284e-01
7.128710497566188575e-01 8.847636347254296263e-01
7.100630939513746798e-01 8.923835617429902722e-01
7.102182764660002201e-01 8.980296511843103291e-01
7.050601771803562956e-01 8.934286089657680341e-01
7.584939201887248572e-01 8.340248773921773440e-01
7.276013407557631041e-01 8.457177995029782069e-01
7.525247657855732575e-01 8.843758528914377193e-01
7.233557632566240958e-01 8.701142423013257243e-01
7.353815943637196373e-01 8.909732453973706612e-01
7.150820891812014191e-01 8.928785150360261103e-01
7.309760104082103638e-01 8.638148937569454233e-01
7.464805437230374041e-01 8.932509967410546814e-01
7.707112580579271732e-01 8.524161250058717165e-01
7.040248274375786597e-01 8.199130061236119538e-01
7.419831975647355193e-01 8.591510606269489037e-01
7.417753812333642838e-01 8.530261524383568883e-01
7.152849334649932223e-01 8.848675752080823464e-01
7.080950572676985022e-01 8.936281077198343636e-01
7.327070299372984152e-01 8.861515633788956681e-01
7.141364735418316290e-01 8.931074453303696759e-01
7.289542239001866042e-01 8.118362611297962328e-01
7.308127755484268295e-01 8.376644872382257301e-01
7.240080224355984750e-01 8.916633753942850849e-01
7.155260267833745136e-01 8.652103690842483097e-01
7.171240959708314877e-01 8.650833655700341795e-01
7.523927046435203714e-01 8.816509633818265801e-01
7.058923975313907695e-01 8.695430676309554574e-01
7.067082917028548739e-01 8.798050300121045275e-01
7.943840400123489687e-01 8.761893596136356432e-01
7.198325768168365446e-01 8.450137983668392083e-01
7.061451094779972459e-01 8.122470479883303618e-01
7.787594448589620910e-01 8.033040773985813399e-01
7.551463942744384150e-01 8.985516695919146812e-01
7.122619415047851676e-01 8.935647508906048309e-01
7.097358583984978431e-01 8.861728613410133626e-01
7.335375002674607847e-01 8.974789671309949535e-01
7.389704304328066353e-01 8.819572741217667211e-01
7.058519645806385912e-01 8.237008242768639743e-01
7.253850792194576069e-01 8.993449632604028077e-01
7.028027898302280363e-01 8.706413438231163093e-01
7.194548024669673580e-01 8.833411835437543491e-01
7.337865867272930220e-01 8.754891652371262767e-01
7.011562756611269265e-01 8.426625541926949792e-01
7.035659051156203381e-01 8.357211342570733947e-01
7.163615100818869763e-01 8.485237396308971114e-01
7.028176438711414287e-01 8.650152926777080475e-01
7.709895297544682169e-01 8.754539515632516755e-01
7.541877712191520367e-01 8.955144875990294073e-01
7.561828356591491218e-01 8.633369098476252335e-01
7.098557396959223054e-01 8.786416056393319129e-01
7.366548309952687390e-01 8.927556016842101982e-01
7.233808026051132822e-01 8.993380573713516402e-01
7.505573504329965395e-01 8.772070401860729838e-01
7.518064156474613124e-01 8.089305621471617469e-01
7.166003579606318175e-01 8.773867866610802757e-01
7.217061251438956493e-01 8.703940753579932910e-01
7.440626402776064907e-01 8.855707767937115449e-01
7.503243743784915321e-01 8.873089898094448369e-01
7.046575140107729229e-01 8.783685228515617505e-01
7.278535451198668849e-01 8.984536787978831818e-01
7.025889185348966892e-01 8.358547341751071391e-01
7.698156015426083076e-01 8.712129653201305945e-01
7.590548896094504450e-01 8.820900362257552141e-01
7.005752961078786090e-01 8.826051593899317815e-01
7.117349852142873523e-01 8.548718233850791659e-01
7.078996740307706981e-01 8.592280550474407086e-01
7.157193245581673358e-01 8.765141705406850337e-01
7.000129214709046588e-01 8.826199069050566504e-01
7.756705782642354663e-01 8.890847722459561675e-01
7.226543265277483030e-01 8.240718619646911769e-01
7.197659196305111751e-01 8.520221461721401157e-01
7.004669164932250114e-01 8.840712684763697427e-01
7.260656791338064853e-01 8.979415168221243082e-01
7.527616296623764747e-01 8.517710537328604392e-01
7.547931097926067201e-01 8.731969222692149701e-01
7.122503859352540267e-01 8.807917025366960306e-01
7.385793108841283150e-01 8.973780520154013285e-01
7.049776924840580605e-01 8.684038810229535166e-01
7.019868395106769743e-01 8.928502319869260351e-01
7.094481218648122089e-01 8.940238156217586996e-01
7.529084455955790123e-01 8.455422281620487146e-01
7.100825795772482962e-01 8.978804900088136476e-01
7.830887400946736632e-01 8.746728093691253925e-01
7.887461505782168425e-01 8.978550558646118951e-01
7.334096254984865393e-01 8.743787539762554184e-01
7.200805492531671126e-01 8.758660780140276048e-01
7.377997580066203431e-01 8.786833256279771298e-01
7.219849930876744981e-01 8.466083032750367776e-01
7.157912846718074151e-01 8.606867055927673871e-01
7.245749913136875220e-01 8.389379452422518479e-01
7.881951008459178176e-01 8.454226869411143319e-01
7.209465873987792595e-01 8.763320139942016862e-01
7.114551969293353428e-01 8.755781926332953935e-01
7.140472044683507935e-01 8.860356311008354968e-01
7.442400883709651138e-01 8.973457973569165524e-01
7.052850709744502566e-01 8.453128787620606266e-01
7.282811749311089988e-01 8.668133796361933152e-01
7.258986142303622824e-01 8.920329128390440676e-01
7.367199278976410692e-01 8.603939924307895115e-01
7.049056172200667270e-01 8.648281239571702361e-01
7.377994467734315664e-01 8.990375804657985137e-01
7.005846690918520192e-01 8.680610158541451904e-01
7.800788889243973623e-01 8.965339704100939722e-01
7.291754432826660359e-01 8.894823369963276161e-01
7.362754386661024553e-01 8.813840556670509141e-01
7.077621321539734334e-01 8.835238498429716092e-01
7.218805208738097168e-01 8.154028830949775486e-01
7.352324894278962075e-01 8.379040765689469428e-01
7.372212572917054008e-01 8.094898445476846893e-01
7.787874045207001661e-01 8.986405903298873010e-01
7.060644288482065267e-01 8.773567776979076527e-01
7.022157387854597310e-01 8.634798126163468757e-01
7.063915834293642559e-01 8.663505442793304478e-01
7.074090802425904156e-01 8.616221990025033639e-01
7.338006182078913309e-01 8.688897429330635358e-01
7.144015458999047885e-01 8.902614766003423830e-01
7.355912718516933735e-01 8.118815223594730845e-01
7.174375815645084309e-01 8.816823070283702490e-01
7.257322115203541646e-01 8.612909169351161687e-01
7.072875235688967921e-01 8.882889286122721550e-01
7.548715870958704333e-01 8.192159110292036583e-01
7.362817844194913253e-01 8.933001405370235570e-01
7.599653654379243672e-01 8.459803602858059213e-01
7.009516658479186813e-01 8.743902643673269193e-01
7.207211887364155523e-01 8.932473843166310878e-01
7.229678450125198719e-01 8.639519381450919688e-01
7.494850227750742278e-01 8.926767539605259261e-01
7.735095805027711879e-01 8.966317142984436828e-01
7.094158924972041591e-01 8.944450894218283210e-01
7.308867995797856398e-01 8.896235267068448582e-01
7.916625801225415371e-01 8.915818117972268420e-01
7.243894339401105720e-01 8.430383015090467946e-01
7.017535621131177903e-01 8.573226159675646496e-01
7.094108406213861517e-01 8.830742256963681758e-01
7.667152853720522465e-01 8.952489244316762518e-01
7.380522585364045485e-01 8.758856109187912464e-01
7.071555061597704084e-01 8.216835704853079347e-01
7.057808619688815677e-01 8.517937773609733920e-01
7.038474744338947264e-01 8.774489885892007290e-01
7.136186516694583704e-01 8.981439138860776161e-01
7.331758678695413645e-01 8.199858397451085246e-01
7.169757269388141729e-01 8.729952413334376438e-01
7.019393429695397479e-01 8.954921480009964130e-01
7.003408403579338692e-01 8.821373676581901746e-01
7.219863215618336216e-01 8.682129211972446914e-01
7.306835359078793779e-01 8.593476319411343933e-01
7.008370522654677748e-01 8.668157041078474734e-01
7.923031895981641481e-01 8.859525821153527714e-01
7.176661124349466014e-01 8.988109820473842992e-01
7.438868208659563663e-01 8.609017474342709475e-01
7.026216742022256545e-01 8.900437759942471105e-01
7.485657694766120196e-01 8.914951453891837296e-01
7.994385813568971599e-01 8.749331700642606346e-01
7.243269453537387603e-01 8.546923951170679601e-01
7.872562393733906205e-01 8.572592851285254500e-01
7.539213261473617367e-01 8.928316943867684596e-01
7.103360735436881068e-01 8.558505543685959172e-01
7.776097390950900134e-01 8.675304647343878850e-01
7.014758264305887003e-01 8.190365232116878502e-01
7.762569734709081626e-01 8.992444721811904129e-01
7.056959643592247700e-01 8.242868913810872389e-01
7.580434268225715311e-01 8.765268443505462859e-01
7.234451435997856228e-01 8.892948141740582013e-01
7.451004834354582052e-01 8.887537715706081975e-01
7.041522926750726219e-01 8.046080568250468801e-01
7.384517186401248212e-01 8.592699244573653861e-01
7.060519628745637322e-01 8.822430811270182138e-01
7.345090495528774355e-01 8.970966427477138350e-01
7.131915196756599684e-01 8.682859635038221446e-01
7.295991134477767259e-01 8.965872969544971260e-01
7.122164325215443181e-01 8.891257123535480922e-01
7.066523278902974159e-01 8.584908559871600175e-01
7.359291567261854183e-01 8.901849236753822669e-01
7.107354176515724431e-01 8.781496562526133198e-01
7.024290182831051110e-01 8.301624047842599552e-01
7.759657721745367720e-01 8.972684088476895470e-01
7.328629333396206036e-01 8.831695835540734896e-01
7.107391685959356664e-01 8.562929309827389535e-01
7.104453703398811992e-01 8.944713344257254617e-01
7.191412005954856967e-01 8.878872534566377706e-01
7.158333009227555443e-01 8.898720538490931808e-01
7.298267370640321161e-01 8.814282095166935393e-01
7.488401960311805716e-01 8.936641001448902832e-01
7.257796823180723278e-01 8.907563252425736433e-01
7.083040670611623346e-01 8.964161164485816569e-01
7.282338113823892956e-01 8.885816444389255109e-01
7.078997738650968374e-01 8.298801018270215435e-01
7.223024939640994013e-01 8.568379320835447510e-01
7.000281445930354174e-01 8.733947126255309223e-01
7.753988685094383992e-01 8.682499134632385429e-01
7.600622082717413130e-01 8.998899185194547679e-01
7.026269050968888541e-01 8.797192478207220834e-01
7.031397294847614443e-01 8.473157233482625506e-01
7.231583753587957908e-01 8.533503247025753247e-01
7.261133591105060070e-01 8.713338808791695200e-01
7.193128338848923109e-01 8.153072653820506721e-01
7.194537036698134269e-01 8.556630363211468193e-01
7.160850443266224552e-01 8.711738166567440933e-01
7.064882601049833344e-01 8.772536905538945717e-01
7.054808735610534898e-01 8.518166647813375514e-01
7.072395100127377709e-01 8.772162683725719390e-01
7.130726000641925966e-01 8.483426401156003438e-01
7.274337871400481381e-01 8.883222425485252094e-01
7.013714792015920407e-01 8.534317617402541467e-01
7.196500802644462125e-01 8.833458549162229723e-01
7.762144847724663510e-01 8.632976840093012916e-01
7.095147343603759316e-01 8.444652334030916530e-01
7.149970397587627202e-01 8.830493864736302934e-01
7.340943359195559736e-01 8.543612061711857164e-01
7.168001838466033782e-01 8.578140014137334290e-01
7.143999164139223090e-01 8.718184275397357075e-01
7.292597661495430206e-01 8.633978942990382377e-01
7.109074376095216863e-01 8.563226736071238854e-01
7.845188263745124235e-01 8.566724564894675487e-01
7.141190904798209171e-01 8.770130801775667395e-01
7.866996579445649784e-01 8.688152849417101198e-01
7.043968364461670184e-01 8.857408182437651600e-01
7.385579192128790549e-01 8.425915711844849110e-01
7.497283209259324455e-01 8.587520511637779519e-01
7.218146418986586266e-01 8.960789556286048452e-01
7.048231659123225246e-01 8.688498839161904463e-01
7.188731581873714083e-01 8.727696634735560011e-01
7.680704706819027061e-01 8.290802795424051519e-01
7.383382513783828260e-01 8.847786415491309953e-01
7.271418185047310301e-01 8.830255430179957399e-01
7.042585250969870536e-01 8.193859313403335509e-01
7.057662963106503540e-01 8.438384304001301794e-01
7.166133102587749493e-01 8.920433284035678145e-01
7.146635087142714227e-01 8.235249218252062020e-01
7.167208636214364992e-01 8.784420778764283622e-01
7.787524432889842974e-01 8.387361811239315568e-01
7.557169396126609540e-01 8.830657352814625938e-01
7.305106577524730360e-01 8.987721757050021187e-01
7.241964612225388898e-01 8.744002449433523338e-01
7.050296387139501908e-01 8.759746210026545521e-01
7.323008890743473165e-01 8.736994427620620174e-01
7.317705454289478162e-01 8.953395486246084056e-01
7.232359447803895502e-01 8.687486227068221822e-01
7.214192035752151622e-01 8.466484680521136896e-01
7.249500314007564228e-01 8.572100804485577319e-01
7.482917545384761837e-01 8.835128814833489441e-01
7.524810633570391261e-01 8.742201148274986178e-01
7.149837566213858020e-01 8.514653920749781779e-01
7.083909749793076971e-01 8.951924886563797923e-01
7.229648058564761559e-01 8.772448765843635643e-01
7.094267114671113372e-01 8.946234956186295273e-01
7.133271870345098131e-01 8.461207994119285258e-01
7.031626829012219693e-01 8.559625481091279742e-01
7.692829288377566188e-01 8.805278655698555168e-01
7.311626415275102042e-01 8.725401751165751119e-01
7.082959107246760144e-01 8.947751561858962033e-01
7.047740221927383253e-01 8.406842929238699247e-01
7.541322808969509461e-01 8.088079860373812435e-01
7.309490889114121925e-01 8.996107252685709987e-01
7.169220850541364598e-01 8.654638948300176216e-01
7.767152796709981821e-01 8.446881117866431588e-01
7.333592110634078454e-01 8.559704268912780023e-01
7.173038902519430771e-01 8.616608955573381579e-01
7.046943079482957950e-01 8.759777814216107572e-01
7.462767406312593721e-01 8.845201350463952616e-01
7.686502213232183633e-01 8.658149922608664451e-01
7.260062878539479403e-01 8.537880475758478083e-01
7.172022995066854589e-01 8.784187940993333221e-01
7.065127795042025483e-01 8.941835905738493295e-01
7.258798207871004493e-01 8.333861179610055903e-01
7.392243935816756872e-01 8.967353738516934403e-01
7.479535199053145567e-01 8.893839162363013084e-01
7.317473519175405894e-01 8.691894888915754347e-01
7.151376752124241065e-01 8.528128549582778550e-01
7.430479521702539891e-01 8.689053959184729337e-01
7.022087351380357223e-01 8.987177923985143480e-01
7.237368596045082869e-01 8.867526466555417652e-01
7.331604504224884522e-01 8.268648589667249027e-01
7.149183016902551646e-01 8.968824342575719699e-01
7.180516484280561329e-01 8.316924434529733290e-01
7.226111198418980752e-01 8.295728462177652807e-01
7.738932863819208974e-01 8.831120317613943005e-01
7.086471903379956139e-01 8.591343150501119519e-01
7.495713444539396919e-01 8.810863607724015445e-01
7.320043774504938483e-01 8.958984504378744163e-01
7.252363468975835392e-01 8.865996610661607269e-01
7.364162750548939318e-01 8.893540769891594699e-01
7.176229619020559891e-01 8.769534768569231531e-01
7.030106434063436716e-01 8.748147149208405082e-01
7.304522453797277493e-01 8.858954506963974129e-01
7.342921844210656968e-01 8.757272416772510226e-01
7.234885079791096851e-01 8.686477121431590565e-01
7.448324181548982015e-01 8.425078307877608141e-01
7.024353174101378716e-01 8.383864289186193641e-01
7.114603977019782199e-01 8.258283994606397949e-01
7.274110366443723441e-01 8.427175181933709291e-01
7.278767883832824026e-01 8.707859473998242894e-01
7.109261546188270220e-01 8.264271430737015756e-01
7.297609053955727010e-01 8.967051409028339304e-01
7.009206644373945361e-01 8.992138266799576396e-01
7.181502525126683967e-01 8.177821864707813804e-01
7.242702760761785541e-01 8.853627738385182466e-01
7.267697844620989445e-01 8.270111720795839672e-01
7.032941449253078403e-01 8.952334023571447696e-01
7.071540484005847116e-01 8.855371654351131827e-01
7.453367415583977973e-01 8.251464447077347941e-01
7.273722980793672077e-01 8.986042179971515109e-01
7.353940796256234202e-01 8.947494262077400062e-01
7.671286205542555692e-01 8.868347742804190137e-01
7.295496490367868736e-01 8.614819547056834503e-01
7.156345391913176979e-01 8.293253507452849060e-01
7.254305815436374871e-01 8.980192740269707929e-01
7.303479729800961273e-01 8.116058621267110418e-01
7.204552542200691745e-01 8.490315602537142903e-01
7.038466878650948555e-01 8.877163795043712113e-01
7.577669009913673426e-01 8.455890423225992381e-01
7.007293402079406430e-01 8.615197157064861111e-01
7.453771476383230787e-01 8.853881714719052942e-01
7.169343485015811090e-01 8.623227288076441566e-01
7.136049437664326867e-01 8.295727625449919040e-01
7.162114272229078704e-01 8.504572441167367325e-01
7.036457644921405574e-01 8.814938946277743881e-01
7.033944268378566900e-01 8.403838129084727493e-01
7.146899004991322801e-01 8.794920146540570194e-01
7.076785255645861028e-01 8.346454299653623954e-01
7.479430334034874450e-01 8.992968718027636310e-01
7.156506309938986954e-01 8.343192449061562765e-01
7.602304613923154264e-01 8.981048264876723142e-01
7.376819912963352710e-01 8.973173470591928602e-01
7.068416510372551587e-01 8.152344027306548391e-01
7.474637450849728193e-01 8.949904162623537607e-01
7.115591020261688993e-01 8.454144034679953457e-01
7.694741674295196843e-01 8.497543218022080014e-01
7.548734498356255429e-01 8.901746312429925645e-01
7.053740095929204035e-01 8.561046217575700723e-01
7.639606638206994926e-01 8.665333361028325632e-01
7.552094937389854934e-01 8.342335115078715058e-01
7.648333674434657503e-01 8.745666760182527755e-01
7.207332599171317744e-01 8.319833439766456396e-01
7.169924832633967071e-01 8.983183721707492797e-01
7.012365969945187905e-01 8.875835516763215249e-01
7.369393115774044434e-01 8.844747766762824925e-01
7.276419039808625921e-01 8.708902313517984384e-01
7.164861717745196756e-01 8.739128211662612333e-01
7.386344896935562732e-01 8.480498187874737637e-01
7.133165834440826636e-01 8.689582170744524214e-01
7.268997619208273919e-01 8.879932307441413819e-01
7.131239778073468205e-01 8.740189250144458910e-01
7.499455632071879707e-01 8.340650683038137725e-01
7.863317966127996161e-01 8.960132547207344533e-01
7.472848777425843414e-01 8.917157788880708535e-01
7.460417084576639324e-01 8.779877522799608425e-01
7.111329573601126164e-01 8.954303240707088829e-01
7.384380651383455341e-01 8.647887430317258151e-01
7.236814784596901085e-01 8.842105014651986394e-01
7.079157426116589047e-01 8.710259313375732226e-01
7.343311296569110525e-01 8.988854997278270531e-01
7.187607326855987022e-01 8.684555339069423008e-01
7.603535599838830983e-01 8.858550876247744954e-01
7.069001472752015625e-01 8.837606378937575835e-01
7.053236979172951004e-01 8.651315198751521329e-01
7.080614739491574161e-01 8.990589560197093100e-01
7.032628292291935868e-01 8.197444303354283202e-01
7.114553671331733664e-01 8.531981968078727885e-01
7.166558119423762641e-01 8.966233928490742189e-01
7.269345077938901278e-01 8.578718931422297800e-01
7.403435405683536086e-01 8.946983869087197228e-01
7.022918511681726095e-01 8.653026703078170456e-01
7.115809335213650888e-01 8.862919322011887369e-01
7.156882085001802229e-01 8.746392449065185648e-01
7.159471325276568487e-01 8.901066580498038228e-01
7.353918453392629395e-01 8.864873063793166086e-01
7.080760011760041106e-01 8.489722535619268484e-01
7.052629880495233650e-01 8.403742168045365002e-01
7.499363685488745768e-01 8.494871082797245121e-01
7.190542609148500297e-01 8.537066214978074052e-01
7.707325204072503766e-01 8.309663765904292676e-01
7.244487556551812979e-01 8.493827585367593747e-01
7.526862976522223914e-01 8.985713961101914338e-01
7.215577325050961388e-01 8.192839503621701658e-01
7.223662620514175181e-01 8.939262052429588490e-01
7.043772193468157417e-01 8.912245047417045596e-01
7.327126475355709712e-01 8.791109786770134882e-01
7.093665336784318320e-01 8.961925338890193160e-01
7.917193988015482908e-01 8.697501897671392479e-01
7.198178722659366313e-01 8.730914982136886993e-01
7.049817697571305608e-01 8.659893602450479122e-01
7.238333586943497266e-01 8.887867809394309759e-01
7.309880149438962027e-01 8.818884675615443758e-01
7.254819636398678329e-01 8.973500633751608779e-01
7.345182542849152396e-01 8.698907822750977514e-01
7.252384868727629330e-01 8.791084046646799877e-01
7.114046001059279867e-01 8.872891047845712365e-01
7.219160335584300370e-01 8.982233621248161271e-01
7.693011651771275439e-01 8.976385501769880149e-01
7.008538686627636682e-01 8.981400978150242409e-01
7.033206182536222428e-01 8.206744153923004603e-01
7.006310066268885972e-01 8.145851756251536457e-01
7.189863936828099211e-01 8.912478336482293484e-01
7.465431876955304080e-01 8.705244009410022521e-01
7.757695383401623790e-01 8.943966240527601030e-01
7.148703927376675038e-01 8.917316781962862926e-01
7.388695088365186958e-01 8.671237984338170390e-01
7.449644101306168720e-01 8.531970138406806958e-01
7.220801777522034559e-01 8.092059293528305330e-01
7.060623415330622432e-01 8.485699392540068109e-01
7.234540112211913510e-01 8.971316865955319964e-01
7.212283830685888297e-01 8.645587618413705933e-01
7.066223642664137827e-01 8.736346660538059083e-01
7.411907674716613492e-01 8.806468614288102126e-01
7.009234532317729638e-01 8.800486017893323076e-01
7.034944032901442323e-01 8.923146917779212206e-01
7.445551825946788993e-01 8.931753814705497563e-01
7.705045160585972663e-01 8.979095328823755162e-01
7.059651743923367473e-01 8.764105515714520900e-01
7.140367859022275221e-01 8.808897842425671421e-01
7.057077190281622059e-01 8.354854426368778508e-01
7.356183995067530068e-01 8.916578283117644332e-01
7.646767679490152902e-01 8.590002444943944937e-01
7.202721385674413224e-01 8.957014851678491985e-01
7.566501178576887643e-01 8.961809730213798897e-01
7.338611396787901864e-01 8.912200086120343201e-01
7.347205850581529640e-01 8.885169833851443988e-01
7.447387947953908460e-01 8.667367534883065883e-01
7.768062754860413088e-01 8.921201801549369925e-01
7.420860728646510029e-01 8.779524085067428318e-01
7.481297438759678675e-01 8.627773835072247710e-01
7.669507952332660361e-01 8.830840305336227214e-01
7.287435407035229851e-01 8.743120515284092953e-01
7.863957773665597450e-01 8.955513428120415176e-01
7.185634759939274474e-01 8.516766512766583697e-01
7.192059563056749649e-01 8.396458521358152183e-01
7.774706381163674074e-01 8.855379138781118709e-01
7.063055231664119304e-01 8.469236423530890345e-01
7.439788252227155230e-01 8.573107472455169242e-01
7.199354999688404311e-01 8.634872981473586950e-01
7.416928482453074567e-01 8.405053734287850631e-01
7.471098808241207756e-01 8.972715478045888426e-01
7.342950323014681979e-01 8.579254444195032470e-01
7.144731240832684627e-01 8.801647155449291438e-01
7.071216338972704518e-01 8.842396076079411804e-01
7.401174096976718131e-01 8.495345254285019410e-01
7.433969480284395859e-01 8.769033618573295330e-01
7.234447960021075374e-01 8.893448023073249331e-01
7.362552621641229589e-01 8.245516522930762537e-01
7.010086206767441874e-01 8.872768943515225715e-01
7.183410376981724799e-01 8.762799396772208427e-01
7.215795679784927641e-01 8.114824870694418157e-01
7.574101666562529367e-01 8.563537732988922846e-01
7.021126047598577058e-01 8.518651590379678895e-01
7.466739331763087018e-01 8.888940891360530561e-01
7.102421351696605045e-01 8.548846130138131327e-01
7.569223633559204467e-01 8.717528752614629450e-01
7.460704228985679531e-01 8.920063031048333091e-01
7.635050932154491266e-01 8.970771333023733751e-01
7.180094927590173759e-01 8.635826973032613152e-01
7.487891085599913676e-01 8.523453534051486091e-01
7.237022240339598955e-01 8.844672323918708612e-01
7.222839316280266209e-01 8.882895252251747920e-01
7.147511708040330536e-01 8.716358185199021280e-01
7.057111345765885169e-01 8.664005618879810910e-01
7.667117355016919156e-01 8.876846039792589682e-01
7.210850091228381276e-01 8.698161726359258106e-01
7.670330062392433090e-01 8.627366392106172732e-01
7.752955391682631037e-01 8.962880776876942512e-01
7.059749567865998277e-01 8.945872558231828808e-01
7.400896550076017100e-01 8.232043637189907503e-01
7.881367555512948098e-01 8.981705509775181895e-01
7.764183144912235601e-01 8.439033071417522125e-01
7.299705044326999515e-01 8.959521856190789668e-01
7.108059193642355389e-01 8.367047364735207271e-01
7.009802356825010072e-01 8.927812170455158292e-01
7.186996422440767862e-01 8.247095635233072652e-01
7.308354571556050505e-01 8.317553645169870613e-01
7.772876835807782658e-01 8.635485666043463127e-01
7.210963705868431717e-01 8.711338749214573296e-01
7.012652295757972887e-01 8.398417518667332660e-01
7.086468708030988495e-01 8.256880929716493567e-01
7.062821635049797431e-01 8.865434992314360496e-01
7.398961744852174949e-01 8.989281332416603210e-01
7.400773340870899775e-01 8.800119309271766666e-01
7.332427477363432367e-01 8.826190978945472887e-01
7.477050553093407270e-01 8.484767620166903113e-01
7.849075324334839898e-01 8.771407469212670893e-01
7.093254401157143008e-01 8.577465441352455366e-01
7.190938211807996749e-01 8.620892702797837703e-01
7.089027428835756872e-01 8.231393793368239065e-01
7.009126803328837862e-01 8.405733764577614231e-01
7.175938889531544573e-01 8.831480183266019468e-01
7.769968414197062634e-01 8.621719204994903185e-01
7.252014425781034834e-01 8.779792592003001772e-01
7.102067809092358353e-01 8.425679749654088058e-01
7.251866614098887442e-01 8.389989244083507769e-01
7.122019065566458362e-01 8.439337273442425458e-01
7.478873076477610127e-01 8.803130933473948261e-01
7.197633657660762463e-01 8.596350112121804443e-01
7.040237523955868992e-01 8.757975093357877050e-01
7.240868583528911051e-01 8.661538490085398667e-01
7.364547012385689317e-01 8.364578672248800251e-01
7.177213154808181894e-01 8.486013744145211035e-01
7.209248946127144730e-01 8.597488426189077160e-01
7.696912389422868594e-01 8.795045892598164494e-01
7.317445629918463146e-01 8.037530133787121889e-01
7.387822949577100839e-01 8.405618564955719130e-01
7.113012776170386520e-01 8.192880291334649900e-01
7.041992726138454062e-01 8.450822725661224499e-01
7.345670395705036215e-01 8.650014462140930283e-01
7.352581529827995066e-01 8.366929191250696007e-01
7.422341629447291034e-01 8.388973664374459460e-01
7.118058718638547999e-01 8.273417262533602212e-01
7.219551210046073475e-01 8.977245107001990965e-01
7.257218072492215288e-01 8.688450671789617052e-01
7.419732596134240854e-01 8.806264251473943094e-01
7.024965563535807700e-01 8.241695148311708463e-01
7.231364402854690843e-01 8.350895438903351842e-01
7.124070065944436703e-01 8.950714636113101808e-01
7.115812670252552596e-01 8.333833941947992319e-01
7.174093517593016500e-01 8.719400978215848808e-01
7.101464223522353514e-01 8.772757050276401847e-01
7.094793914388428657e-01 8.929347167714072331e-01
7.286879139205285627e-01 8.746119803020883099e-01
7.056830090470155303e-01 8.208481589678991996e-01
7.077535080987371607e-01 8.758109777208307190e-01
7.003256859936932699e-01 8.076517566220058342e-01
7.184208125810037648e-01 8.982347476139720399e-01
7.409135802243508317e-01 8.661094891054395006e-01
7.066694279238265874e-01 8.840627995068605083e-01
7.889974702739035450e-01 8.754350047388731459e-01
7.176757125103401247e-01 8.807356664031696925e-01
7.094770952109362705e-01 8.725287792541392973e-01
7.451193813500956997e-01 8.698365319482489477e-01
7.223608548185863620e-01 8.638641841336525129e-01
7.229157063630968771e-01 8.796151018679078115e-01
7.545576927296524516e-01 8.979324042618959112e-01
7.384136578622447766e-01 8.965247802096980578e-01
7.390462740726633228e-01 8.893182859552832831e-01
7.283057765230794844e-01 8.471525497769963886e-01
7.159577634581506533e-01 8.913235483408001869e-01
7.416085715535148948e-01 8.982857821598073667e-01
7.300256438438725848e-01 8.843676458490411507e-01
7.179548928134793506e-01 8.380817412540975120e-01
7.079198086331877082e-01 8.526247175218722996e-01
7.177709715541582547e-01 8.530466712986124467e-01
7.334009420379677957e-01 8.895708501076895480e-01
7.038746291208595185e-01 8.065608049475760932e-01
7.245707404875197932e-01 8.997882110191444127e-01
7.669262483890550985e-01 8.451738287829880791e-01
7.017836145857385688e-01 8.813726566322001021e-01
7.042948780684030741e-01 8.785390992617351236e-01
7.143121132032975718e-01 8.539386181542364396e-01
7.064289377827056571e-01 8.944173864840051502e-01
7.662197499185978700e-01 8.960769527782647126e-01
7.017646722026193995e-01 8.577556784939048828e-01
7.562706787381270335e-01 8.801383789866715768e-01
7.547748134645836382e-01 8.248130123514926249e-01
7.195678766440913865e-01 8.557488040677281305e-01
7.445133681860780506e-01 8.743492648502206865e-01
7.092492357830837424e-01 8.333711324441641644e-01
7.148625231271023006e-01 8.844021128321666314e-01
7.092954056780769179e-01 8.732039385849510449e-01
7.016525253168277576e-01 8.678852586430689797e-01
7.100700218960314114e-01 8.984872213510626260e-01
7.532171300192731511e-01 8.933610935201131698e-01
7.287845393984928588e-01 8.836974317769904497e-01
7.669011960488734125e-01 8.983073512385223447e-01
7.755296180817239371e-01 8.991023340914099382e-01
7.614263262952175593e-01 8.851069462416405464e-01
7.191192576020111193e-01 8.704332836921161443e-01
7.603582706664948621e-01 8.905515638539256429e-01
7.257840357808682530e-01 8.587556314256159506e-01
7.380157657040677943e-01 8.869786994249755363e-01
7.613442342867819956e-01 8.823708535392412733e-01
7.041043712192546211e-01 8.589256625997426786e-01
7.270352326105524732e-01 8.295188969353158859e-01
7.225138951823129041e-01 8.832330540527351115e-01
7.640289113074203442e-01 8.924825659602262373e-01
7.041370650077716231e-01 8.823317278272878594e-01
7.412410563468296854e-01 8.313970268684484077e-01
7.001550624509658149e-01 8.482171358195588207e-01
7.039633641594328362e-01 8.415570773269237526e-01
7.420826150106066832e-01 8.821087582863113008e-01
7.148433434399253938e-01 8.601676616473440395e-01
7.258884186174821007e-01 8.401362796482551021e-01
7.465023441553398920e-01 8.177106335162435125e-01
7.296371328002375645e-01 8.732857384221743846e-01
7.234870506441695159e-01 8.705544752680483001e-01
7.133335356642742653e-01 8.599368030559303433e-01
7.245084589217994919e-01 8.798269578426863857e-01
7.715719903050008988e-01 8.746189304537209663e-01
7.717664827686216977e-01 8.402647669349339044e-01
7.298604761324429813e-01 8.946893934860574715e-01
7.594743258577522083e-01 8.503035512207175461e-01
7.319676557046742582e-01 8.652088930863771621e-01
7.488666855711723080e-01 8.670421260123419849e-01
7.942238106205001813e-01 8.935424273508001392e-01
7.971115844304215159e-01 8.940766985324561933e-01
7.050721862683989594e-01 8.198317944350836939e-01
7.321439353495258207e-01 8.842273082603858692e-01
7.262116700300786931e-01 8.914413251038901809e-01
7.670246605930829409e-01 8.892582124953791745e-01
7.523920426543085904e-01 8.887690234477086948e-01
7.182925007459053379e-01 8.759581320332774368e-01
7.271280099374191064e-01 8.926081050162610886e-01
7.633522787013807820e-01 8.390729162308516731e-01
7.537651336596291607e-01 8.611316408913279874e-01
7.296995957436402946e-01 8.778100136162974021e-01
7.417225751677554157e-01 8.990917598530872024e-01
7.063656473269334102e-01 8.492979790875404555e-01
7.172801915389352967e-01 8.631646894130607928e-01
7.264678383777605220e-01 8.885973374480475862e-01
7.683517793067100587e-01 8.388609380979459296e-01
7.181754349931575021e-01 8.713465295033812064e-01
7.069501460431543149e-01 8.364509252844064546e-01
7.281288764523872192e-01 8.843752050121660435e-01
7.318922223915926839e-01 8.708726110832052392e-01
7.236297589970834832e-01 8.755154044999285956e-01
7.283856308102849564e-01 8.451041346762792061e-01
7.618154348662539155e-01 8.902960492622011834e-01
7.151138964667955733e-01 8.763117115547650604e-01
7.626506813953812802e-01 8.990115681044639206e-01
7.524882512224380093e-01 8.833252004662550672e-01
7.539294499333147881e-01 8.799249810855008791e-01
7.105014224541233991e-01 8.636316093339062583e-01
7.707701756569085294e-01 8.421758480020613558e-01
7.423854020607572046e-01 8.833383174527440485e-01
7.557398386467935048e-01 8.666989327630842954e-01
7.306208665013808057e-01 8.592128597156702963e-01
7.254650764414921627e-01 8.820267641800844105e-01
7.296612871433438841e-01 8.717298814014228237e-01
7.252376247268625953e-01 8.604946934486169541e-01
7.127231840227714610e-01 8.333421559928699818e-01
7.495673505944959736e-01 8.424146933113030311e-01
7.258193348743925410e-01 8.334981167950569203e-01
7.059867321258970208e-01 8.509760454983020805e-01
7.303305213605062463e-01 8.706042199631344181e-01
7.310483481943121919e-01 8.025782557208711587e-01
7.146705508200439372e-01 8.635682402338151764e-01
7.622866582891602016e-01 8.742039604114535400e-01
7.186588868482020054e-01 8.637744304699978004e-01
7.123116004415634972e-01 8.711787288898904524e-01
7.157663014380905020e-01 8.540940847605684727e-01
7.177322737335865011e-01 8.518582561637334516e-01
7.053415435726237970e-01 8.544849838735145697e-01
7.377430215048064177e-01 8.417269340879829365e-01
7.773426216813643652e-01 8.736075278593762317e-01
7.008746841131747729e-01 8.836615893951914602e-01
7.529486888024341518e-01 8.043474505425159959e-01
7.084804993025707320e-01 8.075674847752210006e-01
7.530626579318441260e-01 8.917081089708557284e-01
7.022588216500038616e-01 8.827567071085995476e-01
7.745888539908531989e-01 8.915092683915848415e-01
7.050676198423164731e-01 8.094681616241333755e-01
7.537630488118921557e-01 8.668917932252221403e-01
7.100376624446894658e-01 8.802630659013700454e-01
7.014889363897091057e-01 8.800095122956245186e-01
7.545978909978666715e-01 8.733661896692799242e-01
7.171823136230519591e-01 8.554843414630574072e-01
7.442024987294993954e-01 8.840775262670289569e-01
7.999952094808736591e-01 8.618012702092979760e-01
7.599222165353790581e-01 8.436858251688107435e-01
7.514853902720418644e-01 8.760140237601210522e-01
7.113548428947471525e-01 8.463885959996921837e-01
7.335845250691088726e-01 8.269852541750398744e-01
7.217363929090698793e-01 8.762499006091342135e-01
7.302139169631388649e-01 8.985372720942653713e-01
7.140441407614537273e-01 8.811989045055916847e-01
7.157695572286095764e-01 8.406013686799373996e-01
7.066180739986728243e-01 8.893472959280175338e-01
7.200965441916139520e-01 8.901386249028775399e-01
7.397468905984508902e-01 8.038488806999107839e-01
7.163377193784445929e-01 8.501967523292769391e-01
7.018934956127546032e-01 8.399462731057958376e-01
7.555732168440825181e-01 8.980026942252818944e-01
7.063956199919080303e-01 8.390137321851218744e-01
7.085854123067416577e-01 8.834251296770271322e-01
7.914818093624866879e-01 8.590946119837439277e-01
7.560686290600600046e-01 8.806888012735893945e-01
7.138871829688273607e-01 8.446918189765276752e-01
7.368058780760345927e-01 8.755466429227170000e-01
7.714340416973544112e-01 8.711327932608432523e-01
7.053257442578061420e-01 8.598976172103345306e-01
7.807280703293195678e-01 8.434819490484176674e-01
7.003428135338632954e-01 8.618934660045510787e-01
7.018260277753221033e-01 8.859204523606341031e-01
7.055419965420830497e-01 8.306285513453500746e-01
7.047473376096716757e-01 8.126797094149901257e-01
7.195730936652421361e-01 8.337315610707081159e-01
7.248768288806917148e-01 8.788129203800252309e-01
7.524871274903099927e-01 8.791913689646146945e-01
7.101196950688648535e-01 8.755680801518347378e-01
7.003924438271210695e-01 8.436199546298259744e-01
7.466280094300781212e-01 8.316320317490942804e-01
7.215640863133460092e-01 8.236764931772286857e-01
7.382648543118239814e-01 8.664905781733186485e-01
7.203029240682122802e-01 8.725067976061614550e-01
7.674141012384796401e-01 8.957233872492560423e-01
7.209046677440598128e-01 8.950550148586029486e-01
7.013574981686514498e-01 8.865858881645742873e-01
7.060949166208244643e-01 8.813592376580901000e-01
7.346386666088744466e-01 8.141264696760118769e-01
7.345922263091553273e-01 8.827268299471064950e-01
7.531675639774173536e-01 8.836844902421702175e-01
7.248862300146028392e-01 8.548691446239792269e-01
7.224513916859546248e-01 8.140684350684291859e-01
7.013144684284428054e-01 8.348443110529688571e-01
7.260862936311014426e-01 8.693531931902428456e-01
7.263962305445086365e-01 8.245984721395878125e-01
7.751840242189764751e-01 8.895026716321622340e-01
7.269029651759787436e-01 8.893541082445378665e-01
7.346943846019097224e-01 8.984344250203831761e-01
7.409177411549046077e-01 8.865499481078744637e-01
7.118426644008173376e-01 8.491779261813032775e-01
7.061723378288843334e-01 8.895618145353562101e-01
7.162804736930804550e-01 8.710355799679756483e-01
7.363450805943196897e-01 8.872821266143213759e-01
7.394676835096808398e-01 8.966714448414671024e-01
7.015763528421704587e-01 8.993543516193759357e-01
7.095110879075440247e-01 8.830895315593993988e-01
7.536561194153070797e-01 8.718139819955444958e-01
7.017340022354195961e-01 8.651636403552889210e-01
7.273235347957781594e-01 8.494415802685576500e-01
7.127100621604141040e-01 8.790296638264950557e-01
7.082027496768728003e-01 8.535875958159726551e-01
7.131972086001311384e-01 8.558773568524176145e-01
7.940434476178767076e-01 8.948885067378179459e-01
7.173152400630045111e-01 8.792577973340757191e-01
7.436600632668027844e-01 8.711115131945905699e-01
7.794855043206299072e-01 8.548806596620798226e-01
7.191288754012632456e-01 8.663070638961369863e-01
7.148291533374870887e-01 8.812156517955708201e-01
7.213176243258346831e-01 8.674494136533235089e-01
7.121433140045848598e-01 8.440265914894935495e-01
7.159037101547512938e-01 8.547708836025761370e-01
7.413135061694432482e-01 8.516396233803706917e-01
7.206327409048494115e-01 8.918786504052167441e-01
7.235797219644499734e-01 8.716212375069011253e-01
7.285332164704363400e-01 8.834246078606381447e-01
7.185099323257065906e-01 8.837626191255059105e-01
7.065170181128150872e-01 8.695739877632278070e-01
7.342708686466203893e-01 8.745932888090629520e-01
7.692519834224804676e-01 8.740644185836279334e-01
7.029184376228689857e-01 8.432672318397691491e-01
7.186053611636019633e-01 8.969541383793688816e-01
7.277441913084095049e-01 8.848260426815184321e-01
7.564506083115852819e-01 8.684581453310872279e-01
7.192361641507883929e-01 8.837132820751063544e-01
7.382517166083100157e-01 8.995022735377441458e-01
7.821741777588202549e-01 8.885922044581509027e-01
7.083865548369449039e-01 8.544318693733942149e-01
7.296013156108531739e-01 8.918572831210506147e-01
7.911240043312166570e-01 8.923411406100385523e-01
7.581994759765771086e-01 8.892140513608320918e-01
7.235299744111964859e-01 8.346968204337895658e-01
7.514234578280225563e-01 8.646939561036330879e-01
7.172204615044700526e-01 8.922583412058026076e-01
7.043264671262756682e-01 8.993992908214050175e-01
7.345485695731981401e-01 8.183901329247340595e-01
7.982232093566431486e-01 8.998989743583172274e-01
7.186527079256348483e-01 8.926495005763833701e-01
7.239707076099809457e-01 8.445318087673041596e-01
7.688586465535083292e-01 8.839048764290111659e-01
7.688316283037895937e-01 8.718451175371120243e-01
7.296098524610589164e-01 8.592467933341993991e-01
7.784397014439994322e-01 8.995815740280674877e-01
7.050569257608949592e-01 8.912390242542622687e-01
7.068614876992669327e-01 8.453087683184077328e-01
7.482756727312905864e-01 8.429077733218843793e-01
7.017978275617373640e-01 8.915651635634664895e-01
7.175100111425462002e-01 8.938262762606110634e-01
7.189557081889182966e-01 8.193538826570577749e-01
7.341473030371920006e-01 8.336836098440727483e-01
7.325231988644784753e-01 8.815099013957437002e-01
7.099265532835766779e-01 8.752844193750533019e-01
7.480341251058512109e-01 8.367497320052832421e-01
7.539073501699767865e-01 8.999820425485306474e-01
7.083250177959997673e-01 8.138377520410656762e-01
7.019874829096981461e-01 8.895713891463049583e-01
7.148406366350521512e-01 8.344915152379436263e-01
7.239730741371991352e-01 8.476104268601816205e-01
7.072360759284171960e-01 8.879447407095083511e-01
7.133882674097393739e-01 8.998164490017378503e-01
7.454184560763994494e-01 8.189691874182302156e-01
7.063075254008854831e-01 8.997218509546985876e-01
7.003022956441458113e-01 8.622021579042954409e-01
7.295648041735068867e-01 8.647515903465914366e-01
7.103671604199125467e-01 8.965450604267923840e-01
7.263582243065516142e-01 8.958467121965155711e-01
7.127358888680010995e-01 8.879788298187312190e-01
7.590127545473339676e-01 8.963309727748721700e-01
7.712844369972157166e-01 8.926854361838728602e-01
7.619931302946593155e-01 8.935085654708997405e-01
7.038350398500956562e-01 8.547125904205687963e-01
7.174647137198029156e-01 8.932660850295575106e-01
7.000076279265313728e-01 8.133862526349524558e-01
7.065027809897902467e-01 8.594481987138582468e-01
7.204980355069450226e-01 8.598799669741274965e-01
7.123168908580259640e-01 8.555714666528123624e-01
7.078173226937064522e-01 8.731258375290817941e-01
7.228478741886091852e-01 8.843488289647953859e-01
7.142535119023819545e-01 8.696401341649077077e-01
7.009807081993875144e-01 8.425587291350309371e-01
7.662787546464945310e-01 8.726801831037740431e-01
7.135263768757245106e-01 8.258950707828629501e-01
7.097136859070030113e-01 8.360253138235367310e-01
7.944034334331839808e-01 8.679706934999242840e-01
7.251480996161741022e-01 8.499969864204405257e-01
7.339699137923556549e-01 8.673007168385243881e-01
7.419779298978980142e-01 8.597672870223601604e-01
7.077469035163351796e-01 8.332872754146720684e-01
7.183806000876249431e-01 8.974522959131363553e-01
7.792239930091564570e-01 8.878197085177270687e-01
7.973363016334175102e-01 8.883438100085916389e-01
7.437349737303912134e-01 8.283630715584311410e-01
7.061902993156052855e-01 8.663154354139361857e-01
7.289128361461234551e-01 8.916877553704776194e-01
7.831713769366925870e-01 8.998053227499198670e-01
7.154046175727262202e-01 8.322414541707733315e-01
7.017083726180610714e-01 8.842008163469285975e-01
7.739477033024166897e-01 8.920243749343554907e-01
7.070973481666998905e-01 8.556140157701785931e-01
7.178745535817188106e-01 8.911312145728260692e-01
7.248723987914638123e-01 8.031707739804634372e-01
7.235247562927595855e-01 8.933085974010357422e-01
7.104774257866848242e-01 8.686201179506205516e-01
7.607986503543956447e-01 8.425798991492815526e-01
7.235320937620182136e-01 8.145123927746859005e-01
7.286764604982669535e-01 8.921079475950146609e-01
7.146558812579225650e-01 8.718417082350096159e-01
7.307078872362667843e-01 8.780537830101790009e-01
7.984981387850436096e-01 8.080449615801181817e-01
7.449449271100332393e-01 8.947870696102998567e-01
7.108128434954055219e-01 8.874131774596440980e-01
7.435018788957717950e-01 8.534318631742759953e-01
7.013550456005526179e-01 8.439935160619904675e-01
7.231244860572652033e-01 8.937192001315362733e-01
7.278199016824551393e-01 8.914991384734466395e-01
7.109105833047709710e-01 8.750824077377943322e-01
7.354877521612511737e-01 8.959554215690208601e-01
7.179203210165958637e-01 8.858839758186382030e-01
7.230104249313410447e-01 8.242493203955840730e-01
7.302788963337014660e-01 8.230075893355514038e-01
7.474879667455738286e-01 8.731133464121522136e-01
7.112346695145992381e-01 8.784447491500267935e-01
7.146915365905710527e-01 8.861774018282640997e-01
7.703337558005780572e-01 8.826036572328502805e-01
7.796715777227469779e-01 8.802052660786814364e-01
7.514581613083696210e-01 8.938729216988895443e-01
7.505262484608733464e-01 8.890627774515541537e-01
7.197192149546152162e-01 8.983545521901425968e-01
7.024419693204642101e-01 8.854861755295406756e-01
7.022529063064407717e-01 8.883714255040811025e-01
7.356141830539532078e-01 8.804395735092067632e-01
7.008848632937252354e-01 8.834351923654933936e-01
7.368759419116436282e-01 8.898533221106101898e-01
7.543373839944660375e-01 8.975845787920447849e-01
7.313477703392669005e-01 8.668259025962201658e-01
7.109845112596581140e-01 8.541821698559688425e-01
7.325669369756293570e-01 8.889876395898720363e-01
7.341525883314010681e-01 8.962000887821189865e-01
7.072788505967237960e-01 8.405220326682125709e-01
7.214922544000217375e-01 8.982716470935609987e-01
7.128847409142035074e-01 8.302804655622373353e-01
7.422556409497704788e-01 8.784732564387124354e-01
7.334395147068184517e-01 8.747376197967621225e-01
7.207981474194719018e-01 8.792682862650239572e-01
7.092296464776703946e-01 8.573584298673645465e-01
7.028482302018387307e-01 8.721661694598783487e-01
7.308136196698733489e-01 8.912402909756783620e-01
7.061917750360494628e-01 8.995964160012941413e-01
7.413917232906417354e-01 8.866550835000251984e-01
7.106122747044095744e-01 8.754105257723523437e-01
7.256971930099330725e-01 8.271848033888595797e-01
7.569205250577455413e-01 8.590219130953347104e-01
7.494571336090777303e-01 8.704816667747492520e-01
7.253063929304248703e-01 8.966105776750592504e-01
7.176754275171866038e-01 8.781564761177056422e-01
7.670983735176205576e-01 8.914132456026069296e-01
7.016580505422422842e-01 8.832194599774938482e-01
7.096873543646761151e-01 8.963923517963845455e-01
7.758896182642349704e-01 8.509948610274904457e-01
7.192198351576465365e-01 8.432595202061267115e-01
7.222911997059764388e-01 8.647407044251521624e-01
7.516743889937367307e-01 8.725201550523314920e-01
7.233763976323165368e-01 8.514426587669488011e-01
7.254262877427870571e-01 8.734460039453870728e-01
7.170180383637339006e-01 8.956670807623307029e-01
7.089621494078137687e-01 8.348246341349749855e-01
7.652173963867860973e-01 8.954159053804743307e-01
7.268973950302349829e-01 8.919981393089146948e-01
7.865443873095840921e-01 8.936814744345505934e-01
7.272282813910866395e-01 8.619109316620502392e-01
7.035909685622092624e-01 8.990762862154721979e-01
7.395578612405261376e-01 8.980287879597390610e-01
7.478546460063359991e-01 8.915764745830777604e-01
7.632654984690261379e-01 8.873289624687941135e-01
7.008716340843934578e-01 8.363928030002544256e-01
7.079548970058244795e-01 8.284514723227625055e-01
7.104174721976073137e-01 8.763224498470492119e-01
7.740497751416643979e-01 8.997026599835343807e-01
7.260999970957139338e-01 8.491384256824581200e-01
7.189589158768623367e-01 8.752934535070697741e-01
7.105110176200462035e-01 8.125456152869799942e-01
7.413513947992730335e-01 8.703951814980255275e-01
7.048666990882170857e-01 8.957509697692569439e-01
7.252819219697980158e-01 8.901048182760794569e-01
7.727054684260921125e-01 8.968428995449123642e-01
7.511696066303871211e-01 8.966960547691392724e-01
7.705262164581312412e-01 8.738810221842376880e-01
7.161208590315826239e-01 8.839673992690129101e-01
7.933354126973259923e-01 8.569331063898706358e-01
7.363710136733074840e-01 8.527082429010340858e-01
7.133461338972244548e-01 8.407854979812161567e-01
7.034214292182175976e-01 8.178280555439598754e-01
7.652388365846896079e-01 8.654469710033528829e-01
7.037366537106389819e-01 8.844256127048744087e-01
7.014104077182287122e-01 8.875904976761559428e-01
7.254116152628091729e-01 8.501191056241474975e-01
7.617533102285026780e-01 8.857592204193911467e-01
7.049311676670834137e-01 8.768286907899311977e-01
7.635459557640406070e-01 8.919510781961861312e-01
7.070806059962116974e-01 8.925530207830529861e-01
7.578158692797992702e-01 8.939884585209947332e-01
7.059827173931140232e-01 8.303363121326188256e-01
7.217241833922818373e-01 8.839354370423458951e-01
7.336234102562750881e-01 8.957258651952352269e-01
7.196866534341488375e-01 8.578708922394779890e-01
7.218207003797817434e-01 8.873616486722785135e-01
7.143052705310590778e-01 8.846443359813523921e-01
7.683697925976011867e-01 8.933030061107336550e-01
7.153458867768138774e-01 8.777726530551338557e-01
7.080983727072652778e-01 8.806469551249173078e-01
7.371863992013216738e-01 8.353575505791358546e-01
7.155076093888664834e-01 8.556875107773230793e-01
7.998785553536136295e-01 8.164444430139503606e-01
7.062407705558130244e-01 8.998060709346218378e-01
7.692415195943862471e-01 8.943520109417497643e-01
7.203279616839237676e-01 8.881828384198686699e-01
7.340093313736479885e-01 8.788616190075961843e-01
7.681149049590667577e-01 8.629427933868526468e-01
7.039950177036966572e-01 8.759420894123535195e-01
7.921041601284330991e-01 8.938271148354273166e-01
7.482386365626967351e-01 8.851227175889692100e-01
7.216908404670908661e-01 8.889106590170048339e-01
7.175386434805867131e-01 8.666480248017595089e-01
7.051581526566531588e-01 8.880494457151832943e-01
7.600082107917441876e-01 8.793049856854856516e-01
7.393367978777934946e-01 8.710036934163087885e-01
7.089765514565889992e-01 8.981294092502742910e-01
7.123252212813228068e-01 8.471760805599656274e-01
7.304972437535688368e-01 8.957201371025083070e-01
7.491052020239665765e-01 8.800787155928860850e-01
7.201894022537704831e-01 8.792866747913872238e-01
7.706721808821245245e-01 8.751345230643670092e-01
7.351884401027871663e-01 8.604609774796538879e-01
7.035655336008208582e-01 8.595603455716598340e-01
7.225362216972870399e-01 8.620039454697306924e-01
7.007591117134647218e-01 8.820086183280436698e-01
7.835272444995337038e-01 8.805644156656262656e-01
7.167901840587518336e-01 8.687319532449656601e-01
7.027912146361074974e-01 8.236726979993672648e-01
7.399524663259869905e-01 8.567030695247401795e-01
7.471240537677470428e-01 8.950022944592083141e-01
7.057407656074010660e-01 8.377238076598572114e-01
7.093511868718216373e-01 8.842034836701502254e-01
7.017883931393263941e-01 8.997418039542652846e-01
7.174733588492669956e-01 8.624719931477983215e-01
7.144632955791017093e-01 8.631173444088696689e-01
7.069503462429957974e-01 8.577665690671363308e-01
7.128177090821161688e-01 8.981937003944689968e-01
7.054093878466206613e-01 8.541931586618023431e-01
7.261756255253305481e-01 8.263514979998949350e-01
7.250131859617414687e-01 8.742564057493715790e-01
7.538653618124513400e-01 8.681168272901120808e-01
7.113718967851783148e-01 8.376419907064306392e-01
7.039384179983668721e-01 8.216369869156846528e-01
7.612355847783014440e-01 8.331744414829971301e-01
7.059041662900042979e-01 8.797976233812687674e-01
7.828467216563964604e-01 8.812302054993566003e-01
7.685999834271117770e-01 8.781793185110122746e-01
7.288194655359662155e-01 8.904058792940215961e-01
7.351074561483276204e-01 8.789773081846044001e-01
7.281292088738802182e-01 8.620399596097393369e-01
7.044055030301169529e-01 8.366316729528939788e-01
7.420958535023853830e-01 8.906600229612524622e-01
7.366323184773118093e-01 8.931345252029820880e-01
7.789861561035903437e-01 8.665760106245961047e-01
7.116975685522254347e-01 8.912281213901948052e-01
7.705446708573677750e-01 8.392583317991795244e-01
7.581878587937840308e-01 8.876860041748998453e-01
7.494197998640406144e-01 8.958441279084650155e-01
7.591910156719376968e-01 8.967046938582579063e-01
7.480307928940899131e-01 8.800885653491663518e-01
7.167121230620181471e-01 8.159678710349446140e-01
7.235478440955213086e-01 8.591303351478387640e-01
7.671820888747840073e-01 8.202394778523692809e-01
7.487918794962679092e-01 8.837910047319395002e-01
7.252086259064826068e-01 8.812775970300313899e-01
7.419599379827312990e-01 8.792344460872832945e-01
7.444883233190837668e-01 8.938829612684856540e-01
7.179509287420697827e-01 8.850499519866438236e-01
7.891264750739515055e-01 8.283073076918229249e-01
7.078000308517765626e-01 8.088600976735389469e-01
7.713822536157854959e-01 8.977493082208037878e-01
7.120510087234546148e-01 8.788972797859365693e-01
7.042120129406274076e-01 8.831215455192011898e-01
7.063215409873562223e-01 8.513848238176719985e-01
7.137416075965885565e-01 8.388051384435569746e-01
7.284592132596768854e-01 8.348267510537766833e-01
7.001388517821102164e-01 8.646646537623362549e-01
7.534295391780290174e-01 8.487002266764169800e-01
7.276625905976179531e-01 8.963508027086830587e-01
7.412073858086086764e-01 8.637079774150736577e-01
7.193840613541458984e-01 8.403195292980367714e-01
7.055269365273936222e-01 8.442149363828750364e-01
7.084917282204208355e-01 8.276989527921123635e-01
7.411063450924850748e-01 8.980675221165871358e-01
7.084753752692003470e-01 8.828794516682663129e-01
7.292182801611419851e-01 8.914007249907289765e-01
7.002982486398616757e-01 8.839268744811483725e-01
7.334844366317931907e-01 8.488516949553759350e-01
7.472697536946987240e-01 8.715150085421379256e-01
7.104649103995981374e-01 8.468665402710674472e-01
7.142990445567154456e-01 8.812463874263852803e-01
7.011229930962897816e-01 8.629340156004294826e-01
7.268296724181130264e-01 8.580922305546134776e-01
7.060964363881342409e-01 8.767256357731748606e-01
7.259038492115199581e-01 8.454581395227245277e-01
7.501452234274523789e-01 8.534496896444027092e-01
7.017927350760180261e-01 8.589438163755840350e-01
7.343916406096523408e-01 8.853136928508142933e-01
7.736408300072064037e-01 8.842281051070174369e-01
7.020328323763833644e-01 8.556218563730408899e-01
7.064512958043924762e-01 8.909035843829435919e-01
7.106207179613694969e-01 8.383159176240939647e-01
7.022492352747964350e-01 8.861385237287896510e-01
7.164446073593359054e-01 8.496677006764691287e-01
7.011943038660192196e-01 8.856461454962731850e-01
7.293419244978822658e-01 8.479560851377343500e-01
7.141864420890899900e-01 8.686285798430002369e-01
7.252673374736355871e-01 8.713251627124815046e-01
7.009677419440532020e-01 8.959875860839932038e-01
7.227857857621722282e-01 8.870956313506472846e-01
7.724412670369669165e-01 8.881193847287809362e-01
7.030829744774695911e-01 8.774024387142502768e-01
7.156405886009907791e-01 8.356792351283274245e-01
7.180729800511931327e-01 8.849555935495123649e-01
7.566416605570570608e-01 8.916597193554454126e-01
7.388221764753800658e-01 8.837579360442805454e-01
7.499411904011969998e-01 8.994575502308177484e-01
7.465697708462486482e-01 8.356648979859815363e-01
7.470674453326954234e-01 8.653572970249390206e-01
7.527574260459660715e-01 8.944943207933520046e-01
7.132661186280889742e-01 8.784816313757637385e-01
7.717135970346039597e-01 8.420091373952542924e-01
7.081118495530740464e-01 8.774404463916281038e-01
7.023502832333275991e-01 8.124612849905608059e-01
7.477762458495645914e-01 8.923770489714297760e-01
7.168264727538607994e-01 8.478829235137685938e-01
7.396057477857094220e-01 8.552645035760757519e-01
7.129986711423421664e-01 8.494126877830943112e-01
7.209644567363148182e-01 8.562646850500328366e-01
7.623602071521921042e-01 8.692719990236489336e-01
7.778522712773003889e-01 8.846284344599688598e-01
7.276336716572558982e-01 8.798451157349509444e-01
7.031770695354597756e-01 8.845101928588439133e-01
7.611838063827848222e-01 8.909835562353488614e-01
7.330407629297670535e-01 8.893592224795743295e-01
7.294763875987220203e-01 8.642565531192786255e-01
7.133381250090768955e-01 8.231699021364262681e-01
7.601197648287049136e-01 8.691204490909532066e-01
7.336577108603220543e-01 8.670584090694961610e-01
7.081322924424559018e-01 8.939712987922701082e-01
7.461856591462465715e-01 8.796573000108158791e-01
7.645260764529226982e-01 8.639734277403734453e-01
7.301757470403049677e-01 8.665347137249532761e-01
7.474573492708704858e-01 8.778018255459734132e-01
7.024011932567525429e-01 8.465055729227006776e-01
7.468746655542355395e-01 8.718222133589959011e-01
7.597822305014809707e-01 8.524273491541325409e-01
7.349303025553248769e-01 8.742636091191673398e-01
7.048193664173064699e-01 8.276620990529105493e-01
7.619931925741160184e-01 8.656370639945696333e-01
7.148566276816429310e-01 8.905419424588827404e-01
7.558378344036420504e-01 8.272286115812939045e-01
7.252379756401217126e-01 8.837604047394189699e-01
7.098616248146502050e-01 8.812007499617671158e-01
7.174684815030643037e-01 8.586807193917618264e-01
7.188132213120527192e-01 8.964395790355392801e-01
7.724412349763958296e-01 8.729940328204212063e-01
7.007574594802457035e-01 8.573406191985019076e-01
7.534415230150832699e-01 8.410388534853177056e-01
7.358866737874653063e-01 8.644748214737094649e-01
7.963934368518387208e-01 8.763761627440511681e-01
7.152730230680833801e-01 8.482102468253157612e-01
7.171121578356007831e-01 8.779220621499339572e-01
7.140460649570199436e-01 8.551371735582591338e-01
7.777643356988797052e-01 8.959182687860152150e-01
7.863727643258162647e-01 8.774456035210000948e-01
7.037074136197367658e-01 8.693894073173471515e-01
7.643985850413874683e-01 8.857541613806503289e-01
7.401861488311326509e-01 8.840824865839911340e-01
7.047789558901942364e-01 8.943189246177564167e-01
7.253997739643243126e-01 8.465129696620075084e-01
7.064563075129117742e-01 8.559154960829951087e-01
7.033648734882818054e-01 8.246648792547542905e-01
7.649024490989666525e-01 8.852244406654661280e-01
7.100653008536981226e-01 8.930208164085821076e-01
7.134456478586298500e-01 8.678599851996815495e-01
7.225685607488936402e-01 8.989783515973621686e-01
7.071071013479854894e-01 8.425599732123338903e-01
7.109843251351350979e-01 8.388281362933508456e-01
7.436935158596147399e-01 8.916985889135069510e-01
7.372276902923846631e-01 8.985045804751591314e-01
7.236206728211495021e-01 8.501044590180563132e-01
7.875355924118824236e-01 8.974952378546411369e-01
7.768783613010745714e-01 8.740184384157860809e-01
7.316774434799364624e-01 8.962751618086134409e-01
7.709845394374015282e-01 8.747996646009872368e-01
7.242634377121233147e-01 8.589103350742999243e-01
7.181920176510632192e-01 8.678270765635022199e-01
7.184457381798292630e-01 8.937411898461824489e-01
7.190325121389998797e-01 8.605642231655905583e-01
7.127938895701368960e-01 8.853244874850889623e-01
7.240643736472158754e-01 8.538582664625691265e-01
7.032759495681915052e-01 8.682602562366387167e-01
7.378133521788764471e-01 8.723460507170521794e-01
7.692181802490215548e-01 8.787010936551996609e-01
7.068368710197552307e-01 8.046906105063305059e-01
7.075802355709759350e-01 8.970357725866822118e-01
7.192569954997853898e-01 8.743988479642603728e-01
7.434663725555967773e-01 8.333543913535329528e-01
7.332859965158953219e-01 8.391936633306787963e-01
7.070728339563665532e-01 8.615302943505105393e-01
7.682191970745695375e-01 8.594517793804326011e-01
7.284675179846344939e-01 8.674564228735343052e-01
7.497607949833743346e-01 8.984560787268606186e-01
7.351898855799969823e-01 8.782168431598480485e-01
7.602274669293577203e-01 8.502149285859388339e-01
7.940443629686901872e-01 8.917465200067837827e-01
7.645442350940636622e-01 8.844504928103311681e-01
7.373559756915402108e-01 8.611498135554689348e-01
7.760213890540132997e-01 8.974847265899883464e-01
7.890811838189821792e-01 8.818617559824384333e-01
7.363044864798995448e-01 8.416559691476397376e-01
7.194571125888599150e-01 8.851945773465442757e-01
7.226845956965123330e-01 8.967421793848558975e-01
7.153367157116070629e-01 8.519010982883232774e-01
7.214679785689617209e-01 8.950242437936639650e-01
7.471810946760982786e-01 8.749566735885803137e-01
7.010622121772633886e-01 8.914643551666050492e-01
7.600221244761663497e-01 8.448370270458812614e-01
7.218089726195492384e-01 8.853150786694894414e-01
7.709200190353527882e-01 8.690202167043019621e-01
7.608784208109750091e-01 8.578152727749762674e-01
7.026502420938246507e-01 8.626661425690931306e-01
7.080132613125680319e-01 8.894756616188885801e-01
7.100903094143120597e-01 8.822564311356948519e-01
7.143726108499712790e-01 8.494540741150545804e-01
7.202679298186782653e-01 8.249892604691173581e-01
7.566039808316783466e-01 8.885067241866055898e-01
7.000402959881005804e-01 8.608500258027822483e-01
7.151614414673023168e-01 8.585325643456835909e-01
7.055240945653289408e-01 8.670709843248352033e-01
7.261860716930441662e-01 8.374825033209697400e-01
7.587293995080006681e-01 8.966147505209588475e-01
7.004519159531853445e-01 8.956216170735452620e-01
7.162980954133295608e-01 8.281811159757851426e-01
7.453206517570943879e-01 8.826317056357300128e-01
7.240980579904440217e-01 8.977839024666982581e-01
7.188739087053581667e-01 8.680881809010193573e-01
7.334814476042997855e-01 8.600911416431881173e-01
7.172283227743967426e-01 8.241786136305321309e-01
7.005115007990398990e-01 8.880506048597955893e-01
7.913435819940407567e-01 8.947646216063088742e-01
7.232402343427055680e-01 8.921610588631441185e-01
7.126233573727769333e-01 8.755305616802190327e-01
7.384168646106142875e-01 8.956249453041764674e-01
7.748920524111240216e-01 8.009471266564793801e-01
7.207197778523707354e-01 8.691022649991720916e-01
7.188111198263370527e-01 8.580813942832923313e-01
7.168513853688383008e-01 8.908686414104829421e-01
7.570319174180987210e-01 8.656509023766618682e-01
7.333418959778198465e-01 8.697315891956277634e-01
7.067908746644094853e-01 8.782192076288588556e-01
7.627645046602549161e-01 8.717034345030656439e-01
7.109793813947478114e-01 8.743615361763767968e-01
7.305885714609332560e-01 8.793363936888549670e-01
7.068957094051597778e-01 8.961263319164155527e-01
7.065094075035602827e-01 8.985118977084838310e-01
7.001887668592751135e-01 8.982084797761220596e-01
7.041347558158901343e-01 8.848633686917924956e-01
7.387866115787984356e-01 8.779489308454688778e-01
7.173736763644034120e-01 8.722275720971665036e-01
7.334099304576486844e-01 8.936250557757732249e-01
7.073051941135179987e-01 8.680312874235234233e-01
7.403095796029296460e-01 8.616243722577512365e-01
7.146391190072746147e-01 8.564501770396465430e-01
7.389982731088626799e-01 8.625112400242725963e-01
7.316831740358417102e-01 8.550587394314291823e-01
7.013344941239318953e-01 8.755322612270901583e-01
7.173133843939150101e-01 8.906795110680855165e-01
7.866128935321513582e-01 8.447459296375541271e-01
7.098035318510634850e-01 8.926855640613139409e-01
7.048024661260010593e-01 8.967237328878261415e-01
7.088207965453915405e-01 8.581341786832967777e-01
7.755916175492820752e-01 8.987591571892500353e-01
7.225873782358596120e-01 8.472962169843190061e-01
7.095006835494430675e-01 8.220246622929284763e-01
7.131597270286350598e-01 8.850187489686924813e-01
7.446661608265970900e-01 8.919413001690984499e-01
7.896649679138372235e-01 8.806085955967188905e-01
7.213558071924670578e-01 8.841041586661969598e-01
7.079228631851113285e-01 8.860332042496530391e-01
7.715907300129380975e-01 8.444864764010224789e-01
7.229931909894022901e-01 8.920792387952570790e-01
7.128229390705339563e-01 8.330148721445980176e-01
7.143308812097071137e-01 8.999448556611562289e-01
7.228133561008879271e-01 8.839679985014204933e-01
7.224416094634891206e-01 8.551866712050329999e-01
7.255413829902763734e-01 8.992795169492635576e-01
7.531240605214807315e-01 8.467160127449144813e-01
7.203188714389685554e-01 8.593306959912563325e-01
7.628531393679649497e-01 8.563054615332007513e-01
7.457547873414963613e-01 8.888710128901735619e-01
7.195411937162332627e-01 8.774889108267265314e-01
7.107544652498328785e-01 8.884110399963532911e-01
7.700671641896704722e-01 8.428683928609618237e-01
7.464256646852081012e-01 8.893384511825692673e-01
7.498684077451349683e-01 8.274124574927037568e-01
7.059867576381486654e-01 8.845258457707205757e-01
7.361765681096522629e-01 8.968428269970284417e-01
7.056858092513986769e-01 8.801000407356873723e-01
7.376899297367698338e-01 8.993355430819485186e-01
7.153548375391002301e-01 8.965284602486751631e-01
7.235964519276349982e-01 8.287701648895233753e-01
7.210343501122284948e-01 8.649765366545589806e-01
7.913436962793121143e-01 8.690602065546596533e-01
7.341462826523101892e-01 8.946215114334518104e-01
7.960296044915201596e-01 8.350948528046944208e-01
7.973230332080752936e-01 8.439622661428931583e-01
7.802294706003130020e-01 8.736161481082844738e-01
7.838509712280311570e-01 8.009447606563535604e-01
7.290267725857086933e-01 8.263112437911873664e-01
7.891070426774894342e-01 8.197702517407154943e-01
7.074313407517439645e-01 8.258889852498024764e-01
7.042912134975235494e-01 8.076442767672195044e-01
7.513349910058808589e-01 8.461468772019539175e-01
7.944032012638753137e-01 8.833140232266126768e-01
7.619383572775032532e-01 8.012660336564242369e-01
7.379555633255363567e-01 8.534368963818599330e-01
7.368979161592310589e-01 8.601041347429356776e-01
7.440443031348996650e-01 8.845311649402596288e-01
7.803109103645131661e-01 8.131042957914005331e-01
7.888870300628746390e-01 8.631643114051092969e-01
7.862145481028949279e-01 8.026330858020522818e-01
7.901490378149553795e-01 8.217864115444477591e-01
7.356265501136333151e-01 8.182920244408573573e-01
7.068559555692367491e-01 8.541978478869446390e-01
7.307769994530775026e-01 8.303896635823585504e-01
7.163345319998623006e-01 8.133208451281461748e-01
7.630201016591778851e-01 8.880266131495259119e-01
7.749446980329323109e-01 8.554063186510743044e-01
7.309663170414699707e-01 8.188527175203889064e-01
7.596087830220746850e-01 8.430897204233672726e-01
7.856293541858856422e-01 8.228886124693434168e-01
7.253012381917207652e-01 8.145858884366262709e-01
7.816694482854449344e-01 8.074034015935951381e-01
7.604327525555082401e-01 8.906111070069000490e-01
7.352713878808708747e-01 8.251634079536037669e-01
7.915148982966966340e-01 8.667754378103968982e-01
7.394972788110882878e-01 8.529720722904856611e-01
7.360578894237789216e-01 8.255039936879851048e-01
7.554735973690287487e-01 8.350600644401208195e-01
7.630180625893219215e-01 8.007146774634307240e-01
7.901691048167128750e-01 8.959826624155708963e-01
7.801929595918090099e-01 8.076937598145662589e-01
7.493081644602759273e-01 8.151730995962988002e-01
7.966141907281362178e-01 8.593907473681576814e-01
7.823567293550608426e-01 8.248038076788886119e-01
7.805730181966744619e-01 8.947298960449732164e-01
7.178108316683026180e-01 8.536503924978924296e-01
7.517306503863839806e-01 8.373844826353228354e-01
7.629976304278029975e-01 8.468798228877922885e-01
7.448489566151846875e-01 8.171687891660233127e-01
7.935274067271401721e-01 8.550563562025432773e-01
7.752520275418469664e-01 8.247846792274173833e-01
7.015604116043560046e-01 8.411299257050844913e-01
7.390815338575956739e-01 8.144316166074770935e-01
7.578006244668415992e-01 8.649900163681707443e-01
7.097043094090424997e-01 8.758049368057813089e-01
7.176396493455055037e-01 8.197154376873343473e-01
7.289359032951291395e-01 8.943354916050789694e-01
7.555039209774182529e-01 8.086983330390159486e-01
7.710401920330366421e-01 8.224726738010466054e-01
7.924775805555136499e-01 8.659569645713327546e-01
7.875473036511593250e-01 8.033216896892706460e-01
7.459661857172715793e-01 8.125706889078384565e-01
7.465766861760371187e-01 8.437165992093879074e-01
7.491466221732449027e-01 8.045138402184798254e-01
7.538819933521607730e-01 8.409018871943201301e-01
7.386491119947169448e-01 8.729970151236646769e-01
7.348057311854117035e-01 8.109728314056779963e-01
7.834694609310101088e-01 8.774680902823382977e-01
7.994885586056346138e-01 8.908718815477890685e-01
7.966318775751912717e-01 8.023779859340695042e-01
7.400606103433924332e-01 8.203071732803662863e-01
7.539070415712484374e-01 8.113410334681755431e-01
7.615929662800663413e-01 8.029089953606387553e-01
7.619281666373550754e-01 8.877361666711818255e-01
7.761736950990911765e-01 8.970178722636481528e-01
7.947830488163607487e-01 8.451819856789368757e-01
7.638631746868000949e-01 8.344429192559990049e-01
7.837017308284675021e-01 8.534749867074596930e-01
7.998514894985739865e-01 8.835890666405035176e-01
7.560163781416839868e-01 8.201631102963191644e-01
7.781962379669257190e-01 8.567310490531996336e-01
7.266173760049431385e-01 8.381749354205877411e-01
7.527857981551649980e-01 8.321369244308194357e-01
7.388278849444959162e-01 8.694188774043462020e-01
7.671485467903518263e-01 8.752820779910336357e-01
7.691196709752224914e-01 8.816252928281704815e-01
7.458900492599456200e-01 8.518990204531561306e-01
7.449270758524855207e-01 8.201181050025512231e-01
7.603106446201164381e-01 8.202549205849309910e-01
7.127634078655943339e-01 8.281277808342598634e-01
7.929120320220797158e-01 8.488797562242303973e-01
7.035709868213186891e-01 8.783209535021415659e-01
7.478979577251694266e-01 8.057969558925162090e-01
7.917814887269916113e-01 8.186075546468879471e-01
7.506179913818257221e-01 8.535398753374016101e-01
7.631464800385412417e-01 8.425683752095871615e-01
7.399015954766384739e-01 8.969452772275927632e-01
7.434324167866079858e-01 8.333918035894642973e-01
7.772667019700220115e-01 8.376095414712204645e-01
7.712056877188773196e-01 8.371548382644216080e-01
7.488944587058748992e-01 8.479926582324581741e-01
7.989331290211910686e-01 8.411313304567330507e-01
7.317807008362730015e-01 8.815296509307193329e-01
7.146620694744132418e-01 8.108360403250410853e-01
7.106619779590469532e-01 8.384367557889421674e-01
7.458508336971201302e-01 8.691172840208812866e-01
7.439582734517324880e-01 8.159846233602356946e-01
7.732743049591374040e-01 8.836479390735583195e-01
7.860692041921659712e-01 8.443119896626967158e-01
7.269975916011001127e-01 8.034794579528581338e-01
7.640987055376740056e-01 8.191641884913271054e-01
7.993251392964637603e-01 8.325921131166259537e-01
7.867006595828824889e-01 8.554315082664286640e-01
7.354836643916609074e-01 8.767042965956352019e-01
7.606758032255804824e-01 8.077341311586331285e-01
7.984892430213059722e-01 8.832251558614587772e-01
7.727377650173397061e-01 8.774812337022890318e-01
7.679953943083107637e-01 8.086923920805452193e-01
7.181307945754107358e-01 8.161064564719363590e-01
7.640056099456653538e-01 8.458293076530828403e-01
7.397553572905948283e-01 8.645849734427848432e-01
7.621207026128640205e-01 8.044085004934317107e-01
7.179035934130127972e-01 8.475225180603401798e-01
7.498962511886411164e-01 8.808450391310818084e-01
7.578086892638759009e-01 8.523273707937535359e-01
7.770915327536432882e-01 8.288505258289585731e-01
7.010009522056180886e-01 8.855421972787537177e-01
7.188911337820846903e-01 8.210432982470484697e-01
7.683055520276785844e-01 8.363844840897267652e-01
7.334285329846782497e-01 8.348052001082013618e-01
7.893585506275979657e-01 8.283253932399232689e-01
7.229907958840486870e-01 8.000489294441047727e-01
7.805340377605382018e-01 8.903918197676204960e-01
7.794929797487443190e-01 8.462227954072573111e-01
7.582487801149128126e-01 8.294223322899352269e-01
7.709270107021688467e-01 8.102264404641756901e-01
7.724544349060924464e-01 8.557238416838247597e-01
7.644053523257041682e-01 8.781371452760050600e-01
7.574771761035622442e-01 8.129031471950135534e-01
7.865446656747082654e-01 8.824059347519896956e-01
7.647244599925140385e-01 8.200843532174022510e-01
7.693086285519930012e-01 8.820454151733462256e-01
7.727090453183843577e-01 8.045610603854217446e-01
7.101667358096688254e-01 8.596894934022042412e-01
7.532787668252035607e-01 8.684776356485343074e-01
7.447597505605091373e-01 8.883797193366658185e-01
7.712661544336056885e-01 8.488345478264788246e-01
7.666097502274954456e-01 8.902574141855433831e-01
7.755143431217986771e-01 8.096735112031737680e-01
7.678154955449868480e-01 8.560061171973153415e-01
7.290869084850272186e-01 8.062912376304937068e-01
7.205061222420845457e-01 8.693552220560013533e-01
7.173178842934860855e-01 8.411044440698254299e-01
7.726498628923292866e-01 8.386212150368151930e-01
7.846511050472391169e-01 8.340049654660718348e-01
7.764457312582435655e-01 8.862545548550073704e-01
7.776115349019452339e-01 8.009115651370217748e-01
7.069666085745885953e-01 8.679956870606180264e-01
7.999898424054112667e-01 8.604905385641724580e-01
7.626856438431792728e-01 8.757387605320607893e-01
7.892974482125096891e-01 8.676996831605250371e-01
7.966227458412570295e-01 8.661985373029089663e-01
7.139486757174485776e-01 8.541889553579656846e-01
7.408954266529479415e-01 8.321675963927538389e-01
7.731956716494284843e-01 8.989341064857268027e-01
7.666022681920451332e-01 8.137730064149473197e-01
7.994302547601626063e-01 8.497410904920333907e-01
7.879275950011511709e-01 8.387885237357471935e-01
7.930308607570427659e-01 8.057555993966158958e-01
7.039199118648590270e-01 8.405760218267046557e-01
7.008150833624309239e-01 8.534497197274442115e-01
7.167439905783772325e-01 8.195162660223935802e-01
7.577122927042212464e-01 8.429509904288113864e-01
7.046861392841365923e-01 8.339400326842779654e-01
7.283595772552576841e-01 8.338345027492019002e-01
7.093169285783320621e-01 8.208036000650126285e-01
7.518621193706616079e-01 8.195914787209759300e-01
7.099026256749521036e-01 8.125642858498308696e-01
7.121114541623947414e-01 8.804572307790387020e-01
7.371210820953369991e-01 8.185665018874339616e-01
7.575074139728986689e-01 8.423533765577548849e-01
7.091219788401866841e-01 8.580651513074778469e-01
7.830677691723990641e-01 8.644276860344047853e-01
7.448836839121305564e-01 8.347976134772853163e-01
7.011916872837186121e-01 8.672713094305910531e-01
7.345025319283632337e-01 8.031588809441124743e-01
7.973117443493245027e-01 8.511789468638408795e-01
7.918924944541267941e-01 8.278914487606634509e-01
7.310415115605390923e-01 8.383571797741690146e-01
7.834891424189278641e-01 8.292556023188798475e-01
7.041231052539096424e-01 8.809977782084708053e-01
7.472030846017022609e-01 8.621155256384813725e-01
7.159074534352969366e-01 8.697300761360916566e-01
7.873519267075629324e-01 8.353290352693747423e-01
7.566981592215763497e-01 8.975276472255072635e-01
7.079586367291670346e-01 8.793357748382477634e-01
7.566606974968369537e-01 8.697110498056639383e-01
7.701832616717041446e-01 8.336639767512162846e-01
7.807362790901103411e-01 8.486087275338726199e-01
7.099879195224796380e-01 8.039707326946059496e-01
7.082938057406338306e-01 8.368357067132708993e-01
7.498249299038212135e-01 8.248677340582414308e-01
7.973861301427083159e-01 8.764055489249192865e-01
7.156869338619625820e-01 8.038527394549218608e-01
7.760389617812438745e-01 8.428495613530996300e-01
7.922647336795112238e-01 8.923211376518724869e-01
7.832974867800686081e-01 8.928014818051384083e-01
7.179440161484119676e-01 8.116722302590143601e-01
7.417474904883047948e-01 8.131801448414998079e-01
7.950573967486274096e-01 8.046358799509425452e-01
7.920740652929539882e-01 8.682669821682144073e-01
7.699233529117717190e-01 8.336619627351885553e-01
7.063503089348096564e-01 8.640504455968603947e-01
7.073893584670714052e-01 8.634493576099773193e-01
7.797300587510269665e-01 8.141296876555541573e-01
7.136310869707772619e-01 8.252915243696316017e-01
7.393297895251471630e-01 8.642446928207011547e-01
7.111959559677056841e-01 8.426004413525844949e-01
7.017111198997105781e-01 8.011422905324678823e-01
7.973427284507241808e-01 8.714592346399820944e-01
7.511296280587550500e-01 8.626354340743572768e-01
7.551982094279011681e-01 8.152524047114780847e-01
7.650800590162282200e-01 8.849017067673429215e-01
7.008845478739534895e-01 8.777362075936210317e-01
