8.645230264207810489e-01 8.419347386346759388e-02
8.541073164378887306e-01 5.060247575297746603e-02
8.548264581756886971e-01 9.231892225386625905e-02
8.349096245519007642e-01 2.164379595167242876e-02
8.853128550067823621e-01 9.606615511705615673e-02
8.377590088807311819e-01 2.638974547617395361e-02
8.202202504032805042e-01 3.546484041305825174e-02
8.965265279203606941e-01 9.061226937477281917e-02
8.733552899859972074e-01 2.343826790640934910e-02
8.913678755417480115e-01 7.170181293093880193e-03
8.001861288978198150e-01 2.714429215108443705e-02
8.062668777970921630e-01 8.682975047405905311e-02
8.142636191625389763e-01 3.516195237790736838e-02
8.542771728258836683e-01 4.580402208623321481e-02
8.914812541349643737e-01 5.242448053620066273e-02
8.768176144490477109e-01 1.522855686749358117e-02
8.440304234706366149e-01 3.659612289875502356e-02
8.184280259518155187e-01 3.307614418621418473e-02
8.478642018948044923e-01 5.970144294506823934e-02
8.667811378417825674e-01 3.209121790072116953e-02
8.043346444796020123e-01 3.816544091438422992e-02
8.232905033922243154e-01 7.424967259200299097e-02
8.446148032869893463e-01 1.254653983677189721e-03
8.434980234241201691e-01 3.788902987139791678e-02
8.696316618523716180e-01 2.098614038640261859e-02
8.676624559434934492e-01 5.299843950909211010e-02
8.174810476958824790e-01 6.922569755357599330e-03
8.160472893570935859e-01 7.641413184981027396e-02
8.905440623630964669e-01 9.477814467099976437e-02
8.675943595388947438e-01 9.601549929839528486e-02
8.479725793826073943e-01 8.970207587380818470e-03
8.478356564803177786e-01 9.245673195670894851e-02
8.555166154317348504e-01 9.594225758322630360e-02
8.523056419251245908e-01 6.163155945448878237e-02
8.389518387075785011e-01 2.507631515238495368e-02
8.559889018107962322e-01 5.002781910777889807e-02
8.689820403030984464e-01 2.558705172512831805e-02
8.962479663802830343e-01 2.679592059216562294e-02
8.478623248264730572e-01 3.975698965184532030e-02
8.588106001139712564e-01 3.535046212664472165e-02
8.985983077509044348e-01 5.453573451293819430e-02
8.916587496667147672e-01 5.769400810628741438e-02
8.272327989112367996e-01 2.843906680066016213e-02
8.902417646802631701e-01 7.919927010749625018e-02
8.487262862977800193e-01 7.682873275168414229e-02
8.540738280637975022e-01 1.415004145804427127e-02
8.984557285111315350e-01 1.977250404266234218e-02
8.076477928881437007e-01 9.446267226826901564e-02
8.751972460840363732e-01 5.381858617907306352e-02
8.821649485376328315e-01 4.584710221547852460e-02
8.563819060215623891e-01 8.363978062880064734e-02
8.969839183450232234e-01 4.850481251209917688e-02
8.136452089072268024e-01 4.672636349461467553e-02
8.960101997666185536e-01 7.764309993052354031e-02
8.214514692372144600e-01 5.949121170873336584e-02
8.971071121995413122e-01 6.263151595382587811e-02
8.263174378104081175e-01 8.794221132548751818e-02
8.861682082292666740e-01 1.312192155431013418e-02
8.164546063618266514e-01 9.986301456421317613e-02
8.324298698628511683e-01 7.745550660524350151e-02
8.747041339347108035e-01 3.342665289083818214e-02
8.321137052960039249e-01 1.652230016785599664e-02
8.743623211318654054e-01 3.918888748046966963e-02
8.011231637459295118e-01 9.399770654518277424e-02
8.027535577961890656e-01 8.478690999781970938e-02
8.586156247089568039e-01 3.502408871260975776e-02
8.083445110597031746e-01 4.840330719478391774e-02
8.621663805462078667e-01 8.062578714071438890e-02
8.014526794295632195e-01 8.731846095504269822e-02
8.409799554760849505e-01 3.982114020901567075e-02
8.353155554884554856e-01 1.650700800751203623e-02
8.156949499214625199e-01 8.359858698862868143e-02
8.746255338967026116e-01 9.908010810413725444e-02
8.304764860403057725e-01 4.892936515762502658e-03
8.264645186428931645e-01 3.314485956168089498e-02
8.009314160825592444e-01 4.032230318451868190e-02
8.012841194495360364e-01 7.129000218886885620e-02
8.445099678969394397e-01 4.828023516099666512e-02
8.700833422442832976e-01 1.136785384643601571e-02
8.349358214245984344e-01 8.174839474037773335e-02
8.912909569960945078e-01 9.561571343432995196e-02
8.459277555613032851e-01 9.508123752360253533e-02
8.932905943479485522e-01 6.622210790268520664e-02
8.772616239551388473e-01 7.635840399624732600e-02
8.127358090418087544e-01 3.558689361577438426e-04
8.095518587688104173e-01 6.294486302040894210e-02
8.897013043633245077e-01 9.334364005849024593e-02
8.231199466888261540e-01 7.760015772228212594e-02
8.252493852429392263e-01 3.915061016145637840e-03
8.187168746315457435e-01 2.810891769184581390e-02
8.207827091584231072e-01 4.192643338600465786e-02
8.271528849068192635e-01 4.475026992514730129e-02
8.921275008462239420e-01 3.676855652079280556e-02
8.248259110799155414e-01 2.912309304307569846e-02
8.905128015459288227e-01 7.099834578974453803e-02
8.536183630106667364e-01 8.743520350954453457e-02
8.525323951084016194e-01 2.194603745163070663e-02
8.804278214377952994e-01 1.142138628608152517e-02
8.166661758004619687e-01 6.928440792369947032e-02
8.351119598026400803e-01 5.660257479113217638e-02
8.678784738619211847e-01 5.478477131812067857e-02
8.936244363543492941e-01 3.712715960047535679e-02
8.217234843928219457e-01 5.156305914578995786e-03
8.150913833305736267e-01 9.974853762872251672e-02
8.588664748970389340e-01 5.580565790670014015e-02
8.258508411501224167e-01 9.654597685610366575e-02
8.854605774221349090e-01 5.413487946329972877e-02
8.158189081108486729e-01 8.824184215115540852e-02
8.251022611711569255e-01 5.441506257320766204e-02
8.244918393240355803e-01 8.529779322231004213e-02
8.655202609090918431e-01 7.062418534120909475e-02
8.813945659099661212e-01 9.783377113256436219e-02
8.287181560936611735e-01 7.329408215123556225e-02
8.629741008639820743e-01 4.893169839484007300e-02
8.030625186478768107e-01 7.049448648487849356e-02
8.890794754766038199e-01 9.250508751717370637e-02
8.025506680033325235e-01 9.080660343688617964e-02
8.954616328917019974e-01 1.321113147844032998e-02
8.284742267878359989e-01 8.017515026154709012e-02
8.365067857416135233e-01 1.301367150507659609e-03
8.230217400753641055e-01 5.811974393584173892e-02
8.001698371317329528e-01 9.787300484308444903e-02
8.198660819552361367e-01 1.833420701850174694e-02
8.495164281236959880e-01 5.929578738293275753e-02
8.755280953310955461e-01 2.579141736197276824e-02
8.039409973144306942e-01 6.765273495934973069e-02
8.131693222951007494e-01 3.394601454798135132e-02
8.498900031583613845e-01 1.297735544917200112e-02
8.233672076320435185e-01 4.855189146357780094e-02
8.827211128634407933e-01 8.823076083707703798e-02
8.876609397502148724e-01 8.355536699021420821e-02
8.636821391251154889e-01 4.798165829998823906e-02
8.097085911825863125e-01 2.229577811605648607e-02
8.187312113242405376e-01 5.330128485448729081e-02
8.254695253809296585e-01 4.251847691127963458e-03
8.955647779429163347e-01 9.879475078943378286e-02
8.948254328040896599e-01 4.776756052558650545e-02
8.661910975104872845e-01 3.158663288723273510e-02
8.005008153493790024e-01 8.026575258970158888e-03
8.649079006207103237e-01 2.344872330511937886e-02
8.750019169926617213e-01 7.480563918310426108e-02
8.743004500166133841e-01 4.906000422190823218e-02
8.617273367924676020e-01 8.319062411218824948e-03
8.185313579909609949e-01 7.281726352273698577e-03
8.802174912342145552e-01 4.116185636209324095e-02
8.089927126641694999e-01 8.685603473971509336e-02
8.776214892672521417e-01 7.572209158194587175e-02
8.858758004721953849e-01 9.508649719374734355e-02
8.522113084226659030e-01 2.163177378561931263e-02
8.043715426066689878e-01 3.994305214514937141e-03
8.329816759265651349e-01 9.748171695609778031e-02
8.207796901321696703e-01 9.946093362070398958e-02
8.185860367338764210e-01 3.161529379173655396e-02
8.724054079173829690e-01 7.866153227422234551e-03
8.474176195430140890e-01 7.029436454117488076e-02
8.779578739848207247e-01 3.864830705987454262e-02
8.973310213001578495e-01 7.560019511358376243e-02
8.085462475361310242e-01 2.146806553056002098e-02
8.626178396960062500e-01 9.401354057024408073e-02
8.328380253904108521e-01 9.352793993340219325e-02
8.758216979987070161e-01 3.559180864102173825e-02
8.503112259805597484e-01 7.680347189664055163e-02
8.074602894552770360e-01 6.961915499017784503e-02
8.850904638981182959e-01 2.269538934854475887e-02
8.479905217338488121e-01 4.443920430707468117e-02
8.892391782068209682e-01 9.764628786265938665e-03
8.397517029417146395e-01 2.896250469376526748e-02
8.441128178092131007e-01 5.581243510384040207e-02
8.322699280061398586e-01 7.561183390230122314e-02
8.523516511215296632e-01 3.969704063569512442e-02
8.030685778324967439e-01 3.401408886965107126e-03
8.244839793158695862e-01 4.088851381346098046e-02
8.152149365631118361e-01 5.520202460854736759e-02
8.480802401730305196e-01 9.405434961033126706e-02
8.535680554164922773e-01 8.473395157616980811e-02
8.541709208258465580e-01 1.097178379037555551e-02
8.668941039968004469e-01 4.365778340500248156e-02
8.317712553361263916e-01 9.237046176265722996e-02
8.371967050209991879e-01 5.568294429841869064e-02
8.488349823218264145e-01 4.557217674076552427e-02
8.341062678865661661e-01 9.779065399038747164e-02
8.003485088819125570e-01 6.627706097332225488e-02
8.139508136061845978e-01 9.123130247221603040e-02
8.638456366284421595e-01 4.678072425087947961e-02
8.979442617153228223e-01 5.767102830787287915e-02
8.943691513229397039e-01 7.428207500105446504e-02
8.768352558298004862e-01 6.060320376464442549e-02
8.585786774808288335e-01 1.392397158999636453e-03
8.749513713435617124e-01 8.780849079987015915e-02
8.650007145240763418e-01 5.169238637558365435e-02
8.376953368443214032e-01 7.720533772933779737e-02
8.418367870469219971e-01 9.192727267923309076e-02
8.099390896443732224e-01 1.017785714891888960e-02
8.087844232403572642e-01 9.609335987469541651e-02
8.740026709945446504e-01 5.958133292930656300e-03
8.831949903451723483e-01 1.774287735498375485e-02
8.271552198158689251e-01 6.577594940510431143e-02
8.266908105216218550e-01 9.726100067086790313e-02
8.442882027403051381e-01 7.856147573262231565e-02
8.471128786622339479e-01 3.408899664812337083e-03
8.123056566539860190e-01 1.548842477302925236e-02
8.116747542263300641e-01 1.384413927726185767e-02
8.159117171215284348e-01 6.075421647645024015e-02
8.041683233977815481e-01 8.173365737912877127e-02
8.396739618673106920e-01 8.220382220955160801e-02
8.794478752977122893e-01 9.124481569674952608e-02
8.363336574935171797e-01 8.795854817143475279e-02
8.980862817378874041e-01 7.762904973275711051e-02
8.884569528541428340e-01 6.930266567883433537e-02
8.226539757058475288e-01 8.987667363876136739e-02
8.213796459377755710e-01 1.101685602490448668e-02
8.883501699888404213e-01 1.115050068417533513e-02
8.862800960627437163e-01 4.679539550823294536e-02
8.962870735399909305e-01 3.897721418478006239e-02
8.774303719043476946e-01 7.140784973312441775e-02
8.963033374551901966e-01 3.211855314358263991e-02
8.727087228198441293e-01 8.167053234016616314e-02
8.006557424541549395e-01 4.344370347242837438e-02
8.524389192916599356e-01 9.730919178360095123e-02
8.977885647898870003e-01 6.092215488223426401e-02
8.310254553503846342e-01 1.497593827666821031e-02
8.981298285715894059e-01 2.974068463952644903e-02
8.137083805795966018e-01 8.763275790952448907e-02
8.661229144841832150e-01 4.923022884941746780e-02
8.176455105951369040e-01 3.428121385885046779e-02
8.353048647472005594e-01 3.763662456289540437e-02
8.297935452156129932e-01 2.522843928928097945e-02
8.877659385054457175e-01 3.039949033573241532e-02
8.598126670262172810e-01 8.871036624211711685e-02
8.914197541024078131e-01 6.359232187236102396e-02
8.582393461814148417e-01 8.037552715153795102e-02
8.375921127860480597e-01 9.740727488080741514e-02
8.160818747990528088e-01 2.241401484380223241e-02
8.911453384725384064e-01 1.921436703258955214e-02
8.510275205569657331e-01 9.975228439884095688e-02
8.880769950132497703e-01 5.959617295675956328e-02
8.771122637062005456e-01 2.557694677745137035e-03
8.605249229941411837e-01 9.300028305042140619e-02
8.114706678206575763e-01 8.940366271709743184e-02
8.741811133874995976e-01 7.049423754145667242e-02
8.036156343774311095e-01 8.529860634244326723e-02
8.118408420072440457e-01 6.331105731725811259e-02
8.305138768349299427e-01 5.041694735628382551e-02
8.049310967968124064e-01 2.750209419166615987e-02
8.906681287551536652e-01 2.609101695706289581e-02
8.949225830336297038e-01 9.598004660854414505e-02
8.006217326291581449e-01 6.526140215059769711e-02
8.176919785463443446e-01 7.815189331336677703e-02
8.861779315566941095e-01 9.134606105650802665e-02
8.047920533361501150e-01 5.732987449940016300e-02
8.409818217803283202e-01 7.160110014695017511e-02
8.569144529665091436e-01 8.206640241246673795e-02
8.314573870273503919e-01 9.216862334984696203e-02
8.263943875535384453e-01 7.283480622470894783e-02
8.847056842074568772e-01 4.236248716120599722e-02
8.958060171009145645e-01 2.300943940790611819e-04
8.690456240895930717e-01 3.644366308730800919e-02
8.386416609966247382e-01 8.451205528663011113e-02
8.223571798650676223e-01 3.662692165491354679e-02
8.432226121564517785e-01 7.414806390164896399e-02
8.207003359114478647e-01 6.450187792017425537e-02
8.656653668584500805e-01 3.276934272736026221e-02
8.384946834316248099e-01 2.460477246750802927e-02
8.455140125150906183e-01 4.245743465053997134e-02
8.026566513661829161e-01 4.728523854205735066e-02
8.644685308794919365e-01 7.493950447654509905e-02
8.056832745920614602e-01 5.886945844170249353e-02
8.211404176633035901e-01 3.078278092965625046e-03
8.374928739496549923e-01 1.814170452120544841e-02
8.666743500021623081e-01 9.725449516040438058e-02
8.290697589620704688e-01 8.074217022649832209e-02
8.059277359139842556e-01 7.257337996193954921e-02
8.400487226817335840e-01 8.677406388282790650e-02
8.714660179486781733e-01 4.440839763524945250e-02
8.240365485124824252e-01 9.863626659492774618e-02
8.471605441886886911e-01 8.855689142559908245e-02
8.582508338224311695e-01 1.286998584793846989e-02
8.904079259425768944e-01 8.332793346780911770e-02
8.417415236770201536e-01 8.822638466943275026e-02
8.475307312576592089e-01 3.575733825914123587e-02
8.781933344828816157e-01 6.223732113079114003e-02
8.800494773344692545e-01 4.691807269459546959e-02
8.796839358672958742e-01 1.385073503622691327e-02
8.641948059699400275e-01 8.883258022431611556e-02
8.358641116418907835e-01 7.654203998182262936e-02
8.065686335841703025e-01 2.914647917288637480e-02
8.448842021154137072e-01 7.503936028499844091e-02
8.119716915180853478e-01 4.349445102671667396e-02
8.892081533612287148e-01 7.968377909228324674e-02
8.123942482835972978e-01 9.167806933187452878e-02
8.462471104264536192e-01 9.730948280934989536e-02
8.964497948892200530e-01 2.414674596071242352e-02
8.446526922921393510e-01 4.604828494371340786e-02
8.195584128308027738e-01 6.583513158479534222e-02
8.379590602366703278e-01 7.998503005614246431e-02
8.139235365547614620e-01 9.621297717291671381e-02
8.849947926449113211e-01 5.596225718510416947e-02
8.828860342351861901e-01 1.229742916723064461e-02
8.328938477252145756e-01 8.183667728123986129e-02
8.782667286388544658e-01 4.767250264458924858e-02
8.794961350401078182e-01 7.014743070285142656e-02
8.950365499416044202e-01 4.143242908289190840e-02
8.304601119163022016e-01 2.378218331284498444e-02
8.976975703324819866e-01 7.318607524154824295e-02
8.626845231067920006e-01 5.169593745154837938e-02
8.385256115540788979e-01 9.250793148003097488e-02
8.166017605632901466e-01 7.556492728502997580e-02
8.494985763013944702e-01 8.063355751960074591e-02
8.141541495311176435e-01 8.965839449532625460e-02
8.228025103394616124e-01 7.591830217496933764e-02
8.905783033193885867e-01 2.657084231657402817e-02
8.413022296868383210e-01 1.931639432910597920e-02
8.697626815810406420e-01 7.206027016060809198e-02
8.155622926774895864e-01 2.349128435770786449e-03
8.210130057069655596e-01 5.484780666697100515e-02
8.612795128576434811e-01 7.210507913219699194e-03
8.205976085683550636e-01 9.391334269830609038e-02
8.518513052802214602e-01 2.243450545644493088e-02
8.848970436031065034e-01 8.771943316315511385e-02
8.307498597591325140e-01 3.254090198182141291e-02
8.036837791609108272e-01 8.936596082127523655e-02
8.082774883690465595e-01 6.501952952690973064e-02
8.879140788618042901e-01 9.844523273177133160e-02
8.593256556920724210e-01 4.295218430547914634e-02
8.460016007131091476e-01 8.295507799428480933e-02
8.775010680822756814e-01 4.412645138319462590e-02
8.163353006820881497e-01 5.453116402492527715e-02
8.054342918936138185e-01 5.499227392164496298e-02
8.618402821961740345e-01 4.342762182597842413e-02
8.374644445164503015e-01 5.267087187859770259e-02
8.337234315725636780e-01 5.276231527573949087e-03
8.535437640195440157e-01 7.898717471499425158e-02
8.575789794962539458e-01 7.839981858242300872e-02
8.576183777683641374e-01 7.278058314644333948e-02
8.462875112057161031e-01 4.633008540566552202e-02
8.173460327672048553e-01 6.421116900700329921e-02
8.284406249802744870e-01 2.726075838628055914e-02
8.328383550581842654e-01 9.749890418241144441e-02
8.237046003243024828e-01 6.249283731970253775e-02
8.189720016721929730e-01 5.240779482365967579e-02
8.091951121479973308e-01 4.870340381821158804e-02
8.023823087781617458e-01 6.931846919338763291e-02
8.187416561040095075e-01 1.744758735241680458e-02
8.323346281563208660e-01 9.883619612108177077e-02
8.471967297993678869e-01 6.715021876428481362e-02
8.666969552986887315e-01 9.255126230024360301e-02
8.322415211070628427e-01 5.831504731524106422e-03
8.424946290149848416e-01 9.863047448294470776e-03
8.451239722657990505e-01 8.072848785715266984e-02
8.474807805320376808e-01 6.779077089741303297e-02
8.585880181204357253e-01 7.976595107412620678e-02
8.333463663863296400e-01 5.010733091937541461e-02
8.606046948812413611e-01 6.953114494266965373e-02
8.032031339022942529e-01 4.378153139418822226e-02
8.340092245240541269e-01 2.699246611827921249e-02
8.314058704074274164e-01 4.222974658420841632e-02
8.337195470918294937e-01 2.295731645708598556e-02
8.445175460258297351e-01 7.398642441287128779e-02
8.673022305898154816e-01 4.026215464220328499e-02
8.073025019958870452e-01 7.390801714850570026e-03
8.330830915013085480e-01 9.788061869291539430e-02
8.479146299534571218e-01 6.775515737389833926e-02
8.099148844097182609e-01 1.027812041551157130e-02
8.124151473596241679e-01 5.602544267052700366e-03
8.606746775066377309e-01 9.079075701567762557e-02
8.034739452376806756e-01 7.942791988362044031e-02
8.785806746408606482e-01 5.187643443532174992e-02
8.187580335390133301e-01 8.552535772326577690e-02
8.390086621762433694e-01 4.601210656801255072e-02
8.427335002347839943e-01 2.381818914811995036e-02
8.222348737540632335e-01 4.235083073426160194e-02
8.271760121789510922e-01 7.730379456375929825e-02
8.176712269649567544e-01 6.159760252238635769e-02
8.246474777809444934e-01 1.320129124588897973e-03
8.791484848644726124e-01 9.627797782206792832e-04
8.663397991511970764e-01 3.070820392557127576e-02
8.648723410324172800e-01 7.252011035480832035e-02
8.432755611361498760e-01 3.554938839488003266e-02
8.519508157748318933e-01 8.969490826041254250e-02
8.498959028803688698e-01 5.817732759889179817e-02
8.752880184898600424e-01 4.356456919608853173e-02
8.145892135712170523e-01 9.780267581621557293e-02
8.920225772350660609e-01 1.444612399982336814e-03
8.098291072362756582e-01 2.399592621697954620e-02
8.266624426146713667e-01 4.849406404593659126e-02
8.579574495398267775e-01 5.896227861923411528e-02
8.675555998608901476e-01 3.540890042901356782e-02
8.564924542597124324e-01 9.011037449824216283e-02
8.099758591547115971e-01 3.746525499015146421e-02
8.063687726554061852e-01 9.528336883775856414e-03
8.790602584317788182e-01 9.402026080775949257e-03
8.739482566042322542e-01 9.201057619468347437e-02
8.266571190152878224e-01 4.215106105824534266e-02
8.019390568615927251e-01 9.989183762404482692e-02
8.457773010167871641e-01 3.948358232440984938e-02
8.969569102312981990e-01 4.100818757203728016e-02
8.034880916531840223e-01 9.126903585655876672e-02
8.646420569022048586e-01 7.015496513105329290e-02
8.572186874753852104e-01 8.042084083687084384e-02
8.482642036680519970e-01 2.085773504674554024e-02
8.376110518075645661e-01 6.524689891960860910e-02
8.571362968246316605e-01 8.747750688228450588e-02
8.770989135444731133e-01 7.390650483513117042e-02
8.794079639534854165e-01 6.483193204653769914e-02
8.011215330599846807e-01 8.234434694923131737e-04
8.666417090010909430e-01 8.194006334997511187e-02
8.074649735507825055e-01 2.265275096085161977e-02
8.671025484818388751e-01 7.518123207961505128e-02
8.902037444800052768e-01 2.042093417694174073e-02
8.011346808236905481e-01 4.980651702906943590e-02
8.239956795937084522e-01 2.441015036353544332e-02
8.742890283061871548e-01 8.517237273958844224e-02
8.717894231585079368e-01 9.451722176024129896e-02
8.565668259732520662e-01 1.070492182260762704e-02
8.871375894683658503e-01 9.759242841321461026e-02
8.567848686242207634e-01 1.215902120699091649e-02
8.680155798704696224e-01 5.283392979925016775e-02
8.448857920464755145e-01 3.302218688373048661e-02
8.440461881169882830e-01 7.461338917054255448e-02
8.315222878237213955e-01 6.911807055097124453e-02
8.979397546422682730e-01 8.818993475177952512e-02
8.938255279598541492e-01 3.362011825565841550e-02
8.465898920511658599e-01 3.882542226284185771e-02
8.001027151810353732e-01 8.930825659284122309e-02
8.033349633335008511e-01 7.956340508311507409e-02
8.829358430433198457e-01 3.280315876188621971e-02
8.206944792174195591e-01 3.468853134645022429e-02
8.671987192535821620e-01 2.227055249955767202e-02
8.362525605040602716e-01 4.190177320832094710e-02
8.281219519813906027e-01 9.949891553052844784e-02
8.761937135964263934e-01 8.444051550303602327e-02
8.168101778848316785e-01 1.259314596164601285e-02
8.777862221796122189e-01 8.588240650570738710e-02
8.390015721915642377e-01 9.173477485599668135e-02
8.343439174506240841e-01 7.866766275760050942e-02
8.980409987953067441e-01 5.530728074085144996e-02
8.380009780268222741e-01 1.483103983200673159e-03
8.948860900740318591e-01 9.874200717415851369e-02
8.162668782729917138e-01 3.356099333252571260e-02
8.063534570903952980e-01 8.950898626591083374e-02
8.015874978505330706e-01 6.623345834705593460e-02
8.128615041910128847e-01 1.908104939924337717e-02
8.138190897241049937e-01 5.572449259538558852e-02
8.053650800703908708e-01 9.223102997378548884e-02
8.513359242370217572e-01 6.811006003290753785e-02
8.201233493594530799e-01 8.616342044689584423e-03
8.075200356764478116e-01 1.601846192173350669e-02
8.545164060715912946e-01 6.251417151194244015e-02
8.588680280398645062e-01 1.899527539741707738e-03
8.009346329187685409e-01 6.090653913215318682e-02
8.091466515376177782e-01 4.171734047363367948e-02
8.898206678151168170e-01 2.816606268348681441e-02
8.200433000568467801e-01 6.293769872220408845e-02
8.124398842869255954e-01 5.595758790488944423e-02
8.059828390151535515e-01 3.697785964423477845e-02
8.777173752710618615e-01 4.404600832782701314e-02
8.218860543855029954e-01 1.192592983481216562e-02
8.939032377659730244e-01 6.030733710642785517e-02
8.667966273163268953e-01 9.325794269763043598e-03
8.748637769452927149e-01 8.865971766081687244e-02
8.438570719296731859e-01 5.218192491598069860e-02
8.279658384961262607e-01 5.242141301241928786e-02
8.226765229447136063e-01 9.946290486353773219e-02
8.857733281455102414e-01 3.073197599898336296e-02
8.309642899678103545e-01 7.561375060948838378e-02
8.767464049763447065e-01 7.142641070377525603e-02
8.522690723512276190e-01 5.052181933203911401e-02
8.627382859103029933e-01 3.115958130227508560e-02
8.021282340801956234e-01 9.500500863801206175e-02
8.229019912034926110e-01 1.577203067215204868e-02
8.907378500818052824e-01 9.431345018346309894e-02
8.395399535769184629e-01 2.491698797814001498e-02
8.642179131704026407e-01 2.348941578116003903e-02
8.866551186282787267e-01 5.900133860968476140e-02
8.044285330532965350e-01 5.342267051767102259e-03
8.188211386931278923e-01 2.868222434920231212e-02
8.444411172526291587e-01 4.398775130964838187e-02
8.754251965161956583e-01 7.319618646291239927e-02
8.282750936204010817e-01 9.853930178747513646e-02
8.395580900079991915e-01 7.503581443288231956e-02
8.736462914511977651e-01 9.758172843753201708e-02
8.864903113971844828e-01 6.884184646553079268e-02
8.396999416410527717e-01 6.266446605204031850e-02
8.931516153802590008e-01 8.225330841742797827e-02
8.711138846531333302e-01 1.211089141130367031e-02
8.867397708728111949e-01 5.956598932027135085e-02
8.586051768271967255e-01 3.313232388597486811e-03
8.934615187419970850e-01 5.558670389516917609e-02
8.926679917307387413e-01 6.779454459481248918e-04
8.851069915426879042e-01 7.713279415130760985e-02
8.326643437088123711e-01 6.364944981333880980e-02
8.388100848545518851e-01 8.653457793522151276e-02
8.441847648874709620e-01 8.188572564069998561e-02
8.303868063100449115e-01 5.640492333768304389e-02
8.241594441445364572e-01 7.668719882268612564e-02
8.010358474392799133e-01 1.672113754867515789e-02
8.128091118272795512e-01 3.845554784756177735e-02
8.253125816204138765e-01 9.305744531133497421e-02
8.489678206782934611e-01 7.451600865645383043e-02
8.992369963249279285e-01 2.057795341449231152e-03
8.351538706604479945e-01 2.691219610055417544e-02
8.442333286592903496e-01 8.318661912225089328e-02
8.530776313470428418e-01 1.545445423498165161e-02
8.530623791372617948e-01 7.625432359444511698e-02
8.953827566023730977e-01 9.204819996961186024e-02
8.968896128374435062e-01 7.984667798143105233e-02
8.851480766838332181e-01 5.595943995841171081e-02
8.285459004137201156e-01 8.681081371187174267e-02
8.626466905044065658e-01 4.534847333905669964e-02
8.444966934816594550e-01 9.034964646060567039e-02
8.138338919824142925e-01 8.207708677842040501e-04
8.489552163942509777e-01 5.359349721784112397e-02
8.169677766971750188e-01 7.350970425839728484e-02
8.214569519923282659e-01 4.157282589038685527e-02
8.275642674586802805e-01 7.458970894272376473e-02
8.501399091024359755e-01 9.831381550007789460e-03
8.452198515128990230e-01 6.580782442572349900e-02
8.266141001732840721e-01 9.668831201627406391e-02
8.254424688161370316e-01 5.966962403226294676e-02
8.954016124009929189e-01 6.924115315529441594e-02
8.583654787086760773e-01 9.972792365877591880e-02
8.295197155941699263e-01 1.301518844785914952e-02
8.152294339031199710e-01 9.192745257234222200e-02
8.626069925767221314e-01 5.096758446998189696e-02
8.386723809245844041e-01 3.063596902954573986e-02
8.983838079788921682e-01 8.223135982392579257e-02
8.014652692194326189e-01 3.843647116353582360e-02
8.948465351656380573e-01 6.483942082801072426e-02
8.104024907841016478e-01 4.784588450398974402e-02
8.005519513577519231e-01 9.129890166440998711e-02
8.016349334429917484e-01 8.467036427481977601e-02
8.271942639072115133e-01 9.924520878698864235e-02
8.740547128105237151e-01 1.226355168667714324e-02
8.159919363544395621e-01 3.583000560438986959e-02
8.220581246823859267e-01 3.078275339042946257e-02
8.491057287654809604e-01 6.251703768416413953e-02
8.149022265255778663e-01 9.989724889279633091e-02
8.806941791499216521e-01 2.393621136835627494e-02
8.656288575697959065e-01 3.761618153072221471e-02
8.527381825918580738e-01 9.105419836217365503e-02
8.465720558730497336e-01 1.811147141548347106e-02
8.650584834707597537e-01 5.745891680447309802e-02
8.386087890290117031e-01 1.146488229125991465e-02
8.612739804151852141e-01 8.924803849635032371e-02
8.946543075913673260e-01 4.038144040428581771e-02
8.139468339948925379e-01 6.537217755650909234e-02
8.365874819962040299e-01 2.009060385345973199e-02
8.045681179640088443e-01 4.522105017587543796e-02
8.391433090691436947e-01 5.568678830832698989e-02
8.223329473106512078e-01 4.331101624205790923e-02
8.704054708598115697e-01 6.501523857852800625e-02
8.133906304546113519e-01 8.064632408525210239e-02
8.403038809552609845e-01 2.580086128989322880e-02
8.608836886632875718e-01 4.919073454810879431e-02
8.775256132917609309e-01 3.053097140624483341e-02
8.116057844917518027e-01 2.696382208205766462e-02
8.891265243306244459e-01 1.720418906337123355e-02
8.580694892425000386e-01 8.440648301741385251e-02
8.400304604280635079e-01 3.081531917100227558e-02
8.748996068593548614e-01 5.238523168185993395e-02
8.662457846339063350e-01 4.022228187405729738e-02
8.272987249688283917e-01 4.901249028033050070e-02
8.556840505265620456e-01 7.394601644677550878e-02
8.331035537358417731e-01 6.720981270938736207e-02
8.521175755123659989e-01 9.956587841489678015e-02
8.561687366744318295e-01 4.524852006938767657e-02
8.788256115769677024e-01 1.988260222491533558e-02
8.052048101967987925e-01 3.603656192190063390e-02
8.511479197896325566e-01 9.092431984047572024e-02
8.911826505430098244e-01 8.673939367535354883e-03
8.725783909807818262e-01 7.616153077993015330e-03
8.408326615058545617e-01 3.632091628755806934e-02
8.639064085211066724e-01 8.609024454616193145e-02
8.236495120826787808e-01 9.603486889003470806e-02
8.793896951703179532e-01 1.050253722644595156e-02
8.953083871387050863e-01 3.241132176481020810e-02
8.820041203016908415e-01 2.691253174960711592e-02
8.462294540004957621e-01 9.420662983567512638e-02
8.220561871941369780e-01 5.675039579985718952e-03
8.817467445966553630e-01 5.630566123339883489e-02
8.152544419820253463e-01 2.567963980376908317e-02
8.191160901704002129e-01 7.042584454648040393e-02
8.980476122508318504e-01 6.582638864275155988e-02
8.560471954819044438e-01 4.072182212394048761e-02
8.867022784274509739e-01 2.532133133072933528e-02
8.961916890214413067e-01 8.551040280729754750e-02
8.699370180073624503e-01 8.835785058810066706e-02
8.986080609898764449e-01 6.413648272047045573e-03
8.853068561580966778e-01 1.121528204631344616e-02
8.174002674845858296e-01 7.861246105835184572e-02
8.742614084305406763e-01 9.654757193365118284e-02
8.809793763130256972e-01 9.325075755482004070e-02
8.682997307035956736e-01 3.700308709361499471e-03
8.513795635876820755e-01 9.506487386946288476e-02
8.961113277109894470e-01 8.873649002606134872e-02
8.457253688625032684e-01 6.111850981307398456e-04
8.781488304405805634e-01 6.136620568079856342e-02
8.252606715529408055e-01 4.169773247604346977e-02
8.468956471191642077e-01 6.564583063318008005e-02
8.737866159301939106e-01 5.939237870426611332e-02
8.552054383162783768e-01 7.935279958568028369e-02
8.243192002475030478e-01 8.559256050087291068e-02
8.099555328793961451e-01 6.572341585866497971e-02
8.581208529982862210e-01 4.866194023029099536e-02
8.070757900295471021e-01 9.906943077508470474e-02
8.366651039680456092e-01 6.830994344436702725e-02
8.340522985671603440e-01 5.072849368685122817e-02
8.719939921953270279e-01 2.098133070697710822e-02
8.280518996946224508e-01 1.184898414500096253e-02
8.301177411482957291e-01 6.753372666183979356e-02
8.878893203066259288e-01 4.042439221570309771e-02
8.377942006931787811e-01 1.600197014319626465e-03
8.865265467685379264e-01 4.298977532226067044e-02
8.221980796998454855e-01 8.727487154440929928e-02
8.084354813077995194e-01 7.272672765991022859e-02
8.706979529045515420e-01 9.471463722724035583e-02
8.609477584691764829e-01 9.701473840082508460e-02
8.752710125281880638e-01 1.363221857556112804e-02
8.960313359701154168e-01 9.134864277355250750e-02
8.260506939470239063e-01 7.608695355247377390e-02
8.917190265274752559e-01 5.617994895773015251e-02
8.813190156152748145e-01 5.470614852304828135e-02
8.682839467894083452e-01 2.693774898788209304e-02
8.595245695677125042e-01 7.719712150704477471e-02
8.542842662133058873e-01 8.795408752826239240e-02
8.271108057375693434e-01 4.518887311856903399e-02
8.372299573156364305e-01 8.932723865564862198e-02
8.126149299328313536e-01 3.186979935800826613e-02
8.682664780485389588e-01 4.525407155619048938e-02
8.322779737759320451e-01 8.559214664541370254e-02
8.936531452759062244e-01 6.404654496211045767e-02
8.309780571524441051e-01 4.002778329054074158e-02
8.768874770160042242e-01 1.852456157422072147e-02
8.074729703596364994e-01 8.218021837615344105e-02
8.170138896202098211e-01 5.072571233732600660e-02
8.733757129788124463e-01 5.471633657937494122e-02
8.046565587228844407e-01 7.739266876522393757e-02
8.882791242422347633e-01 9.542380586845303214e-02
8.717508041301975652e-01 9.847168304486536572e-02
8.088002280838146874e-01 4.121952939074291500e-02
8.431937562584623791e-01 8.165028388443115737e-02
8.970258470629703940e-01 5.036618679887192029e-02
8.658611464189495122e-01 9.743176027511368797e-02
8.042497780268965668e-01 7.576455447498339768e-02
8.230541756694527145e-01 4.689283006150268829e-02
8.615711863123921566e-01 8.378719407297538502e-02
8.472298965871674081e-01 9.867083594884309972e-02
8.097163795385876606e-01 3.793505623042936481e-02
8.162927492567787491e-01 4.357803801547843747e-02
8.733970305257736655e-01 3.346428307712451256e-02
8.937304680352642361e-01 3.598491276377757675e-02
8.534500073669397668e-01 9.473801367530959583e-02
8.840755153654555887e-01 5.005352876320540156e-02
8.549931205327030437e-01 5.658610577723222068e-02
8.420950912397172639e-01 6.479923038009699487e-02
8.165683865965227550e-01 5.202608389164503633e-02
8.175793533254809287e-01 9.188220935396557154e-02
8.268949415483778376e-01 1.243361295116335308e-02
8.764964221644271358e-01 6.810728143812924684e-02
8.134711210547066473e-01 5.536322175386845790e-02
8.610114503679655584e-01 5.681779905975747891e-02
8.048316638416016522e-01 7.027608160824178052e-02
8.463290777677150434e-01 3.432155612863269090e-02
8.354879638744396875e-01 7.123301660548897463e-02
8.171365580092777581e-01 6.594260558628992075e-02
8.425289323304361311e-01 2.855714368242839862e-02
8.477887854939639700e-01 4.997668932428109279e-02
8.506188108364427514e-01 9.580543854833398210e-02
8.862477649951834291e-01 8.384285195104534960e-03
8.790041951761754513e-01 1.505933941138792864e-02
8.253259856978953923e-01 3.742168091225706039e-02
