8.179256766006709478e-01 1.963488510775632245e-01
8.649114979396912428e-01 1.422843080252758075e-01
8.381262148950460178e-01 1.505233655058473563e-01
8.902145761001727386e-01 1.640488866008702473e-01
8.908591884567622632e-01 1.007311462035881122e-01
8.043163209005778080e-01 1.172884449806255724e-01
8.440817075692655935e-01 1.079518274918800091e-01
8.912739870202228687e-01 1.985783104958686596e-01
8.692339509575963685e-01 1.662665106340200927e-01
8.476304061689609037e-01 1.418758542900544206e-01
8.707742771840282225e-01 1.401824906091074796e-01
8.565764429777045219e-01 1.144734303894631988e-01
8.602143048270274317e-01 1.652848956193879448e-01
8.349152286534893275e-01 1.233510537395349771e-01
8.912904932368228561e-01 1.295440264801759611e-01
8.569395341471954808e-01 1.599207061250163542e-01
8.351866149153746033e-01 1.662183490021503784e-01
8.189326958213103413e-01 1.728725493026928295e-01
8.499460025426754939e-01 1.938973539874616903e-01
8.868921357730024102e-01 1.459705729305875721e-01
8.417282110004014051e-01 1.859012246795001266e-01
8.340785790085314400e-01 1.349080238348122074e-01
8.813023192176682175e-01 1.839600595436495789e-01
8.484296787666073536e-01 1.140455863625739752e-01
8.289126550645087299e-01 1.688998259127672263e-01
8.047510555026072820e-01 1.759685086466169501e-01
8.863605671425429655e-01 1.423588878821348547e-01
8.568092741876014440e-01 1.169437304979895620e-01
8.916474929675722860e-01 1.387655472883821128e-01
8.106586730752640690e-01 1.718681678735905494e-01
8.003119427429000732e-01 1.837211463345757301e-01
8.544117293973403360e-01 1.730835209839702016e-01
8.435390782094484008e-01 1.894280978305579732e-01
8.619663251540257143e-01 1.630473441550849556e-01
8.826387507758125528e-01 1.960708677981061188e-01
8.315650488701555876e-01 1.465949344360241713e-01
8.314308428099635995e-01 1.898415432466710184e-01
8.083685520210217579e-01 1.485279175687002906e-01
8.594355699574446339e-01 1.076630174673186835e-01
8.465137540309649600e-01 1.586467892310495231e-01
8.366758734373866968e-01 1.061256046157513511e-01
8.596147019268496337e-01 1.366394789217000583e-01
8.134753882058858299e-01 1.465552298223931627e-01
8.902977297543362978e-01 1.509910221924507245e-01
8.752961942058911093e-01 1.552189427873693628e-01
8.046246379454109476e-01 1.612273860937759318e-01
8.523696713668659219e-01 1.363248151918331208e-01
8.284323851881079115e-01 1.644857717662473184e-01
8.450557634476560942e-01 1.281785558550582460e-01
8.598120748449723516e-01 1.502061272454216778e-01
8.524823601027663456e-01 1.698309983423448855e-01
8.826769230877329342e-01 1.915284175784911502e-01
8.220775289611061964e-01 1.739437429782249855e-01
8.715128609389389824e-01 1.485584824515300550e-01
8.888636884896751189e-01 1.115929843468578542e-01
8.543321878750818055e-01 1.968263730748773810e-01
8.337705680706348765e-01 1.755810730299774969e-01
8.118104050878248712e-01 1.462086740402602780e-01
8.594907883672802118e-01 1.935944894278512074e-01
8.382755340862211302e-01 1.649797806771706454e-01
8.595001983405960999e-01 1.422001606192245804e-01
8.293045171227299006e-01 1.669843411941859257e-01
8.708884406860051275e-01 1.941557729087184103e-01
8.006396986090564827e-01 1.127863779119763488e-01
8.758931012340485101e-01 1.645845684843317280e-01
8.058068939970399747e-01 1.168718125487194504e-01
8.676261864768892718e-01 1.467685538750389818e-01
8.740308483053385036e-01 1.658148879749076765e-01
8.827692117597879529e-01 1.882262029697508998e-01
8.075417978091916638e-01 1.595915545804952318e-01
8.470081691793251988e-01 1.164265737879480456e-01
8.201198953304121853e-01 1.204334132694380166e-01
8.294851469643659270e-01 1.333665194991760505e-01
8.640275814055742298e-01 1.143850563057325909e-01
8.228085854170907876e-01 1.062303285650269824e-01
8.952218189209237842e-01 1.099430019013239446e-01
8.815339136320620161e-01 1.891436469254377806e-01
8.765015750703066821e-01 1.484165994646572395e-01
8.788997365302062548e-01 1.234908916249461697e-01
8.089923470011747275e-01 1.858218136864699943e-01
8.871958738527346844e-01 1.435241496864746724e-01
8.569264781738110681e-01 1.728342104163940185e-01
8.863862600475902465e-01 1.068577491491925213e-01
8.328747482087657250e-01 1.229129567673261092e-01
8.201168071796163250e-01 1.346362307633620359e-01
8.442523314977707916e-01 1.969744190891948299e-01
8.066759346658114449e-01 1.744260881573220789e-01
8.700750280712117313e-01 1.091278167663208010e-01
8.088007908021949133e-01 1.889454889019591688e-01
8.330289211591944687e-01 1.919957607746011763e-01
8.152092041174647807e-01 1.227542103882429125e-01
8.325987132737238117e-01 1.093225322604515493e-01
8.973925529384371158e-01 1.982150610170237415e-01
8.660925416784925890e-01 1.514083199041726946e-01
8.099289861704510596e-01 1.527572946576988000e-01
8.798438874485831063e-01 1.694694240277618835e-01
8.004995676248369829e-01 1.973418003465439441e-01
8.208338444801016598e-01 1.170105206350786631e-01
8.479268346143287172e-01 1.209907292309623794e-01
8.426570893117650840e-01 1.782253289083636782e-01
8.445831579644011988e-01 1.230792603628678150e-01
8.015194314902500672e-01 1.902001340509608118e-01
8.349588299919875611e-01 1.885280978489968229e-01
8.987506819267824243e-01 1.510828493693937014e-01
8.845199696983236937e-01 1.134222292376164953e-01
8.031720825328290125e-01 1.035874572848423936e-01
8.035830300365487400e-01 1.051407651243563557e-01
8.487948139202711184e-01 1.484838449886234923e-01
8.136358190583581340e-01 1.315773713868114148e-01
8.500895075321678318e-01 1.592217602144229416e-01
8.615236596664241908e-01 1.807860335306474553e-01
8.293383775173813754e-01 1.004452952153682965e-01
8.523765471025086526e-01 1.436284178178301174e-01
8.840240288346550290e-01 1.822527260433590424e-01
8.290703962840474395e-01 1.395588973693501766e-01
8.223217250077037299e-01 1.588039897734449257e-01
8.655084872725993250e-01 1.927952713803411378e-01
8.519593349122630555e-01 1.288655780896956204e-01
8.202370510943451931e-01 1.403615294071760000e-01
8.962599764477473530e-01 1.139433606922287401e-01
8.180899698942558640e-01 1.385164564072710602e-01
8.669844090247733615e-01 1.154743852343144972e-01
8.267381158086393178e-01 1.342570425501446729e-01
8.308826165904240613e-01 1.756798962328262881e-01
8.029607916001644252e-01 1.923216314662410109e-01
8.925287305240328095e-01 1.210562885510932385e-01
8.113129931485068003e-01 1.436571829176801207e-01
8.419678379631720944e-01 1.867877773185483425e-01
8.744831328850997121e-01 1.168084994809497901e-01
8.137790982263106709e-01 1.843981497091323196e-01
8.825412652868724894e-01 1.440113599186544913e-01
8.640761891126260696e-01 1.168578813391767113e-01
8.929282264703846117e-01 1.400683068666795095e-01
8.269894941228277396e-01 1.707207070573306673e-01
8.797247349785003445e-01 1.967303557718079743e-01
8.223930268674802813e-01 1.207988599718660128e-01
8.513504839694020498e-01 1.831054214426647841e-01
8.647295098907747946e-01 1.146613976397251600e-01
8.425165128417988480e-01 1.723784703546905328e-01
8.055261047030985999e-01 1.652071672702428440e-01
8.813225066719421186e-01 1.244646119047245203e-01
8.842419137059501777e-01 1.396824031674779032e-01
8.691056527263508746e-01 1.742139292794215866e-01
8.689918804785314865e-01 1.376634433986181627e-01
8.396671538340804153e-01 1.894809207696167008e-01
8.042964551541579299e-01 1.806832146239888692e-01
8.725869651084299239e-01 1.669694939750078488e-01
8.033219063103992363e-01 1.908708098491804783e-01
8.222499211318826662e-01 1.587563200387662188e-01
8.335263495121019162e-01 1.898392367164317696e-01
8.874052997449387581e-01 1.847029340239481898e-01
8.671597162285725746e-01 1.536670322313538339e-01
8.216067154321162747e-01 1.783126456831912177e-01
8.528561409660424530e-01 1.264795009094290268e-01
8.614693420751373676e-01 1.254148242188122542e-01
8.704468603590155285e-01 1.730538648872355922e-01
8.754983979057199273e-01 1.132005566828014065e-01
8.010463499148108291e-01 1.561805371567214495e-01
8.293520728332814951e-01 1.242959895455314767e-01
8.643960050192269762e-01 1.851877865260985467e-01
8.997511153073081136e-01 1.419163722396972749e-01
8.500229142902422375e-01 1.462809172360940990e-01
8.502076083690441877e-01 1.808961711133298400e-01
8.811958442990750484e-01 1.690504174288215700e-01
8.304689465924008918e-01 1.421943917019137527e-01
8.716028126846890878e-01 1.416312233287204125e-01
8.085100216289258235e-01 1.177969227780315542e-01
8.693946671705999885e-01 1.199120757968274165e-01
8.163289405190287118e-01 1.347808864373253590e-01
8.125557885764521648e-01 1.281907408264927606e-01
8.810336410250944050e-01 1.856482738436235902e-01
8.971819665362957830e-01 1.207935438075771750e-01
8.593567292095911636e-01 1.948847754018144807e-01
8.586791679276493117e-01 1.828137661675602599e-01
8.708131057433691202e-01 1.070711374471390309e-01
8.011372008604643602e-01 1.493010920856083223e-01
8.447911354271332440e-01 1.106044169482433004e-01
8.811146607278447229e-01 1.854220407992950848e-01
8.900625787784892662e-01 1.020166567646545452e-01
8.867625791153996850e-01 1.937882361560674949e-01
8.006446747850061163e-01 1.116342789496365118e-01
8.025413151343893103e-01 1.956745031275126667e-01
8.602643073993097023e-01 1.531858139591865120e-01
8.428475042748584389e-01 1.771398975840703383e-01
8.482278883539595693e-01 1.436916005446448596e-01
8.305368437671640791e-01 1.903796123388964423e-01
8.506307919631601600e-01 1.948907280999872815e-01
8.476519354790512661e-01 1.019174885383067886e-01
8.132229117639085958e-01 1.024811692900833571e-01
8.644410045550992017e-01 1.213595207952272714e-01
8.397491832028485259e-01 1.133608665136226767e-01
8.482041576814879358e-01 1.776087522847518696e-01
8.250701714992365599e-01 1.358253251796510408e-01
8.446040862781104552e-01 1.090847135541823110e-01
8.222187938539248231e-01 1.199086177044482726e-01
8.368161363353394666e-01 1.481109397931874294e-01
8.462989671991989482e-01 1.965496405570487104e-01
8.480710679012246622e-01 1.849390572782481923e-01
8.632678472935417791e-01 1.180627961407563209e-01
8.798371931744892738e-01 1.717605166212156087e-01
8.093914153249065491e-01 1.913134345290397886e-01
8.301257622819476767e-01 1.796677585182888670e-01
8.871069636190219709e-01 1.499745695547281543e-01
8.161494088053030671e-01 1.043155042768426077e-01
8.552999798954710187e-01 1.989082530623791922e-01
8.717300121974497218e-01 1.612595619054352780e-01
8.333728171018403019e-01 1.180831923916220716e-01
8.023192994265331279e-01 1.583455389542842429e-01
8.914943439901987787e-01 1.220132537287967334e-01
8.190069027170467919e-01 1.635074691175437689e-01
8.840237698310782211e-01 1.193500517820504092e-01
8.601984215893977437e-01 1.645468648426609559e-01
8.551492315781271669e-01 1.050004420608261213e-01
8.714094574441130225e-01 1.995396736645946578e-01
8.768413629256370800e-01 1.118921070989693511e-01
8.181602690654439236e-01 1.171383166893274486e-01
8.966072807442723169e-01 1.706006152464152603e-01
8.180680776502180507e-01 1.370309773476467985e-01
8.772299234391237599e-01 1.437826402998756414e-01
8.724962216302890594e-01 1.408469329108106016e-01
8.455572925978263044e-01 1.032356295977215344e-01
8.710754036088281804e-01 1.182718054332759228e-01
8.362371577839099457e-01 1.742936346487426180e-01
8.138397935556231921e-01 1.972684924962258557e-01
8.293251108632044843e-01 1.144001822348263142e-01
8.294825009497197588e-01 1.288221776704963351e-01
8.614052555997016025e-01 1.994259389451448483e-01
8.706956596265134074e-01 1.628131635099028807e-01
8.160361361390010559e-01 1.430678388679491875e-01
8.397357104455139831e-01 1.042392694095708172e-01
8.367518232265378497e-01 1.370351581548675812e-01
8.880588320980141726e-01 1.386125610432968058e-01
8.634322880574455406e-01 1.671925872533517876e-01
8.695200506945148788e-01 1.733963573856600604e-01
8.698870641221314592e-01 1.453682220862461405e-01
8.868818902471851118e-01 1.958573708458763440e-01
8.268072970262672072e-01 1.728333673008152216e-01
8.603724469583139411e-01 1.382810380595625166e-01
8.554349119874772311e-01 1.809917118742840336e-01
8.770881410264030897e-01 1.298302149515767334e-01
8.382878191380698230e-01 1.760122580749936827e-01
8.218875068135089723e-01 1.610509318769748066e-01
8.807739772189767669e-01 1.731287224273889702e-01
8.465816877827186948e-01 1.698086130732976706e-01
8.507247561253457047e-01 1.829206888179294443e-01
8.925819317621841442e-01 1.933441350273463200e-01
8.879896790251020633e-01 1.952584029450303849e-01
8.057630511277681373e-01 1.902098713761921356e-01
8.179275014822221523e-01 1.473756727966940572e-01
8.791181706336523849e-01 1.459391855093865320e-01
8.515741946904258342e-01 1.783821520162915397e-01
8.291750776694182257e-01 1.627027429500541023e-01
8.233964732745050474e-01 1.037938430498766551e-01
8.195889232333255503e-01 1.573632282872598764e-01
8.250276656934754094e-01 1.455579386226019123e-01
8.585822600446171293e-01 1.286834049273659908e-01
8.348028831316383069e-01 1.648472752578012124e-01
8.924968942423577856e-01 1.113983925232945871e-01
8.431627042944379591e-01 1.908663312207504181e-01
8.296631488348247263e-01 1.442908647551565393e-01
8.346987544121089453e-01 1.338019565457811699e-01
8.556453539659157892e-01 1.982205820899304305e-01
8.534798198198489949e-01 1.607086304742656735e-01
8.669781768835493896e-01 1.877452237274349622e-01
8.318148150144782926e-01 1.926530483394290338e-01
8.009987247831217294e-01 1.504261664606478255e-01
8.652202603646803603e-01 1.535107586864753459e-01
8.651563563833927217e-01 1.377278929491602688e-01
8.440863783776536566e-01 1.758915873763765014e-01
8.854185685332989220e-01 1.347235251690056534e-01
8.943799172277641096e-01 1.103114811206554469e-01
8.686557781007311352e-01 1.424283188473449424e-01
8.464387334345466751e-01 1.260339910195339974e-01
8.154490454424612178e-01 1.490111308472466534e-01
8.358794030175566991e-01 1.995659450173538629e-01
8.292887855716868373e-01 1.858653851987351890e-01
8.187929743239282798e-01 1.395925718799482518e-01
8.675259846235314765e-01 1.974751103826884735e-01
8.155673694736759183e-01 1.346757891238604954e-01
8.963947706978477870e-01 1.838772691697518613e-01
8.348775670778929570e-01 1.542174705624178854e-01
8.659983196582103915e-01 1.435348239761989053e-01
8.116322793657121393e-01 1.503213397372020754e-01
8.721444569970825400e-01 1.758026280411993936e-01
8.021648453884925312e-01 1.865136072467699635e-01
8.223566663558417034e-01 1.027584105776251089e-01
8.493449063855865733e-01 1.194794037807462572e-01
8.153599389999689473e-01 1.251959634307044378e-01
8.384582710816542717e-01 1.236016282335623551e-01
8.117966217403695950e-01 1.618165816701764292e-01
8.052217440707865048e-01 1.528367715053600695e-01
8.058817173603171069e-01 1.809164050084561548e-01
8.984458585957874055e-01 1.607507943198993039e-01
8.005093667840952332e-01 1.978390216861723172e-01
8.579507739057430360e-01 1.166289884971724589e-01
8.866829535904490189e-01 1.847857298045573193e-01
8.494011122582540985e-01 1.387092603904186427e-01
8.909663573524942981e-01 1.546457203389871304e-01
8.728079432609896493e-01 1.585361916129922610e-01
8.969800351606921351e-01 1.013681009666395905e-01
8.730201715230035964e-01 1.495248704941398998e-01
8.687416680411571557e-01 1.679506077277305998e-01
8.988095491089341804e-01 1.164533279854905179e-01
8.952938402846598587e-01 1.823560741334352420e-01
8.085031542376945879e-01 1.728120257307268481e-01
8.783851329550882436e-01 1.117680004342488098e-01
8.428827459838915681e-01 1.884895656235792138e-01
8.618618499044312653e-01 1.925755591392115662e-01
8.231237276673961656e-01 1.797053238082162441e-01
8.180270936238452917e-01 1.760621997582441922e-01
8.416103780556704050e-01 1.196075253228436053e-01
8.349839194570809475e-01 1.912947684028705186e-01
8.975266300660809105e-01 1.058788531467973193e-01
8.054535844678545331e-01 1.953143097349320789e-01
8.177756405995185718e-01 1.141876562130937633e-01
8.665335958113300485e-01 1.239753875242523284e-01
8.772158349323332382e-01 1.565521153316765113e-01
8.095642767677242446e-01 1.906643232246811870e-01
8.716253693958000426e-01 1.523726819076042516e-01
8.277900123188619563e-01 1.558375388629801572e-01
8.532125541249375722e-01 1.412285256201380179e-01
8.600238066786551894e-01 1.891109960650282640e-01
8.008118427562519459e-01 1.722471625353016456e-01
8.280186122482773303e-01 1.225595963532513377e-01
8.223453108233560460e-01 1.639123828901874746e-01
8.464308432887395206e-01 1.740127351764712560e-01
8.604859742870654138e-01 1.571066877346610491e-01
8.957026449437114346e-01 1.580502764908879310e-01
8.243127720239578071e-01 1.705438101818821384e-01
8.079014806224863454e-01 1.809593117718786282e-01
8.021685716882178685e-01 1.321948144410837467e-01
8.080577671092005199e-01 1.420433826578190450e-01
8.525685803897500303e-01 1.209620367948193442e-01
8.176593523259504392e-01 1.487592342627603037e-01
8.246824689132361552e-01 1.201595009586247376e-01
8.123952061744390551e-01 1.957916821640454108e-01
8.254427070767176300e-01 1.652955303272011789e-01
8.086203009393241325e-01 1.032707265249538375e-01
8.233375085672111071e-01 1.369555540679784356e-01
8.183652433622957689e-01 1.357749122000301567e-01
8.042431410997934460e-01 1.320762182947048113e-01
8.992036891849798375e-01 1.571712901458679756e-01
8.898958822015079484e-01 1.869637471737357060e-01
8.586199259291564800e-01 1.699672804309463603e-01
8.333188141829244167e-01 1.940239949816953968e-01
8.763103825556616266e-01 1.161724716469266783e-01
8.184346576108327831e-01 1.513928734104271201e-01
8.360705470012240736e-01 1.004026019557936744e-01
8.825619660119500276e-01 1.734598483278674552e-01
8.287135145539024084e-01 1.263031892980504833e-01
8.109699437643015374e-01 1.608303862349296787e-01
8.261272770324457060e-01 1.886783973769776135e-01
8.395751949340413134e-01 1.050351750714942356e-01
8.650735300411518391e-01 1.794672030699142051e-01
8.822951034524604275e-01 1.789790574223115993e-01
8.230467029756749486e-01 1.205280694536498276e-01
8.162589647516639291e-01 1.485902234000738287e-01
8.803525558819336183e-01 1.648787356993384745e-01
8.462490550347790963e-01 1.392718616365718753e-01
8.075409910293692706e-01 1.420635524837226826e-01
8.790819070348785402e-01 1.112163447377845227e-01
8.741576250928571046e-01 1.845671059885601872e-01
8.211450947526923727e-01 1.161487329552110259e-01
8.127165805451349589e-01 1.768197472321490771e-01
8.454248747269970110e-01 1.086797529384073702e-01
8.393487763214476649e-01 1.471994003008348928e-01
8.133461757020136185e-01 1.000146847999849875e-01
8.996546841620014501e-01 1.450652468121294558e-01
8.647689049572646613e-01 1.989464849116316936e-01
8.252669562314371987e-01 1.089614295775157282e-01
8.169131575372139409e-01 1.289851019140896837e-01
8.291999854829414929e-01 1.896685017316961097e-01
8.859394794513830718e-01 1.167618235665119630e-01
8.186155713416684021e-01 1.810725716426133669e-01
8.628014960861536409e-01 1.139707096444332046e-01
8.069882548079925222e-01 1.241792565294443929e-01
8.042022276359799271e-01 1.776547241644422792e-01
8.516362261309804449e-01 1.868706208564902271e-01
8.792405029129748417e-01 1.535667849827224984e-01
8.014117365394352044e-01 1.735920357092713973e-01
8.538412396835109996e-01 1.319553758967148271e-01
8.271248342579119450e-01 1.721156747711906354e-01
8.799890717340006496e-01 1.220825284352858586e-01
8.999552589259793844e-01 1.095664394453010615e-01
8.179244761885102744e-01 1.247332476795176281e-01
8.161791459515372882e-01 1.463248710234793803e-01
8.577796944306125271e-01 1.425864833105921214e-01
8.214394210790503248e-01 1.475043086215487298e-01
8.120551901842231191e-01 1.195028957766950950e-01
8.303093455940786516e-01 1.586370438512581249e-01
8.345227766516263301e-01 1.841121895066674674e-01
8.406390963898089375e-01 1.941358003165774004e-01
8.231213601319578022e-01 1.072221723439177599e-01
8.252849376912783086e-01 1.754425229970163480e-01
8.018310490879955177e-01 1.093083411393537818e-01
8.500888653161582376e-01 1.827529272040658848e-01
8.910737272925267627e-01 1.091008919783162390e-01
8.163000574691511302e-01 1.677017812528158180e-01
8.713385954892264307e-01 1.775093549837128415e-01
8.754063016147481946e-01 1.708340905920241737e-01
8.703644118405788888e-01 1.814596853706830215e-01
8.993397474210509390e-01 1.393807643803682272e-01
8.826543883743631635e-01 1.810443619631985079e-01
8.080763869650077202e-01 1.518323835712349079e-01
8.711080186470167019e-01 1.935325475845422472e-01
8.309945294918669179e-01 1.878968111588128764e-01
8.027578184201701328e-01 1.916953382123841032e-01
8.731345485278222407e-01 1.261996691752396982e-01
8.760763889684624051e-01 1.736227476900775724e-01
8.285315025227950603e-01 1.604240040127747902e-01
8.724250113960145825e-01 1.621274443396710507e-01
8.321583723871658345e-01 1.380640154640066231e-01
8.696003339023792300e-01 1.391987033246805672e-01
8.176132559691515755e-01 1.907832315213365826e-01
8.365955306701754468e-01 1.497913669466058029e-01
8.084844239919382058e-01 1.916659332327661502e-01
8.762509214485957321e-01 1.367978390803275268e-01
8.593742361261075269e-01 1.072388869841948422e-01
8.592333646248971890e-01 1.822862889098202099e-01
8.694010279144571696e-01 1.223886923239710101e-01
8.208860904575510098e-01 1.418155021426607543e-01
8.715542757499115112e-01 1.840402672284724428e-01
8.619254664912346930e-01 1.733474257616605674e-01
8.374644985902472971e-01 1.940271815114040788e-01
8.796242823738258387e-01 1.702480384623296095e-01
8.565189900697912639e-01 1.203296850503789706e-01
8.829163583102692670e-01 1.219269167884868832e-01
8.506725203844955896e-01 1.436634608285172476e-01
8.596496494667180688e-01 1.490252429100172582e-01
8.026790592401615854e-01 1.804320635801023032e-01
8.574808751273020890e-01 1.582548238280478414e-01
8.717806439081671188e-01 1.639200237506167890e-01
8.223028858403196306e-01 1.131238711831892840e-01
8.344499841642049054e-01 1.129932424006121205e-01
8.057214912385459726e-01 1.052802015228391785e-01
8.403583083409524868e-01 1.496037870250936652e-01
8.928690289819116721e-01 1.061580295020268239e-01
8.728497278357127964e-01 1.277301428885796730e-01
8.251225658952245912e-01 1.992335305356066066e-01
8.522710408647045099e-01 1.527068971361179583e-01
8.236455459905358545e-01 1.129799534890643109e-01
8.564301290634608321e-01 1.469365635658581581e-01
8.855774288300307662e-01 1.702304203883035216e-01
8.479702196377969514e-01 1.153974733278320952e-01
8.501855808155315275e-01 1.591371427610181466e-01
8.856181778104387226e-01 1.259692814835259300e-01
8.840637565386830765e-01 1.723627230187502191e-01
8.840072388478351639e-01 1.624944375509979333e-01
8.341939716476245437e-01 1.989561915521546598e-01
8.798131403550516483e-01 1.660188136234467815e-01
8.667764862214517585e-01 1.997771551482544483e-01
8.177364930784568609e-01 1.265277862968935130e-01
8.475217108654548026e-01 1.712385347093264287e-01
8.366591832492968894e-01 1.692752662864857593e-01
8.839807328055745428e-01 1.858313416953217279e-01
8.286440231839700132e-01 1.984673580306007823e-01
8.770225282093572217e-01 1.738663153592450994e-01
8.481767611865431711e-01 1.629777837116098693e-01
8.803345010390644099e-01 1.697031824122336441e-01
8.473474074236724274e-01 1.040547955410296987e-01
8.136760362899917443e-01 1.126518079616080081e-01
8.173764436322069615e-01 1.231791061845297353e-01
8.829293804127434919e-01 1.998148889384278593e-01
8.435796226439356005e-01 1.979595441473057937e-01
8.576367461858483976e-01 1.708979701835532106e-01
8.390237655247182458e-01 1.333114704202814915e-01
8.095372425032992814e-01 1.778865733637412516e-01
8.889090402172631356e-01 1.355950951356256762e-01
8.937180876095210946e-01 1.025082567521621579e-01
8.466165003897170305e-01 1.077153423316416225e-01
8.407384391753437436e-01 1.123419968082242926e-01
8.194579417993970161e-01 1.259402850708319643e-01
8.287636182251616468e-01 1.797593303601587866e-01
8.855236267290126362e-01 1.857938230992455253e-01
8.554311544343840001e-01 1.622677252444387208e-01
8.771067133503898106e-01 1.928810690605414768e-01
8.952292554929124346e-01 1.971195957457372860e-01
8.443604067065132446e-01 1.485546126178783066e-01
8.093557416942408489e-01 1.843377107843044982e-01
8.222817806867693813e-01 1.413355559091418745e-01
8.827461980345341352e-01 1.868278257837748813e-01
8.378680162298912659e-01 1.221638189127324525e-01
8.788823041794104896e-01 1.539364102346125751e-01
8.831485335758783028e-01 1.818387482908162822e-01
8.748710743886349839e-01 1.701687700880114007e-01
8.083187698857046133e-01 1.911037216982864051e-01
8.441275282405239500e-01 1.633211691979910007e-01
8.018150753950050724e-01 1.885299847581907162e-01
8.566309783000748412e-01 1.284315872838104056e-01
8.127654344380300655e-01 1.414594612836382326e-01
8.400490765200377963e-01 1.334540531649109629e-01
8.268013732949968109e-01 1.617652988707458661e-01
8.895298472789803235e-01 1.853047514763269676e-01
8.144891802120183266e-01 1.247876527056924201e-01
8.334508407661600504e-01 1.647707568988599491e-01
8.645349509250497277e-01 1.740874759297697250e-01
8.397441708695747575e-01 1.817046032453963345e-01
8.339545322550694362e-01 1.197730278480865218e-01
8.487431878315777611e-01 1.685708439563444738e-01
8.448320046159173424e-01 1.183137630183748734e-01
8.664429704237590624e-01 1.336731587126676613e-01
8.279865817275448014e-01 1.940483660903624674e-01
8.050317122238170864e-01 1.948155290331420320e-01
8.278718850251930439e-01 1.401369818636401809e-01
8.874531477144228520e-01 1.395794418879165721e-01
8.569853371638807005e-01 1.810812534752921366e-01
8.095780286555124272e-01 1.477815777679649389e-01
8.402769908581800840e-01 1.421403036861307312e-01
8.238936096106779239e-01 1.703986157470162577e-01
8.716373450447385540e-01 1.720159579229229019e-01
8.952673058118012506e-01 1.905997429455733028e-01
8.917158543485427247e-01 1.823706905382367072e-01
8.749163459038797885e-01 1.746170909555895823e-01
8.896442885787380073e-01 1.734159767749984815e-01
8.972120690189113734e-01 1.493823476646763959e-01
8.262860649514485178e-01 1.688728020171395838e-01
8.048646271867234692e-01 1.836493981819464216e-01
8.361977099655996115e-01 1.419594542997431874e-01
8.676854278213346205e-01 1.337149337103787639e-01
8.939898078453806241e-01 1.312922192625995133e-01
8.881725586412178020e-01 1.279436873153630694e-01
8.319864677792909724e-01 1.072521302170701962e-01
8.553571609875703086e-01 1.543567316568586201e-01
8.445787803813559202e-01 1.823511511835075871e-01
8.830846243188688049e-01 1.004166969176312485e-01
8.845212855570778743e-01 1.368612525112078704e-01
8.629697874667346946e-01 1.945221522466452635e-01
8.794653774754183084e-01 1.022088653478663012e-01
8.753620665473973439e-01 1.540000884165317330e-01
8.120880341837315441e-01 1.225146385435483265e-01
8.012676993168937889e-01 1.183852632018457252e-01
8.023367185921311817e-01 1.698759727775324135e-01
8.900699384680088588e-01 1.020663088336998814e-01
8.449066146684158785e-01 1.453458417168053685e-01
8.703874557065933715e-01 1.529883414898225713e-01
8.446354388201859908e-01 1.069905001126147948e-01
8.601938241394193607e-01 1.842412782502904633e-01
8.631178677764438367e-01 1.774921848372636723e-01
8.208469499851013262e-01 1.161319797050386904e-01
8.630379722141553467e-01 1.879565599004691112e-01
8.198648754560450280e-01 1.205596993460528454e-01
8.477183432957747788e-01 1.337838014590086444e-01
8.408713302131368694e-01 1.515439255536071284e-01
8.071576389199808244e-01 1.627041960698809853e-01
8.405682984417450765e-01 1.708566727586427747e-01
8.189778197052689501e-01 1.878706714415576129e-01
8.221429488209889280e-01 1.301368280976080150e-01
8.886221406288463687e-01 1.014873025784613081e-01
8.579053628616848393e-01 1.673556266890017241e-01
8.091032614430977432e-01 1.809011025065211664e-01
8.278886772572930930e-01 1.847014252177271165e-01
8.678315740853816962e-01 1.886179108301553886e-01
8.479834331178581763e-01 1.725931856126678432e-01
8.911076145400002035e-01 1.191898114545989762e-01
8.581265046843198352e-01 1.732955680140961241e-01
8.044214728046816809e-01 1.063300082151019121e-01
8.879506788424085251e-01 1.797096672903279180e-01
8.379475771645509274e-01 1.983153734762601039e-01
8.311224939382573229e-01 1.594333736782718725e-01
8.922230517186851007e-01 1.083413447653321371e-01
8.895031181855598268e-01 1.415157912096159654e-01
8.486848949582158630e-01 1.615328636219283964e-01
8.156057592376796395e-01 1.947167900812129260e-01
8.818860024446705248e-01 1.990584101732252864e-01
8.468909534535534744e-01 1.787906192629729052e-01
8.728933569014702964e-01 1.770693029808600161e-01
8.649026552328394901e-01 1.560244065930191937e-01
8.124788443578774277e-01 1.896022715634500810e-01
8.615487940887365248e-01 1.724565106578969664e-01
8.032355248294645866e-01 1.540501003817970060e-01
8.729251613263806497e-01 1.888484394502983055e-01
8.239023388774936452e-01 1.193823162852179209e-01
8.171802816075727227e-01 1.478167671442162934e-01
8.561639835711213342e-01 1.975967776157714073e-01
8.189207812597589786e-01 1.968209366873941990e-01
8.797078625250505102e-01 1.822119379702833719e-01
8.599667110590194508e-01 1.857470211543933436e-01
8.603010954006297117e-01 1.208763554359148507e-01
8.690947097524240883e-01 1.699654823733452447e-01
8.526094509688401102e-01 1.567139790033934554e-01
8.445796829422116403e-01 1.457539819884421939e-01
8.489505528974540249e-01 1.705168555369696026e-01
8.874244167638449809e-01 1.196556231424932004e-01
8.307774897388984225e-01 1.126379166270248255e-01
8.300133768177639926e-01 1.487453785973940901e-01
8.178319088837706641e-01 1.628499492931723691e-01
8.752131036121697516e-01 1.988422995877552890e-01
8.320578135288467791e-01 1.107037165561847725e-01
8.967954973605771762e-01 1.667498958582813995e-01
8.875029059973714718e-01 1.694502621791508512e-01
8.985480640625628235e-01 1.504010941404902713e-01
8.224854523380610294e-01 1.607720033648342706e-01
8.414253908653800407e-01 1.064043569002129375e-01
8.595352634095445588e-01 1.522212093755723195e-01
8.216348345231855310e-01 1.559728844359933309e-01
8.231474167816803522e-01 1.630420393047435079e-01
8.351121188024286379e-01 1.442603457598659045e-01
8.840533356446829139e-01 1.096445518391567786e-01
8.396731795136480603e-01 1.792372618670899365e-01
8.589281628926865864e-01 1.079824439965789973e-01
8.524309711233524212e-01 1.914494674172366184e-01
8.254353092220243493e-01 1.528908211610159606e-01
8.147781455076333890e-01 1.793117333556486226e-01
8.342500288021024168e-01 1.833908436560187094e-01
8.402980429021946751e-01 1.889543459584755447e-01
8.494939593736537953e-01 1.485551799781407722e-01
8.014293065242078518e-01 1.554514383556341306e-01
8.573598447315049498e-01 1.107779649263408439e-01
8.316177035131411266e-01 1.025345734277595400e-01
8.852212791506668399e-01 1.581621772846343588e-01
8.358248137476842476e-01 1.088758393265452373e-01
8.181185403426787239e-01 1.699540679158905165e-01
8.376445444818392261e-01 1.616420286704220444e-01
8.390664273197778744e-01 1.657694313795441965e-01
8.564840346035258456e-01 1.677283242439420730e-01
8.682588469613795601e-01 1.730668874176713723e-01
8.583865976869614611e-01 1.274673500204610843e-01
8.592031950446991084e-01 1.287065431369475710e-01
8.621758647885267024e-01 1.596525969225982833e-01
8.394655578139740282e-01 1.283247110732479157e-01
8.652182563696638740e-01 1.390146254361740719e-01
8.846693223310405640e-01 1.349525556916064961e-01
8.312025380298702082e-01 1.660762332994873414e-01
8.647236320583450153e-01 1.188109119707887462e-01
8.457408174903631171e-01 1.069688495643141557e-01
8.356459814857681856e-01 1.353166320904671260e-01
8.756356565064467024e-01 1.786779646794807719e-01
8.415690951199920056e-01 1.040296609498928826e-01
8.039524347768399748e-01 1.325916871471564673e-01
8.278716373424326314e-01 1.901820172455040425e-01
8.750335688951114133e-01 1.729357085716396458e-01
8.118057090721710889e-01 1.964052881318915367e-01
8.442497222720812822e-01 1.286125932015414197e-01
8.409808772369593566e-01 1.135321336970013528e-01
8.150397080610415346e-01 1.604608949373638460e-01
8.601943094041226701e-01 1.832546216203113087e-01
8.493499768442578368e-01 1.611203007066538961e-01
8.394240349245353228e-01 1.277933293354797661e-01
8.221667624726307633e-01 1.726609721014895071e-01
8.979642291997279591e-01 1.703464324468120517e-01
8.603120294334007934e-01 1.433928995659594086e-01
8.115927785676888551e-01 1.593264692706449492e-01
8.513507416884253942e-01 1.819168304022969473e-01
8.489035796613980667e-01 1.372088134226839284e-01
8.226260159710747644e-01 1.741239322359366959e-01
8.806585685829094734e-01 1.326412559984133099e-01
8.683272740946645918e-01 1.966627125513508711e-01
8.874517143754031556e-01 1.851123575384591713e-01
8.332043198577692156e-01 1.729731106425974607e-01
8.564858373189384588e-01 1.569582512694824572e-01
8.578139767094287160e-01 1.847022057235398473e-01
8.983431352741950704e-01 1.730329339621297646e-01
8.234728517257090541e-01 1.949350008536522016e-01
8.258340035624133213e-01 1.702429738136160831e-01
8.444361777641252731e-01 1.717901193395607318e-01
8.802316527492317633e-01 1.307939094908155964e-01
8.553624356152188524e-01 1.246511830469201054e-01
8.678137029545068826e-01 1.026742925404331153e-01
8.347480312324471186e-01 1.899695084358664909e-01
8.246028461808040388e-01 1.798053321949147909e-01
8.643943550120185559e-01 1.149605119745633897e-01
8.371651192382920659e-01 1.852823278065643398e-01
8.897831945400337395e-01 1.094396047720179455e-01
8.765482738610730351e-01 1.322082229185548019e-01
8.993052495643600874e-01 1.266298645558492642e-01
8.708555796629071644e-01 1.078378439752640805e-01
8.752204837951176319e-01 1.746556411745902315e-01
8.428811328681671267e-01 1.935356105398599869e-01
8.235684630551286523e-01 1.940888446058098848e-01
8.076285490065094885e-01 1.081646812964083271e-01
8.933901616758453956e-01 1.609676624929715638e-01
8.823613266306824521e-01 1.882341035593101120e-01
8.034218338292673511e-01 1.935609975503958524e-01
8.598867769228510927e-01 1.653279163672728980e-01
8.039794584115307341e-01 1.331190709246645176e-01
8.509867533740566037e-01 1.599217969304592424e-01
8.840632419765759309e-01 1.070683810648214718e-01
8.147156336966745460e-01 1.733266429738535286e-01
8.054113083709973919e-01 1.328237235636756941e-01
8.938901711255247129e-01 1.072604767332933362e-01
8.382025995849263778e-01 1.883220378775993242e-01
8.300657249793440551e-01 1.277476766349940340e-01
8.274710229028796604e-01 1.433670993838465080e-01
8.083941406312344924e-01 1.834879135963847774e-01
8.051703802879223160e-01 1.399764212729106838e-01
8.305379271757166171e-01 1.980341560634019116e-01
8.081004678024900079e-01 1.345344506146235464e-01
8.473850957326933830e-01 1.922046822542371469e-01
8.289597019778147668e-01 1.784681021823943392e-01
8.104431245501284575e-01 1.803639928936865422e-01
8.999272112010010538e-01 1.894766014133790755e-01
8.855531276989372369e-01 1.182563131949448954e-01
8.035028080005640616e-01 1.809173506698799061e-01
8.363941313796126042e-01 1.832052851213578082e-01
8.538126293132950462e-01 1.355103267312113002e-01
8.665289998017611239e-01 1.458822813816937902e-01
8.053742632732511231e-01 1.152438931981074055e-01
8.014940124402447630e-01 1.953047157384291410e-01
8.505100447013406173e-01 1.096543962555920348e-01
8.029979963951863198e-01 1.705304435940264152e-01
8.879750766202112455e-01 1.895828608514548708e-01
8.428605469547700846e-01 1.861137588134734455e-01
8.631082218352202906e-01 1.228282863590577645e-01
8.886700129936929704e-01 1.401558555975056797e-01
8.428369159628232854e-01 1.295298635935757392e-01
8.717928414947440086e-01 1.322256875340678262e-01
8.565489741324195938e-01 1.818179686410315576e-01
8.470938342891691786e-01 1.781211979695508374e-01
8.688723710730745786e-01 1.859005623254416650e-01
8.019139685107637971e-01 1.771776162592169634e-01
8.104619602442717508e-01 1.551070313439313342e-01
8.813990783083699432e-01 1.674900178713739918e-01
8.547695614836569034e-01 1.855776002919479195e-01
8.900378442458027894e-01 1.156908680783046983e-01
8.849524648978485120e-01 1.976069534247852089e-01
8.660118407237666904e-01 1.669350364753427185e-01
8.152360745106265183e-01 1.554643623906613592e-01
8.490601251599396715e-01 1.785448541035627446e-01
8.704286675312294941e-01 1.465431431396069795e-01
8.584169347702410580e-01 1.067661074410135302e-01
8.449118925233845001e-01 1.944093981544778860e-01
8.147271995859607374e-01 1.623091691478838472e-01
8.186963970701349735e-01 1.887016108390616176e-01
8.134438607354146367e-01 1.461519071398293124e-01
8.707249009256672334e-01 1.540786672470451368e-01
8.449604887046910928e-01 1.513000694527071588e-01
8.342010055167258242e-01 1.177186286211501509e-01
8.682279166164519335e-01 1.534260557906325095e-01
8.311009797617657791e-01 1.466094406860724009e-01
8.775991366070807764e-01 1.571667650865475607e-01
8.506404151714539452e-01 1.522019519870342619e-01
8.323720288045103333e-01 1.493113796737789989e-01
8.350585648099562164e-01 1.957569673059870730e-01
8.799489121197108243e-01 1.154363947131507306e-01
8.281044844194881405e-01 1.894956889403962286e-01
8.671374382733432196e-01 1.056287703551752610e-01
8.080896632078519159e-01 1.806332316981749675e-01
8.206115426581793715e-01 1.405920731952923775e-01
8.638014924037871189e-01 1.118068448986999086e-01
8.192677149157445715e-01 1.280398298360239107e-01
8.701672977852853430e-01 1.384951299743020225e-01
8.768501770937139339e-01 1.265921630379265306e-01
8.271483407491357909e-01 1.254631068474634237e-01
8.201349754235868206e-01 1.756992643092296635e-01
8.302487570125749450e-01 1.774159608425592560e-01
8.577096593723947393e-01 1.584369064456765674e-01
8.317973564499858696e-01 1.678458307107558445e-01
8.478988760629347921e-01 1.666902021506252995e-01
8.411034718764848206e-01 1.614270078807600317e-01
8.402701274086823435e-01 1.886681233997937746e-01
8.808166390811086321e-01 1.243768027054138747e-01
8.752468294149179373e-01 1.957004234374927210e-01
8.353634253450179514e-01 1.078242165530107488e-01
8.597729126580297976e-01 1.450228543311404827e-01
8.127716843309575889e-01 1.576314930558452843e-01
8.151588944849972318e-01 1.689144499887323680e-01
8.564437023232371882e-01 1.034611555856654042e-01
8.298278479521691287e-01 1.441653992959837649e-01
8.630130203494364993e-01 1.783563246504278055e-01
8.864327819663381236e-01 1.931115818320792155e-01
8.838571378096187203e-01 1.661476167024512618e-01
8.869179847782334702e-01 1.920083305630788939e-01
8.184530314482563185e-01 1.858116470367927042e-01
8.057086983726081675e-01 1.803068931378976059e-01
8.835237034603395934e-01 1.992705432245875929e-01
8.849720842193459225e-01 1.616302083827009239e-01
8.205022425107946216e-01 1.852129981865892061e-01
8.999397087431101339e-01 1.473271512478516454e-01
8.051669953986573258e-01 1.838044571749306855e-01
8.173449367041391023e-01 1.549401816283222655e-01
8.969966262172144322e-01 1.310114358333316076e-01
8.780802285125146600e-01 1.667833441069883904e-01
8.874215854283951099e-01 1.734581460217365922e-01
8.075408951913276567e-01 1.149236354738050470e-01
8.569302881640217251e-01 1.500417537386505851e-01
8.383773757083339273e-01 1.733493138179666160e-01
8.471406421032982026e-01 1.776970043984388015e-01
8.054051067662514329e-01 1.421791086590472319e-01
8.135630909727419313e-01 1.988563830851521885e-01
8.482105912285700100e-01 1.754382954139707129e-01
8.549241138113152783e-01 1.324847229227380796e-01
8.698842721652289001e-01 1.053464854968755582e-01
8.797492949631720016e-01 1.550267719897668317e-01
8.690151982161922195e-01 1.738571197732434181e-01
8.623101715167004189e-01 1.323287066925461497e-01
8.722204179414765335e-01 1.715296044411999121e-01
8.907516909281171236e-01 1.401158422635211120e-01
8.444420091898718894e-01 1.171633160047848565e-01
8.069037445000557529e-01 1.911342764250423543e-01
8.913815689920938645e-01 1.850597567201527904e-01
8.046445414293365017e-01 1.032543915669453249e-01
8.973405428183310883e-01 1.392020500112999548e-01
8.436239141264887387e-01 1.793986190564155203e-01
8.947849450526491610e-01 1.790682103920137047e-01
8.350634777634984296e-01 1.610035784488867139e-01
8.936307233347035028e-01 1.812419393481645158e-01
8.036585608022809302e-01 1.652077397565144268e-01
8.708138563874632254e-01 1.908240762779535582e-01
8.382285682401630078e-01 1.874890756795214442e-01
8.685171892032725882e-01 1.761233545211903784e-01
8.837541443351999426e-01 1.219294532849450607e-01
8.353199614056729949e-01 1.468761309543802074e-01
8.446519017415086150e-01 1.549539391782768505e-01
8.819798150693025640e-01 1.110145316943363381e-01
8.028802216749533205e-01 1.472492878968556518e-01
8.517597978253979019e-01 1.310249780137547615e-01
8.914399023356974761e-01 1.761095947482989033e-01
8.028145778434784274e-01 1.134486319487475470e-01
8.239367709589408006e-01 1.887494571785376107e-01
8.271863580474274613e-01 1.997068423578750307e-01
8.033321353884683713e-01 1.738790225990933802e-01
8.216289414341400033e-01 1.007099974156107913e-01
8.037177561974124806e-01 1.206535924961729678e-01
8.574734496682504536e-01 1.912592680056996453e-01
8.253990397266077750e-01 1.086731643526644975e-01
8.933365433215260110e-01 1.407490985848771914e-01
8.570877904753959609e-01 1.989470262961310354e-01
8.624418247478335964e-01 1.416415900409194184e-01
8.796253044490214279e-01 1.692562075977107616e-01
8.824415872196366140e-01 1.594717623553294217e-01
8.038104662503416931e-01 1.604181882856061669e-01
8.326121657573571921e-01 1.571490175821470270e-01
8.528891268627298849e-01 1.001372067467202198e-01
8.115661495798053293e-01 1.774085210155120773e-01
8.738602509183489575e-01 1.165063882453346578e-01
8.125342963081363390e-01 1.029740755196106028e-01
8.546690269237668947e-01 1.557408998582425208e-01
8.572507086346554672e-01 1.047976810480404641e-01
8.232078682121339863e-01 1.697382601953170700e-01
8.630701777784465234e-01 1.972828302837877357e-01
8.843827554505726551e-01 1.282101898433441745e-01
8.371639072414522875e-01 1.707535608325423393e-01
8.927118315775505186e-01 1.546850019538859311e-01
8.897604470087286943e-01 1.759925196008784443e-01
8.561813443878771857e-01 1.594906964777771108e-01
8.443942491979656850e-01 1.527196734149295076e-01
8.915309041488022057e-01 1.513928663624879711e-01
8.071010325965841670e-01 1.657407902790953014e-01
8.088035132311399700e-01 1.457265768534743156e-01
8.705562027175440809e-01 1.965533415510834769e-01
8.922922865745053222e-01 1.926874893715563863e-01
8.088136995417707364e-01 1.120629525097994461e-01
8.297338059539559607e-01 1.537454224902951028e-01
8.067201125616690893e-01 1.483209404766606676e-01
8.669707126666128527e-01 1.140619791914149472e-01
8.879800203425578520e-01 1.787122893159533987e-01
8.173843994383731548e-01 1.262005105913559522e-01
8.258705809943496234e-01 1.903932498517666161e-01
8.455603592921399070e-01 1.364272508255067740e-01
8.210528287228944233e-01 1.268203188958990646e-01
8.084250247342048556e-01 1.071678670532643929e-01
8.731775240779539038e-01 1.590014134079828223e-01
8.436810438597093231e-01 1.567515987474381589e-01
8.958378227103187541e-01 1.914504449168530076e-01
8.285593293299648998e-01 1.821412122440643766e-01
8.406245801979776999e-01 1.381271255009967336e-01
8.549870898092583049e-01 1.140301812520653491e-01
8.961638973907453121e-01 1.050399712686355402e-01
8.785833226241577254e-01 1.604228267066459823e-01
8.762922545667054530e-01 1.161768014547194805e-01
8.374483119379797502e-01 1.879194520934343027e-01
8.397856138372741253e-01 1.357579889948686280e-01
8.596025239356591685e-01 1.841273774242576655e-01
8.966876596778678987e-01 1.588176734828615766e-01
8.398722849039755856e-01 1.983301914907331098e-01
8.315742025145484995e-01 1.497731999913522738e-01
8.017713591149012720e-01 1.015394230110572837e-01
8.028740745518938571e-01 1.807905704741527564e-01
8.339047378480873851e-01 1.851537185440584321e-01
8.272938046160089876e-01 1.902890558225552309e-01
8.033999966541859328e-01 1.210255523118154153e-01
8.166297182472493921e-01 1.275846399577064139e-01
8.859208559630408208e-01 1.020728112615271188e-01
8.488342848991541345e-01 1.320331127414086370e-01
8.241103230718039852e-01 1.779717483022169033e-01
8.316346377976159276e-01 1.085182914516446551e-01
8.227949651537967979e-01 1.611392126679080383e-01
8.930840894376763650e-01 1.059957032842106239e-01
8.246309942440457341e-01 1.113849111886988097e-01
8.691211305857526881e-01 1.854137476777423243e-01
8.283066571105633935e-01 1.448466714892581997e-01
8.149575557874936260e-01 1.327832928030432680e-01
8.691063507528212773e-01 1.491303208165727368e-01
8.628700273315457192e-01 1.830445907805463568e-01
8.383404975020786187e-01 1.683069489469160018e-01
8.036227579060872817e-01 1.653346465665046783e-01
8.152413421703641472e-01 1.935778635615650334e-01
8.372017022433054789e-01 1.795086721537350882e-01
8.377040556185839648e-01 1.774600159915026842e-01
8.598330892683945237e-01 1.556019715803319270e-01
8.577775364290489701e-01 1.588915940626609291e-01
8.485327369689816823e-01 1.221536092202327450e-01
8.669466139276759131e-01 1.307177231180166599e-01
8.197957391971012475e-01 1.961291008877707465e-01
8.334881221566073917e-01 1.238224110564167535e-01
8.352829421635944440e-01 1.813666837643775898e-01
8.691297145942078473e-01 1.421165950590458082e-01
8.204675111179909885e-01 1.158241932023957588e-01
8.498006376153370844e-01 1.744521323402233870e-01
8.691172986823805235e-01 1.884979251372300435e-01
8.918983962042278391e-01 1.970184167505253936e-01
8.436317113298311687e-01 1.211408422581196076e-01
8.854616795828456066e-01 1.879097642601810780e-01
8.596634771993451052e-01 1.583374468227212728e-01
8.121589324730833503e-01 1.805363182053769111e-01
8.561704539339436426e-01 1.504173064451696518e-01
8.153439765951897567e-01 1.590763423341779448e-01
8.333985255146018067e-01 1.304308837741602056e-01
8.088456593826063301e-01 1.889183575068545951e-01
8.111025648200436144e-01 1.847873456060984965e-01
8.147998631253350332e-01 1.524652789886468685e-01
8.881994540659502446e-01 1.843273794115921904e-01
8.805242271863156223e-01 1.771571164589403891e-01
8.943971817238467459e-01 1.409397969058319711e-01
8.250250605580751184e-01 1.003037517023123992e-01
8.694227406766783517e-01 1.387837556392002014e-01
8.628823531431184524e-01 1.740995214281608749e-01
8.559687817505375884e-01 1.544367505296157794e-01
8.023422579337301519e-01 1.526089158159279757e-01
8.227515684399211437e-01 1.346009372746839738e-01
8.764266663355514408e-01 1.942325758589859008e-01
8.727855435542846152e-01 1.753906382720146206e-01
8.295500194586361564e-01 1.972997111800199321e-01
8.045115348916083153e-01 1.850796547794543168e-01
8.031876173012332254e-01 1.964897550515119218e-01
8.999352031440144284e-01 1.624490817846075685e-01
8.507675417959875697e-01 1.899126301882690382e-01
8.289493002631914687e-01 1.499175026370179742e-01
8.111101635667211651e-01 1.806857795608595163e-01
8.620354773204150778e-01 1.922093883721912866e-01
8.719317752568267466e-01 1.830030143990731828e-01
8.617776957359750689e-01 1.615305487042082710e-01
8.686887200678335974e-01 1.513863470355577001e-01
8.553931378384415085e-01 1.476997890168963712e-01
8.530859140324584811e-01 1.757758216160225651e-01
8.651779538190962349e-01 1.844890087785022725e-01
8.505021614145018560e-01 1.148453139192391059e-01
8.877645570861842916e-01 1.674558743741394462e-01
8.846249152282930073e-01 1.023272986254368244e-01
8.095949383854178505e-01 1.667414329799513650e-01
8.528234610419785922e-01 1.978040979295956903e-01
8.914274078098052279e-01 1.086054341518070954e-01
8.731913142049619880e-01 1.841009080330712200e-01
8.230990755464847597e-01 1.320552361181038803e-01
8.463058063583939195e-01 1.275203092888645418e-01
8.680960862954057999e-01 1.961168806178336665e-01
8.284122160395761547e-01 1.197493630285386412e-01
8.855332249585442517e-01 1.831862153217630185e-01
8.102191057103408367e-01 1.806391390559723975e-01
8.003710682180875668e-01 1.630045117779090891e-01
8.976825308484362997e-01 1.169392588267852695e-01
8.188000203689810297e-01 1.196981090659557656e-01
8.368758169935126556e-01 1.282951420506428797e-01
8.784116819139560217e-01 1.633473054823742499e-01
8.574611089808303888e-01 1.228372850475889511e-01
8.742214463826569748e-01 1.271354143189445951e-01
8.667519950335238477e-01 1.524865947519811193e-01
8.497289287422931103e-01 1.939367603500528614e-01
8.321775011493213192e-01 1.367925013087152586e-01
8.376099204685831801e-01 1.079275438124239761e-01
8.534968524302535275e-01 1.261003694997835933e-01
8.790490688807590658e-01 1.000613218113939606e-01
8.919324454570597416e-01 1.813261137017867508e-01
8.345651624723607886e-01 1.375103155881673145e-01
8.076633205088257217e-01 1.903593212818175395e-01
8.404710946607453215e-01 1.260381130724662069e-01
8.941987859613367284e-01 1.750464560485404664e-01
8.212326042365820644e-01 1.565988822077682419e-01
8.539115652541511281e-01 1.003294330675441604e-01
8.671388722418597039e-01 1.514807388579182679e-01
8.749424035608158734e-01 1.840959266217020440e-01
8.810526042898179089e-01 1.903546708166490853e-01
8.047971905210388188e-01 1.740796167449425169e-01
8.324780149037106503e-01 1.859458083901754377e-01
8.430433336344724804e-01 1.879233081286664775e-01
8.067076623092093168e-01 1.386656744031506683e-01
8.892679611678417917e-01 1.665246268712014532e-01
8.558196133448652265e-01 1.790925546002227753e-01
8.509888626915869114e-01 1.335092918865850298e-01
8.701039587862335889e-01 1.044613739508295225e-01
8.891016302680471162e-01 1.063542159292568678e-01
8.201221173552313282e-01 1.868807835488079383e-01
8.219704546124312339e-01 1.412774154827790840e-01
8.373840203967679585e-01 1.967628912750591652e-01
8.701887448723062413e-01 1.076798470569504118e-01
8.345718892559084168e-01 1.275028862603526936e-01
8.158723804464238505e-01 1.613659286013718608e-01
8.504934424121957104e-01 1.748759116030108862e-01
8.871635781944773314e-01 1.712214705277567139e-01
8.256688054126433141e-01 1.653267839961364283e-01
8.352972654494514870e-01 1.443605325516746918e-01
8.258548298820810318e-01 1.843081827697272690e-01
8.503846632921704396e-01 1.794377328540185668e-01
8.727045261692002454e-01 1.722828382561946703e-01
8.935432693708813545e-01 1.064580202094062011e-01
8.018612872941246472e-01 1.973424713681473097e-01
8.320412720371215265e-01 1.196629734258737032e-01
8.460355362979213867e-01 1.845590801563206096e-01
8.425196411441404631e-01 1.554546096248819453e-01
8.348414752153505702e-01 1.375599287568320950e-01
8.117875343229090657e-01 1.289547100514299438e-01
8.403165170185042943e-01 1.500245107947314471e-01
8.129839836831196376e-01 1.053113303139610324e-01
8.226591329536048214e-01 1.551674943852915378e-01
8.424544448809925257e-01 1.046168902574569626e-01
8.249915772002101022e-01 1.748928584071075820e-01
8.353330364438157352e-01 1.061433730558161148e-01
8.874825542324078498e-01 1.435781775458438436e-01
8.533436848291215959e-01 1.828009121945330662e-01
8.412135507805518220e-01 1.576998272070462004e-01
8.041899111291900271e-01 1.695029097958276054e-01
8.281297885512077794e-01 1.556757374828355300e-01
8.074021763647839522e-01 1.961368032020661123e-01
8.361988263309050318e-01 1.124505996658879958e-01
8.352750206642690634e-01 1.564726045507918717e-01
8.685255000635829781e-01 1.774481796224439689e-01
8.003555099972118336e-01 1.941873598123622369e-01
8.651108046035331789e-01 1.791802078753851890e-01
8.409053661578866912e-01 1.465090305061658715e-01
8.092146747248653016e-01 1.687315331526174078e-01
8.592950480034010630e-01 1.553383539464542884e-01
8.334531997943228632e-01 1.972098249392120473e-01
8.938214632529921655e-01 1.317219078917025721e-01
8.928479137491931450e-01 1.091462090780781213e-01
8.513635830995722742e-01 1.478530580695455454e-01
8.487588036553097570e-01 1.205535913235122603e-01
8.681045913256342228e-01 1.876027897398391819e-01
8.957802223490385352e-01 1.924964497498045102e-01
8.254366233613574799e-01 1.754868329200219290e-01
8.533733521756234897e-01 1.164039934971890788e-01
8.344334790217179387e-01 1.212355772619847505e-01
8.074643628301905185e-01 1.904345274848773251e-01
8.065166173238960123e-01 1.505118244360169610e-01
8.216116251910366985e-01 1.473009469924793646e-01
8.677538037489309630e-01 1.351570338870325405e-01
8.411582505763552930e-01 1.911140677809944899e-01
8.276065816496047667e-01 1.081899589466817357e-01
8.085537125340647169e-01 1.800559206692265435e-01
8.377122014815147066e-01 1.576503465973505547e-01
8.441752090835108469e-01 1.982724129640659472e-01
8.443514262412504801e-01 1.472066631264768999e-01
8.465168302202940032e-01 1.502533150190532574e-01
8.480031845576708749e-01 1.605868576746329324e-01
8.773896891191815817e-01 1.933444995396242372e-01
8.372359550998009770e-01 1.342037996879563433e-01
8.123992457777913234e-01 1.272655494888627059e-01
8.379930873370390332e-01 1.293351410031536863e-01
8.925172051730758671e-01 1.841251852244313869e-01
8.847271525437618855e-01 1.822955782263070423e-01
8.967251207885045261e-01 1.797173247755363690e-01
8.087285155499058797e-01 1.871676577122795282e-01
8.491704836825301195e-01 1.943037933673813777e-01
8.497731020543588532e-01 1.868319196399516602e-01
8.881289269458861879e-01 1.988524438992632093e-01
8.717836472773687895e-01 1.169961652952490050e-01
8.137055552371749156e-01 1.142454433170497496e-01
8.054636797847705143e-01 1.151653472139040346e-01
8.616386975082070965e-01 1.922029577587140992e-01
8.365045386871873268e-01 1.793395367071216051e-01
8.717576708447098977e-01 1.922189278462667350e-01
8.640144113705809925e-01 1.825560488193892494e-01
8.187497579950228088e-01 1.510666257039010862e-01
8.078711998605058175e-01 1.334026913406859416e-01
8.533296967980474879e-01 1.404436652246168482e-01
8.947683026515923510e-01 1.508002474851717067e-01
8.031154988116983029e-01 1.549425279631617414e-01
8.727590981815136484e-01 1.893881962665347474e-01
8.223420707915340966e-01 1.198060349166374106e-01
8.874437037597348032e-01 1.485545091267928830e-01
8.215285494449686698e-01 1.655238228686099766e-01
8.873854044608151526e-01 1.813640924529685838e-01
8.023595293230029180e-01 1.289926834614095186e-01
8.234625740325104415e-01 1.872735142771987382e-01
8.309301854214473648e-01 1.311149597985910575e-01
8.318887505750840461e-01 1.504128819831559716e-01
8.698831766743360117e-01 1.594583362561708129e-01
8.698923853734434886e-01 1.852262240909528512e-01
8.836785354005847193e-01 1.803351782298987516e-01
8.660825461207084519e-01 1.912568276618949459e-01
8.536858403772635828e-01 1.175374788524215508e-01
8.152214775269062130e-01 1.587121784325858653e-01
8.232619821761811840e-01 1.189810588627321086e-01
8.084098362897741419e-01 1.651994047646002661e-01
8.284766035671529139e-01 1.728984618005444673e-01
8.858295516938863301e-01 1.945437531653450569e-01
8.509433274932024505e-01 1.368451376470831982e-01
8.043689487639538171e-01 1.312894565682799497e-01
8.612897936121063358e-01 1.998580029164149230e-01
8.166950649540039020e-01 1.592350980934222338e-01
8.494231648055895478e-01 1.783099097980206937e-01
8.289489086919921146e-01 1.863791486093754335e-01
8.666252115768899866e-01 1.660740551270681320e-01
8.598835936902167187e-01 1.529066117630887012e-01
8.759306155514264836e-01 1.002313139206692516e-01
8.170481633823905021e-01 1.663331288651316298e-01
8.664444455643594001e-01 1.389529031140762927e-01
8.835178722182123190e-01 1.208533240962804400e-01
8.829527568754322875e-01 1.183903796433855016e-01
8.575195297231724689e-01 1.552739769984010643e-01
8.174475637202747169e-01 1.239834584699704145e-01
