8.860008106414580809e-01 2.786042763397600375e-01
8.047474454974604674e-01 2.245998605343494658e-01
8.001605802404090362e-01 2.671851886197679216e-01
8.710933078616160952e-01 2.507550296675402079e-01
8.453052821953868090e-01 2.281676065669495101e-01
8.780547037365862284e-01 2.011983844557000967e-01
8.830637674289807393e-01 2.073369337136295176e-01
8.272770404614955275e-01 2.265221854933907042e-01
8.755231234250148153e-01 2.046393769640805493e-01
8.085999136656414343e-01 2.865543238461200626e-01
8.628867534398290129e-01 2.925979454053910245e-01
8.616038851762083395e-01 2.473920858189708194e-01
8.182682914165964050e-01 2.894393677509458085e-01
8.360720045525614763e-01 2.697551025962178772e-01
8.419236020338334292e-01 2.225496513192250780e-01
8.771488361588268834e-01 2.020036646113565204e-01
8.765296046723201062e-01 2.370029885866740404e-01
8.303960529545857394e-01 2.073898610380685570e-01
8.442734470336511476e-01 2.327649878397138605e-01
8.170037497027637929e-01 2.185617331623658788e-01
8.179231915474655112e-01 2.107876087322721192e-01
8.375219271220863959e-01 2.268482328744176324e-01
8.327609614128815840e-01 2.937114456562218701e-01
8.382959797849839356e-01 2.544669326829048783e-01
8.866428148029777967e-01 2.183670406820288346e-01
8.516542676546849933e-01 2.067294522147211100e-01
8.572307825839736717e-01 2.455112621537670070e-01
8.376890981287736793e-01 2.904077942333538886e-01
8.121478414828332548e-01 2.163538870191490937e-01
8.474340004801454995e-01 2.950163913131036986e-01
8.293231128087059645e-01 2.280513962607119416e-01
8.612504529017181998e-01 2.853722535778687730e-01
8.645105499746489341e-01 2.565353144224054027e-01
8.036961051382108812e-01 2.426681663281705648e-01
8.127595375440492820e-01 2.658439936700662254e-01
8.566072137378077933e-01 2.938419994026871263e-01
8.713189880581885260e-01 2.228811980018327865e-01
8.604203972888355700e-01 2.191850515861867854e-01
8.770326745263461454e-01 2.027224021028961320e-01
8.481272749041186554e-01 2.209262980152703060e-01
8.772745568190085663e-01 2.469461959767959292e-01
8.704512020529071581e-01 2.320879479902931419e-01
8.952702380660254589e-01 2.096908149614306049e-01
8.582216011526336841e-01 2.760513116287383051e-01
8.163511874851294703e-01 2.474520052420521310e-01
8.713635881846111264e-01 2.835775996115503239e-01
8.015269041134472916e-01 2.773388841838572150e-01
8.827924709391316016e-01 2.410395044527010033e-01
8.693549877961150862e-01 2.636679331617815536e-01
8.239830243195492843e-01 2.078907031823588047e-01
8.989316270006094678e-01 2.530199280091363634e-01
8.577793220988920719e-01 2.210902846074775940e-01
8.346367311085568508e-01 2.666503172792918375e-01
8.340202664653253439e-01 2.726592152282554804e-01
8.327271874669976981e-01 2.492127017945499068e-01
8.745879116942647524e-01 2.208464548280724138e-01
8.585082423565593146e-01 2.525065008257065813e-01
8.604606903704850041e-01 2.818149351835150807e-01
8.537318800029911614e-01 2.008460575564131045e-01
8.398711535243156279e-01 2.447786150369323788e-01
8.508680273911624070e-01 2.480845218567063193e-01
8.192371800153982475e-01 2.105095017573782590e-01
8.541876959672320968e-01 2.291507915851480059e-01
8.177060553376974683e-01 2.927054044926087339e-01
8.236332592080666259e-01 2.815561276026844473e-01
8.225651318481532748e-01 2.711336469840834318e-01
8.406255498775402346e-01 2.996975667471181159e-01
8.644640814550824670e-01 2.590079041591994424e-01
8.525815058097269139e-01 2.727057669209452806e-01
8.169918235304747256e-01 2.051858514544662448e-01
8.360607097049279623e-01 2.762261967870539570e-01
8.932525527760662998e-01 2.270688298735264732e-01
8.625924960549669063e-01 2.551400281975215178e-01
8.353081696532972389e-01 2.137858947257891273e-01
8.531371278838073557e-01 2.872282949878076086e-01
8.874163717752280300e-01 2.605364943681267031e-01
8.110858281447940188e-01 2.164741730215944959e-01
8.290570397407032166e-01 2.000333718674113803e-01
8.193316067063963759e-01 2.876098453075878747e-01
8.379768544102527139e-01 2.070240695518973939e-01
8.495683727013416675e-01 2.994137175294805941e-01
8.553128380342739367e-01 2.680755868196620373e-01
8.289213657966647553e-01 2.873289095923273750e-01
8.988052604188054850e-01 2.533724345762713437e-01
8.904318451618893349e-01 2.525265022932215442e-01
8.003614873690824139e-01 2.928195588214748679e-01
8.000243452028239499e-01 2.209790645201725745e-01
8.562427854734808719e-01 2.947282292943811943e-01
8.414089730369624931e-01 2.533971186678796728e-01
8.039087202419324951e-01 2.185477509335403690e-01
8.504331874767870891e-01 2.131358213798166257e-01
8.140780949720816118e-01 2.306348472056228560e-01
8.308236699703829276e-01 2.001441293025279511e-01
8.115002435104651246e-01 2.083540140092537130e-01
8.583036694647917519e-01 2.152488906542313618e-01
8.812081173489381136e-01 2.967453873636284878e-01
8.136315377818816863e-01 2.947754836443159943e-01
8.030199337624264189e-01 2.377011510693965157e-01
8.957797810319937382e-01 2.803822921351091235e-01
8.875221768407277612e-01 2.901129156873394899e-01
8.354114403590202631e-01 2.013816824749585788e-01
8.101831123214511265e-01 2.946428805213938129e-01
8.066429779986062920e-01 2.194467809101906808e-01
8.467193589919429497e-01 2.268832972405059323e-01
8.287389051264801854e-01 2.698849796010669433e-01
8.903095436616617064e-01 2.646012456809859192e-01
8.803765263737187707e-01 2.984365458650958258e-01
8.532887337979703224e-01 2.604277352241950449e-01
8.065864995018013905e-01 2.657314310329836338e-01
8.166739247604675178e-01 2.999996795305052699e-01
8.792366260279615986e-01 2.609760076007245910e-01
8.846231370942512218e-01 2.476481717772192059e-01
8.916062856844155782e-01 2.797666613302303706e-01
8.845460552762566264e-01 2.157729610083140015e-01
8.377917781893213789e-01 2.068047420148346471e-01
8.114030917748388250e-01 2.277428722011370366e-01
8.106955398964823534e-01 2.703169024438226709e-01
8.498790496575987508e-01 2.081572343599423225e-01
8.424878350765248047e-01 2.281689907025631903e-01
8.651846509562683973e-01 2.916076182440812126e-01
8.041088762217696306e-01 2.557290916986829643e-01
8.342396571286003759e-01 2.228252829237936106e-01
8.080824801151059722e-01 2.311424800023633708e-01
8.301023438948071931e-01 2.596981064584260035e-01
8.304170239059862624e-01 2.024329915597133378e-01
8.082400829467365488e-01 2.599444873707491555e-01
8.195918721709429811e-01 2.554521409524206366e-01
8.756875613008761050e-01 2.837066572854575197e-01
8.021953118795588367e-01 2.375388176702316612e-01
8.486785233097583481e-01 2.738560321584177504e-01
8.732386963220862830e-01 2.653268832248669162e-01
8.248576021347727716e-01 2.979556761462003323e-01
8.251086025948458635e-01 2.836959251627451661e-01
8.820151061505130397e-01 2.644227319180997293e-01
8.159177864011567527e-01 2.370259985429456484e-01
8.566143857365029479e-01 2.580233370669314796e-01
8.897702572165115953e-01 2.227336604410216636e-01
8.223112294390615418e-01 2.723212683523188460e-01
8.800809896068435556e-01 2.408515029140964603e-01
8.601170252906791269e-01 2.103628136894449274e-01
8.144679183855934035e-01 2.795578443286110271e-01
8.420368409145486677e-01 2.509015437638873469e-01
8.938917155012088278e-01 2.797159610276804265e-01
8.050111463360799524e-01 2.687778255095339963e-01
8.658291227968513137e-01 2.829934253483801232e-01
8.196171233935836131e-01 2.514397128632344103e-01
8.714880981748679423e-01 2.583702935464909367e-01
8.521756185813685880e-01 2.607210799828375003e-01
8.718797098395559830e-01 2.666825407988357988e-01
8.920396532556920111e-01 2.378321317151184389e-01
8.192424488522801473e-01 2.530371572059237351e-01
8.354939262748110052e-01 2.805039330009266307e-01
8.325046211539535168e-01 2.986360377107701858e-01
8.005233971435102847e-01 2.831898334620413515e-01
8.712634923334739989e-01 2.145612009480687976e-01
8.416932131663817929e-01 2.143662325942128355e-01
8.002767924460691962e-01 2.541722172185840178e-01
8.083205008274563230e-01 2.846514907658811433e-01
8.133764812829444857e-01 2.253248776959341504e-01
8.353906991364254964e-01 2.457657589777204887e-01
8.199484846981573982e-01 2.917409392113415878e-01
8.034988315740737574e-01 2.453385360788812586e-01
8.726995413763413145e-01 2.507460685960460345e-01
8.189699459536479154e-01 2.860739186953403235e-01
8.986087798915363134e-01 2.962466226855094420e-01
8.084366235574590442e-01 2.156530845057091916e-01
8.179405116496004657e-01 2.945446803630805688e-01
8.385463478894178424e-01 2.330391152421933676e-01
8.990376343336256015e-01 2.440205328029818044e-01
8.249671395299525978e-01 2.723433666247764839e-01
8.897900042487778549e-01 2.966610585161153502e-01
8.825205465568612961e-01 2.289306773310872400e-01
8.735372438066915102e-01 2.450154229211939649e-01
8.519074093648297819e-01 2.668138642141102412e-01
8.560479589897962427e-01 2.957465803763612566e-01
8.033578208920306718e-01 2.581148180580661866e-01
8.758853532927917129e-01 2.524785895800967239e-01
8.790944657638901649e-01 2.659738789631144185e-01
8.543092320985643529e-01 2.654310413600763363e-01
8.927394093342083670e-01 2.512188571401492432e-01
8.252156912958242829e-01 2.469688661169976984e-01
8.267964277463020206e-01 2.982563219340122473e-01
8.673638747400977955e-01 2.610759504211860871e-01
8.502096244797217039e-01 2.894475422213408367e-01
8.340493693696456878e-01 2.697537927033572536e-01
8.835593311996732258e-01 2.473134608362460851e-01
8.421200712401890609e-01 2.970837434574788438e-01
8.103503319437834751e-01 2.143390433407011963e-01
8.580063080940847353e-01 2.911214130724199545e-01
8.285060079242076991e-01 2.774722015334308844e-01
8.230479796066944020e-01 2.678910108205639906e-01
8.383544911542988309e-01 2.496570469607719001e-01
8.696395431713593860e-01 2.591113684113358628e-01
8.747801843974003511e-01 2.523738513242885784e-01
8.438302808618169948e-01 2.463030546809669707e-01
8.055155013534553987e-01 2.801099786187002394e-01
8.803731597432933320e-01 2.430212512514147716e-01
8.295224058258684474e-01 2.628211241792419162e-01
8.584418043544854715e-01 2.506374820841709150e-01
8.536215402448724676e-01 2.945619347176099412e-01
8.818795696662481420e-01 2.653759165107713591e-01
8.052381968341943974e-01 2.475706670173334900e-01
8.042062625188975966e-01 2.533698089506288831e-01
8.491656957634609038e-01 2.520087751818504973e-01
8.008049035298001606e-01 2.857411750727157917e-01
8.712610056481782106e-01 2.286058197139156922e-01
8.613454870183250289e-01 2.681307683222960980e-01
8.487482209175639669e-01 2.330967051296319592e-01
8.126619580939690168e-01 2.480841073932997798e-01
8.866697881640381862e-01 2.584258468163245226e-01
8.644336495398123876e-01 2.084209568630741305e-01
8.182885532127542882e-01 2.846423730665347263e-01
8.804244849763604996e-01 2.970544713722509944e-01
8.335389004286767323e-01 2.961089712637788307e-01
8.002081555475756280e-01 2.275814099871236174e-01
8.636512545230025095e-01 2.054696636771937979e-01
8.078748471459239466e-01 2.728804366139473414e-01
8.660242286567291226e-01 2.841191460192127316e-01
8.849641910050825011e-01 2.662222703379369948e-01
8.442617405401935393e-01 2.526931067040305012e-01
8.709751828793677042e-01 2.414470572289179329e-01
8.310100202163468452e-01 2.666925403287423446e-01
8.177197061491864316e-01 2.598092729254834476e-01
8.495824941629515070e-01 2.887915699921797530e-01
8.840181140110296987e-01 2.827531062064055356e-01
8.074167679008592557e-01 2.449551548883409091e-01
8.337013886993476230e-01 2.367719868907487979e-01
8.140206290011334778e-01 2.928857284814943562e-01
8.686754906579059465e-01 2.052810884972613437e-01
8.078077350497736564e-01 2.043183157319710674e-01
8.685105006403006644e-01 2.323665830709032709e-01
8.222548823545831054e-01 2.445810945027031558e-01
8.217248497378932814e-01 2.719360538437216035e-01
8.450432310276896342e-01 2.731696847505878378e-01
8.514744592280986124e-01 2.823079603995272691e-01
8.276824230947579242e-01 2.360937144174315994e-01
8.778688598626869233e-01 2.082079008434427059e-01
8.043684090755996996e-01 2.433735432316678771e-01
8.068726898660181224e-01 2.989734256477913910e-01
8.113451408963103795e-01 2.030692618415503858e-01
8.628364583401744170e-01 2.790236984152923427e-01
8.757197358408325139e-01 2.113314981614017596e-01
8.075680006691271506e-01 2.229995969983533111e-01
8.606150020537579604e-01 2.874172893367589188e-01
8.118674132997010240e-01 2.386070775576257519e-01
8.060263221423340507e-01 2.516674891497109878e-01
8.396710605647131898e-01 2.945637991151683899e-01
8.449932496890064648e-01 2.932391271584420256e-01
8.720522485640708199e-01 2.457814288406190428e-01
8.784674874849507376e-01 2.177987775869761888e-01
8.392148831601361492e-01 2.742837100616100088e-01
8.110522116086279487e-01 2.917852568015210091e-01
8.426513979411438537e-01 2.778904014581161097e-01
8.111426068290825686e-01 2.046856284068757081e-01
8.142127116222627192e-01 2.265380493856204991e-01
8.732249286722501003e-01 2.785764482845180523e-01
8.210839163425305287e-01 2.706326827723346540e-01
8.140526303214893344e-01 2.841024043696453449e-01
8.829105489590198808e-01 2.529552460553782245e-01
8.829452083437262511e-01 2.902740370371236778e-01
8.893515025279893349e-01 2.309678663171258750e-01
8.128389216915656856e-01 2.554260952662655848e-01
8.270612558472199005e-01 2.324242480537336286e-01
8.615637843183636679e-01 2.828802222479707695e-01
8.866526628571900215e-01 2.615784572519123663e-01
8.996302703157678105e-01 2.566749970897215793e-01
8.119090205516987790e-01 2.559001677205547942e-01
8.017169675246960114e-01 2.013273111070882915e-01
8.651109622288327694e-01 2.470731479652928664e-01
8.079107835670928939e-01 2.458660752645814851e-01
8.263097290179153287e-01 2.534925129337205485e-01
8.604517292342319656e-01 2.315597441469754159e-01
8.558935849555981967e-01 2.803652308525088621e-01
8.443128086303072211e-01 2.737679627785369330e-01
8.316606161509334516e-01 2.896835191889519101e-01
8.853353501264414893e-01 2.686473180924572324e-01
8.207071734164095300e-01 2.306146472797787339e-01
8.999706306537040845e-01 2.187692186265565442e-01
8.261343170949220216e-01 2.932888497753382007e-01
8.743672783555069827e-01 2.384246994069270098e-01
8.601021003836026857e-01 2.164540655621884357e-01
8.638764897811352927e-01 2.677218007227652463e-01
8.902913334153766955e-01 2.765097523370139698e-01
8.677097312457778822e-01 2.707539094394351142e-01
8.832698003895991246e-01 2.796025400814419193e-01
8.505409592985130329e-01 2.187637108704775790e-01
8.143203593424944708e-01 2.506834398186248425e-01
8.639443126462321709e-01 2.356589079274178378e-01
8.407941484471421756e-01 2.930043117274103714e-01
8.392557883734725888e-01 2.295725532109147149e-01
8.948939259572490368e-01 2.594802340879684976e-01
8.215586443731153210e-01 2.480665335002515404e-01
8.881400663497961423e-01 2.058881284376012921e-01
8.067100086254952451e-01 2.556694778406837787e-01
8.509550115080041222e-01 2.024582203178783568e-01
8.981293015873046404e-01 2.725103506644704354e-01
8.932851081110773084e-01 2.885580545116444573e-01
8.101488086793683374e-01 2.096603060425374920e-01
8.213478459151601907e-01 2.085864703449735180e-01
8.839750866046374167e-01 2.286897089586537035e-01
8.306455070741403102e-01 2.635322724043742681e-01
8.109411733412408285e-01 2.602271451642185207e-01
8.460879521747195486e-01 2.591658419044147177e-01
8.169149201399581450e-01 2.239827302234121964e-01
8.380984123629731108e-01 2.710489739559418521e-01
8.157295164197431170e-01 2.608648553201632914e-01
8.836172033830121952e-01 2.124107341579285491e-01
8.641880632141984986e-01 2.692847930375859566e-01
8.741150973087874476e-01 2.799657371064283584e-01
8.883509003555188910e-01 2.584221879471820249e-01
8.051996500535496537e-01 2.954032579329674557e-01
8.999687675817251709e-01 2.963059957569061376e-01
8.588474571773160315e-01 2.520540338350698573e-01
8.343424454273120627e-01 2.315136837372691048e-01
8.872763911163621398e-01 2.370685183558416120e-01
8.174659768145349226e-01 2.824191582283217539e-01
8.601711097311994791e-01 2.362436490212543039e-01
8.634297913218940135e-01 2.196139007908158580e-01
8.686395610192181316e-01 2.331197431694634892e-01
8.079864218145544896e-01 2.766376870631295781e-01
8.362893630390866306e-01 2.018449612421656103e-01
8.157683820634256122e-01 2.804640653757735080e-01
8.039330095436735268e-01 2.976198640794281980e-01
8.483398067969214473e-01 2.858671839005287318e-01
8.878392727850622501e-01 2.414042158512729186e-01
8.852881136415228225e-01 2.469634355155752581e-01
8.754965978452770026e-01 2.326360768924759792e-01
8.426999208610859160e-01 2.548838442932609971e-01
8.903944798887277745e-01 2.387755601689472429e-01
8.228790910095830080e-01 2.227421434354218133e-01
8.354810930194104257e-01 2.183860522360877021e-01
8.010087471794182790e-01 2.474635228115411312e-01
8.488971153829758531e-01 2.744563098413238533e-01
8.552519278805343905e-01 2.401417405892588564e-01
8.391046880674208897e-01 2.809352484089949753e-01
8.308735093729434640e-01 2.671604015514225661e-01
8.017086519918590337e-01 2.618092563583418464e-01
8.267278414328093072e-01 2.503471293594513036e-01
8.237098574844905485e-01 2.289767079756825086e-01
8.549073331513035168e-01 2.351103045703521466e-01
8.232480525488616863e-01 2.353349912049195747e-01
8.455505086191127395e-01 2.395587984748592802e-01
8.237039903467160418e-01 2.055280705667498764e-01
8.876736621145988604e-01 2.624471419833751540e-01
8.859183057443853482e-01 2.977568773329483665e-01
8.413251584798442373e-01 2.736098168912438067e-01
8.441950056412692582e-01 2.374716087352908289e-01
8.499720029842954272e-01 2.779415980235203087e-01
8.524623665277530904e-01 2.922739556557623630e-01
8.356439182215151806e-01 2.919592243073320659e-01
8.536285192459814875e-01 2.298705698071405457e-01
8.170637954604891284e-01 2.746816449573867835e-01
8.858852965609302910e-01 2.830045189672368844e-01
8.344185893079432148e-01 2.841811532940889951e-01
8.347544374252574562e-01 2.322339977510247400e-01
8.235977822470538223e-01 2.075209931357714366e-01
8.237794564799987285e-01 2.145688220042114569e-01
8.237443646502871086e-01 2.106046296556928210e-01
8.851919745142557971e-01 2.227400996770887431e-01
8.238201702085268252e-01 2.650647857138406227e-01
8.316723653418010009e-01 2.927520144377030453e-01
8.951507701690296637e-01 2.522687467021440533e-01
8.209086273824266478e-01 2.802769052872376432e-01
8.790809062115410022e-01 2.469677468501763062e-01
8.349733839961831494e-01 2.468611279602742348e-01
8.418316134510841486e-01 2.556718842130041303e-01
8.803886466686784429e-01 2.007696637816933083e-01
8.766122092727886006e-01 2.218388274547093975e-01
8.556920909179867030e-01 2.757261793993393550e-01
8.271078633646911094e-01 2.557716097127867849e-01
8.348446462256990941e-01 2.405680883665951841e-01
8.283316784899581453e-01 2.244321514098366055e-01
8.862051834682432849e-01 2.809674797174547822e-01
8.575993400456747295e-01 2.677316398466332847e-01
8.144144721138729670e-01 2.002998731128966536e-01
8.540530790651317261e-01 2.840512348470293769e-01
8.660420169043053784e-01 2.723833334268237483e-01
8.644375689154915055e-01 2.173695977889839037e-01
8.819499508626599260e-01 2.908032375907458333e-01
8.632771211572101144e-01 2.278254501115788699e-01
8.394506224685236440e-01 2.741056014301694321e-01
8.156192531147051783e-01 2.505550948655939636e-01
8.788038804033190265e-01 2.961205478823206172e-01
8.294092617714148297e-01 2.388331360929922820e-01
8.349649788635480352e-01 2.359069285333625920e-01
8.291652282584625056e-01 2.295240326345286408e-01
8.418304581801666631e-01 2.872591833476025314e-01
8.598239275162506967e-01 2.162416884824918117e-01
8.553542998391988617e-01 2.314362896059422858e-01
8.340263202081197313e-01 2.320298537874999345e-01
8.439960186396067154e-01 2.719530301082825341e-01
8.502623296606204306e-01 2.551739776853839681e-01
8.942657080710705308e-01 2.466740267819595434e-01
8.287939969380350158e-01 2.759480241255957700e-01
8.483059666311035807e-01 2.546501084274382931e-01
8.928200363115612603e-01 2.261371472348535083e-01
8.936542449626319051e-01 2.780450142438351535e-01
8.904750781641971313e-01 2.304433081404655970e-01
8.507932159679137962e-01 2.337461040497424147e-01
8.664322351068531880e-01 2.004985512837311190e-01
8.324664833401409503e-01 2.727103632894366525e-01
8.372879073839605280e-01 2.277126064487148271e-01
8.230881598781714104e-01 2.305821933950199243e-01
8.599382422369422629e-01 2.381523464710718629e-01
8.617881932542921231e-01 2.880893798071610390e-01
8.589076512822066967e-01 2.654489677544363824e-01
8.818236004414812257e-01 2.535496395996406638e-01
8.303055889647892318e-01 2.553247246799117409e-01
8.101946943897363473e-01 2.768226054013942505e-01
8.822918861212984964e-01 2.312743497150796523e-01
8.503099367039943512e-01 2.810891472047716277e-01
8.113397586630993752e-01 2.686255771439691742e-01
8.790558475833507579e-01 2.962520488605192570e-01
8.676832728929636529e-01 2.457556853962869492e-01
8.715139152564963521e-01 2.467357558976618348e-01
8.402619675642277741e-01 2.477968440969961217e-01
8.362917441505918204e-01 2.840838577572525891e-01
8.411689126134039851e-01 2.504745991770592761e-01
8.420697490515545169e-01 2.913728095727245448e-01
8.553863345874778146e-01 2.496729744932150441e-01
8.403845820053021942e-01 2.267272225642399941e-01
8.631742115232493573e-01 2.021475260928977946e-01
8.174592514125781362e-01 2.039934935722794718e-01
8.675137566183106497e-01 2.268577652139212031e-01
8.788844115928700074e-01 2.470592527049497722e-01
8.250427012366983170e-01 2.985694881774390574e-01
8.554863911926917641e-01 2.156871025024251765e-01
8.167199943928560302e-01 2.545362994816317004e-01
8.491821455994902346e-01 2.071717020774663520e-01
8.825729905698673772e-01 2.796212947026865958e-01
8.230108066406052192e-01 2.288400947394017559e-01
8.189490082296331241e-01 2.060608427745552196e-01
8.842153269910929536e-01 2.213535380264519126e-01
8.566808799449925349e-01 2.554821787531167399e-01
8.239698396620445120e-01 2.335763961109813547e-01
8.456297425964641734e-01 2.378567083908040281e-01
8.943667400950532365e-01 2.983455939892843967e-01
8.174833157223984070e-01 2.865653916304571336e-01
8.889465315384225130e-01 2.994492679174134420e-01
8.309087256809164490e-01 2.963404234467263421e-01
8.084661798329160209e-01 2.352553638744377951e-01
8.899163567370104166e-01 2.471601452099256024e-01
8.932398664435717839e-01 2.980033218628511116e-01
8.939699455437998266e-01 2.665743972343626589e-01
8.152411859920974946e-01 2.169879318492186626e-01
8.294696362337395934e-01 2.946414924108849975e-01
8.227257010594437592e-01 2.547492677020691265e-01
8.012524848042947845e-01 2.493335259148137251e-01
8.764047034856932150e-01 2.473940198453721540e-01
8.552245248977459191e-01 2.645398011403405913e-01
8.226183316231179266e-01 2.877030537569030266e-01
8.669746639777647923e-01 2.665124019648987819e-01
8.001154907189210741e-01 2.212171485700778761e-01
8.115466728091305093e-01 2.227694233666462353e-01
8.112209577386521042e-01 2.275648535965443253e-01
8.644726347053147686e-01 2.729193846327170880e-01
8.201306955412118738e-01 2.075380968036188989e-01
8.133421203368675911e-01 2.363763848168198289e-01
8.823084550678803595e-01 2.171047104119520343e-01
8.126018484395159946e-01 2.488747716084679928e-01
8.128144768046944302e-01 2.959680058813983217e-01
8.763096103089773603e-01 2.941558417487996069e-01
8.065264356702196435e-01 2.031847500037746723e-01
8.964606300047179843e-01 2.081927448909961509e-01
8.939793138079953350e-01 2.463514359939583120e-01
8.912788600089966984e-01 2.313197788085380457e-01
8.038546028253032993e-01 2.098020351275522444e-01
8.122361274881522153e-01 2.459139116324744745e-01
8.391713112699089594e-01 2.698031938655551243e-01
8.058551118288804771e-01 2.619781183210426745e-01
8.876770415883207255e-01 2.237722625121903730e-01
8.188301601655317841e-01 2.453918162952113957e-01
8.372491907784569420e-01 2.803901655015729188e-01
8.980331402648871197e-01 2.254532591284521548e-01
8.112955713215139752e-01 2.761329853561080849e-01
8.935502538735902167e-01 2.841653586542265963e-01
8.567251244721162395e-01 2.339063719218850701e-01
8.473418360784037429e-01 2.643071994761619914e-01
8.868053655110654798e-01 2.941018205581421574e-01
8.488460860236426431e-01 2.197174995736209668e-01
8.751785418800245298e-01 2.287687412487151850e-01
8.253066342810991829e-01 2.917541883496013733e-01
8.269255466433167445e-01 2.664397328002439669e-01
8.214980393881250453e-01 2.637314312371540903e-01
8.439182712451334112e-01 2.832893923184292562e-01
8.050379324524576941e-01 2.007381913640587379e-01
8.638038244938562871e-01 2.235854407982099945e-01
8.167262980755986002e-01 2.396019375408674768e-01
8.337854307607779347e-01 2.383427591819932412e-01
8.628772930052160950e-01 2.883127904219994764e-01
8.109700954008758345e-01 2.882642794696186339e-01
8.970356849902838547e-01 2.803923590036851987e-01
8.226628294695446098e-01 2.628764678330843818e-01
8.335549814631030285e-01 2.300360742983201257e-01
8.487732834340474541e-01 2.233638234506391818e-01
8.587962391757868463e-01 2.291311018510884256e-01
8.908907389632638729e-01 2.073179479175945583e-01
8.056255621881387441e-01 2.963189194230624324e-01
8.830934040902009841e-01 2.432488222065465333e-01
8.778646555296525378e-01 2.579788785685305230e-01
8.626374713740887490e-01 2.802383350914509630e-01
8.956278195916775875e-01 2.053611190346483761e-01
8.600918974495359581e-01 2.428028312434900304e-01
8.954832224180137024e-01 2.711197922501493163e-01
8.303188426142157352e-01 2.703826777025805095e-01
8.744036108460109258e-01 2.837043453760799694e-01
8.717602032045592697e-01 2.613816141951426641e-01
8.736709448529180744e-01 2.546478422174424106e-01
8.765575777212639697e-01 2.333034515011454535e-01
8.355736929207683295e-01 2.939358242361527207e-01
8.948634396968588867e-01 2.481305815520210012e-01
8.012136659721451615e-01 2.391167994021379806e-01
8.079574218640686034e-01 2.773058135188072315e-01
8.427302838002460605e-01 2.590521863077598352e-01
8.248074289679837579e-01 2.961308011472645885e-01
8.090814135732389278e-01 2.651596058204494510e-01
8.526726542983286139e-01 2.204929776567475519e-01
8.868124991549870551e-01 2.996796220159290702e-01
8.228738739277605685e-01 2.347655583647458855e-01
8.708129506778166107e-01 2.774144194201076941e-01
8.562736493397533621e-01 2.618192227655345428e-01
8.089877687756964475e-01 2.828090016469239631e-01
8.299016022785079549e-01 2.913322391306237269e-01
8.239145135556600330e-01 2.961446291263384323e-01
8.722285190693492840e-01 2.741294159954653642e-01
8.896324667210966375e-01 2.821674534302024417e-01
8.561806666387067333e-01 2.620165061318969757e-01
8.257186047769318193e-01 2.666080673994253858e-01
8.678254545904207085e-01 2.347201112887561392e-01
8.811438196171852422e-01 2.039557037925065763e-01
8.796204770535558382e-01 2.933639864998344171e-01
8.250710652206003637e-01 2.703446656104209755e-01
8.453885074277798228e-01 2.656263099241988335e-01
8.911309055994113271e-01 2.253673433560909045e-01
8.164688866849184601e-01 2.731530891001220929e-01
8.875778935422694582e-01 2.053021090359209988e-01
8.045986189218086171e-01 2.170135887187696067e-01
8.305526338875406367e-01 2.449610220388092341e-01
8.065195163111766874e-01 2.840405306008877973e-01
8.097452676024117224e-01 2.590645346269019322e-01
8.602242956472021529e-01 2.732192044824303112e-01
8.809809713128711195e-01 2.656885273283915994e-01
8.397132918365343146e-01 2.296875503447759759e-01
8.653754261926323021e-01 2.679389581447860214e-01
8.235730198582666972e-01 2.245808233060055670e-01
8.766524559496093882e-01 2.057093100700079225e-01
8.327898585473784143e-01 2.009623734570020748e-01
8.171789627383297949e-01 2.088948837937263936e-01
8.313680634653223267e-01 2.847361766345214429e-01
8.307394005394836967e-01 2.928034993369549310e-01
8.989410370707765496e-01 2.392411784458574608e-01
8.765466325343139742e-01 2.488945137336482372e-01
8.499838478100584238e-01 2.088220648952454073e-01
8.728590070756495622e-01 2.515815593609643797e-01
8.714664417279305297e-01 2.244214661636419195e-01
8.833017656943885632e-01 2.225856992473025930e-01
8.051628741994756311e-01 2.432270362369392536e-01
8.029697092916634471e-01 2.789594974573829100e-01
8.387157937305191879e-01 2.955989833773723929e-01
8.997390936209861412e-01 2.005416730585656282e-01
8.007178079289775097e-01 2.599740829534792907e-01
8.086824153948861671e-01 2.356379312475418153e-01
8.828744041525260489e-01 2.936489530569658668e-01
8.907934441439958606e-01 2.523878974612667192e-01
8.692609629315588560e-01 2.042097964124169329e-01
8.322113850544814451e-01 2.321555096530750761e-01
8.524653013244847255e-01 2.338744839194973613e-01
8.865068776482087909e-01 2.596480843537747329e-01
8.258218937908347046e-01 2.514537821657505390e-01
8.312116504099694714e-01 2.372157376473202905e-01
8.024281290203891803e-01 2.938314468656387235e-01
8.781788088713271545e-01 2.191682616512057868e-01
8.566742254136214818e-01 2.534204679908316216e-01
8.724798932704980192e-01 2.592311726018756701e-01
8.773101363079409687e-01 2.906458279253815724e-01
8.969269273829163502e-01 2.657658229920077386e-01
8.900978161892261209e-01 2.037866041764010705e-01
8.424326484720545682e-01 2.185355217397338401e-01
8.412036594222705999e-01 2.143362956464478219e-01
8.227860134866192832e-01 2.242299106951959886e-01
8.214957617965861214e-01 2.676621299985288971e-01
8.596781921302003582e-01 2.924366043255022807e-01
8.586613014531410126e-01 2.816273929767150741e-01
8.035720115435444066e-01 2.103226519169715258e-01
8.531543164434861604e-01 2.263097837864131989e-01
8.738349331255390595e-01 2.796284046318157634e-01
8.576364446757296367e-01 2.606391793464489792e-01
8.791241085599853511e-01 2.226784909218940123e-01
8.740676491762180422e-01 2.231598698059924502e-01
8.379488576634681607e-01 2.407415769290275065e-01
8.426191044586351930e-01 2.878476410708449840e-01
8.119005336139317741e-01 2.978344866109864375e-01
8.629060710866705008e-01 2.290070143057511554e-01
8.686682998850261406e-01 2.586238865420344424e-01
8.446267098662038064e-01 2.915884025972603211e-01
8.706740514945719989e-01 2.117678017081287556e-01
8.955987852166363838e-01 2.793142303534218440e-01
8.739995363945929352e-01 2.679050279639105248e-01
8.006893132546880620e-01 2.450340930442677645e-01
8.813937953973203232e-01 2.860713127690389102e-01
8.106549954996740137e-01 2.630525924542757576e-01
8.760809108757839914e-01 2.065902586078888770e-01
8.460911081272923795e-01 2.952707472305238223e-01
8.244844163624558409e-01 2.907942236751613896e-01
8.894394709148144562e-01 2.822932674165240519e-01
8.113369155143629330e-01 2.330347077803801015e-01
8.382138119018316402e-01 2.590541302225310427e-01
8.428624743728557744e-01 2.741020766928482510e-01
8.788985565425706525e-01 2.133322876468652929e-01
8.932417181456264732e-01 2.174987529742270498e-01
8.594369778853940822e-01 2.418249713570488624e-01
8.355267698069244187e-01 2.748258885771014959e-01
8.487770534508227716e-01 2.845163946202089456e-01
8.473381778510754581e-01 2.102319230385719107e-01
8.752080694252921678e-01 2.601465417751174791e-01
8.952959799180136846e-01 2.718201018523855872e-01
8.368427680902527088e-01 2.288896335522300485e-01
8.019902561424242515e-01 2.127835810363088997e-01
8.341866261796639925e-01 2.518135293922922346e-01
8.147428042678847016e-01 2.896924432616968526e-01
8.050283502922789269e-01 2.985043921028331382e-01
8.506867688459895938e-01 2.892274847498169654e-01
8.981904708974597362e-01 2.105859409794223758e-01
8.811213294429153242e-01 2.959190370096648759e-01
8.462194562368157147e-01 2.369453345753883555e-01
8.263772340799315774e-01 2.338155924893769999e-01
8.952445334546914602e-01 2.521570824385149789e-01
8.071677420509055789e-01 2.829345204488611376e-01
8.552733245512177396e-01 2.908441901833179188e-01
8.402887704191602802e-01 2.046923920018855481e-01
8.219266024696159079e-01 2.221865177446085138e-01
8.529387738828146936e-01 2.569841901869584500e-01
8.275882403311036750e-01 2.403420984290858819e-01
8.257177781994059496e-01 2.291502824720466069e-01
8.636999844781900748e-01 2.583637848195665110e-01
8.758383184171796287e-01 2.270858800397741739e-01
8.544452756961758988e-01 2.624650223822056483e-01
8.365900177890490674e-01 2.528306018819818091e-01
8.239097218175290838e-01 2.809016202448671451e-01
8.448375556320283364e-01 2.659596262720463899e-01
8.817105946312822073e-01 2.854459594248766052e-01
8.360630933739866544e-01 2.539477705564066046e-01
8.027259634160610613e-01 2.790619488518040758e-01
8.545251651434807583e-01 2.160400324545188600e-01
8.645224777722003706e-01 2.928893293241092155e-01
8.266329139618269206e-01 2.659778118788190815e-01
8.016691887420863694e-01 2.128856828277535806e-01
8.920210672255810547e-01 2.955312219862504808e-01
8.156225770990482848e-01 2.059017217751815676e-01
8.503135089461303364e-01 2.810516109166923959e-01
8.536544316438399171e-01 2.474405424490898064e-01
8.469252838727279187e-01 2.776338661721265422e-01
8.615005483407467413e-01 2.613367089683492628e-01
8.882718131586848642e-01 2.196881386765625055e-01
8.054754795587432126e-01 2.290961679005773521e-01
8.236143169513621132e-01 2.980488421267875054e-01
8.826658119592486473e-01 2.675095187301773647e-01
8.309408228368462268e-01 2.343643692911658027e-01
8.778933712794466659e-01 2.223350678173864337e-01
8.420664556067778417e-01 2.914370266707468349e-01
8.319400449838002531e-01 2.534187709707245162e-01
8.750633451607831015e-01 2.260846384592970215e-01
8.175387025874393254e-01 2.276892583764332789e-01
8.274909843671378606e-01 2.950648106097340517e-01
8.700581695038310803e-01 2.263159114156943763e-01
8.242171002604112839e-01 2.200566051066713547e-01
8.057350515433047144e-01 2.185998837942719208e-01
8.911286175177834945e-01 2.662430459570921393e-01
8.190646958609134609e-01 2.145957030613304117e-01
8.099947676631137350e-01 2.256325980571073919e-01
8.542030571442011944e-01 2.664346612414025262e-01
8.254307650588155187e-01 2.221440907342670801e-01
8.117909596684623752e-01 2.181830228222990664e-01
8.022398943627526702e-01 2.215471559580859395e-01
8.936160908751862308e-01 2.810348490178293801e-01
8.303342263881455798e-01 2.979823250009591140e-01
8.009409397695872457e-01 2.785454838411339784e-01
8.062638888458580899e-01 2.927319242189053150e-01
8.585866079142829843e-01 2.799134791098994990e-01
8.279315466265176893e-01 2.271799925553920629e-01
8.904639242694752932e-01 2.998505223385183882e-01
8.588868627894566954e-01 2.648037831941287279e-01
8.149569933099783947e-01 2.970162448881654704e-01
8.653550234695939203e-01 2.158184968222216504e-01
8.483754534370203659e-01 2.957771752039172197e-01
8.887623010328733475e-01 2.823130189625362996e-01
8.594470791563002532e-01 2.534625534847350647e-01
8.479304773230775805e-01 2.337486362225198455e-01
8.373651392949487127e-01 2.129762145647483285e-01
8.408858078777833311e-01 2.829190020465547906e-01
8.840466590195774632e-01 2.205380247626592127e-01
8.225596333198477161e-01 2.127941396723295187e-01
8.788261627932064668e-01 2.446057521015837788e-01
8.176124156774885465e-01 2.900524888581454963e-01
8.752031324721487593e-01 2.041722570168851558e-01
8.498717232381997055e-01 2.283142294507517489e-01
8.981916474715866405e-01 2.839932908227442709e-01
8.820185530350937997e-01 2.262639550019009960e-01
8.807228893949637927e-01 2.403015659955489991e-01
8.311068131135169734e-01 2.514377599165552590e-01
8.834261614121688977e-01 2.970753295416700968e-01
8.024640408850092221e-01 2.793556651869226748e-01
8.177358045134359710e-01 2.218503852575870738e-01
8.396890757123233184e-01 2.368518842992476670e-01
8.423510488023887577e-01 2.696210024170901387e-01
8.885828312635545290e-01 2.399479820219249659e-01
8.426931660363733423e-01 2.500267658035798535e-01
8.070736697292930639e-01 2.151525625092525762e-01
8.796816141424304014e-01 2.791159017466765535e-01
8.851081799309314935e-01 2.203261191247841977e-01
8.403264836508679281e-01 2.835656981178820146e-01
8.881907174965459895e-01 2.103606268064912022e-01
8.651633975275263566e-01 2.628663242331841232e-01
8.820441929054703145e-01 2.147947678888597056e-01
8.525800843897137771e-01 2.923058166788251588e-01
8.168340981590143102e-01 2.978962902652292355e-01
8.163237651989936339e-01 2.742614222225707166e-01
8.442828723764637111e-01 2.942329162617703942e-01
8.314598820248895183e-01 2.788189571036887582e-01
8.891009527270608004e-01 2.336257079702325212e-01
8.748824240302911504e-01 2.598879874760685604e-01
8.459357314454586385e-01 2.965420205171777068e-01
8.595966842920148565e-01 2.072649154302103613e-01
8.671364903965859128e-01 2.965814954257022795e-01
8.255533917905129027e-01 2.576658997678885066e-01
8.600734063295017995e-01 2.143783822896686841e-01
8.392505112100761000e-01 2.737536450233771235e-01
8.973815063729817521e-01 2.331968822724758694e-01
8.051050372367902774e-01 2.214815119198987325e-01
8.887657886408455443e-01 2.869821558865204847e-01
8.268362699840399177e-01 2.468581180074893022e-01
8.908919942296672501e-01 2.340070729854189513e-01
8.244237347267306948e-01 2.379837761850528421e-01
8.097230338241842018e-01 2.701922369865923379e-01
8.885595328809803295e-01 2.872288446012516983e-01
8.972559792277552404e-01 2.408956443026154248e-01
8.395653786561971810e-01 2.918606049949955539e-01
8.413358807202966361e-01 2.619547741453914780e-01
8.623429864977630865e-01 2.793751113022897581e-01
8.412677237431219757e-01 2.725830668550018321e-01
8.312122165379079997e-01 2.863657119894532088e-01
8.761264644314354921e-01 2.074318077647867020e-01
8.612553819635164754e-01 2.887641514032261436e-01
8.773738158430262057e-01 2.447829099649790618e-01
8.611171191772433176e-01 2.677970256971225482e-01
8.245531728130961469e-01 2.717400093446186715e-01
8.737797305728713937e-01 2.010650591816818822e-01
8.225611903503271538e-01 2.932614847719352547e-01
8.359372886883298381e-01 2.841966647578672567e-01
8.215609052281863667e-01 2.632405820164451238e-01
8.817792079363764302e-01 2.664809390305999393e-01
8.521393630758695714e-01 2.843936172680917029e-01
8.438667121117164882e-01 2.265234607515072551e-01
8.584019191055862752e-01 2.589323900871430273e-01
8.358406356679858318e-01 2.277829079885514418e-01
8.656767342766216178e-01 2.827131218726904871e-01
8.917268070883930253e-01 2.305479062352647213e-01
8.956351639272832621e-01 2.438450374503770279e-01
8.139354981952868773e-01 2.180195325325323397e-01
8.379640803668058080e-01 2.815418315289314188e-01
8.445447325822310614e-01 2.778785329482579280e-01
8.259181242793174338e-01 2.607281054915251417e-01
8.448084694767257208e-01 2.509708644856503135e-01
8.016529205217942655e-01 2.421017019065349052e-01
8.938320390869423093e-01 2.031897346412397387e-01
8.964080911084481018e-01 2.379750154621603775e-01
8.518974740657956346e-01 2.292399052134537207e-01
8.919087483863246124e-01 2.375366217584246042e-01
8.326120155893358410e-01 2.690770386820055537e-01
8.978115113178871676e-01 2.320494272321739770e-01
8.226423126306550149e-01 2.796151943239522653e-01
8.573160411904472422e-01 2.050276011594547865e-01
8.242598619015537587e-01 2.696816726549470244e-01
8.468340317782756532e-01 2.809874068935306890e-01
8.941177585361611557e-01 2.416041097056736975e-01
8.562643340149077575e-01 2.288221312750721714e-01
8.634321297272417040e-01 2.326093090168057376e-01
8.049698880133463463e-01 2.574677080701125997e-01
8.741656535198107925e-01 2.700671944270962577e-01
8.929290682302643001e-01 2.720475582461798769e-01
8.480783405675969000e-01 2.342762953648903357e-01
8.150967816595627857e-01 2.747249138063655449e-01
8.592979285985532512e-01 2.999347746405044424e-01
8.866275970322290423e-01 2.923044090129579553e-01
8.156621852326872979e-01 2.135400604361376020e-01
8.645917762301558174e-01 2.308025474043900460e-01
8.182102664361640132e-01 2.887028828779051870e-01
8.444160422314204162e-01 2.838624958845841761e-01
8.118578539559823115e-01 2.840334400006964133e-01
8.018384596636819461e-01 2.143912738300914334e-01
8.807845065223591785e-01 2.754820557184909924e-01
8.351767992929515216e-01 2.777025131452442452e-01
8.821495456612280517e-01 2.789890080007254025e-01
8.531167136001336360e-01 2.391888735465347859e-01
8.457204754099416633e-01 2.189864209499081116e-01
8.347568379980441211e-01 2.208623514060495674e-01
8.016966630754079892e-01 2.673854517502605166e-01
8.505001018685718339e-01 2.910091591682977263e-01
8.013843440614181191e-01 2.707659659530471385e-01
8.579722267409779501e-01 2.816899835910003924e-01
8.640101404540279084e-01 2.892381720778374188e-01
8.414939413274060698e-01 2.948309555559024409e-01
8.786964884476530235e-01 2.448982887903785599e-01
8.289885869511034455e-01 2.405252284366105053e-01
8.911845148092422120e-01 2.200731283689722484e-01
8.799003011377053429e-01 2.949916145063530282e-01
8.138237595024645499e-01 2.843632427787697314e-01
8.547278092677075279e-01 2.445065847646656909e-01
8.582267958635394489e-01 2.116716152165779852e-01
8.871468213537405667e-01 2.263758830059691696e-01
8.472209212766208530e-01 2.152537411055084338e-01
8.760864588705883360e-01 2.502861418031319118e-01
8.880054706430899891e-01 2.292676861962664459e-01
8.181931277907495970e-01 2.597719453639718012e-01
8.856000822903637992e-01 2.247040818327390999e-01
8.110339631576195529e-01 2.036033608933232597e-01
8.606076648224244563e-01 2.766161144014560036e-01
8.546769175699266974e-01 2.278995964471423885e-01
8.575152930243512550e-01 2.826409773990025687e-01
8.123719426782488595e-01 2.321136005540714031e-01
8.215483546824695615e-01 2.665627629178813351e-01
8.889120307080700112e-01 2.194016016523717694e-01
8.566584037732670742e-01 2.340852519703855994e-01
8.999930635727877437e-01 2.850370228682001517e-01
8.237667578922134304e-01 2.522989276648947010e-01
8.506112021137288703e-01 2.859586860638950734e-01
8.359244286522152789e-01 2.432612663268200470e-01
8.270280579578784819e-01 2.099068654202668194e-01
8.417189712655748224e-01 2.766873044494788658e-01
8.587221067792168983e-01 2.521660729901040177e-01
8.407704868745076165e-01 2.114235478465402718e-01
8.388642051918007159e-01 2.278938794615774643e-01
8.451146966285294493e-01 2.975395656039029890e-01
8.205377371369813044e-01 2.946992000817231783e-01
8.549311018961084363e-01 2.045823954124017241e-01
8.822550877722639129e-01 2.552809281159890142e-01
8.766412242881276295e-01 2.239972351284152396e-01
8.834771326165866689e-01 2.613873052384949602e-01
8.010488292189666959e-01 2.205601884480386521e-01
8.380704699719644379e-01 2.811659075890010628e-01
8.792594772076328669e-01 2.536064670388351039e-01
8.772946646629791179e-01 2.242953689379865168e-01
8.187854684207009903e-01 2.944581432243627561e-01
8.309248457623394923e-01 2.397916198816741340e-01
8.738525007178116200e-01 2.444380719664151491e-01
8.406601090320032776e-01 2.156124354347788707e-01
8.304923366399626916e-01 2.603619321428561895e-01
8.027246980705566859e-01 2.801378367484657073e-01
8.813160055759742262e-01 2.386400307134052268e-01
8.587110412067734400e-01 2.816862806904485983e-01
8.211427897721632618e-01 2.031755792587829346e-01
8.671799978391865338e-01 2.232026929134460769e-01
8.254644534613657658e-01 2.155750012124013626e-01
8.304760334249534637e-01 2.163556943133252142e-01
8.272410146156062849e-01 2.734155702388302855e-01
8.027112986340396716e-01 2.553038113534012998e-01
8.956718293821341881e-01 2.600758342393430511e-01
8.891388783821086994e-01 2.902992313421400850e-01
8.233664981226428425e-01 2.402887315253262601e-01
8.532234364380446578e-01 2.277613780801958365e-01
8.092800346928004096e-01 2.452499795517716352e-01
8.449843497239987178e-01 2.342124075736981559e-01
8.259494115479091292e-01 2.328937429690710048e-01
8.161823017438976091e-01 2.826275281233400216e-01
8.513363400191698016e-01 2.867748287609993008e-01
8.061937759398645209e-01 2.760803705670362707e-01
8.455751787387031371e-01 2.149624962201479028e-01
8.784376322135651893e-01 2.939699997555620392e-01
8.023021561938917801e-01 2.330205420724793530e-01
8.344215653097011298e-01 2.231429065152184810e-01
8.023042366664506764e-01 2.720073428713063457e-01
8.347235408248141475e-01 2.973975930159733494e-01
8.736634692562753601e-01 2.537748231580220226e-01
8.227256416810735384e-01 2.609889527420946598e-01
8.056123395469283466e-01 2.340605225622483798e-01
8.076654108916483388e-01 2.298182991712691137e-01
8.743542000209755249e-01 2.767253148530652296e-01
8.195871702602185449e-01 2.931918118115088290e-01
8.701393755240551808e-01 2.082865292045976979e-01
8.611149672478983774e-01 2.699607620833165966e-01
8.966991680443014978e-01 2.176971291429792288e-01
8.714986690867592145e-01 2.856210615365541439e-01
8.969625428782956877e-01 2.373053662495148708e-01
8.424456612625521590e-01 2.276935250801044308e-01
8.585425089329846715e-01 2.030807310796104159e-01
8.604970357236827461e-01 2.472372241656074499e-01
8.054817672023397712e-01 2.272394781901210803e-01
8.318635251430497313e-01 2.129468379166253311e-01
8.517730950469715179e-01 2.540917576943214629e-01
8.917348959245789963e-01 2.262632238106648264e-01
8.405891303667993864e-01 2.016963590885569868e-01
8.964100274070194718e-01 2.700794812331743233e-01
8.167376333428022495e-01 2.631303162981165067e-01
8.322261555669550059e-01 2.005307410364331466e-01
8.129067225633715976e-01 2.474525144483791794e-01
8.429372142106880128e-01 2.396701394154500397e-01
8.173642023492971864e-01 2.537910180563186513e-01
8.375736278847877303e-01 2.364275919143407623e-01
8.272139295047578056e-01 2.260919543496295314e-01
8.233636268525011959e-01 2.310221345281727179e-01
8.697242631280878156e-01 2.293868874741413766e-01
8.058391994516165280e-01 2.915964834533530947e-01
8.260145800598454047e-01 2.339358234347569121e-01
8.857975929976322771e-01 2.919002328588213846e-01
8.955321971083417543e-01 2.673538246579326705e-01
8.756272944356062737e-01 2.682385183048954236e-01
8.899437676417540910e-01 2.593522830367321341e-01
8.135657603531039062e-01 2.586500676764815765e-01
8.020761689646700443e-01 2.915140359108259749e-01
8.280680750593363282e-01 2.941053631188472184e-01
8.969398063923041953e-01 2.567453379608554687e-01
8.750678549857736632e-01 2.213331611716706782e-01
8.417973899946800120e-01 2.653858026889006072e-01
8.965428777236316149e-01 2.427006287267014784e-01
8.567086117262697753e-01 2.221116634302696125e-01
8.478377971326999107e-01 2.452311610865550162e-01
8.425744192503108465e-01 2.075821831858460365e-01
8.131425943939271095e-01 2.257866125261508428e-01
8.248162554685239956e-01 2.754845555654582556e-01
8.654200595399426099e-01 2.846662467356891324e-01
8.341905571405009434e-01 2.884040302559762181e-01
8.536960485635198825e-01 2.717922224447574808e-01
8.291455133419507462e-01 2.750961627212230032e-01
8.749056894050039057e-01 2.716819546513187245e-01
8.921194348994838652e-01 2.566464951558429242e-01
8.051741631263449328e-01 2.593367171503141444e-01
8.869645080942526461e-01 2.291387225725877719e-01
8.275898285273165511e-01 2.872096245869115161e-01
8.982338531455680286e-01 2.611290142065086362e-01
8.822805833795726027e-01 2.392566160999218261e-01
8.308594719836188691e-01 2.945851318462664459e-01
8.453424699079811200e-01 2.637925807476181328e-01
8.350120398414659917e-01 2.624526907243288076e-01
8.383294732126709281e-01 2.598458709509000042e-01
8.954184169076331301e-01 2.296182919388800869e-01
8.327996222678898386e-01 2.716570716910353678e-01
8.908598533328424551e-01 2.769711013978500280e-01
8.675440949900762311e-01 2.113513734575802605e-01
8.372858405434818740e-01 2.519879578841230372e-01
8.161604621464275677e-01 2.175500953242704982e-01
8.644302140286341807e-01 2.911682485151250166e-01
8.650438748195401484e-01 2.604614030698043647e-01
8.481330500195536359e-01 2.480820948173723117e-01
8.163438015123715141e-01 2.585160720908886711e-01
8.484205241091923311e-01 2.945789098463972855e-01
8.845348489977383766e-01 2.336230108019921314e-01
8.796088350491064745e-01 2.498980322716056746e-01
8.009278569254895119e-01 2.690647059512046302e-01
8.931333979436860693e-01 2.838395008652769280e-01
8.209363540085218292e-01 2.747394488034189397e-01
8.950730150156455123e-01 2.476000506731142470e-01
8.278881127094979142e-01 2.335168292716632288e-01
8.659771697459081041e-01 2.058782973386865112e-01
8.118724475305715282e-01 2.526220040874143091e-01
8.728377457431020225e-01 2.374811845771723495e-01
8.310364703179233814e-01 2.112874199760370608e-01
8.918576661787389614e-01 2.230659053751627985e-01
8.998592947292374244e-01 2.409596534529044320e-01
8.767122525434734026e-01 2.024101933656034524e-01
8.174273207778488537e-01 2.528893855750140029e-01
8.214089307175945764e-01 2.283258563598226099e-01
8.410463493959123848e-01 2.438596797579679898e-01
8.645474793464668073e-01 2.559133767298103490e-01
8.138204352839966127e-01 2.661067076911227125e-01
8.925977999634420179e-01 2.771750373224010078e-01
8.488526890053025298e-01 2.571177491173389784e-01
8.729559113476016430e-01 2.994215295521474030e-01
8.657154443097518914e-01 2.057195549847371241e-01
8.133319010471551369e-01 2.845212818091172879e-01
8.077148841079094810e-01 2.500484138628226716e-01
8.236948604940615981e-01 2.666743508494475168e-01
8.433496689872985730e-01 2.146333661277166072e-01
8.651111533592170666e-01 2.213694265497951896e-01
8.025525049193199534e-01 2.437009116987043367e-01
8.442192505246983725e-01 2.846350464811610581e-01
8.075796065065325990e-01 2.338426599295474750e-01
8.762838146932947492e-01 2.491322366371054586e-01
8.526103305738469418e-01 2.404531281383510410e-01
8.850745026277260230e-01 2.886165325848012442e-01
8.527813894388149851e-01 2.848339494843953879e-01
8.052187562305240798e-01 2.049597891322528231e-01
8.253107472469812800e-01 2.445585121031751963e-01
8.219850922683239469e-01 2.088332456504516932e-01
8.656196314970194816e-01 2.080914636224734937e-01
8.721744878978789917e-01 2.857972540053741461e-01
8.472077467323013700e-01 2.935236306589503186e-01
8.680261959223423140e-01 2.612385980052102097e-01
8.130418976264686126e-01 2.828495290892296676e-01
8.131913334416513983e-01 2.794407561958765496e-01
8.269321784684141585e-01 2.253668210622884471e-01
8.942621433464477132e-01 2.016783711513539246e-01
8.911399734723145505e-01 2.480288061831565916e-01
8.526137032559706341e-01 2.463139791975495207e-01
8.784571476996011485e-01 2.628518124160579283e-01
8.246852539694384809e-01 2.597068225213201020e-01
8.626085585624151397e-01 2.716960208546825295e-01
8.455275332101030994e-01 2.567751151585009328e-01
8.915268917983655284e-01 2.417364656642596588e-01
8.230429518050079718e-01 2.075869625512462013e-01
8.126937346130554962e-01 2.872184407928689009e-01
8.277075090642660449e-01 2.345017591014549041e-01
8.080281919794094492e-01 2.956135707914929744e-01
8.599499777742961593e-01 2.298038938081041205e-01
8.161242076767234455e-01 2.599516112894373343e-01
8.992582742020907016e-01 2.953725712214911314e-01
8.084597799353377967e-01 2.674643913404617379e-01
8.041438365396450516e-01 2.172405115599538861e-01
8.971354057676544924e-01 2.389130749075398519e-01
8.991082851391918318e-01 2.153153800403522222e-01
8.093203910338484519e-01 2.212232879842410127e-01
8.020862353230084896e-01 2.361924493003088044e-01
8.814332760900183139e-01 2.085417559553245925e-01
8.206613130530373557e-01 2.144169489966126219e-01
8.719146162691158164e-01 2.997861869091519305e-01
8.283725746645160815e-01 2.803965647316393750e-01
8.860526056273813067e-01 2.954593364262758093e-01
8.579717782521394387e-01 2.182297519871428948e-01
8.136741500351650780e-01 2.277094601603411594e-01
8.619562951426776864e-01 2.551367812652625688e-01
8.863136716684791860e-01 2.653327613661676243e-01
8.918637292369215874e-01 2.023994563688145676e-01
8.518580233247203815e-01 2.194541733519718429e-01
8.232211786338196058e-01 2.394247816399509288e-01
8.226136891534524542e-01 2.141726022304127897e-01
8.727473513928227788e-01 2.277164710872056352e-01
8.169524902635746377e-01 2.669957191235176608e-01
8.767885480377272112e-01 2.609312786869575906e-01
8.983812826045206590e-01 2.299622703268534296e-01
8.914393723998395025e-01 2.531091110115387122e-01
8.669891099143459678e-01 2.514002567157339052e-01
8.446006858999373090e-01 2.260447670200664561e-01
8.970901378666297221e-01 2.802837003884787181e-01
8.603320888066282590e-01 2.925514167423199363e-01
8.208121916693165154e-01 2.990977677937368129e-01
8.998205608846113757e-01 2.279495637086886850e-01
8.648499008647865249e-01 2.773190769271017819e-01
8.847967599826627172e-01 2.009919391457399007e-01
8.981365922245605482e-01 2.080293516505272999e-01
8.453678504327657439e-01 2.339917877924328760e-01
8.440970153867846104e-01 2.979496587693472032e-01
8.044723733927325870e-01 2.812360516491890783e-01
8.145276579487721325e-01 2.706634269890700328e-01
8.194970357261218696e-01 2.415036138561249268e-01
8.148262252474630651e-01 2.509830624452228376e-01
8.349897670455782572e-01 2.953949392341205793e-01
8.493026225518135464e-01 2.584758694175607885e-01
8.628132152624672369e-01 2.027467097094103887e-01
8.192210438960454422e-01 2.193511104464965222e-01
8.138634649941309807e-01 2.263876191528239323e-01
8.328018363008418135e-01 2.261416850109484733e-01
8.174237742838263987e-01 2.219637391607887644e-01
8.287198650028824165e-01 2.111713162424865009e-01
8.593138295761771905e-01 2.007841385329404704e-01
8.776024840687879358e-01 2.189098203946941990e-01
8.313719976826359215e-01 2.628562486210431759e-01
8.660843428967256452e-01 2.621593749091604142e-01
8.486361048366660720e-01 2.194041771373216876e-01
8.759749579208049308e-01 2.037397877593589979e-01
8.619226249527200956e-01 2.822510123385753578e-01
8.114259726585812960e-01 2.617583230330742250e-01
8.974467503881864427e-01 2.301267820247784868e-01
8.389190116516409557e-01 2.509897855207388062e-01
8.877492754608058423e-01 2.854119462528729723e-01
8.649377073441663066e-01 2.674881579643814677e-01
8.568580103977687656e-01 2.789998497023654656e-01
8.271816687308324312e-01 2.867418118064933852e-01
8.685612023160759199e-01 2.417672531843493566e-01
8.619973132998699494e-01 2.106014656973193011e-01
8.547924101777255590e-01 2.410323100388181983e-01
8.663838685883555879e-01 2.991762589933544270e-01
8.367520815931190903e-01 2.630276789855673369e-01
8.847989997079193092e-01 2.180690805231300655e-01
8.454608648328185705e-01 2.995536587223163183e-01
8.275042109912731370e-01 2.883373963914108162e-01
8.182806653962432231e-01 2.896095466149979369e-01
8.729068831545192531e-01 2.464422951230380299e-01
8.678876624599007883e-01 2.032230119447272498e-01
8.399187616230712194e-01 2.019411285001825873e-01
8.884911054785080697e-01 2.331716753536379749e-01
8.633526611402946305e-01 2.664029808113512199e-01
8.366490988342000223e-01 2.154810290667296679e-01
8.293912389160428278e-01 2.700159220270391125e-01
8.850460151327546043e-01 2.852544920919721227e-01
8.729978042879990019e-01 2.724804221779978941e-01
8.560027747786850272e-01 2.711652494335257124e-01
8.289095592309791982e-01 2.029495370632260487e-01
8.501061586883706944e-01 2.774110848613946523e-01
8.715489033874942448e-01 2.808946015503980820e-01
8.394213826644091325e-01 2.756392128799739494e-01
8.996677500465608546e-01 2.552189114268417769e-01
8.025664420567200086e-01 2.106390300784403702e-01
8.268285136526096757e-01 2.204533175879166418e-01
8.482565457373842932e-01 2.976487972125491099e-01
8.874851037049023006e-01 2.121378710404157042e-01
8.827739155977766261e-01 2.407942272447803345e-01
8.102665796163791567e-01 2.954587340032421294e-01
8.867412904267731877e-01 2.912369488178137011e-01
8.819075689720157207e-01 2.674001112503558986e-01
8.138737051248710053e-01 2.075566711958689581e-01
8.482936599134662803e-01 2.185773997053435946e-01
8.446670602733229449e-01 2.079302055124080950e-01
8.207009173576881311e-01 2.831338266351478561e-01
8.101779826235410154e-01 2.238671727725667915e-01
8.071694171187481226e-01 2.532491907452893987e-01
8.081754641925628091e-01 2.197174638005626179e-01
8.700749865415799977e-01 2.410929627314600532e-01
8.514628976216069844e-01 2.341450146303139801e-01
8.539353788674457491e-01 2.829878229618245089e-01
8.308276471471480740e-01 2.665247433825373991e-01
8.685488142379460541e-01 2.074897951366379556e-01
8.200734969052340118e-01 2.586681555518671738e-01
8.541460404624690028e-01 2.575549442106987441e-01
8.050909306216701422e-01 2.889679870721493238e-01
8.258485822669914267e-01 2.793562775973618129e-01
8.216306842252947273e-01 2.562463523366346196e-01
8.580722886335432342e-01 2.975654494423641272e-01
8.786667029659581685e-01 2.520056354228654705e-01
8.243928178949218033e-01 2.701946188034244356e-01
8.957409872449387800e-01 2.900066950624443640e-01
8.020037621129970651e-01 2.697336967106668815e-01
8.932391047247110194e-01 2.852641924432726128e-01
8.936808314675791509e-01 2.926483985874148708e-01
8.363698693835928122e-01 2.347774232453743726e-01
8.405290054156856483e-01 2.659880999615501507e-01
8.360878142532569557e-01 2.444010150799133529e-01
8.178243052452717210e-01 2.901220392406053117e-01
8.638328308098337516e-01 2.175738590814943474e-01
8.424907786296071954e-01 2.640638834119654610e-01
8.258168293181930020e-01 2.380100595597965940e-01
8.926301658693155394e-01 2.382308848036795434e-01
8.003194676039933064e-01 2.064996990665866061e-01
8.578694455546517217e-01 2.272125157499787496e-01
8.536283044118935237e-01 2.626793242252427052e-01
8.950990533111145009e-01 2.014989564264253463e-01
8.666386062213340402e-01 2.601680660374646736e-01
8.826949592184795135e-01 2.623694130324871754e-01
8.464767377739409460e-01 2.423470387677433002e-01
8.617857453683531732e-01 2.189301406665809524e-01
8.192423984080569044e-01 2.392025079454330183e-01
8.344665849515853218e-01 2.958298829413893438e-01
8.536143582664783569e-01 2.366137628301639151e-01
8.243123529881819511e-01 2.308191424715767825e-01
8.776019808817023815e-01 2.583074320396983592e-01
8.742368619112662609e-01 2.360262405060357394e-01
8.604879933640032785e-01 2.425896752009144008e-01
8.291489981812767418e-01 2.061035086700951924e-01
8.538717635229764458e-01 2.364070539202056953e-01
8.512636222030153244e-01 2.853533030435645435e-01
8.602738649953227679e-01 2.056486218600972193e-01
8.282997671180074573e-01 2.401169613298897720e-01
8.883199990508445776e-01 2.409012817011408902e-01
8.744305139878176814e-01 2.948223982155991352e-01
8.883054133583270229e-01 2.389542943207917103e-01
8.413575199538411153e-01 2.972748068452388259e-01
8.911189183753697174e-01 2.993543252225556728e-01
8.534628814261493446e-01 2.833655458252190562e-01
8.663295548590502770e-01 2.933030281189455413e-01
8.033724620591634613e-01 2.910397846118011889e-01
8.544508408880293615e-01 2.471276507063637218e-01
8.763131642197475868e-01 2.127629261190929211e-01
8.459847154563272520e-01 2.890459893603329888e-01
8.864786694275652579e-01 2.778404441565919258e-01
8.847476075242569626e-01 2.941469761829193508e-01
8.800361864648009735e-01 2.691656721539061881e-01
8.996401098758102233e-01 2.898513175591723168e-01
8.655720086525504620e-01 2.567392222152701242e-01
8.760945361570604550e-01 2.381237039682960743e-01
8.574724253267100860e-01 2.161394034094054617e-01
8.197728421269528942e-01 2.732897462509421560e-01
8.609909987021358013e-01 2.130891771908633159e-01
8.503522307663089475e-01 2.095956602123212331e-01
8.462903350019824744e-01 2.408558051380853826e-01
8.843765765444268068e-01 2.562977695232177000e-01
8.761660888880636877e-01 2.346632294554054088e-01
8.165535677543482862e-01 2.779190661346662150e-01
8.175367569107374610e-01 2.725865564003950858e-01
8.052619087262427033e-01 2.783726332844524420e-01
8.533484090373671949e-01 2.100904335445265558e-01
8.049872993778409702e-01 2.797455016964459085e-01
8.914768591484907301e-01 2.594140342355397699e-01
8.869483916067173457e-01 2.602450857227052716e-01
8.692468172367515677e-01 2.983269010147059364e-01
8.489702915900269042e-01 2.055246891824483169e-01
8.879053101573499696e-01 2.815840110100283900e-01
8.090398123108907269e-01 2.323881203666302298e-01
8.369338727878070650e-01 2.562078643969469827e-01
8.979412857768676037e-01 2.307505619983711842e-01
8.756857518631957493e-01 2.048899480311543453e-01
8.879748095828033927e-01 2.322178677299983895e-01
8.080741293897211186e-01 2.192363685369640713e-01
8.628866018383809511e-01 2.953299019849435769e-01
8.676216546490354009e-01 2.509000305715527457e-01
8.165281252494152042e-01 2.581794789533164436e-01
8.724883258179010337e-01 2.631822515400798479e-01
8.852270636076400301e-01 2.851117075400638190e-01
8.319335599769533962e-01 2.650445583633098123e-01
8.848096130221849709e-01 2.470581540504113160e-01
8.857559189268396915e-01 2.864548180509389752e-01
8.410438046962843694e-01 2.384901128003034110e-01
8.423761985651812001e-01 2.945841369207695126e-01
8.691731338033702459e-01 2.757885946662932963e-01
8.905971723538252949e-01 2.750599244321217940e-01
8.256131485490291189e-01 2.864022075859227190e-01
8.734822814322832363e-01 2.215884410390222825e-01
8.926472179363804660e-01 2.418502136064604180e-01
8.828134976727899375e-01 2.750070490245176691e-01
8.364348653978834758e-01 2.046228334913377522e-01
8.205611632058735783e-01 2.682701510602516493e-01
8.174592520615435731e-01 2.496125698272863291e-01
8.025988619091525278e-01 2.622134672975789949e-01
8.071028219777418578e-01 2.094560996483324222e-01
8.758964274392371241e-01 2.856232136559937462e-01
8.432924933958756419e-01 2.251671552825605660e-01
8.858811908641646138e-01 2.632971705435381282e-01
8.009373566455157967e-01 2.202149281475139775e-01
8.507377512627474214e-01 2.115164372108430391e-01
8.927585477202232278e-01 2.329924783274212319e-01
8.780732536362738649e-01 2.259606108229137711e-01
8.621728845419083243e-01 2.565470639762999494e-01
8.128900759281811883e-01 2.059906461476180284e-01
8.181842525443762115e-01 2.602360314140947373e-01
8.217890063821833291e-01 2.631485500816269640e-01
8.364901721557089775e-01 2.333907253731178910e-01
8.535411065177097578e-01 2.259000374563074898e-01
8.656498443777378426e-01 2.057970660406583108e-01
8.136451403538814686e-01 2.414752687671565812e-01
8.055535922787886438e-01 2.516364782746453588e-01
8.594682540175656582e-01 2.688408313385338699e-01
8.816439607188346628e-01 2.141737645485782549e-01
8.238664504657545740e-01 2.238459299639687927e-01
8.855299729361989503e-01 2.754934594926060076e-01
8.689096353163698883e-01 2.369221311166660737e-01
8.731288776560719445e-01 2.368078688074143345e-01
8.260215653633617983e-01 2.786312691555538068e-01
8.879012094364565622e-01 2.860031790364843673e-01
8.676783675904594650e-01 2.114463590546988569e-01
8.829673600861264182e-01 2.032830876268580111e-01
8.304978916011191981e-01 2.582866474915002653e-01
8.285901147726690841e-01 2.731776413000055470e-01
8.635115537778037531e-01 2.109161327854804924e-01
8.158534541284946373e-01 2.198431816334044941e-01
8.329933461356558988e-01 2.686778031976501113e-01
8.529871080897272195e-01 2.829343966582564818e-01
8.404102720028174822e-01 2.996230380664177129e-01
8.229832914523069753e-01 2.252613150234979988e-01
8.184674624659599163e-01 2.761873679399138304e-01
8.542096256936801968e-01 2.397719781478429568e-01
8.745070206058294104e-01 2.964029003460127987e-01
8.336058242645207894e-01 2.971168754240364751e-01
8.438936043023673728e-01 2.475111628984346390e-01
8.423340606102407424e-01 2.927453233822652767e-01
8.872436474646423488e-01 2.527452978685794660e-01
8.083252008227511665e-01 2.096247392522591901e-01
8.705598288829328180e-01 2.041057547404807604e-01
8.380329196020350757e-01 2.542964307381172517e-01
8.230053282000195924e-01 2.779606602386729963e-01
8.371778259097100161e-01 2.558362611572339018e-01
8.256091193424005548e-01 2.242547290861376386e-01
8.447064854309329629e-01 2.393075986569473679e-01
8.368996576514053931e-01 2.174454360873532832e-01
8.280741396476914984e-01 2.657140033614797114e-01
8.165314648916414120e-01 2.559093576423810412e-01
8.314581940757164169e-01 2.286431224755758329e-01
8.297377270859792597e-01 2.149426457429498283e-01
8.304841206808075693e-01 2.516585485007761802e-01
8.089734998215244444e-01 2.803886287465728877e-01
8.250560883902297027e-01 2.855071077847363692e-01
8.018762256022790025e-01 2.609100579654044516e-01
8.122614576429557642e-01 2.322062879988112116e-01
8.730141981045652644e-01 2.997815851572613322e-01
8.886752617154461964e-01 2.950725083390199899e-01
8.355563971451971383e-01 2.003491024395903930e-01
8.210430771760802715e-01 2.608819303229732434e-01
8.449117102045099470e-01 2.570162699127254702e-01
8.463333980544754942e-01 2.190374072525471949e-01
8.394106431803783908e-01 2.970546637784572952e-01
8.936553905153412636e-01 2.829018537819935064e-01
8.727212492261890997e-01 2.264160860299680167e-01
8.762400555270645208e-01 2.980435565212961602e-01
8.201815415292650346e-01 2.982396636209088125e-01
8.999530960125601275e-01 2.742654758255228531e-01
8.828278089969888720e-01 2.421616321039306019e-01
8.381199764460165458e-01 2.894850011520935795e-01
8.190246718685512128e-01 2.412480048361845264e-01
8.501607376270893246e-01 2.848834091145239222e-01
8.553923587998120137e-01 2.993015903863954219e-01
8.357026549816251038e-01 2.865209283923742523e-01
8.318362793444106229e-01 2.577566821294487442e-01
8.678287612234979465e-01 2.226601487108788580e-01
8.682972164347479982e-01 2.136594494822148527e-01
8.055392359503958932e-01 2.976070660932240708e-01
8.873253229447126689e-01 2.423487836727737377e-01
8.229656729452190511e-01 2.918690654336456025e-01
8.605070134347667654e-01 2.128796624372620849e-01
8.462777700713763895e-01 2.872569960576740744e-01
8.303243230541330622e-01 2.894840457860885508e-01
8.141012890875013452e-01 2.508994256868349315e-01
8.334266695236592914e-01 2.859684911051489919e-01
8.455276061422746237e-01 2.930980794551720781e-01
8.039716076995121474e-01 2.746791148825160622e-01
8.323585930440793312e-01 2.561542743456368676e-01
8.006339580986161497e-01 2.926707134895486506e-01
8.684306266235801708e-01 2.945747732420178067e-01
8.005847576350834105e-01 2.442255819203267564e-01
8.484357847668639874e-01 2.657190867138042867e-01
8.544656676477481172e-01 2.299421599840736630e-01
8.586669998486563538e-01 2.104161469677889307e-01
8.867140175888676978e-01 2.494846443393032853e-01
8.434924040703956072e-01 2.707030938699845346e-01
8.538767270181475411e-01 2.707429129588784789e-01
8.784886059790424362e-01 2.499231228475223276e-01
8.702776330241676073e-01 2.197378640728311350e-01
8.613678851250565760e-01 2.714213357463249876e-01
8.356319429985319402e-01 2.559912240108714876e-01
8.031505701095269512e-01 2.855110020565748696e-01
8.494461458675045540e-01 2.036611356415324037e-01
8.460550520319576329e-01 2.913342918905352796e-01
8.823677519656321078e-01 2.886409777367378027e-01
8.993146512655509905e-01 2.590245779917594859e-01
8.273605635864372809e-01 2.826428740271950124e-01
8.704526077070651180e-01 2.900324953693337870e-01
8.215596733554215714e-01 2.290568118950963850e-01
8.860759695956390569e-01 2.382226645945593468e-01
8.945202923994926003e-01 2.508386546973000453e-01
8.040303615283970196e-01 2.339338888938538863e-01
8.787413540578484783e-01 2.699839948536854606e-01
8.512802942686332752e-01 2.309526632686667025e-01
8.570218243547560455e-01 2.769619096360622090e-01
8.115656112216977913e-01 2.856070285988331348e-01
8.080958785420170321e-01 2.399582778240605119e-01
8.800155741515880425e-01 2.894286949846605062e-01
8.726964118221298694e-01 2.772043345895914279e-01
8.683613210788794223e-01 2.643616000243597663e-01
8.453498674889902142e-01 2.376047750162421091e-01
8.136328230574687570e-01 2.574428512248434497e-01
8.460162261632929726e-01 2.399900105686155194e-01
8.730512823254539256e-01 2.225816940036240976e-01
8.828841370988800286e-01 2.925740445332327688e-01
8.050868219935871650e-01 2.773806180251860987e-01
8.011307490302328471e-01 2.089365419806644142e-01
8.697331827234434654e-01 2.828151342531464718e-01
8.279967419598435185e-01 2.186796949569320692e-01
8.669812799024526617e-01 2.997664819647157253e-01
8.806857933369929281e-01 2.390751136826498591e-01
8.813060884229030334e-01 2.409708388821381053e-01
8.105356877832672335e-01 2.712907254978749183e-01
8.098969155385292717e-01 2.860330701468710157e-01
8.164822639415626471e-01 2.963873216916257936e-01
8.487851613338700529e-01 2.456351292900031402e-01
8.793145855758185414e-01 2.914896306313264351e-01
8.989631969997909922e-01 2.295341903098717662e-01
8.494122661418261888e-01 2.148490496036664088e-01
8.458364506414780548e-01 2.249802163606809402e-01
8.385990148874303829e-01 2.605431945294118257e-01
8.750419813635201827e-01 2.560804818744472633e-01
8.839668127174786783e-01 2.432522200244749411e-01
8.166907963936216319e-01 2.679712040261196804e-01
8.685108527979155113e-01 2.750592700947938063e-01
8.596891985697719951e-01 2.035443046799608191e-01
8.412465907105302065e-01 2.374627554567127763e-01
8.840315686958793995e-01 2.037523490330577780e-01
8.257365812661110471e-01 2.409056809130697419e-01
8.475963818293704710e-01 2.365170036421355149e-01
