8.086483516699685126e-01 4.373352944592917013e-01
8.206289339197446742e-01 4.802256253060930291e-01
8.387267822866204536e-01 4.185027387818531786e-01
8.448141763935530513e-01 4.906606679450569164e-01
8.045362910668334422e-01 4.137948124589074794e-01
8.261823238775327649e-01 4.963170427632865311e-01
8.600724854038990230e-01 4.929751984502696027e-01
8.380216292358967367e-01 4.256818331324500604e-01
8.761704738792983616e-01 4.893401379118315075e-01
8.942214296834284371e-01 4.947901650916008975e-01
8.166807937092044334e-01 4.652436835189482922e-01
8.099169562598509398e-01 4.246197813042955627e-01
8.221371981776296467e-01 4.126980479972792715e-01
8.422131504566969795e-01 4.879953648039294101e-01
8.113894754426933531e-01 4.266509837825374074e-01
8.089042156971507636e-01 4.916058804321052911e-01
8.639143128234282321e-01 4.174382940832016553e-01
8.870631437118770002e-01 4.588121047149690268e-01
8.636193226416305491e-01 4.551071847001676440e-01
8.238565670309161426e-01 4.798455151668391538e-01
8.711644930621341709e-01 4.493946344343112687e-01
8.605710466617662036e-01 4.395045877524260125e-01
8.310564731759301216e-01 4.068204447621779907e-01
8.117862848697436906e-01 4.673647754226701867e-01
8.767255384133312290e-01 4.816026741996446425e-01
8.771626858334191645e-01 4.558032921173542640e-01
8.454140302028262388e-01 4.335868981492998486e-01
8.933466644986391980e-01 4.001178176453544233e-01
8.182590346535215664e-01 4.636859394269100543e-01
8.064114540776498030e-01 4.994647301851278254e-01
8.505830371480453955e-01 4.586042497436199628e-01
8.191079721688342419e-01 4.839944810865611791e-01
8.263463867740482582e-01 4.490592870456409091e-01
8.456939991437724125e-01 4.192700607378715416e-01
8.179919450258905655e-01 4.002655485655606249e-01
8.968585354013933753e-01 4.656782551977970419e-01
8.867757006313042867e-01 4.923140246038075762e-01
8.966405732299380649e-01 4.315807024690210825e-01
8.624259649270230588e-01 4.235652049121351181e-01
8.576535969772375312e-01 4.489809757257605116e-01
8.173400597320945593e-01 4.795484788288127409e-01
8.199378920047224462e-01 4.902055690983886382e-01
8.838616905375935584e-01 4.706964922918348559e-01
8.165592718077067103e-01 4.252456934922664855e-01
8.592755600300240326e-01 4.064484499309859444e-01
8.381293552921853518e-01 4.001680647250899225e-01
8.915053499124544478e-01 4.578965016671427413e-01
8.022207963310133971e-01 4.986973667488517892e-01
8.668093246615649061e-01 4.237005847598576125e-01
8.300646309551984459e-01 4.425843233998648651e-01
8.115565215486348905e-01 4.294712887497865728e-01
8.834473601130172771e-01 4.838255192036806651e-01
8.412911231762780773e-01 4.546286169157230383e-01
8.132856431549060350e-01 4.465398045852603803e-01
8.775199424681465743e-01 4.897287853560793325e-01
8.946075213580282348e-01 4.421940361584179024e-01
8.193707753207106759e-01 4.042743903782892723e-01
8.523975304758675264e-01 4.791283232272481318e-01
8.512200526237796439e-01 4.901805393158211732e-01
8.310410958157711248e-01 4.023159113243346963e-01
8.822512719946646875e-01 4.588069283432788525e-01
8.412573019153796183e-01 4.661495178207007983e-01
8.449062518896568452e-01 4.769467006532872033e-01
8.947368616153439369e-01 4.577599813177685717e-01
8.939682430833695292e-01 4.685262832066644512e-01
8.935806067737274150e-01 4.037353877374506572e-01
8.145872953325552501e-01 4.910274604905781604e-01
8.188459428480794333e-01 4.091456810512879017e-01
8.274130014512071085e-01 4.034388758918762696e-01
8.855994478182140917e-01 4.930839679365273120e-01
8.620032040564866715e-01 4.818440012593280253e-01
8.334638214573398818e-01 4.066629192108088264e-01
8.146843050709496881e-01 4.788643990210418866e-01
8.172616343747789447e-01 4.263173781607364488e-01
8.089044838218247824e-01 4.804087626164432745e-01
8.144524965649806436e-01 4.152815720355882423e-01
8.296070302868367996e-01 4.235719357036861199e-01
8.721666401797607548e-01 4.907308179618656285e-01
8.369941894482826328e-01 4.025232068570461230e-01
8.356151379755635267e-01 4.093310753876432395e-01
8.637768474408339392e-01 4.855546504055120449e-01
8.126025989525617055e-01 4.329250213199059005e-01
8.998128180689087818e-01 4.233989515062437370e-01
8.486087299994511390e-01 4.536793323484341611e-01
8.604433001809967951e-01 4.819972778747508846e-01
8.724453271820917788e-01 4.201877114514252498e-01
8.418415270802334094e-01 4.467070033672416729e-01
8.493285681323493597e-01 4.717165829371171570e-01
8.594422447096753404e-01 4.215660876508516841e-01
8.830001877231135055e-01 4.978480822265711758e-01
8.080643518670362901e-01 4.902569966634091614e-01
8.362878599636442978e-01 4.040806869415501934e-01
8.226576445278152017e-01 4.021803591102929287e-01
8.197518970833964636e-01 4.316869862169638861e-01
8.369864277630876259e-01 4.898457838828592648e-01
8.354651786510243205e-01 4.935291443218829399e-01
8.068340887146584484e-01 4.964063608339085443e-01
8.364322698253481292e-01 4.556810441794505451e-01
8.068179850239345363e-01 4.982316068017390576e-01
8.623603331957488960e-01 4.359451344848320753e-01
8.041741112061220331e-01 4.783227905753155151e-01
8.589771361499625169e-01 4.408144784371272884e-01
8.194710292578208932e-01 4.139657400535537435e-01
8.433794667288663227e-01 4.478370718710418252e-01
8.706941711312131682e-01 4.045601915788045178e-01
8.080702802970777254e-01 4.874161651603517997e-01
8.298534972052877823e-01 4.275321773257941271e-01
8.282236560964076899e-01 4.158851925172380448e-01
8.279428932198424906e-01 4.444284906177958794e-01
8.370636365558765668e-01 4.377141040287679807e-01
8.945273549528818258e-01 4.391250460139716205e-01
8.784118031676503291e-01 4.366614905695928028e-01
8.607418587357287265e-01 4.182524358549413179e-01
8.410028031542341465e-01 4.536977815043822249e-01
8.913299579579260223e-01 4.078617351100535249e-01
8.131140470812658894e-01 4.080254691390060029e-01
8.389659706295129471e-01 4.089642003766197909e-01
8.908334714327781345e-01 4.509997033676740319e-01
8.318947502918079273e-01 4.260929336595206118e-01
8.691356292842881137e-01 4.045202071953800105e-01
8.734740550909304568e-01 4.684693017163745199e-01
8.837576949053866926e-01 4.443198018415897010e-01
8.842836262247950607e-01 4.876045682789381108e-01
8.030171397286394175e-01 4.368583187010592894e-01
8.076541801267073106e-01 4.686826060325720578e-01
8.016876001970145715e-01 4.084834485931048143e-01
8.724331651707366575e-01 4.649934552309689106e-01
8.829611916397049898e-01 4.207208722801559775e-01
8.571303899731883558e-01 4.442177242092717471e-01
8.669884799685354526e-01 4.385253248733484988e-01
8.831114221097102757e-01 4.661764020341824244e-01
8.506167163517441843e-01 4.899738946914352633e-01
8.002381748885860624e-01 4.821794201471077401e-01
8.633123112060188120e-01 4.833661135357229521e-01
8.663125565587701526e-01 4.275871093332067607e-01
8.730692376743263150e-01 4.216117322009819146e-01
8.908100761564344827e-01 4.823843622641150741e-01
8.493882305893991624e-01 4.930620472373776764e-01
8.439351427176362552e-01 4.507082725394603306e-01
8.722567528811245863e-01 4.958900055653767680e-01
8.943818796641358482e-01 4.755351535039414879e-01
8.165988702153332834e-01 4.827318503159611085e-01
8.664032295264662009e-01 4.941339589946561750e-01
8.324312275251959381e-01 4.791883309570943439e-01
8.401411398788402041e-01 4.390255718423345943e-01
8.807177260053103973e-01 4.330044226289411768e-01
8.954374836508448565e-01 4.250604943675418412e-01
8.221716367809237536e-01 4.106551658409924865e-01
8.137035763255822118e-01 4.154849079254464006e-01
8.731562451895287236e-01 4.631433015030319567e-01
8.111048931596047673e-01 4.612470605964228421e-01
8.791648907739952890e-01 4.810580756191672469e-01
8.402428089060891558e-01 4.927827108620416174e-01
8.674295857861625825e-01 4.337090798822407223e-01
8.392731454443045358e-01 4.989074729173587075e-01
8.848864135158003297e-01 4.628820535303689310e-01
8.261037375747007916e-01 4.112143011055696684e-01
8.044157397908828777e-01 4.893606263054481875e-01
8.861232596754040625e-01 4.556134564643833373e-01
8.901648356245706051e-01 4.308221764041081370e-01
8.739065062308597476e-01 4.924724381931963046e-01
8.599812379248030769e-01 4.601411873036414524e-01
8.878923479003489883e-01 4.163750905805030378e-01
8.177374633464585818e-01 4.609634794842528693e-01
8.724515128826643151e-01 4.082274634527136570e-01
8.874655748089810281e-01 4.244349359164991675e-01
8.992399838069904394e-01 4.008335622271124721e-01
8.004141636025559059e-01 4.449735686496893439e-01
8.458301453735058706e-01 4.152553524813262786e-01
8.604157217840753269e-01 4.853791363704526018e-01
8.332601070423453216e-01 4.273147667814666262e-01
8.302963673627632435e-01 4.425508516339200504e-01
8.034382236263797328e-01 4.673629482983818750e-01
8.470869173141306607e-01 4.237472825011693867e-01
8.839976264693542030e-01 4.802712489152936026e-01
8.606226342707089527e-01 4.672293875149409192e-01
8.300796655119895284e-01 4.134681068430023365e-01
8.626567130844428055e-01 4.359839775958352370e-01
8.213445911132157828e-01 4.275104929087999439e-01
8.004875290956515732e-01 4.459210933651960307e-01
8.670285081403767968e-01 4.302861487434349042e-01
8.740280757112385279e-01 4.826155448786212943e-01
8.307341939817353138e-01 4.069819150675879627e-01
8.880564453148638293e-01 4.985877548675988757e-01
8.234424270099451881e-01 4.066792621696494470e-01
8.183771600970590754e-01 4.884806405186662426e-01
8.835704217677134986e-01 4.629117966578277787e-01
8.109460028286317179e-01 4.273660618051361992e-01
8.437720704514400927e-01 4.532625816999074075e-01
8.323251069353068132e-01 4.472698589044267203e-01
8.886002699562147722e-01 4.542244323986542875e-01
8.553898456328616895e-01 4.114089043472063945e-01
8.339081428436325716e-01 4.128193044159828573e-01
8.178436419866561558e-01 4.778737136257515949e-01
8.165243921301961194e-01 4.908173326056609054e-01
8.988390341859484600e-01 4.972968643929896460e-01
8.193531467047829864e-01 4.192606307669718424e-01
8.143985527258315038e-01 4.601782391044212939e-01
8.973980819203715154e-01 4.323065417663851662e-01
8.062236007542016303e-01 4.788424351011277835e-01
8.552983936851294988e-01 4.486292459428560253e-01
8.068273097970615204e-01 4.426742924950158864e-01
8.577433083250801671e-01 4.828582534289436179e-01
8.126282588780190386e-01 4.717007395872501174e-01
8.480223270804159164e-01 4.592406080829839476e-01
8.209978740939745112e-01 4.382350371378854748e-01
8.779613431051203065e-01 4.825699292019680620e-01
8.403564417283603261e-01 4.736158322796090170e-01
8.302623095258873098e-01 4.682478861940100323e-01
8.332136305981423519e-01 4.650092865304047418e-01
8.331935982215571412e-01 4.015812552187837392e-01
8.052304951358184582e-01 4.408741779298187558e-01
8.611367340909987789e-01 4.867160062821971334e-01
8.947313253946361788e-01 4.646637962541192435e-01
8.328555930648224859e-01 4.412073378087806308e-01
8.443922769152822916e-01 4.559987988151905092e-01
8.809064509426809408e-01 4.915975966406834208e-01
8.809453386792489571e-01 4.166682645528414497e-01
8.484891891710737433e-01 4.045381229064239359e-01
8.056418540298773134e-01 4.065288088422783774e-01
8.861789556400043733e-01 4.503325724748314940e-01
8.325057645480355983e-01 4.900144678721767288e-01
8.009907770614961287e-01 4.273703467610708850e-01
8.411954751362697991e-01 4.261492661267930471e-01
8.847539036016403013e-01 4.911791313117114255e-01
8.553929725838912423e-01 4.708465053341830409e-01
8.716305893234264079e-01 4.016765896327086915e-01
8.027802137371055080e-01 4.659662973832003896e-01
8.643646069696179213e-01 4.187083999857844629e-01
8.984144573780601384e-01 4.436344111294232562e-01
8.762043653023330325e-01 4.363623442674193775e-01
8.797877192782155298e-01 4.677063405103570881e-01
8.506850815474613636e-01 4.716659110289412871e-01
8.446061533234595631e-01 4.461620619578944846e-01
8.186208769393213958e-01 4.198439417946732144e-01
8.183300488740413714e-01 4.050452973435306192e-01
8.868625279363929748e-01 4.279369066000153765e-01
8.124599633818462285e-01 4.866906556661504402e-01
8.121676294419657438e-01 4.577782407036899981e-01
8.627953287061003174e-01 4.240140308357168708e-01
8.188500893873317255e-01 4.185949531259560152e-01
8.470289067372890335e-01 4.937662834704343306e-01
8.137845008367159405e-01 4.786590071875795882e-01
8.224844074408600436e-01 4.585107548952554457e-01
8.108579192754870046e-01 4.599797804177142013e-01
8.853930179456095395e-01 4.579803289904254004e-01
8.430786361340187884e-01 4.688628301143249466e-01
8.601074960618164678e-01 4.438299538689885471e-01
8.450761959879634633e-01 4.738187051131804717e-01
8.896362443694567634e-01 4.226423541411581386e-01
8.672332092802261805e-01 4.245560865944931761e-01
8.117029963131976444e-01 4.661226196100661801e-01
8.680252184972183649e-01 4.339064063709810459e-01
8.011428583492355981e-01 4.199525623132773777e-01
8.003221750547127034e-01 4.017350059374331095e-01
8.450621129259942022e-01 4.209810539357281001e-01
8.296796351952734350e-01 4.196944919370402260e-01
8.696948185163433376e-01 4.103450687755419435e-01
8.706576593866337532e-01 4.411486941554378927e-01
8.478836697214569007e-01 4.198472031285711559e-01
8.932876074702117419e-01 4.332195535142464027e-01
8.933086499172452344e-01 4.541235252966049352e-01
8.277446105784659336e-01 4.072544473412209598e-01
8.671989527354883043e-01 4.256013313996884762e-01
8.727474289586276690e-01 4.647822513970262248e-01
8.710018649472848207e-01 4.334723433656940683e-01
8.223354812875223185e-01 4.610632080335177463e-01
8.497768615933147807e-01 4.052954086672290734e-01
8.092517854539283961e-01 4.445515529476931627e-01
8.002597600997900518e-01 4.954494202581370965e-01
8.174962873460105417e-01 4.219911040997175178e-01
8.304141849074910819e-01 4.484438596674509281e-01
8.866909425341134021e-01 4.258250013786849530e-01
8.527271735806789543e-01 4.645548941110725361e-01
8.068442572136734769e-01 4.872620825861921912e-01
8.948306160776782203e-01 4.677569706176604170e-01
8.487232686553031202e-01 4.998063311495146710e-01
8.612314731708600180e-01 4.303709200559179271e-01
8.015545162244465116e-01 4.623866595279294556e-01
8.972390218339826307e-01 4.678703549517713167e-01
8.815297715863875672e-01 4.620323174437888647e-01
8.664589987053441522e-01 4.231168449642067064e-01
8.763221250572608145e-01 4.924268095326294059e-01
8.709279550941191328e-01 4.981236837320843769e-01
8.857662537949200221e-01 4.527516162875915295e-01
8.187976267364553973e-01 4.262061532250389639e-01
8.183151086715989564e-01 4.509147606017401833e-01
8.037719411730451791e-01 4.488507132270822542e-01
8.258807848595498546e-01 4.217353666639521714e-01
8.195496072781602859e-01 4.291579822779191256e-01
8.965786433115130460e-01 4.684912735019985397e-01
8.550957347025769373e-01 4.684097702690406262e-01
8.109044546458492597e-01 4.782625223027010541e-01
8.997222140838257998e-01 4.301703464005108835e-01
8.569355476355254853e-01 4.768739571050369386e-01
8.931451535099804717e-01 4.763387193851496004e-01
8.719664463341012528e-01 4.827750758546228704e-01
8.420157513418655704e-01 4.262222354687575931e-01
8.573624414895862911e-01 4.094701282428956923e-01
8.152318650316172643e-01 4.170386071140045336e-01
8.507952466531855107e-01 4.060042271392595992e-01
8.246542459928314361e-01 4.027520787246777201e-01
8.688464922926240064e-01 4.850070409095078583e-01
8.658326239450414574e-01 4.935125416204707571e-01
8.534437539775522330e-01 4.545201857920373456e-01
8.231430484730823949e-01 4.972648605765406238e-01
8.281338722827549237e-01 4.355668515367745464e-01
8.579365734607484750e-01 4.276362131400727185e-01
8.066223653722145448e-01 4.566555758124905551e-01
8.377951288583618261e-01 4.224597042706587091e-01
8.793794546664150946e-01 4.540924503673625101e-01
8.116340598629837588e-01 4.767046298789780479e-01
8.381525808710807990e-01 4.009192752446656960e-01
8.354149263861595509e-01 4.623683190964483769e-01
8.673083874802063331e-01 4.810505623910145134e-01
8.391318514122828587e-01 4.384866371356981318e-01
8.007252671586180259e-01 4.028741090075357301e-01
8.502968154454405569e-01 4.220108637025291598e-01
8.315137965660917008e-01 4.100457044598392886e-01
8.042796499684732314e-01 4.247654886664877227e-01
8.415316950211808589e-01 4.340947779853539523e-01
8.676427319897079826e-01 4.332118994270172108e-01
8.563476096792845826e-01 4.378979877125329656e-01
8.876391460200223626e-01 4.138974005986106874e-01
8.400981765665221923e-01 4.223172937352188128e-01
8.826790776404006555e-01 4.888718772201802731e-01
8.629106245318786117e-01 4.656415167113583942e-01
8.788095194815722655e-01 4.644276034446854773e-01
8.366277915594217962e-01 4.133972854086446214e-01
8.626783025197076737e-01 4.969350189783255933e-01
8.742503565311804392e-01 4.110977840080868306e-01
8.121610188566692479e-01 4.307629204106872001e-01
8.922425758219357794e-01 4.940694922599367933e-01
8.314359391972071522e-01 4.310628057529956036e-01
8.094529651088088196e-01 4.207013835368593746e-01
8.417915725833621243e-01 4.165498350109290149e-01
8.516314910335239796e-01 4.630590631595951079e-01
8.949493250079096907e-01 4.342856391574466124e-01
8.456211245567335499e-01 4.817504965111391035e-01
8.263289325871396862e-01 4.485273392827786587e-01
8.550104456079758997e-01 4.307063896228837674e-01
8.253749165835544410e-01 4.632028068001382004e-01
8.467022772275782927e-01 4.560309434694397313e-01
8.859293083137209646e-01 4.226643742600982856e-01
8.967869477117245136e-01 4.376629588365592016e-01
8.460426921967221237e-01 4.211599097178677642e-01
8.027560659949596333e-01 4.035758197580097129e-01
8.120531974579331402e-01 4.854226461370058088e-01
8.611873212156426760e-01 4.604296898470551236e-01
8.458639336910276363e-01 4.264163021112231666e-01
8.196047417235662325e-01 4.549174073116193373e-01
8.175666116390576388e-01 4.782210040102797821e-01
8.576543039561375092e-01 4.192111798904893938e-01
8.957857860700584318e-01 4.184522625313072952e-01
8.317475632240460826e-01 4.900625292461786575e-01
8.644865596888529069e-01 4.336778419602284607e-01
8.154094019450804920e-01 4.060985775758488292e-01
8.379174695458726507e-01 4.579264742676423250e-01
8.500965347106422820e-01 4.237741763671821205e-01
8.867539079175105199e-01 4.478770126736273394e-01
8.649667130640938950e-01 4.334572436351304403e-01
8.525177220505246733e-01 4.100586005020130931e-01
8.343122559324541720e-01 4.493610460076623569e-01
8.361717741953629268e-01 4.403147145082031422e-01
8.137120549996550434e-01 4.726319501955945634e-01
8.543348300281570218e-01 4.177627315284581644e-01
8.117249914175833636e-01 4.801350551062240068e-01
8.668743359662030024e-01 4.435440896505638553e-01
8.674516782849224228e-01 4.892344356941834560e-01
8.911445493830041364e-01 4.599594873280311580e-01
8.266458390849263926e-01 4.389669838295738868e-01
8.257660569815569174e-01 4.658029222122690438e-01
8.327384325922949637e-01 4.091780117213380530e-01
8.916911580572961515e-01 4.552757935683657831e-01
8.216177239256958753e-01 4.762732352362364363e-01
8.159397936659246175e-01 4.442127156997972559e-01
8.262700366462001345e-01 4.229424173153414346e-01
8.149968274600181140e-01 4.904401981053305715e-01
8.796306774982589616e-01 4.437947765401216715e-01
8.555801644195634159e-01 4.273871769325477965e-01
8.798689874939402689e-01 4.821938495672166702e-01
8.401515969698614139e-01 4.938764478958693194e-01
8.901365697799633603e-01 4.196906676773495271e-01
8.274825642129579606e-01 4.479642672205775833e-01
8.514112473716231033e-01 4.819652626638754045e-01
8.238573088711758086e-01 4.351591878441342098e-01
8.840374080278332602e-01 4.116135824127201137e-01
8.881089196613290992e-01 4.805832082271849215e-01
8.495858967968564768e-01 4.096407143501387127e-01
8.915387745143401599e-01 4.199533404962250138e-01
8.214292458251943874e-01 4.434425440850279232e-01
8.981790914502207901e-01 4.128616274219253368e-01
8.773918535034221922e-01 4.487557006091802969e-01
8.239554770733730216e-01 4.811784657671454024e-01
8.208273384445075038e-01 4.614756964244066673e-01
8.555905918846630209e-01 4.439811752233998599e-01
8.103759548123600220e-01 4.289830596151228415e-01
8.323934185556969290e-01 4.577567515088047934e-01
8.858251941975155974e-01 4.361319593794026339e-01
8.279786642336177671e-01 4.176369264607044940e-01
8.956506616778812102e-01 4.948478771735940751e-01
8.957192357241773317e-01 4.436778803883127953e-01
8.488691371831285082e-01 4.399951695551090891e-01
8.888124366253147279e-01 4.258354884787304284e-01
8.441858100768814266e-01 4.289900906294087379e-01
8.416716303711460068e-01 4.348232075093838023e-01
8.170813894494515228e-01 4.337565235140700137e-01
8.306660176970196430e-01 4.227231024633927303e-01
8.846387372969379825e-01 4.423216516070366255e-01
8.409925087647189823e-01 4.443611709807789856e-01
8.425319807626955315e-01 4.057365716842211700e-01
8.199326096446633017e-01 4.041590583417478122e-01
8.032975701890547882e-01 4.273318047998307390e-01
8.974306740084271317e-01 4.257756010088589171e-01
8.007085137579689205e-01 4.583613498343082626e-01
8.012318397543432003e-01 4.431263011633989612e-01
8.614339418219663091e-01 4.327978677685138664e-01
8.441866306603083014e-01 4.052181464933773958e-01
8.188064764122173766e-01 4.237319775595694282e-01
8.411270320733017503e-01 4.720887215957494387e-01
8.043447501513341091e-01 4.457022555479052128e-01
8.531759165428041136e-01 4.999041211648820870e-01
8.644525112044755266e-01 4.218093710543934227e-01
8.994950874087386250e-01 4.889965116156741454e-01
8.873842735639543289e-01 4.607021237297196370e-01
8.004302040742758972e-01 4.212923862989396140e-01
8.474630530115738747e-01 4.887123760784410909e-01
8.033182559919501697e-01 4.949695405253733416e-01
8.127651849116624971e-01 4.117378272031858577e-01
8.330666822077641420e-01 4.061004149936243701e-01
8.107518705624890965e-01 4.425340318438261700e-01
8.943712378122330442e-01 4.176895070758326889e-01
8.911608000095687654e-01 4.792775221312950418e-01
8.570316266594757426e-01 4.437121105868957471e-01
8.365883326505925144e-01 4.368177906917575792e-01
8.603070421065885931e-01 4.628773367022895879e-01
8.722230862481921143e-01 4.463345061141688053e-01
8.478665549614405883e-01 4.413422813400786904e-01
8.033612108783472205e-01 4.774944638875232572e-01
8.714036005466569978e-01 4.982391294515893243e-01
8.458399302126408115e-01 4.905905242865556959e-01
8.375176675526179171e-01 4.610162892538238744e-01
8.758466468369529023e-01 4.711391799162905070e-01
8.468380913880750871e-01 4.715621498601672568e-01
8.706990333864496057e-01 4.029040089486651266e-01
8.035344383970419724e-01 4.929995855287945261e-01
8.282820075341695842e-01 4.125619583969307169e-01
8.877001479700381559e-01 4.137465617114123306e-01
8.686388847473822672e-01 4.162025671790151593e-01
8.928618752877947040e-01 4.279886777400677689e-01
8.976475496045862590e-01 4.748624698396903820e-01
8.656684311397437881e-01 4.627089078400347111e-01
8.959916194423819258e-01 4.773597177598137287e-01
8.127205175002816251e-01 4.662300253888067569e-01
8.841366634415295245e-01 4.909690976529496043e-01
8.344588226500835315e-01 4.360842347774437910e-01
8.194671932408686965e-01 4.157409003079748366e-01
8.454156628742426349e-01 4.794929851217519801e-01
8.512662946918899687e-01 4.895957783341344793e-01
8.070402929917150914e-01 4.482087394336656816e-01
8.246452697144794897e-01 4.750518888105977888e-01
8.093259382067946595e-01 4.391545879595169510e-01
8.060257620131597855e-01 4.949578290040118622e-01
8.207975635470662334e-01 4.197471362154290286e-01
8.177315929987893917e-01 4.608044757754140575e-01
8.688971692358500309e-01 4.469832340355044398e-01
8.757502765233875497e-01 4.508048230097596587e-01
8.960692255399135275e-01 4.564958072141810375e-01
8.539782420182909783e-01 4.674086276103402993e-01
8.337067199987062693e-01 4.115926741561373725e-01
8.609931400980729288e-01 4.359736864443418125e-01
8.073646430853191891e-01 4.747423433314726382e-01
8.474334279572450779e-01 4.622034103409027317e-01
8.538461729591311222e-01 4.111098769702570821e-01
8.729637948252499946e-01 4.750363521311923298e-01
8.865108073618407358e-01 4.464216873346064096e-01
8.800767694359266091e-01 4.776140082908333362e-01
8.125739310196621323e-01 4.387545834677100687e-01
8.542973217530620555e-01 4.284884276531877312e-01
8.415294776145508804e-01 4.604784845265104121e-01
8.161829786450532920e-01 4.529797947486028376e-01
8.891126120006984657e-01 4.273170024683907720e-01
8.088419625068938856e-01 4.254728702523417616e-01
8.166878361153127042e-01 4.581033342765155059e-01
8.753170522454744029e-01 4.076167117382216154e-01
8.263237621867898230e-01 4.340021937237334426e-01
8.497514923846996027e-01 4.031063358003269537e-01
8.881957505088060589e-01 4.891229368472680417e-01
8.615247982844318475e-01 4.218524127930295409e-01
8.697633464425731376e-01 4.649153543886644924e-01
8.180956459904881184e-01 4.919825547881913619e-01
8.835760772499002824e-01 4.622511968230598178e-01
8.262410349833613221e-01 4.716181775367827012e-01
8.351853335068560868e-01 4.938825165112807891e-01
8.115347071020146963e-01 4.980546049986005475e-01
8.811058238292308609e-01 4.911240082313498845e-01
8.435626732711803966e-01 4.509022873949644072e-01
8.190025628555867021e-01 4.627942825577103791e-01
8.988014681049731891e-01 4.930812757619648101e-01
8.982840749813655323e-01 4.877548322983892293e-01
8.703802324454650297e-01 4.729711050799445538e-01
8.254178468415348524e-01 4.853312507880356286e-01
8.179283974706886839e-01 4.092631557986648461e-01
8.146634845194130614e-01 4.314139959699268001e-01
8.361043253040448819e-01 4.289795896364980154e-01
8.112026185421452595e-01 4.570141570337792336e-01
8.677588603404614576e-01 4.465339497549708492e-01
8.710627430656516790e-01 4.612103379976745243e-01
8.980535632350282738e-01 4.131353500890603825e-01
8.940153293643925414e-01 4.600436485991842295e-01
8.840745279446584615e-01 4.252012692660134263e-01
8.619251072359754851e-01 4.420051688435023829e-01
8.180235377391050777e-01 4.255380473885674864e-01
8.066895692493016856e-01 4.851816238771972101e-01
8.581948632808364952e-01 4.314648069030098121e-01
8.063444980447053156e-01 4.815045898502827715e-01
8.005640150191535298e-01 4.830551107839816671e-01
8.703912095339876309e-01 4.011073464216163287e-01
8.508276425134512211e-01 4.705871497743248089e-01
8.230239598974117277e-01 4.485358668879599886e-01
8.266778749409342542e-01 4.975903964902407828e-01
8.261010510919628569e-01 4.998047664776309462e-01
8.811664976813442518e-01 4.751817390582885325e-01
8.237422277495732859e-01 4.000897440203910471e-01
8.858134532880167500e-01 4.413268025205089318e-01
8.282007316289119458e-01 4.532365401345397338e-01
8.599281486732601731e-01 4.503582705457950253e-01
8.429960200847804730e-01 4.024820945393985938e-01
8.882794264222726444e-01 4.549859154769234637e-01
8.961751901206916893e-01 4.211115635125690093e-01
8.895644325183287293e-01 4.212208712716771219e-01
8.826957207335109912e-01 4.636836490693521662e-01
8.967239727213214273e-01 4.562249668937775615e-01
8.746484901144274682e-01 4.524948574321284722e-01
8.174927490897002658e-01 4.354198045586767929e-01
8.031738726847592602e-01 4.732967729930279699e-01
8.072176760052249822e-01 4.076509406806978486e-01
8.803312924892165992e-01 4.466209264588683059e-01
8.960789449716566324e-01 4.392526860573312542e-01
8.160495700755632242e-01 4.557001264024760356e-01
8.050856566561775951e-01 4.649802148932322687e-01
8.661858302410977428e-01 4.090298300242796725e-01
8.810484524706875264e-01 4.879060315546739357e-01
8.426864984352671062e-01 4.674120751769038629e-01
8.439723700842904908e-01 4.132591999381279857e-01
8.169969636376546163e-01 4.705044773980711081e-01
8.209344068459393240e-01 4.607425081905475173e-01
8.095351560647512379e-01 4.629617401774199781e-01
8.143799874960965246e-01 4.862710035040636591e-01
8.558975909436171703e-01 4.390045600389830271e-01
8.845353787534407930e-01 4.720528732471207523e-01
8.442467349629618756e-01 4.097323723629906489e-01
8.436435169211948804e-01 4.603590385955977915e-01
8.328911477247643580e-01 4.962530795156823715e-01
8.018778156945828295e-01 4.708088042185132882e-01
8.428425041651175231e-01 4.176813262169091212e-01
8.049169987877418109e-01 4.992616960481717214e-01
8.123002453388503685e-01 4.676465757852187877e-01
8.122307911048913809e-01 4.329339243474160659e-01
8.699034524937766522e-01 4.556641917069125247e-01
8.932125455428343574e-01 4.658007261824564926e-01
8.945806715141076948e-01 4.162921837750098719e-01
8.080283622275186151e-01 4.279278497133751080e-01
8.450634699492061142e-01 4.475249935674305291e-01
8.975214608506877356e-01 4.149393558457189490e-01
8.955886789664058156e-01 4.376272154070045550e-01
8.803750387603757055e-01 4.605725968629740263e-01
8.994931652246465070e-01 4.699819138385885608e-01
8.685000407563434610e-01 4.171426148755597030e-01
8.659746076892287370e-01 4.706189928889460417e-01
8.522223446236862898e-01 4.998840756400151353e-01
8.286939656906080476e-01 4.607795001484820685e-01
8.613380107193295832e-01 4.267992583312155142e-01
8.621851256079251513e-01 4.864761388019737121e-01
8.274765263327124032e-01 4.805787323881196560e-01
8.748546816976254803e-01 4.636400363888645848e-01
8.782865037697950017e-01 4.416966165580649695e-01
8.388875185870601214e-01 4.618439165043225492e-01
8.753934317637295237e-01 4.265824388635856002e-01
8.924669775044360431e-01 4.072841083437318543e-01
8.245750505865522273e-01 4.992217102771259185e-01
8.847430263226896408e-01 4.316897005932435194e-01
8.022897048364897588e-01 4.161090094317936861e-01
8.650235531920956733e-01 4.966803353917190744e-01
8.996440226249070582e-01 4.758903713124555956e-01
8.956488653916935272e-01 4.909882016249615955e-01
8.318196806649960084e-01 4.515046334644098880e-01
8.874740317951024249e-01 4.288713512078410339e-01
8.405096895926831291e-01 4.105966821680595569e-01
8.353920753996577631e-01 4.496497619188266626e-01
8.796421700968861668e-01 4.982866976165897244e-01
8.468550113157222725e-01 4.251831698757718714e-01
8.119382290973642391e-01 4.826609114085193553e-01
8.136016965735701767e-01 4.112890169436798082e-01
8.945539662544971238e-01 4.987632145906160663e-01
8.729594156850404296e-01 4.700149910671079234e-01
8.714555313536523906e-01 4.459293252985221945e-01
8.154950417733932699e-01 4.661171615743169294e-01
8.571939353447698418e-01 4.647256740360973248e-01
8.023215620781627422e-01 4.640411576391290094e-01
8.688185836785120575e-01 4.149032241131831444e-01
8.559905458381114052e-01 4.276705578002533703e-01
8.893646071708309897e-01 4.934863460487360909e-01
8.347917516964528106e-01 4.901937551406072568e-01
8.231366414552475641e-01 4.886846400243849420e-01
8.883556523875112410e-01 4.778425695048847399e-01
8.622918110811954584e-01 4.278274644895141421e-01
8.124981798948959222e-01 4.574779502895814365e-01
8.777191095082619299e-01 4.083178242275657954e-01
8.935178467684217196e-01 4.821715518485564234e-01
8.899898672074715300e-01 4.076690635531290408e-01
8.449985750936501727e-01 4.386587418628954960e-01
8.063350769520162276e-01 4.395829715297456808e-01
8.793228980494687264e-01 4.365594971179754258e-01
8.342411907910778357e-01 4.695745022299281923e-01
8.337819161110208155e-01 4.873131861307858359e-01
8.022533550432559002e-01 4.834047046637048872e-01
8.132059677115913709e-01 4.186214945420284606e-01
8.027983383090830927e-01 4.847444523045334464e-01
8.020158033467086334e-01 4.042173877348800293e-01
8.785968778950510316e-01 4.962579568595469892e-01
8.575085851802941583e-01 4.479386477025972813e-01
8.457248996104076433e-01 4.689715857921992193e-01
8.264837625174247249e-01 4.170736202185195696e-01
8.103019659588033274e-01 4.320969875929885351e-01
8.624859843907275447e-01 4.574428562789139008e-01
8.981772540836161500e-01 4.501573906571325612e-01
8.129500735983233861e-01 4.301081296532598408e-01
8.801595385109080016e-01 4.661014638828624435e-01
8.756394601692593094e-01 4.259294228775401536e-01
8.659671287620487323e-01 4.663707431195412423e-01
8.532431102935860157e-01 4.755690274198198231e-01
8.153398266006993689e-01 4.271900256222794789e-01
8.019680762653926820e-01 4.110629753034835132e-01
8.953933687451869350e-01 4.300995782389871458e-01
8.282531039533014283e-01 4.394115090632331744e-01
8.732861210615995295e-01 4.798567552315998741e-01
8.198323325067271572e-01 4.669015092488755236e-01
8.813378700050673586e-01 4.138334295984384403e-01
8.533583750988329442e-01 4.098056533573350979e-01
8.019631681867149808e-01 4.782530854648565088e-01
8.087746037706855518e-01 4.086831098850964294e-01
8.602392828878777653e-01 4.838721621843291576e-01
8.817495964764446859e-01 4.504605219252756365e-01
8.882783138403750334e-01 4.285614811482215680e-01
8.108272053628460263e-01 4.691037885871270907e-01
8.128605124974537244e-01 4.783435348485661764e-01
8.543329470301250783e-01 4.944271031520284243e-01
8.728466071650339275e-01 4.968408481544597244e-01
8.528189827622935093e-01 4.215677073854939838e-01
8.678601441579288922e-01 4.936064076205632922e-01
8.496353152479596549e-01 4.287526871673857931e-01
8.723455830014004153e-01 4.005182677396812996e-01
8.861775383784172844e-01 4.712633925371010335e-01
8.763472580225118991e-01 4.080818268207546673e-01
8.686205558425148521e-01 4.908180602639531931e-01
8.290743768256410018e-01 4.994344086685366113e-01
8.876357397531282611e-01 4.780314804469866230e-01
8.200991829023245305e-01 4.463431893754811197e-01
8.866992635992605454e-01 4.680291231423847620e-01
8.704966181211314380e-01 4.363635877200937596e-01
8.102242472994025668e-01 4.851703239079429575e-01
8.457689820146482296e-01 4.947880395322880598e-01
8.173046021708529896e-01 4.998699520531307838e-01
8.679844143997005323e-01 4.070197370143913140e-01
8.979077765958610735e-01 4.292474872577747291e-01
8.701234848707983804e-01 4.856839792246539500e-01
8.281161732697804867e-01 4.916120026005784682e-01
8.806119203349387359e-01 4.517806318017633105e-01
8.854877101639198056e-01 4.987752804619206559e-01
8.117705091666017614e-01 4.346366905062324926e-01
8.158609172348988414e-01 4.028891267494103534e-01
8.773195524637223963e-01 4.904071645185446027e-01
8.802237440047104844e-01 4.657265793786286023e-01
8.621641485265563176e-01 4.654189563234844007e-01
8.718813117287650405e-01 4.948132151898536613e-01
8.213224954981056536e-01 4.833625179841098962e-01
8.777249185321198688e-01 4.984268886318091174e-01
8.591223313522523553e-01 4.031667004819192712e-01
8.100989205421196271e-01 4.873984288196181458e-01
8.950899679613207871e-01 4.760487627675659139e-01
8.694566434509021224e-01 4.130579106968091385e-01
8.459568423758005995e-01 4.966421954112492654e-01
8.432226643920753828e-01 4.941316157052679792e-01
8.950561470705739042e-01 4.274689567315231864e-01
8.026322425395502336e-01 4.189652036142753611e-01
8.868369679951033646e-01 4.557495150019925667e-01
8.135235399060328776e-01 4.416090781036720037e-01
8.046469471967463427e-01 4.331682545492109848e-01
8.389665059856132867e-01 4.414707648977436172e-01
8.401798131813267290e-01 4.870782035349833783e-01
8.041219724402721702e-01 4.416575515756306913e-01
8.086565499252711398e-01 4.066556916501440355e-01
8.811209734071465682e-01 4.713787537551505924e-01
8.345660581550921053e-01 4.679011537615272998e-01
8.298190750845184649e-01 4.567923888529189513e-01
8.345062660543268729e-01 4.414190968374658297e-01
8.511159224967365100e-01 4.713727204436349849e-01
8.834498739709036874e-01 4.928442893246941514e-01
8.456367641804958257e-01 4.904950681902133791e-01
8.987392209630841178e-01 4.388740860267384414e-01
8.105465288754473141e-01 4.695709591031232977e-01
8.002343595494101347e-01 4.953723628602888507e-01
8.877033324063920983e-01 4.157051973846627169e-01
8.717608857919707521e-01 4.510438751103681421e-01
8.409219063331073718e-01 4.530244924954496266e-01
8.722539359088408162e-01 4.235282860558661211e-01
8.850711985259284154e-01 4.969459709439619788e-01
8.502943224939290001e-01 4.138988478799389137e-01
8.972837445679879842e-01 4.224184106038471054e-01
8.450333069905444638e-01 4.717674728928341055e-01
8.337916070365245513e-01 4.465969187304931198e-01
8.586785326305921284e-01 4.723104081245067531e-01
8.946610894093478539e-01 4.043039503395265966e-01
8.268757205770919105e-01 4.830333869541940661e-01
8.813822634697152658e-01 4.959222583933614037e-01
8.876707522710405307e-01 4.581137009878983868e-01
8.932246619413553024e-01 4.787256148615361417e-01
8.525491975467012207e-01 4.856071728328766879e-01
8.109540034268644115e-01 4.197134366926887905e-01
8.072310578463001152e-01 4.574669686103773336e-01
8.279899444561180655e-01 4.702636276471400256e-01
8.546859617334767734e-01 4.701556147814184294e-01
8.534736399680034058e-01 4.258998931813076094e-01
8.347597698645643494e-01 4.831280484693752930e-01
8.324335930020410057e-01 4.485124928661874399e-01
8.451357055322387124e-01 4.090791779506722792e-01
8.118782021080744871e-01 4.116358499530859971e-01
8.830296629277891718e-01 4.102978897464219510e-01
8.544266815509142798e-01 4.288737946470666529e-01
8.302591332506237265e-01 4.126515489703776463e-01
8.828882732087720564e-01 4.449275649904803620e-01
8.109368339919343915e-01 4.950925935912982023e-01
8.257661227447250507e-01 4.262130404638003744e-01
8.932984327988142681e-01 4.567897615128680977e-01
8.679407553431500721e-01 4.463233199316661848e-01
8.336186784355561485e-01 4.219540967030149248e-01
8.693692614336392399e-01 4.824399874444651459e-01
8.326532012901519675e-01 4.242527503960915047e-01
8.803460420409978671e-01 4.655435336785381795e-01
8.873380617589525787e-01 4.206828663790309064e-01
8.704293725167872031e-01 4.352831266643099051e-01
8.202849190232819332e-01 4.315584122452359450e-01
8.113820521031854804e-01 4.704311510033422072e-01
8.665450549587874196e-01 4.768971093715737575e-01
8.022726238997568426e-01 4.234320340469002186e-01
8.812673624960394303e-01 4.254518573722185781e-01
8.488383017942601194e-01 4.368372755297607601e-01
8.419221923977874278e-01 4.162752006332970378e-01
8.715519756682693631e-01 4.928528867031285454e-01
8.073946999011325509e-01 4.770049146156647435e-01
8.977304344782086609e-01 4.139562937181507363e-01
8.602412839653024168e-01 4.628815710200445688e-01
8.254906452852190935e-01 4.079110298001057400e-01
8.079151178275283396e-01 4.552369818008576985e-01
8.876408152421577658e-01 4.936650821954712276e-01
8.479341857332195476e-01 4.170724799403284222e-01
8.885344701965336434e-01 4.075853243906689682e-01
8.737957224284509383e-01 4.298569498629358776e-01
8.350293235035245454e-01 4.655237695243095164e-01
8.943077425119773105e-01 4.247450702926707233e-01
8.919529824562009157e-01 4.874025373335933997e-01
8.495289149470675039e-01 4.762372534678425140e-01
8.797091712683596798e-01 4.957863528397653541e-01
8.087798038644276044e-01 4.565823591873390264e-01
8.654501233675002680e-01 4.376631677110007779e-01
8.269683061948758240e-01 4.217207651995045214e-01
8.772114342338942494e-01 4.612913796517221776e-01
8.631143077454146439e-01 4.397778916899505730e-01
8.523859955966432977e-01 4.591069728342631606e-01
8.844908672992765064e-01 4.125157843834678650e-01
8.437399082874812439e-01 4.620116654706307169e-01
8.003176132498991402e-01 4.736113979535401253e-01
8.059309804351708628e-01 4.303233208693837408e-01
8.482223218655249308e-01 4.413673975055527610e-01
8.110029668462689356e-01 4.589398668238091616e-01
8.890618182347554965e-01 4.560634184531865420e-01
8.965065809352983361e-01 4.077939979741425636e-01
8.462645484785835670e-01 4.527419193429407240e-01
8.580329332599112568e-01 4.946017993041357252e-01
8.482656075507905014e-01 4.516975112059318787e-01
8.232721465324331911e-01 4.938652449514873144e-01
8.591470758340253866e-01 4.657874880653266603e-01
8.274323928442299803e-01 4.438905865293801822e-01
8.796268608121768917e-01 4.260746704528573514e-01
8.631958335890745904e-01 4.108814620515804927e-01
8.977551892400151834e-01 4.338200353494965356e-01
8.727621246872463434e-01 4.041223113487614760e-01
8.364680287135968229e-01 4.976162823040172212e-01
8.916068837090075361e-01 4.192038730143423098e-01
8.667108886937622270e-01 4.657225254046396534e-01
8.595623981643564226e-01 4.132582309404014276e-01
8.709296300440293459e-01 4.521324088708211786e-01
8.489609938212427931e-01 4.152487711673287230e-01
8.970567670509943525e-01 4.445830504020904517e-01
8.296301960473924098e-01 4.835605244315622775e-01
8.238181954057111067e-01 4.750549486429036516e-01
8.828915384122025811e-01 4.544623782189127770e-01
8.557262252465006602e-01 4.006953791224039940e-01
8.437279329971839603e-01 4.541389959800087861e-01
8.800989574269384441e-01 4.890538278289461305e-01
8.987294447649226692e-01 4.691356593042684819e-01
8.728828649052787769e-01 4.842829177297253151e-01
8.074301000205412748e-01 4.894020790085484296e-01
8.933165625719026171e-01 4.867528032084871281e-01
8.332133576596859603e-01 4.719085814510661225e-01
8.141261544689588625e-01 4.165372427627030416e-01
8.681117353472975751e-01 4.612976263122099407e-01
8.038583381058869159e-01 4.974271950073847481e-01
8.906578096612232098e-01 4.630254649447260729e-01
8.102582665861600697e-01 4.846971044587707889e-01
8.066929919470022803e-01 4.380441252520764772e-01
8.754274303307201244e-01 4.221521449223844535e-01
8.382510570448321596e-01 4.796015289213177435e-01
8.984761259156841540e-01 4.796377306255530937e-01
8.663385920388233519e-01 4.979018567766111403e-01
8.884678324216583878e-01 4.482948602146085149e-01
8.049194190807893445e-01 4.581002627940160554e-01
8.111927472327034039e-01 4.225741486682365600e-01
8.105520063633830929e-01 4.070576560067674654e-01
8.639990913302740827e-01 4.162103134297078233e-01
8.106386104585773245e-01 4.883427108307361042e-01
8.907899760206087203e-01 4.513115076661007308e-01
8.132773176889515065e-01 4.708894265993995298e-01
8.636282500382791438e-01 4.260864835834883291e-01
8.735248586774623236e-01 4.613126772185211499e-01
8.054266536465305437e-01 4.812823022000968232e-01
8.379501155213475716e-01 4.053604220737571651e-01
8.871883283897343819e-01 4.164825527666165539e-01
8.226907980684230459e-01 4.947400403666692981e-01
8.513209322877364205e-01 4.987490870610630234e-01
8.903812223485156885e-01 4.178107123191545647e-01
8.520856408832329087e-01 4.448331817722079862e-01
8.824423756468572355e-01 4.821340134894610552e-01
8.733145341155026387e-01 4.496602389814636780e-01
8.588920303299780734e-01 4.307201707688284031e-01
8.898273721252765167e-01 4.996580360078668459e-01
8.908988832908543154e-01 4.027826345018191145e-01
8.534100107841159355e-01 4.815893123735076609e-01
8.305470252890025940e-01 4.317801259350293464e-01
8.768138311806593643e-01 4.961460605123795276e-01
8.165768705246249093e-01 4.426170226981632760e-01
8.189104198320096284e-01 4.160313061057077655e-01
8.270395288353534768e-01 4.984937224913908449e-01
8.419280030721110197e-01 4.427850144308131397e-01
8.609062456435114807e-01 4.791452797295941979e-01
8.371185151716414863e-01 4.224433051742780831e-01
8.341769852464225865e-01 4.536255671449574423e-01
8.164775213820951727e-01 4.439803227056471346e-01
8.632953612607455751e-01 4.936886740355083125e-01
8.187005434019111183e-01 4.183311181903378029e-01
8.224241474435787236e-01 4.971537678042536879e-01
8.567470739914206934e-01 4.742060697541503611e-01
8.178654343966342832e-01 4.246028557587171459e-01
8.806334216111162405e-01 4.338328989040229899e-01
8.227125545133445739e-01 4.442522941595864472e-01
8.881389030624405878e-01 4.337444983501657081e-01
8.261911253001399391e-01 4.849655224453135460e-01
8.589238267865494381e-01 4.629340259065900520e-01
8.349471966305911375e-01 4.515801258335095936e-01
8.946359800565095721e-01 4.036958994286597990e-01
8.719976712771114746e-01 4.671713517304361130e-01
8.572075435883276251e-01 4.827497085128620302e-01
8.828873752296391153e-01 4.830167238776885141e-01
8.716428847300921046e-01 4.231472169532156657e-01
8.046890782679598786e-01 4.825092819478948303e-01
8.690523192724318724e-01 4.275163178756182791e-01
8.299341682963345956e-01 4.521555033047572891e-01
8.004747526446953643e-01 4.876119448502058140e-01
8.737305564247785927e-01 4.697808922429878020e-01
8.415773268663131468e-01 4.700777750093475538e-01
8.873334351177283308e-01 4.812443165501828490e-01
8.676266209356237047e-01 4.126269597801459632e-01
8.310640347874593825e-01 4.128108295675237405e-01
8.604072886118464547e-01 4.885327141074132795e-01
8.341088288932724248e-01 4.087333761836492441e-01
8.334365774247247671e-01 4.960632325066662851e-01
8.376574155501353980e-01 4.374673829369185585e-01
8.250707938519608042e-01 4.752794868602964740e-01
8.231855132013428111e-01 4.653873689086163723e-01
8.625219737777528595e-01 4.212401030874267649e-01
8.785545370452743086e-01 4.696962535137784167e-01
8.884109511236576440e-01 4.496684235618190195e-01
8.141927191182743995e-01 4.430701141079773087e-01
8.463976196061271384e-01 4.664072935645258711e-01
8.713729999910830859e-01 4.860294934571919301e-01
8.589471496838331221e-01 4.205701690995111708e-01
8.350754195807623681e-01 4.527651242010330979e-01
8.349215678266527219e-01 4.377565909772431763e-01
8.113424934820274714e-01 4.247250438769245573e-01
8.822116138022209064e-01 4.788480649864139682e-01
8.344113602411737940e-01 4.803628311583891253e-01
8.121576069845453105e-01 4.974128515870460676e-01
8.489840830740097433e-01 4.125775886950779903e-01
8.157338228083749199e-01 4.800454940744025567e-01
8.740997654111497539e-01 4.136006040365791669e-01
8.904268646733959347e-01 4.328059314308362882e-01
8.571594591779411187e-01 4.954030965483471882e-01
8.246166322849142194e-01 4.229465372232688036e-01
8.537330004899731373e-01 4.954852342062082693e-01
8.453943551707741033e-01 4.093417138314239256e-01
8.677273864437233808e-01 4.312076653901204537e-01
8.197062727885708888e-01 4.303805854509742401e-01
8.947261191220877707e-01 4.007433161797461230e-01
8.369339784608498256e-01 4.732692173026644689e-01
8.153396357625660729e-01 4.639825348965047058e-01
8.974145353518299117e-01 4.857167403761424307e-01
8.132595645903206716e-01 4.061542031293949306e-01
8.749458438468575849e-01 4.268207948253749384e-01
8.466084631671382255e-01 4.257605213451413073e-01
8.620862100430158881e-01 4.669549379471278350e-01
8.482701494397115738e-01 4.972412429597896644e-01
8.239589559645316141e-01 4.645517714333365356e-01
8.457997800509398090e-01 4.880074598245727202e-01
8.447942441851105100e-01 4.865506334229062202e-01
8.601687076974254831e-01 4.884061650987651104e-01
8.796802118051483266e-01 4.324285608192953712e-01
8.227561696023512061e-01 4.407280362343760638e-01
8.627903140692542161e-01 4.174441659884755018e-01
8.058077144722066709e-01 4.556559008173249881e-01
8.208795638176955567e-01 4.986090264961634544e-01
8.853270967440297623e-01 4.839723509339797225e-01
8.009382959323705364e-01 4.598461000286853118e-01
8.701903927450593823e-01 4.122689288776107963e-01
8.184956456534437930e-01 4.749115079542765017e-01
8.422223462287178330e-01 4.773596083689628511e-01
8.093853575167092584e-01 4.022387171011148066e-01
8.309759009273642860e-01 4.034718304356020302e-01
8.430965605481222092e-01 4.346438321865927490e-01
8.279712700954033888e-01 4.140764284753245539e-01
8.327657274587425551e-01 4.023015609445113605e-01
8.416300720490770271e-01 4.137229302783597684e-01
8.670083234243408654e-01 4.748825840851161328e-01
8.215788857964801961e-01 4.502385209319945680e-01
8.668515225450428296e-01 4.447728701429668474e-01
8.314957805272931157e-01 4.517705277095348526e-01
8.064146791958197724e-01 4.145233792935081318e-01
8.862701705078835923e-01 4.931733990264171030e-01
8.067821273877725519e-01 4.518684670804953840e-01
8.815943319844005144e-01 4.764501968521314135e-01
8.796044902408590715e-01 4.274592407430430341e-01
8.027708804981922297e-01 4.948013850218253573e-01
8.936547290852472347e-01 4.240635554872905777e-01
8.933058116589047692e-01 4.710927921161890408e-01
8.451087712933569307e-01 4.298456053320276471e-01
8.565214378609847801e-01 4.777403975762073429e-01
8.548988150482090820e-01 4.143763749210944702e-01
8.945119307940474496e-01 4.941078378667370652e-01
8.017394907112527225e-01 4.225725587972621322e-01
8.944499461075912095e-01 4.185144430069864807e-01
8.634311015667531786e-01 4.215108219293641767e-01
8.981391620817755772e-01 4.002832155291836114e-01
8.643309654554351962e-01 4.899354420706717450e-01
8.839135998994768206e-01 4.866643198869211595e-01
8.529486370939308726e-01 4.984761450266207428e-01
8.569175319488184783e-01 4.372336609545255381e-01
8.532960847378876501e-01 4.562802883213877836e-01
8.592443915348273453e-01 4.488969537421381162e-01
8.236114716392736179e-01 4.517724736655857609e-01
8.993491837654340459e-01 4.211849886056439618e-01
8.353981794419954587e-01 4.980441363181016268e-01
8.992592607292239082e-01 4.434457087325863189e-01
8.619375293606537092e-01 4.928986756167252903e-01
8.382944063474743190e-01 4.129111968918530162e-01
8.693981588652975878e-01 4.139762747125892428e-01
8.306294467855188657e-01 4.771831292780110978e-01
8.846733670212858502e-01 4.521447486215435796e-01
8.529133781443578588e-01 4.709758557325489647e-01
8.593061505341320627e-01 4.080157477251735165e-01
8.031560124851957472e-01 4.899116268928188633e-01
8.182867863714651246e-01 4.881756418222363836e-01
8.028973403383246055e-01 4.662538932351170118e-01
8.734200103020289818e-01 4.631412862001361708e-01
8.238852077181627598e-01 4.087395181300745306e-01
8.110662854850159142e-01 4.261769701087068096e-01
8.901258926779382907e-01 4.674680987101135221e-01
8.215562724088112390e-01 4.414678020279363402e-01
8.727628891308469861e-01 4.709464085025485414e-01
8.039754236719225400e-01 4.921238137877295138e-01
8.031564193294923326e-01 4.660898817088599544e-01
8.446034505689578031e-01 4.113808724805017580e-01
8.901081997973323556e-01 4.951847919321336611e-01
8.219696057065681849e-01 4.673453477123802324e-01
8.101087522137198071e-01 4.486686487730650041e-01
8.338709176505998411e-01 4.547027555159163237e-01
8.214087077963820871e-01 4.312532548270520127e-01
8.708765959680346835e-01 4.075017078694461170e-01
8.671905671511921376e-01 4.519248803144459981e-01
8.417043698479865776e-01 4.402328771487615811e-01
8.448333083802284094e-01 4.912378484482278207e-01
8.835458220406893215e-01 4.948166541403025143e-01
8.352349060708831319e-01 4.627074742688033204e-01
8.513935913414766299e-01 4.444073993945500956e-01
8.975809776780875326e-01 4.243826879934921026e-01
8.298649610840697077e-01 4.046651556595839971e-01
8.794453389466725390e-01 4.550920113818904822e-01
8.818116471352961394e-01 4.516902460543946729e-01
8.598081936818908755e-01 4.315548305873544432e-01
8.961305690335815699e-01 4.109096674121557879e-01
8.812719900772747472e-01 4.299601435450925990e-01
8.037785589279518028e-01 4.204751560274617717e-01
8.437515495458147718e-01 4.535605647019985143e-01
8.629238098016387415e-01 4.174988951456146125e-01
8.370326211620492396e-01 4.689239706978346467e-01
8.026862206951262957e-01 4.112035995088239027e-01
8.290821097508257465e-01 4.766651345913683890e-01
8.527459567252793082e-01 4.174172343024392662e-01
8.844335773292973935e-01 4.654550865403090931e-01
8.826430258234656545e-01 4.796226547883882807e-01
8.842495203662312786e-01 4.370128909138791817e-01
8.404822531099296334e-01 4.456782059445765221e-01
8.014525019874906286e-01 4.786442715500838219e-01
8.374342427568016722e-01 4.368242922453665633e-01
8.670062909664635331e-01 4.841558859864442121e-01
8.816355772553062797e-01 4.455797477541127982e-01
8.107826470687204967e-01 4.355316683386106780e-01
8.525580399042586022e-01 4.498588963779597272e-01
8.915985827932952912e-01 4.013034964082368705e-01
8.027243231669858314e-01 4.701952891981351912e-01
8.677018926784227926e-01 4.204362698748246308e-01
8.341701759170133679e-01 4.857532382122175529e-01
8.395578735419559901e-01 4.576848896579752135e-01
8.089561317888046554e-01 4.862201143941891623e-01
8.558567941132755319e-01 4.213796358305268441e-01
8.400455319712223368e-01 4.589691822646893571e-01
8.954524047015472998e-01 4.553501733067523705e-01
8.405395098456613923e-01 4.305650817328131597e-01
8.922111173231603853e-01 4.927879396651889676e-01
8.068392661232988150e-01 4.217080339180586113e-01
8.251735356762678331e-01 4.131041867348343444e-01
8.903237182696593921e-01 4.280187878550378855e-01
8.901814086382744406e-01 4.285777090399530698e-01
8.023861658324918933e-01 4.286684980941826151e-01
8.903300914542224831e-01 4.914907723597789491e-01
8.821949944804238219e-01 4.786763825438908326e-01
8.846719309631485562e-01 4.506546219373528395e-01
8.631099525722556454e-01 4.672081019559615189e-01
8.742022658912240729e-01 4.397096367787143301e-01
8.042227465464484304e-01 4.091229356774226389e-01
8.535692088962818502e-01 4.837395044765647745e-01
8.986417608697123693e-01 4.993650175640873545e-01
8.414509244160838231e-01 4.838783191641281567e-01
8.692571875478763976e-01 4.138037276326898550e-01
8.402962644860163532e-01 4.597044933264117783e-01
8.304456401123276876e-01 4.751426822010151874e-01
8.407922397114038215e-01 4.258022227298163265e-01
8.329884792124644388e-01 4.117870360046714251e-01
8.162670315727841297e-01 4.446251556421666473e-01
8.334141966155579340e-01 4.555726405248509137e-01
8.420650830452547364e-01 4.270383928913738525e-01
8.471720531162321155e-01 4.554652615933209026e-01
8.631231829112137044e-01 4.549649158202170307e-01
8.961815914699714503e-01 4.734960482193004139e-01
8.773966140215312404e-01 4.461236324253866625e-01
8.776491997137826351e-01 4.613402993626785631e-01
8.581993534483854935e-01 4.620564660320118922e-01
8.141966358390517744e-01 4.469841162156064085e-01
8.240401629786719973e-01 4.128240899059667512e-01
8.019123222958609576e-01 4.417419976885658128e-01
8.581256434187954918e-01 4.866946299307653989e-01
8.271623086998844965e-01 4.305246926343582192e-01
8.833872043097006355e-01 4.663477859900266864e-01
8.693146037431376261e-01 4.472677036853304200e-01
8.753896803556211470e-01 4.533046715885257760e-01
8.105482508622785520e-01 4.684903040345702596e-01
8.314530338377706942e-01 4.395437765782341244e-01
8.304103955855167696e-01 4.162792170480479892e-01
8.791181906241466448e-01 4.255175693399905201e-01
8.205111657489660981e-01 4.394763715134668569e-01
8.095781306851755899e-01 4.564622770487257730e-01
8.666752230703625992e-01 4.943915542558457443e-01
8.586702073571914617e-01 4.724654830101814307e-01
8.918355023743638199e-01 4.208624511959919157e-01
8.122318326948004819e-01 4.979725316841873695e-01
8.134200882056930038e-01 4.090927565905649321e-01
8.730678490787332491e-01 4.272144355149763428e-01
8.083965566589672580e-01 4.231890877647144222e-01
8.949202898746382306e-01 4.651485407601497757e-01
8.712781701009209012e-01 4.430595656294465945e-01
8.380625705067522579e-01 4.045975075539123833e-01
8.982519191547749804e-01 4.188225070004794048e-01
8.124027163395656226e-01 4.307497592134408304e-01
8.859162066879200381e-01 4.056007741001167455e-01
8.223941567830330701e-01 4.658336071831892244e-01
8.844095401862510641e-01 4.798084295532160093e-01
8.861586491449886527e-01 4.759019462244389320e-01
8.488204185360568310e-01 4.270160180110867953e-01
8.303468595996127410e-01 4.231848270777572862e-01
8.410090432966380591e-01 4.869399586957150472e-01
8.380722090949065395e-01 4.580244529553127997e-01
8.066005833315885720e-01 4.800644877981867231e-01
8.031501538487493264e-01 4.010035632546638529e-01
8.222212236533106289e-01 4.734426329189282967e-01
8.684733473040890939e-01 4.074265340885661613e-01
8.303876479780983866e-01 4.895493216743389553e-01
8.173292426483472761e-01 4.142246884529182660e-01
8.951574288002877022e-01 4.156542306486237237e-01
8.117601339178379671e-01 4.308374044129914537e-01
8.893334406860518015e-01 4.252303621602006589e-01
8.239292707463776733e-01 4.957932322267604164e-01
8.882530652275901772e-01 4.929441396948188170e-01
8.584188469754765460e-01 4.497444060384674369e-01
8.775001897914138649e-01 4.277539278110624732e-01
8.042167546356272512e-01 4.564741724643645027e-01
8.732096430050568792e-01 4.493242807392943683e-01
8.358115568270367834e-01 4.094187963331149538e-01
8.502622343192063337e-01 4.913063509229891324e-01
8.709768474448655873e-01 4.382275360690279786e-01
8.070401477732822570e-01 4.133242404431738959e-01
8.178301078361390752e-01 4.848280325877675212e-01
8.568179524396246638e-01 4.666158938184117866e-01
8.774248037874492478e-01 4.727107024835325300e-01
8.131116357957112184e-01 4.901354809666106926e-01
8.010443054608222813e-01 4.286079945529496227e-01
8.552131722087570331e-01 4.428542890654925124e-01
8.509636219573779581e-01 4.454712868456371377e-01
8.239831736136735696e-01 4.142512924952260756e-01
8.539328423288052861e-01 4.112969102444066771e-01
8.087922242612158863e-01 4.554174566796009849e-01
8.933031132036568511e-01 4.046105131527871213e-01
8.845896955330769806e-01 4.113149379975772901e-01
8.761552503016597493e-01 4.960397178212431202e-01
8.761881579937720321e-01 4.724585802806791635e-01
8.382092976337749413e-01 4.077990329294879923e-01
8.202638575197501725e-01 4.835278556147836748e-01
8.752382316072637725e-01 4.221003189004363110e-01
8.178018568116592890e-01 4.958201508741485464e-01
8.485040212188939002e-01 4.659367503252484499e-01
8.987573997251980806e-01 4.753574297934269888e-01
8.837724398341839649e-01 4.068575326101901979e-01
8.014747766244395555e-01 4.117099631971552487e-01
8.529403052869108937e-01 4.158528767146493776e-01
8.586319283251244716e-01 4.033406497386485268e-01
8.405767825927790149e-01 4.079078262458792903e-01
8.245950826830580338e-01 4.171708944781741257e-01
8.440082321232683649e-01 4.153361191585396295e-01
8.093005417927140455e-01 4.880580117278302543e-01
8.563972318468312528e-01 4.721087173526795633e-01
8.574981105008951943e-01 4.796724910921673635e-01
8.381737545811827061e-01 4.143754220265566390e-01
8.415369730945465587e-01 4.557177380315643456e-01
8.655742288016524677e-01 4.552504437768968848e-01
8.352087851843432720e-01 4.370233471226775968e-01
8.333119159667428111e-01 4.534198816963099787e-01
8.721371699304050207e-01 4.171413453871624100e-01
8.094135673826968747e-01 4.592754700561144654e-01
8.620924455903060668e-01 4.120703274011120465e-01
8.777316715654686075e-01 4.289195573044662924e-01
8.307125083450487280e-01 4.066745786172944466e-01
8.830634801299794834e-01 4.542271103248762265e-01
8.983250072460620128e-01 4.930032182708106725e-01
8.717376128198824903e-01 4.626994534475128984e-01
8.138435196948066164e-01 4.574077144111637905e-01
8.822401057915185696e-01 4.897172838599455069e-01
8.850144187848376642e-01 4.005933260421776221e-01
8.732563792812060299e-01 4.753594213374661148e-01
8.641265738023338194e-01 4.646553915686458813e-01
8.639901317723102103e-01 4.649119707034147231e-01
8.345269715477399153e-01 4.069981194950367809e-01
8.521437816796575415e-01 4.410273026814329200e-01
8.293185686146764546e-01 4.608480819356058356e-01
8.078204431260963547e-01 4.609449092273788517e-01
8.647337489087680851e-01 4.788391637622955166e-01
8.792312115357820979e-01 4.876703557082444074e-01
8.587401022068666956e-01 4.984081437234602063e-01
8.850572617994129088e-01 4.898073879139531739e-01
8.816848561962622455e-01 4.523902114243147921e-01
8.172938489777712423e-01 4.694675703938673283e-01
8.987931504778752245e-01 4.209057334660597505e-01
8.991943414236247545e-01 4.938554348494763602e-01
8.272243571968289633e-01 4.921827702605879873e-01
8.728967139472918468e-01 4.256563825963769476e-01
8.790083859889563644e-01 4.027744788974781942e-01
8.048901963552225203e-01 4.272457196680529701e-01
8.429155037231128578e-01 4.864298718696644652e-01
8.386865773060300233e-01 4.894227196186358153e-01
8.844284222680556251e-01 4.144126405545873748e-01
8.330093704071740435e-01 4.106560175351777753e-01
8.440841941387294822e-01 4.685965003775279802e-01
8.186860348367830387e-01 4.429491320422080936e-01
8.877545012122551871e-01 4.137408683157254297e-01
8.685473402532203346e-01 4.117705191674286835e-01
8.267763159653522820e-01 4.102639863142922283e-01
8.827980278124034630e-01 4.303096567859976407e-01
8.160212957921569865e-01 4.160340130154515648e-01
8.239818560714184947e-01 4.169873489004871092e-01
8.149043095573093032e-01 4.627050830929716474e-01
8.499456266804703564e-01 4.330097421305955652e-01
8.074573550090879959e-01 4.311817638226624894e-01
8.088339390471661616e-01 4.905980071593256664e-01
8.264794934782347946e-01 4.056783268475442905e-01
8.965097907441027525e-01 4.714131024262960268e-01
8.852934392969163957e-01 4.634549178111240231e-01
8.324739156273323060e-01 4.748411842825995821e-01
8.859789835044215023e-01 4.689581686055602772e-01
8.177650809809816623e-01 4.214784694122873931e-01
8.015953185079078835e-01 4.796777264825368148e-01
8.091030118658654180e-01 4.013618695530721259e-01
8.831048459824384356e-01 4.683161285160802323e-01
8.795678843908976141e-01 4.180082433366579808e-01
8.832971074952608026e-01 4.507902337117120628e-01
8.237606216914273860e-01 4.684635616940482361e-01
8.141908359233348547e-01 4.886674334920739771e-01
8.282387712901349008e-01 4.380398924319827691e-01
8.132014682217000301e-01 4.746828783029460319e-01
8.870216213443331554e-01 4.714931752336197768e-01
8.316720028249160457e-01 4.576310625751841554e-01
8.714409320118248203e-01 4.476876669456307800e-01
8.442242121229750484e-01 4.566045278101937832e-01
8.783076815606335463e-01 4.904222789018139461e-01
8.799629719222588076e-01 4.249576250516980958e-01
8.543568938960224290e-01 4.708300940332479367e-01
8.342924150891213309e-01 4.422514816120578507e-01
8.401828266979560755e-01 4.149519813634642840e-01
8.862511043572658398e-01 4.592466439974854930e-01
8.107132045135548859e-01 4.379891506195122686e-01
8.553505287711862248e-01 4.954832304171885027e-01
8.435255587645807962e-01 4.334448991615114655e-01
8.353932195429768504e-01 4.119759326433624080e-01
8.968769439042920677e-01 4.750936009372650481e-01
8.049798134293715268e-01 4.558622716446309453e-01
8.700825620101217961e-01 4.577423689778699067e-01
8.116909406387893267e-01 4.801447185987098853e-01
8.627530094041402364e-01 4.001195848391431165e-01
8.834993842533276354e-01 4.002102180384399244e-01
8.124799323066104195e-01 4.572985430213711289e-01
8.966476765058808418e-01 4.523485665029618463e-01
8.305110474159159706e-01 4.943258388388183100e-01
8.689378020617634091e-01 4.848477174230451103e-01
8.164100808801951770e-01 4.240240452921979486e-01
8.442513158692185327e-01 4.292903622752485826e-01
8.032401806494604557e-01 4.597111406984539794e-01
8.652968131636893379e-01 4.815676765169950579e-01
8.708123454691296672e-01 4.412137476074379228e-01
8.308113473576486108e-01 4.715759041832654486e-01
8.639850606265193633e-01 4.478650991430907502e-01
8.803652598032247756e-01 4.621764059585073414e-01
8.466699923413132378e-01 4.062499596219248943e-01
8.946809550362869734e-01 4.824061667885076177e-01
8.516690624898068940e-01 4.334517589450254116e-01
8.335257985951083359e-01 4.631836218735266852e-01
8.803728014521952083e-01 4.123572248488224234e-01
8.042787978552300432e-01 4.948868900897526180e-01
8.261074231585784355e-01 4.373394677680485509e-01
8.748706196967134252e-01 4.809847245072101374e-01
8.446989687786048417e-01 4.964899538119239564e-01
8.069241018838559931e-01 4.820679071498079615e-01
8.811979041517243871e-01 4.203671902389198300e-01
8.114008154791503280e-01 4.576991100510204302e-01
8.740966311610005590e-01 4.013800380674887314e-01
8.436853650237443603e-01 4.287607926913481471e-01
8.328669624352984524e-01 4.347304123780723617e-01
8.741226393859995447e-01 4.313225151298183402e-01
8.541847407320666274e-01 4.040766184013405704e-01
8.144834308100178388e-01 4.806733253157409180e-01
8.634761401793216162e-01 4.105061326793388310e-01
8.942918578410400388e-01 4.679845965630291538e-01
8.786693393738016500e-01 4.107263081497419810e-01
8.374822323082706799e-01 4.000641465904979377e-01
8.720198910455991825e-01 4.824123048152520465e-01
8.855187814015811343e-01 4.829738468555289654e-01
8.936654471198018923e-01 4.847489563916351774e-01
8.590436685002570405e-01 4.099060562151771725e-01
8.617970319657750622e-01 4.463155725987320022e-01
8.308110394419409017e-01 4.524565595672876972e-01
8.860533683855845721e-01 4.510503127278946423e-01
8.849031093345310905e-01 4.637477785868415192e-01
8.700836597892417368e-01 4.179925503174288237e-01
8.210473167407879025e-01 4.477534685276839399e-01
8.005116388095077085e-01 4.476663075916108570e-01
8.559730498735235171e-01 4.604652559932992939e-01
8.898919319827254260e-01 4.873737275211315056e-01
8.042282045473505558e-01 4.814679659633142039e-01
8.198113653781149424e-01 4.792610538352415350e-01
8.711026475939012137e-01 4.378720610060894969e-01
8.883759225073806221e-01 4.576314362179156880e-01
8.515157454649195934e-01 4.536198883463584686e-01
8.596929813901269535e-01 4.481013663187753959e-01
8.204445831570472691e-01 4.085188269300563113e-01
8.563723464665528029e-01 4.698275142948360461e-01
8.981302862206526072e-01 4.230359085213158954e-01
8.837375061314144409e-01 4.474239421388757076e-01
8.108079358417611404e-01 4.614722295203053104e-01
8.177247219238331644e-01 4.315944074951160725e-01
8.604029732644161710e-01 4.251364067096433663e-01
8.309978266081862186e-01 4.301970144252027506e-01
8.934854567215884114e-01 4.571870822197650619e-01
8.594437708468891657e-01 4.548723735428275017e-01
8.719338332305206496e-01 4.326939466333962203e-01
8.166592439946576132e-01 4.632133293500378945e-01
8.932971601817609741e-01 4.777092750217311057e-01
8.690137737444664223e-01 4.776196529293929016e-01
8.025530710510300203e-01 4.737927143900575455e-01
8.836839181714000180e-01 4.648580621570209126e-01
8.430221112084038682e-01 4.825542522902682707e-01
8.580505411438209551e-01 4.236774770577945159e-01
8.374514566777990776e-01 4.425127323941694946e-01
8.674510540910062018e-01 4.915777572610670054e-01
8.163552102562456891e-01 4.076723457102723325e-01
8.623512187965638454e-01 4.596662474940341747e-01
8.624509908491280186e-01 4.111293609844970387e-01
8.335357543556833892e-01 4.657205236309212015e-01
8.115179378255932274e-01 4.146430594563054184e-01
8.410400656008638620e-01 4.068619762101926551e-01
8.331913063009948051e-01 4.935498591730606011e-01
8.825302794349602076e-01 4.224982746436461989e-01
8.472627012605674635e-01 4.987279053892105241e-01
8.520554582479201722e-01 4.996573562534145641e-01
8.119331502030073811e-01 4.036558060410800342e-01
8.008564339834798318e-01 4.399300643853806814e-01
8.332134516832894189e-01 4.404578983640048406e-01
8.059220849831137956e-01 4.682177688755887468e-01
8.280036339908616316e-01 4.705845808106132733e-01
8.422354327983995192e-01 4.414234993721616873e-01
8.179193241795258418e-01 4.842248026376835268e-01
8.810288837468646106e-01 4.660558787160783423e-01
8.758185037556507346e-01 4.923832335991305542e-01
8.942923191596632293e-01 4.132035481614625416e-01
8.014475448122083678e-01 4.968878571766213170e-01
8.325275976447545911e-01 4.438418170746211144e-01
8.565992214762511159e-01 4.237067361221774631e-01
8.184986360049451015e-01 4.906854655341738591e-01
8.061004183558559966e-01 4.279786009730469631e-01
8.859905779511019208e-01 4.170584539734327745e-01
8.864877010198597418e-01 4.311277755482235130e-01
8.042573113144522168e-01 4.731522342604638220e-01
8.692858735463958597e-01 4.068335480181621833e-01
8.411965137529392456e-01 4.840652522854929085e-01
8.715868335100225295e-01 4.992788958433328483e-01
8.193722542572037248e-01 4.777067168142214992e-01
8.190291717554092354e-01 4.863998422350173656e-01
8.160252968366965565e-01 4.422596318452758912e-01
8.001674006644687864e-01 4.288928254018018471e-01
8.176807063368470851e-01 4.005585044457214416e-01
8.626663737542641375e-01 4.181510952892024680e-01
8.472182641315770812e-01 4.026272583592674925e-01
8.981531981166757106e-01 4.121686396066440716e-01
8.095344434886543317e-01 4.807472188621494391e-01
8.369776058943745323e-01 4.197970253520376671e-01
8.426910208577133021e-01 4.793920629137343736e-01
8.946648772823306839e-01 4.739228055442308851e-01
8.409409713003205278e-01 4.822691031922118343e-01
8.309948147502563831e-01 4.221658116905738778e-01
8.688736239399396100e-01 4.020403085751467209e-01
8.897157858572793954e-01 4.580749332976010724e-01
8.467371414857325362e-01 4.203619251237682430e-01
8.842041918848655424e-01 4.885015947912050294e-01
8.912135151754966289e-01 4.897819999049480844e-01
8.201841497947580661e-01 4.438849884130083301e-01
8.374688614407660436e-01 4.649323519588563491e-01
8.626267408795154079e-01 4.524318878858184512e-01
8.936307606693799643e-01 4.848758241389474200e-01
8.740785340572982953e-01 4.783500481066231824e-01
8.273668557204613139e-01 4.718782367553637225e-01
8.625380421109505313e-01 4.636064187579970186e-01
8.523257243522828208e-01 4.048201602733566551e-01
8.521501701025497866e-01 4.620215634132285309e-01
8.819070620665143689e-01 4.513051638343030803e-01
8.492403532410146560e-01 4.067602975681229305e-01
8.960065518471473922e-01 4.865171621340212971e-01
8.218936106507790385e-01 4.265241409970255138e-01
8.389671891560575023e-01 4.663094069516598994e-01
8.066612734641557259e-01 4.532235518672148022e-01
8.052057489788662092e-01 4.489046246679371244e-01
8.641709170148796915e-01 4.182116155133111524e-01
8.272225103005532709e-01 4.094829381630509246e-01
8.341428712757323893e-01 4.019724340779305405e-01
8.085829221896347896e-01 4.885208384888649613e-01
8.758170578392642236e-01 4.402311299299858094e-01
8.007686534422455704e-01 4.454479384220426663e-01
8.861209478789685567e-01 4.930385748261679746e-01
8.738473604044588727e-01 4.392346512939023784e-01
8.865062368702000262e-01 4.733208148689070915e-01
8.767928575470753660e-01 4.816748538620352349e-01
8.337408666386776357e-01 4.025144755261488849e-01
8.856999809308527816e-01 4.668291397000141618e-01
8.006976481232360721e-01 4.592762361417672690e-01
8.394570202543925053e-01 4.951859709179476932e-01
8.410353790175048028e-01 4.818992472437292340e-01
8.299246841916726458e-01 4.711268446402318011e-01
8.026428638541022176e-01 4.515942045218576117e-01
8.271815362452634712e-01 4.486869012346761387e-01
8.665898623948962154e-01 4.934845748410101041e-01
8.495624137969848277e-01 4.417228637872027130e-01
8.000610822032213632e-01 4.296016983967715364e-01
8.092992479616872847e-01 4.342397929552884728e-01
8.474976880916907929e-01 4.472959967408627335e-01
8.147017002263879926e-01 4.246614892091539750e-01
8.509348065141354445e-01 4.747667191201687120e-01
8.149510250275691092e-01 4.458333908305325277e-01
8.605704169797960823e-01 4.943141241656120455e-01
8.275637196032403775e-01 4.476818436444831573e-01
8.273687859124729815e-01 4.919590673990666962e-01
8.828927106425323856e-01 4.524521816749824676e-01
8.063691310849973037e-01 4.548600428510984894e-01
8.570943702990984070e-01 4.807157379744023129e-01
8.200432384654470219e-01 4.970314718522742536e-01
8.327842289800576614e-01 4.695515160423874290e-01
8.871447660563437365e-01 4.496978146762149464e-01
8.796909717533791806e-01 4.906247930873977592e-01
8.722160255509230353e-01 4.524776647545946662e-01
8.313272414643055885e-01 4.012649467439836082e-01
8.988568477330499684e-01 4.707698438216358916e-01
8.947154390729020745e-01 4.854580468581555230e-01
8.366133863034308504e-01 4.571478050772198043e-01
8.829577427278072488e-01 4.162035628936485154e-01
8.344164157316961150e-01 4.952825372524665704e-01
8.990264548679985923e-01 4.147081875095916526e-01
8.966853351658916615e-01 4.736199437170360849e-01
8.751451036379076509e-01 4.538152026126289762e-01
8.238598527323703902e-01 4.341726745569615686e-01
8.078468212340420562e-01 4.671868544931701006e-01
8.758779380540711035e-01 4.480304857633253812e-01
8.425434811560050807e-01 4.181057831754482756e-01
8.218541311485929590e-01 4.103692673871704999e-01
8.552720551408966587e-01 4.899782458035301103e-01
8.255594892527224893e-01 4.540514609236420140e-01
8.436779884918350625e-01 4.027142216169497524e-01
8.771604802555128533e-01 4.320384394862369914e-01
8.832520596102617638e-01 4.874550939652941839e-01
8.321006795754346541e-01 4.128388507717440925e-01
8.152990465610444604e-01 4.469162540285653851e-01
8.501813085493830080e-01 4.341896453393355726e-01
8.728926922132115296e-01 4.877332630498690813e-01
8.435992716377556100e-01 4.066952354809501013e-01
8.573101567286020019e-01 4.224289687255721737e-01
8.983286680346864728e-01 4.227688459037263202e-01
8.804388370048255030e-01 4.193757510446477488e-01
8.928131246896273687e-01 4.649640414110003395e-01
8.955651262408558244e-01 4.146464473814202023e-01
8.102977251788198165e-01 4.874144140801919822e-01
8.557797749361840678e-01 4.006895580617289565e-01
8.002824567392107236e-01 4.110294037498634090e-01
8.645990491549871981e-01 4.985342750383071064e-01
8.486836743171523034e-01 4.321892778876941232e-01
8.173690545493013104e-01 4.984832100955930434e-01
8.400652809036355251e-01 4.534720769721755640e-01
8.978257496219063105e-01 4.224707843526903095e-01
8.576046818733702448e-01 4.180804251766938040e-01
8.854038147552111271e-01 4.686500346077628887e-01
8.172679442233482527e-01 4.382730581279009052e-01
8.167210208828019624e-01 4.914511858092943664e-01
8.198167518122498887e-01 4.514123942161776259e-01
8.833957594828314441e-01 4.334549414347776963e-01
8.371599859113905140e-01 4.865307127063185355e-01
8.548323390131730148e-01 4.015414413024804285e-01
8.067578372431680744e-01 4.991219689508558099e-01
8.644791988202339406e-01 4.412085769073774699e-01
8.719896396347127654e-01 4.354999429950416889e-01
8.920775472615795065e-01 4.781713638691339474e-01
8.964412673867694359e-01 4.226930578158514251e-01
8.553558881595060281e-01 4.295295491660442999e-01
8.800671002654065767e-01 4.601735671354160173e-01
8.797951775660869389e-01 4.178562542551568226e-01
8.507379330519639904e-01 4.074225655827106163e-01
8.626630933320122985e-01 4.897344816130010381e-01
8.125436024951128156e-01 4.089583754725858999e-01
8.791376919239741738e-01 4.386261130826513699e-01
8.462893195440925886e-01 4.613331466020718086e-01
8.999311601965966911e-01 4.098747642564405380e-01
8.755999034382914159e-01 4.109484136179151204e-01
8.638420519467264747e-01 4.055058135434433941e-01
8.187540907233545884e-01 4.411965775180632932e-01
8.531325943216858665e-01 4.964348475955027151e-01
8.587770119982058858e-01 4.198696672747351810e-01
8.385112525143822992e-01 4.471760951056606981e-01
8.760100998464165345e-01 4.704296604979518737e-01
8.157508945257029298e-01 4.938289126057187617e-01
8.339768620964080892e-01 4.413225062421881062e-01
8.386876565569711950e-01 4.513895803549354824e-01
8.413819430421731749e-01 4.730187817543938245e-01
8.424723620427307935e-01 4.054349227455827931e-01
8.043211103039799026e-01 4.014782730960721469e-01
8.656327362043290119e-01 4.739866030564033883e-01
8.006080771184898026e-01 4.139134762274475632e-01
8.592950655417496142e-01 4.026367693545280790e-01
8.445559958264737821e-01 4.211499101822804292e-01
8.019455644991695387e-01 4.839134727310186457e-01
8.722554032790041934e-01 4.890646207676077051e-01
8.005566874113297926e-01 4.457056629476940923e-01
8.371270824638086250e-01 4.054135726023183062e-01
8.815521140866280358e-01 4.946377107531219064e-01
8.198326657797196937e-01 4.132651024964782982e-01
8.596080414041494810e-01 4.413602532860674832e-01
8.985511045439920075e-01 4.395696610416044425e-01
8.414437373245746699e-01 4.764197271784139653e-01
8.716867900617972786e-01 4.656945490323566861e-01
8.981112603490747359e-01 4.347821109072527168e-01
8.593360764451767331e-01 4.044056701760845862e-01
8.604808715571721223e-01 4.009021951478468626e-01
8.625284933131950327e-01 4.965554853765342669e-01
8.223584997473544211e-01 4.596010741276963518e-01
8.788005809484304987e-01 4.672655543745755091e-01
8.992389845734762854e-01 4.926626217085197101e-01
8.853848427417696509e-01 4.736470677977060451e-01
8.526694314627404347e-01 4.235335047174569323e-01
8.486715874086133704e-01 4.181850783164600682e-01
8.896246674197537674e-01 4.419271505229185881e-01
8.709318329109753121e-01 4.247193959341483693e-01
8.827126227327145580e-01 4.161903791693778998e-01
8.939025013475698778e-01 4.598374104220230296e-01
8.120879970573431361e-01 4.463261076327273424e-01
8.742786620763800531e-01 4.261746370755141733e-01
8.499947989434468720e-01 4.217106916023156682e-01
8.466116359351464338e-01 4.384697712541556491e-01
8.400793741721918062e-01 4.871657938974312541e-01
8.817326381377996736e-01 4.341153546884295444e-01
8.747298330859590854e-01 4.161129740432581436e-01
8.882824350065553487e-01 4.681706472785480688e-01
8.984319957326009076e-01 4.009817091847692194e-01
8.836209118548028485e-01 4.977660608003845466e-01
8.784195194138844087e-01 4.230120240259276354e-01
8.774737876644986834e-01 4.642923416616800969e-01
8.573754954928217709e-01 4.206233811706379111e-01
8.816072500866232176e-01 4.176072332534127018e-01
8.520838892766550154e-01 4.624416281746810409e-01
8.468781872837574110e-01 4.396245632213486298e-01
8.854889192262522801e-01 4.786919127311847211e-01
8.335382258686834245e-01 4.802856557141201854e-01
8.006460029348898555e-01 4.481415873862089061e-01
8.204228981970077550e-01 4.816940626100386091e-01
8.642823674460669015e-01 4.593307320653760017e-01
8.242745740707331237e-01 4.059828409336048161e-01
8.632286620058275961e-01 4.707078390269432422e-01
8.318307587588983365e-01 4.182111862308166006e-01
8.430909397396355587e-01 4.400365887714877133e-01
8.423991019382045531e-01 4.014448414855562586e-01
8.626079073637565875e-01 4.195051528055558365e-01
8.710404606500993241e-01 4.811573805871330323e-01
8.759914488211939521e-01 4.678607431080038515e-01
8.266933029793384069e-01 4.867387674533535380e-01
8.089911723555696099e-01 4.392143739215458309e-01
8.162296908276450713e-01 4.264668890715866967e-01
8.083017752097424458e-01 4.147948365968736617e-01
8.362881515062949855e-01 4.530173115106667092e-01
8.911110991028479145e-01 4.015580178509140508e-01
8.807592450047625476e-01 4.661740115515387028e-01
8.934277297642148064e-01 4.208149698708075759e-01
8.788711273263212220e-01 4.438175727169115792e-01
8.221270182183375574e-01 4.687579064514988403e-01
8.259071539569223797e-01 4.378367581850303170e-01
8.092716223625978644e-01 4.176325623457209923e-01
8.956020120676765339e-01 4.284476196608353882e-01
8.259066381380733013e-01 4.918700027474414149e-01
8.394103695509456120e-01 4.039287931406595478e-01
8.584291260158618542e-01 4.909443337264280949e-01
8.414812239041200570e-01 4.071968900296179528e-01
8.663014873835511720e-01 4.535501413868897047e-01
8.942122648143432384e-01 4.962781540755649701e-01
8.769269292448578224e-01 4.193525074230830541e-01
8.618997162847235050e-01 4.988348236522275325e-01
