8.885001635918393648e-01 5.831514767567942403e-01
8.208396648957313468e-01 5.608665739883448298e-01
8.846398972305530295e-01 5.872800997802729572e-01
8.805417760521077053e-01 5.249126382817564940e-01
8.819929872071288202e-01 5.759248314667360091e-01
8.860683645386592255e-01 5.535019678200777671e-01
8.675965392973015167e-01 5.266534493460797162e-01
8.009666043935078639e-01 5.226184707144613251e-01
8.137665948077712486e-01 5.533553219023727987e-01
8.502909486081524637e-01 5.230429922979509261e-01
8.005370926937434017e-01 5.134537221985786548e-01
8.185341269657833152e-01 5.216329106467312293e-01
8.523330212150210805e-01 5.891708714051624440e-01
8.803406751957976173e-01 5.354668241477654744e-01
8.442749222759833305e-01 5.332723227443730840e-01
8.819416442137928414e-01 5.501088293925796568e-01
8.825604153762599546e-01 5.435187179943251623e-01
8.674525065498926990e-01 5.750721913268265206e-01
8.852676608256409008e-01 5.514552254516533747e-01
8.934338365615369648e-01 5.303758389253518946e-01
8.823149498843568805e-01 5.601935514639105884e-01
8.287736542531690676e-01 5.349620688825833525e-01
8.951663421718406566e-01 5.722011339696219112e-01
8.402400724764721440e-01 5.352498306607897938e-01
8.054149570955276838e-01 5.352290753478682328e-01
8.798328566551668617e-01 5.145120114444978743e-01
8.782565527256647187e-01 5.910700618916351345e-01
8.515638364232347435e-01 5.365043511500005025e-01
8.954167234771478467e-01 5.117770881258187909e-01
8.297344416582836946e-01 5.164620827604601283e-01
8.002226565193911734e-01 5.397334579940240573e-01
8.029164017783867457e-01 5.449395383173092355e-01
8.950930727662510522e-01 5.320289451509426781e-01
8.142853047284348555e-01 5.359514215550033045e-01
8.304347615502024604e-01 5.652522476150190212e-01
8.247430357984080196e-01 5.144486407773642966e-01
8.977300711043109116e-01 5.911690410892328496e-01
8.423850652500208813e-01 5.006015072314470293e-01
8.853484544800279687e-01 5.963556251848968204e-01
8.486801340328554710e-01 5.279249591838622857e-01
8.222835799179005756e-01 5.492415048342526029e-01
8.291048643257862283e-01 5.509111657279196494e-01
8.330910618533666767e-01 5.007549368062267359e-01
8.683833577226216516e-01 5.092781717646917006e-01
8.239200934743718951e-01 5.821310865317967931e-01
8.623039480176324378e-01 5.787490146745721820e-01
8.647465827772190528e-01 5.818675508971855592e-01
8.942517970522017023e-01 5.614412499895892195e-01
8.095031281278280977e-01 5.632536369091015738e-01
8.136013351753220713e-01 5.047001327371998247e-01
8.762734990342366803e-01 5.198556513697955017e-01
8.625239229777263983e-01 5.945700337008613667e-01
8.011358370506960203e-01 5.002379037445697785e-01
8.483891113751278468e-01 5.698891735232695099e-01
8.855166983299258554e-01 5.471893105564888948e-01
8.164062492725586706e-01 5.600329549352225378e-01
8.395686646555692301e-01 5.612870147444279922e-01
8.065816524073644578e-01 5.499514323209768740e-01
8.683628108615989438e-01 5.791477078017563951e-01
8.071632398373910222e-01 5.085032492611043509e-01
8.545311246027298413e-01 5.463503996570495680e-01
8.825706657316388926e-01 5.361953494649400742e-01
8.301467191231495235e-01 5.728263513287378261e-01
8.448161413019191768e-01 5.328477968947495924e-01
8.659753784847943336e-01 5.738050538810668399e-01
8.448219715416394049e-01 5.409892682605939029e-01
8.146269567269298628e-01 5.091927912280305168e-01
8.144387306021307893e-01 5.894427693642658728e-01
8.431126288542963865e-01 5.188560794241836582e-01
8.549015487312118244e-01 5.897674105485517515e-01
8.596466302937686432e-01 5.902542372308252627e-01
8.400909980415006695e-01 5.336483028556595620e-01
8.444733365067574882e-01 5.188489321834980350e-01
8.419445149952902163e-01 5.086548454883723647e-01
8.168906209516002548e-01 5.599389632217248725e-01
8.989607501376013499e-01 5.232302989907744450e-01
8.125905825926472703e-01 5.936055027003088735e-01
8.018283231305536329e-01 5.980808992880833896e-01
8.203586062403981360e-01 5.492530576601586390e-01
8.795101243099727739e-01 5.319189398462144114e-01
8.188598433406334420e-01 5.875909836138178965e-01
8.640683778462938669e-01 5.324593865335485177e-01
8.894056209101184329e-01 5.998750837503958877e-01
8.168481757145850120e-01 5.936556411595482752e-01
8.908794810291789101e-01 5.617264315842128708e-01
8.752601974386557959e-01 5.454327738328874631e-01
8.369588910253940028e-01 5.301564351983726331e-01
8.619592698603755210e-01 5.788971425077915622e-01
8.079828197458507333e-01 5.202416851157822819e-01
8.247171872854183183e-01 5.705429992832051767e-01
8.383048690921520718e-01 5.485078905350748713e-01
8.117202881228063882e-01 5.518660668982465767e-01
8.255075869859818116e-01 5.640761470433508507e-01
8.761281737298728389e-01 5.289339764156799628e-01
8.343707361152256086e-01 5.293291839058248405e-01
8.219710697688217271e-01 5.512637465287375527e-01
8.227523204203395224e-01 5.272438601677544856e-01
8.540098978437569155e-01 5.387256427938261760e-01
8.855792452954576177e-01 5.986419995064176103e-01
8.391972848426819676e-01 5.313306299288400592e-01
8.462755952477372112e-01 5.181499035315684232e-01
8.855046019161676440e-01 5.330733481303557841e-01
8.048706968958909691e-01 5.748088998599880650e-01
8.658230578832055713e-01 5.757075009634697871e-01
8.441485240790429501e-01 5.495413050526065657e-01
8.671527181072230528e-01 5.175009045947801534e-01
8.815221954737135768e-01 5.110396996298808281e-01
8.030645940759578716e-01 5.780789968711466109e-01
8.786740649081459242e-01 5.958132547129487699e-01
8.667887481260689864e-01 5.050126581498068923e-01
8.940775861718769368e-01 5.938078561621277229e-01
8.188638522338599346e-01 5.235635639986504497e-01
8.108242654503293734e-01 5.758221601065416362e-01
8.903435159586129410e-01 5.858209637003747305e-01
8.575719728220886351e-01 5.046580360424883782e-01
8.099461817629736160e-01 5.766090694183898524e-01
8.619212544231865669e-01 5.476615312015939985e-01
8.593543721731162766e-01 5.688232835585825820e-01
8.818564850358517893e-01 5.197126691134104082e-01
8.390083503500636031e-01 5.777917513067930555e-01
8.440898341259533977e-01 5.916833093816099565e-01
8.004325912579483004e-01 5.962149091646165022e-01
8.724622179994043769e-01 5.848953743259182048e-01
8.440672512362732416e-01 5.060818120460943703e-01
8.504781018430827011e-01 5.943246537161681609e-01
8.695149037319686025e-01 5.942775303293841294e-01
8.553445904159393542e-01 5.508840651782578313e-01
8.304619772535721811e-01 5.107093438035282817e-01
8.649410298358253257e-01 5.565069465218044353e-01
8.480765285622845484e-01 5.336236671683159960e-01
8.403260952336322198e-01 5.041779172632933070e-01
8.991004797075663468e-01 5.345032224597532355e-01
8.869966792515211473e-01 5.449535727352332604e-01
8.764554008778652205e-01 5.577452077540616671e-01
8.792060627020013008e-01 5.628862668241239042e-01
8.751109727652794934e-01 5.661519933913521374e-01
8.979727993591953839e-01 5.559528159016722260e-01
8.843677152671070019e-01 5.891918830927707074e-01
8.601643004002735848e-01 5.059956798565019565e-01
8.834569973643977558e-01 5.026208022032434553e-01
8.764202512415881774e-01 5.678423409637272101e-01
8.573076764875596778e-01 5.220095759272805891e-01
8.876523306510960554e-01 5.485430929808463585e-01
8.289873446101900800e-01 5.334082188891923204e-01
8.647802687867649496e-01 5.474119275837671106e-01
8.645101064540814395e-01 5.169724249883791423e-01
8.389995592286108028e-01 5.432539151875944716e-01
8.225188034997034103e-01 5.688076938576585029e-01
8.223522372863032448e-01 5.961573139750950823e-01
8.093026940208856157e-01 5.652663258018926218e-01
8.891578003214091197e-01 5.511986307765874837e-01
8.094582863953061480e-01 5.989340119232731130e-01
8.365369002181256564e-01 5.194058433643780059e-01
8.251642072890394974e-01 5.027646696459822095e-01
8.618391434579764088e-01 5.332375379744813682e-01
8.865368758894434098e-01 5.952130228317387139e-01
8.063853818484192360e-01 5.113113792442541827e-01
8.834819566450113903e-01 5.932250139725998572e-01
8.028117260509001207e-01 5.697027744136500260e-01
8.286516862644364156e-01 5.213398850021699893e-01
8.190274858191654017e-01 5.837042038462826321e-01
8.918219562729380323e-01 5.735595289391365315e-01
8.914715677233964186e-01 5.307025975657384542e-01
8.287083929409149174e-01 5.282922635758899865e-01
8.782576064535467797e-01 5.756437273814003497e-01
8.512569535613287997e-01 5.204965884228685002e-01
8.354937786920145770e-01 5.117249164858894694e-01
8.699157643267626527e-01 5.442560978628450119e-01
8.545802750844710971e-01 5.780909948440180468e-01
8.982188386097201827e-01 5.298163465788394699e-01
8.072748480472780042e-01 5.523636663873088271e-01
8.920447523828645142e-01 5.104492792753594355e-01
8.594106912120624830e-01 5.459448047281542094e-01
8.042357153259600544e-01 5.736882189761005613e-01
8.392849653742520122e-01 5.902789323654029641e-01
8.278898270453863839e-01 5.488945902161634915e-01
8.910353638243995178e-01 5.910639196143520069e-01
8.024607681871318565e-01 5.754228403757697397e-01
8.332631853891798723e-01 5.393150260167007826e-01
8.891217858231647009e-01 5.315180403988387647e-01
8.948629048199808755e-01 5.690821095861489098e-01
8.490196733035102472e-01 5.095909784968991607e-01
8.438329233110468675e-01 5.251151856193783107e-01
8.672294893746228528e-01 5.464328464213897840e-01
8.310661245658096385e-01 5.345461127990863703e-01
8.107064306713687163e-01 5.911951985316790115e-01
8.105981735924656650e-01 5.757306972261608813e-01
8.151293869664770764e-01 5.270536139364707662e-01
8.533172837470688332e-01 5.792602692496000572e-01
8.193310768503072605e-01 5.500290111868846310e-01
8.717855183205578395e-01 5.783635929200641179e-01
8.342491270598461073e-01 5.539557192738040481e-01
8.252851789682112971e-01 5.623964686666408364e-01
8.429191046494162176e-01 5.550565054340915738e-01
8.856021554845332489e-01 5.147937815450986943e-01
8.906633520457440945e-01 5.594842161451973883e-01
8.990368182118655405e-01 5.071246038125459821e-01
8.490079743222493924e-01 5.630604310813730473e-01
8.133097747284977475e-01 5.054966227227257747e-01
8.752060925817825021e-01 5.456328761059942023e-01
8.450459935923704258e-01 5.789264838313554762e-01
8.676876300042921653e-01 5.596959524495073168e-01
8.159036526920883103e-01 5.842898309251309819e-01
8.383446114259182069e-01 5.919148211026108442e-01
8.348350138082800687e-01 5.010340281863610024e-01
8.240723387562041147e-01 5.580189538311686182e-01
8.271875813703492009e-01 5.551452462070861626e-01
8.324846158416492337e-01 5.781918701691293183e-01
8.044832932956592630e-01 5.681737582998629410e-01
8.873825445675728174e-01 5.860830431228893911e-01
8.536742935545017508e-01 5.252193088601226911e-01
8.767812506823340346e-01 5.365783865773564587e-01
8.977322314057771813e-01 5.284132057657635606e-01
8.731793605871073227e-01 5.229831340587137722e-01
8.936093997933962640e-01 5.479721513799559185e-01
8.211268672052092210e-01 5.842796928647633337e-01
8.605987461253760129e-01 5.244883082241557082e-01
8.036239909492075562e-01 5.512616849419778031e-01
8.524119762952185875e-01 5.872743104880195908e-01
8.997042542291596723e-01 5.616382486059108281e-01
8.077495239911353098e-01 5.632869297431708500e-01
8.386296531987711411e-01 5.547645640779557130e-01
8.633789467379625604e-01 5.746128890728496863e-01
8.224095009927228084e-01 5.649556682456995382e-01
8.063886794923083023e-01 5.981983143017788329e-01
8.040326848987596753e-01 5.966717050115879495e-01
8.238120380632368844e-01 5.286663648659477577e-01
8.708889488724219641e-01 5.678724339688427936e-01
8.918417497204973454e-01 5.867579228127222102e-01
8.747555845725154544e-01 5.301112130218725849e-01
8.978583794188028655e-01 5.431845572764257835e-01
8.658759369872305323e-01 5.519717273149535863e-01
8.195025114160445767e-01 5.701637536373047599e-01
8.796056233006351865e-01 5.092028844371390139e-01
8.860637834978533078e-01 5.918452208896414213e-01
8.610719329359808327e-01 5.616021352661255683e-01
8.345292346998178790e-01 5.735746903717231504e-01
8.983595585704965414e-01 5.122595777861764788e-01
8.130093048906074094e-01 5.191243208762332806e-01
8.431036376780725039e-01 5.446084262835197976e-01
8.531815979953041307e-01 5.180306306611164313e-01
8.228235364702058963e-01 5.581121730322913255e-01
8.242304979268663123e-01 5.252748967135798530e-01
8.126707723064821032e-01 5.368503977260304927e-01
8.722968365911444311e-01 5.795378725893304273e-01
8.310344918263712355e-01 5.839942169150005302e-01
8.905634715680986746e-01 5.652459076017603001e-01
8.559562389619178591e-01 5.762187946756796020e-01
8.378912450912316956e-01 5.197155587289719048e-01
8.629056991044621316e-01 5.369979927869368286e-01
8.908795723972299241e-01 5.904049213343363078e-01
8.831225469420103114e-01 5.859459884322290035e-01
8.473858539848063698e-01 5.453703588489133836e-01
8.018431469077269558e-01 5.790366608041289664e-01
8.822182215423934881e-01 5.768759955312448007e-01
8.632671998610168540e-01 5.662006936557877346e-01
8.328756515840095576e-01 5.714975382175735419e-01
8.426152933723232152e-01 5.959311698523424017e-01
8.960118462568513742e-01 5.612457937593489099e-01
8.641897126477171565e-01 5.619711456767449986e-01
8.865817347119068215e-01 5.276885933869567280e-01
8.522379406868224594e-01 5.624976801913998958e-01
8.468451750227231623e-01 5.355742525421346434e-01
8.808085583778042515e-01 5.154229665626965939e-01
8.470449505364285869e-01 5.850537529988744101e-01
8.666860030283616290e-01 5.920464688415678634e-01
8.298572995806634545e-01 5.695261736040775347e-01
8.496147474025298463e-01 5.630184747282547253e-01
8.566287781987028671e-01 5.301665950369131020e-01
8.209684898878952808e-01 5.354929463817305058e-01
8.469433773505241625e-01 5.767042353533486931e-01
8.867930141422145640e-01 5.023299459552785784e-01
8.226449790166709963e-01 5.106342656941524893e-01
8.170918469518613225e-01 5.453269976205075142e-01
8.529021621987474822e-01 5.516599401982362760e-01
8.740391603181540958e-01 5.782706558325454438e-01
8.127990109061198343e-01 5.683381317318692005e-01
8.007901215302071218e-01 5.393411664888384527e-01
8.204168940348023353e-01 5.705898743793185179e-01
8.157423371637049225e-01 5.597526275974855636e-01
8.448200874459448340e-01 5.565913001110003311e-01
8.319047152538889822e-01 5.080544931864801050e-01
8.895735593915305994e-01 5.180436293243557699e-01
8.529300438242177762e-01 5.640281068864934078e-01
8.935594639870027001e-01 5.322380272866285011e-01
8.686177902356759795e-01 5.335681784560346586e-01
8.835958699001534855e-01 5.208556093469548509e-01
8.980718888904831720e-01 5.583096452595612824e-01
8.568251968979997413e-01 5.648854394634637011e-01
8.116788571311619460e-01 5.477978738111826118e-01
8.979515666217916525e-01 5.879448134493475697e-01
8.968889053344704099e-01 5.049698276644188910e-01
8.104226886668457475e-01 5.867113671022384791e-01
8.397589227268178469e-01 5.047729006111344452e-01
8.560183695704322027e-01 5.112226934797086120e-01
8.472676862372586770e-01 5.705510196918022192e-01
8.992724654188087863e-01 5.942290289037103213e-01
8.652560357773122490e-01 5.214254411753311835e-01
8.916550258474267299e-01 5.818491638761427165e-01
8.614528085204311569e-01 5.661162118734414106e-01
8.970127804334304678e-01 5.822404217607428656e-01
8.978051664714419289e-01 5.213252854054387653e-01
8.646876960682504665e-01 5.337317716789926614e-01
8.021305291124422032e-01 5.934274511414767694e-01
8.397214780510087184e-01 5.466983195865049439e-01
8.067282805228348508e-01 5.185016484244168167e-01
8.691077007934603360e-01 5.179985828398596670e-01
8.230053076939607415e-01 5.390167506493821481e-01
8.554689229689547147e-01 5.449310845162964601e-01
8.907604607899645144e-01 5.970340249479408889e-01
8.262215524983299586e-01 5.682737343159567356e-01
8.574518419727412688e-01 5.887020905721688235e-01
8.649543438040306897e-01 5.504914099485210821e-01
8.525414391549340776e-01 5.818998659837146814e-01
8.701629817271148148e-01 5.063101005179758696e-01
8.788148051957411777e-01 5.791780024385522196e-01
8.842828436285659066e-01 5.524367423163391022e-01
8.020357085272579178e-01 5.261902376310252372e-01
8.061548723543607853e-01 5.561159979916926455e-01
8.824611166842488696e-01 5.097926034366939696e-01
8.395133329350408236e-01 5.214541515136765781e-01
8.490968337583391090e-01 5.971507051497029206e-01
8.880789366730138523e-01 5.764629024884240227e-01
8.662562530667703431e-01 5.852688422286653758e-01
8.627821489289581036e-01 5.949522669622268056e-01
8.689776704687144360e-01 5.454611327027918399e-01
8.613247061906458280e-01 5.922183926420718780e-01
8.010691554946407500e-01 5.656860204729463604e-01
8.435978891458091322e-01 5.181177080903345278e-01
8.800321817698887328e-01 5.647155262395122666e-01
8.213913496448143059e-01 5.149835609992237107e-01
8.908748704265077034e-01 5.774477908758623990e-01
8.830418676219400353e-01 5.893566419053994920e-01
8.544452584924377980e-01 5.758952746898062802e-01
8.519965099577976320e-01 5.767134851938509055e-01
8.545974753301868176e-01 5.228174006907820859e-01
8.345731777903130366e-01 5.960478966747904117e-01
8.888417639633412470e-01 5.266484789083308860e-01
8.421289769536427494e-01 5.851099639845356304e-01
8.080719420544311138e-01 5.587102187796624264e-01
8.555901141992935388e-01 5.680547155085244881e-01
8.401142955628863040e-01 5.046505970928738538e-01
8.144625594465842999e-01 5.683815895099020299e-01
8.295654273459636130e-01 5.024508114399220959e-01
8.299878680688030919e-01 5.353455875953740950e-01
8.081395798571605615e-01 5.403263969963620905e-01
8.080963162282966961e-01 5.988811149140164103e-01
8.967645964519588286e-01 5.438534930676501844e-01
8.209789159081424259e-01 5.716294009851969893e-01
8.052555064048950717e-01 5.369961100821754041e-01
8.882497990901339069e-01 5.681624290135465216e-01
8.225644200626760494e-01 5.751082359388210996e-01
8.347857394132820463e-01 5.199098965303561304e-01
8.955236808023949724e-01 5.252480678390597513e-01
8.607031999023714297e-01 5.035151976824902009e-01
8.104016155177906633e-01 5.874126132517492049e-01
8.381913572796321210e-01 5.738120833070805560e-01
8.897654085394485213e-01 5.300746885434050037e-01
8.155995773923410130e-01 5.632175010580987573e-01
8.922655678152995318e-01 5.402557603892399474e-01
8.642421624247849099e-01 5.157982598270608454e-01
8.594644770639651155e-01 5.255981850362314578e-01
8.969696008883133453e-01 5.233852007346385671e-01
8.519728005352459332e-01 5.182734115703520050e-01
8.364601960269912873e-01 5.718312627958994643e-01
8.739950461620724642e-01 5.894731309547165399e-01
8.863606083704758110e-01 5.621140537987507901e-01
8.701429882754392331e-01 5.734552763301929978e-01
8.633051733125371996e-01 5.164908171462218034e-01
8.743482008700694808e-01 5.182978045480368667e-01
8.983813853321234166e-01 5.497393835797002026e-01
8.580948510035000254e-01 5.405783669524120150e-01
8.528340236866949198e-01 5.420824218955306861e-01
8.546416029818397764e-01 5.169009715262578020e-01
8.612855046560745631e-01 5.914278135962727223e-01
8.637742512463733036e-01 5.875033432934280153e-01
8.996705255226076225e-01 5.806150394773275103e-01
8.868835844379776567e-01 5.294113814829057851e-01
8.214353047077818104e-01 5.040840652053999449e-01
8.524249275381796664e-01 5.342935378062976248e-01
8.939521586917817952e-01 5.983698946902601401e-01
8.231412231870134377e-01 5.740682682281845750e-01
8.444565404252797336e-01 5.342441537643648486e-01
8.704953524157649225e-01 5.388062334569343470e-01
8.198874839804052295e-01 5.447435448877844255e-01
8.261233178930119658e-01 5.839090827336836931e-01
8.991471425097490311e-01 5.000243394414620735e-01
8.100169407583541759e-01 5.302706247256960825e-01
8.391014721626565143e-01 5.521445942639191529e-01
8.866137672110624424e-01 5.477498350341033495e-01
8.841457324871528911e-01 5.504171370242361139e-01
8.649515637566240756e-01 5.929009788832506622e-01
8.086585028310777634e-01 5.026654540322477160e-01
8.201667703199295723e-01 5.510872682130907307e-01
8.352163612557060857e-01 5.514462232577204137e-01
8.957396697228479088e-01 5.447426188155344295e-01
8.646757506181712571e-01 5.761591454823167258e-01
8.903930366494302584e-01 5.920376477816414740e-01
8.880303980765860139e-01 5.947825421115661149e-01
8.952205154153212163e-01 5.752385236244536015e-01
8.159336719405703153e-01 5.946977655808082242e-01
8.686249467548535774e-01 5.314269426048493505e-01
8.768705369950012818e-01 5.464472899040306864e-01
8.116981333232700102e-01 5.102003346548353857e-01
8.916498269840738011e-01 5.209051066104517513e-01
8.375345339205796380e-01 5.157794354733845621e-01
8.534085773576749467e-01 5.700871054555152195e-01
8.683142388655260557e-01 5.755667039263768769e-01
8.646466186842354240e-01 5.448059193436141090e-01
8.899813431124933283e-01 5.025088007598630391e-01
8.000349253084229062e-01 5.687320740604480118e-01
8.637315971980195073e-01 5.982013047541567818e-01
8.572666966100466190e-01 5.147705254384417062e-01
8.290186797598090296e-01 5.353352181424757550e-01
8.504971915305807872e-01 5.009926143021987688e-01
8.704258959254227435e-01 5.016023307076507010e-01
8.318049234011236637e-01 5.933713734312153765e-01
8.376507039137477406e-01 5.718830113040848095e-01
8.621906786427336877e-01 5.373057252260944328e-01
8.890072107980144800e-01 5.770929495911512053e-01
8.394163705864838843e-01 5.747651111883627095e-01
8.902353277486247940e-01 5.528880303616665604e-01
8.210660187182610148e-01 5.724646586225703437e-01
8.790331771659652960e-01 5.524181217590615756e-01
8.592726356908372276e-01 5.215381475239539988e-01
8.910186906052821598e-01 5.500554396763374099e-01
8.107919769409644983e-01 5.837795727014546410e-01
8.416638834991284623e-01 5.317313563152349376e-01
8.278923756309259918e-01 5.213474177694513712e-01
8.248130169328155015e-01 5.403224249013407476e-01
8.015692006994848962e-01 5.288529015589524818e-01
8.456136071468896009e-01 5.879455343035493442e-01
8.353627078035641418e-01 5.263535065028214222e-01
8.961685247663487841e-01 5.553216413298764920e-01
8.737807778137766102e-01 5.024901202425873237e-01
8.406788235337214754e-01 5.394154093108193271e-01
8.459365417337113557e-01 5.590197113931465456e-01
8.360152505272780976e-01 5.099337591941641712e-01
8.298726904986143404e-01 5.373019990285076153e-01
8.765675567940094393e-01 5.490690637535188268e-01
8.721830346671303191e-01 5.548096776744253500e-01
8.296190905758942247e-01 5.833512884192446624e-01
8.966782553374419429e-01 5.228066539668190238e-01
8.718369737554961807e-01 5.871013208046651499e-01
8.468170613788130741e-01 5.326954235041641006e-01
8.212572973051943670e-01 5.579995766839485061e-01
8.417573702001874825e-01 5.139118152289712249e-01
8.044542587247669463e-01 5.782086363061612611e-01
8.466678611785747322e-01 5.787349278259575902e-01
8.409632834841470617e-01 5.015882935918895003e-01
8.354954939949270631e-01 5.669434152846859476e-01
8.543118568644596511e-01 5.319323872443643131e-01
8.846864482583756129e-01 5.565580995144242538e-01
8.862255755574681704e-01 5.388811410429608095e-01
8.729465626810301027e-01 5.437322282870138412e-01
8.587214942291897524e-01 5.129192378332401159e-01
8.267401134724988720e-01 5.122432609650175994e-01
8.077593365355634214e-01 5.026214078317710054e-01
8.929261359335105563e-01 5.112483048680640518e-01
8.019407355565638662e-01 5.800531957626141599e-01
8.786072099667945334e-01 5.848379930507678903e-01
8.433011156994110191e-01 5.121927645470827350e-01
8.278197140276639665e-01 5.220247468881789032e-01
8.813297078982199606e-01 5.295046384176572696e-01
8.734616625912833277e-01 5.127060420667315377e-01
8.231629062847809486e-01 5.461889730505333773e-01
8.148108259291676481e-01 5.044113998779480301e-01
8.486720528242462924e-01 5.560224149553529838e-01
8.468606013876314176e-01 5.179535653288953601e-01
8.416527074734695413e-01 5.828614763378945351e-01
8.302045114260350189e-01 5.278224764294333626e-01
8.172457958108848564e-01 5.918852407335087884e-01
8.508952656481467702e-01 5.335123512885195929e-01
8.078183894836171719e-01 5.542805506394661297e-01
8.371995845767949973e-01 5.395635816324345635e-01
8.990783966264010996e-01 5.111813258003379268e-01
8.137964988413540768e-01 5.145820383912458329e-01
8.060298322417293049e-01 5.793140358233420661e-01
8.612462235533279165e-01 5.862880236729509642e-01
8.498776283371576312e-01 5.448107769278891510e-01
8.411718003432919755e-01 5.213136060024821106e-01
8.382601378828449246e-01 5.924826122611073220e-01
8.253724586810544661e-01 5.803508692953174286e-01
8.680580437986152864e-01 5.021063605838931299e-01
8.143194181289512557e-01 5.101644958543625208e-01
8.478826323859052216e-01 5.836462245794831194e-01
8.949093232169025303e-01 5.166171364383966846e-01
8.949737893160961688e-01 5.918661132437430528e-01
8.349782750236588447e-01 5.623764291355515255e-01
8.689646005508345761e-01 5.379052095609132556e-01
8.155740315971489185e-01 5.666934406171937333e-01
8.681455187734337109e-01 5.829599709811210673e-01
8.913726996415958226e-01 5.610011204015410424e-01
8.635491136227486653e-01 5.222162740074817178e-01
8.379140296330329640e-01 5.131789227683782872e-01
8.889142144751622787e-01 5.103508677428095774e-01
8.791068708917563201e-01 5.176512151007328644e-01
8.602786512388366225e-01 5.530520285208291309e-01
8.912472150092880518e-01 5.924180768206086523e-01
8.617758399285825321e-01 5.834432578666044478e-01
8.908468800403362975e-01 5.916112555873294099e-01
8.871492203323199099e-01 5.546209088988283131e-01
8.397026431196332741e-01 5.471018190560108518e-01
8.005419940442111137e-01 5.059254354532178866e-01
8.887693477278627574e-01 5.556409712291923153e-01
8.008446890312697075e-01 5.806358826542201701e-01
8.496638624867598466e-01 5.547601167718800852e-01
8.305065974447081167e-01 5.459631962625218771e-01
8.049024103501627447e-01 5.866080636185074804e-01
8.597396899687547167e-01 5.898856503223799397e-01
8.515302871927314943e-01 5.459520540057731797e-01
8.515842904242469924e-01 5.741438317066128727e-01
8.931991964068601852e-01 5.575682560265395882e-01
8.363879899814052887e-01 5.598730858922127407e-01
8.911636772317657051e-01 5.251600050620899296e-01
8.693756471777636108e-01 5.427376317619786450e-01
8.324690656670997724e-01 5.146198002690227646e-01
8.312900430855660883e-01 5.980364912225334395e-01
8.139759939468884653e-01 5.631020068993044525e-01
8.193282724146488949e-01 5.266385176633350262e-01
8.624825361264023549e-01 5.089160013266488258e-01
8.348349589974506380e-01 5.130037303469794363e-01
8.417078440119966087e-01 5.694803770807508325e-01
8.438056352122408343e-01 5.128620486789581268e-01
8.886307887121311921e-01 5.901040619869364345e-01
8.628382310314558490e-01 5.265948924914769513e-01
8.873550941821921612e-01 5.451184944060739612e-01
8.513138345020316855e-01 5.432121483716471078e-01
8.200176065251363333e-01 5.827659693360678350e-01
8.505169340880254225e-01 5.639918966369437126e-01
8.790511883609608557e-01 5.659639265551936749e-01
8.119220137919915814e-01 5.323629924019587234e-01
8.189690021132340902e-01 5.853492020046284772e-01
8.448472265244312274e-01 5.176880157471601684e-01
8.822502582520206360e-01 5.325643381531091070e-01
8.050624090875577732e-01 5.945941437532517027e-01
8.395678514148151583e-01 5.791723354806470603e-01
8.865598095273766743e-01 5.626115356374217225e-01
8.137055010021244650e-01 5.582332488830243911e-01
8.078718843028585006e-01 5.498358370680731522e-01
8.735360949548117704e-01 5.192676555002527783e-01
8.944553158025703166e-01 5.151834472989500480e-01
8.923816348057563852e-01 5.076907508918768741e-01
8.893676356051263276e-01 5.429429318252669834e-01
8.052475740382889491e-01 5.449399623971726836e-01
8.614728583948447760e-01 5.290849690219633361e-01
8.984184061211031302e-01 5.777098295200383538e-01
8.994718967152658395e-01 5.311348613479882630e-01
8.408744075782192962e-01 5.153429190235868651e-01
8.704473570213973055e-01 5.521546518723150498e-01
8.548516828862386951e-01 5.437243181281276039e-01
8.416955135819832456e-01 5.684178164350759399e-01
8.713483979561453818e-01 5.233004890911693296e-01
8.812834423281588059e-01 5.285263889142945981e-01
8.887219256642524545e-01 5.527501433105757034e-01
8.714763254558426375e-01 5.544586405532424545e-01
8.739778757660793262e-01 5.303408228630195342e-01
8.931691781429540455e-01 5.794425725497907020e-01
8.078716649610105938e-01 5.499374551125335575e-01
8.249192110413856582e-01 5.118568436041983638e-01
8.599435198376138567e-01 5.092499767597802318e-01
8.124740298680952488e-01 5.595712461232520418e-01
8.741486973434411389e-01 5.993573691977315265e-01
8.098035681562869570e-01 5.766712563235656397e-01
8.459222338217998738e-01 5.821830649069321684e-01
8.937948313798789179e-01 5.887363801576404043e-01
8.523547271104839895e-01 5.556226488938169616e-01
8.613471917972154168e-01 5.705089144488364461e-01
8.161529245978099700e-01 5.560698999602835535e-01
8.971841869975569761e-01 5.274530335200852127e-01
8.721308679089054827e-01 5.907467538972214216e-01
8.055886340401615664e-01 5.490153925657326184e-01
8.190421918326995510e-01 5.552647701310278183e-01
8.635276979469542757e-01 5.806169236964786595e-01
8.806155290326365126e-01 5.127556812799461960e-01
8.464095724168830825e-01 5.226193087809201110e-01
8.836829140576902830e-01 5.515082967936569824e-01
8.770871284287744540e-01 5.623011092825480617e-01
8.862297517540195235e-01 5.044913759854789959e-01
8.344053867387192236e-01 5.847669316579880983e-01
8.289835627093048442e-01 5.592453953776019837e-01
8.627355721986431636e-01 5.261459168286635180e-01
8.097210948654429696e-01 5.140005632667026259e-01
8.953818330972815875e-01 5.197712361322530672e-01
8.812217013608305560e-01 5.331427171433846812e-01
8.850356610206235874e-01 5.196941131899187605e-01
8.521519786713113165e-01 5.940963630428920395e-01
8.138503612700990208e-01 5.820835947143052636e-01
8.240081684395677009e-01 5.882302168869228964e-01
8.373369454748935681e-01 5.946531623713380288e-01
8.320866035512839431e-01 5.018254004270719104e-01
8.253964310778657554e-01 5.354381188448137374e-01
8.942945749486990170e-01 5.762057422390703953e-01
8.328317173814934193e-01 5.130076628899911118e-01
8.350687795724102136e-01 5.191694475889699900e-01
8.160912784174744194e-01 5.590753072857153061e-01
8.024795819450165624e-01 5.793555766897455772e-01
8.102578184689985807e-01 5.587240692255546204e-01
8.851185016397664640e-01 5.976377558418997094e-01
8.110036387580170647e-01 5.136152435396715843e-01
8.884185360695507905e-01 5.542442192591601202e-01
8.871763356916557708e-01 5.397342864138543472e-01
8.690044770815756880e-01 5.629034517021141992e-01
8.615337101836261224e-01 5.491559592504429155e-01
8.020176489628547678e-01 5.650166261169027315e-01
8.910449980958554672e-01 5.370610481672151160e-01
8.739788342295433665e-01 5.757943228949061742e-01
8.857837074453690507e-01 5.310738967673668265e-01
8.606535152345706763e-01 5.391644776461268496e-01
8.671344651860714015e-01 5.565882319071238093e-01
8.197100328566859773e-01 5.208223466793655554e-01
8.464143108369148738e-01 5.810990783665870296e-01
8.781238025360542654e-01 5.812234798190236695e-01
8.054708855922388944e-01 5.121102223103403128e-01
8.915322779321330771e-01 5.360897295664828199e-01
8.090786847844332330e-01 5.941955267602436752e-01
8.169126601652376696e-01 5.518196020827503823e-01
8.700529697973513610e-01 5.302606652207622062e-01
8.136162584426576139e-01 5.087420051542581589e-01
8.176354071496809706e-01 5.307381704300287995e-01
8.485798275840428229e-01 5.741241397796313928e-01
8.152779134188408161e-01 5.552208741551829529e-01
8.190566618245194164e-01 5.555715865481140048e-01
8.908734057611829016e-01 5.784782243854361683e-01
8.561112453331245487e-01 5.638711673354421805e-01
8.072275078496347067e-01 5.364928591290475390e-01
8.349797585260836374e-01 5.132752543093609399e-01
8.323207487252823888e-01 5.024911943478072018e-01
8.689399684076521968e-01 5.254422372222303794e-01
8.970850638845814240e-01 5.521242703044889621e-01
8.392643355857012377e-01 5.498112425155015082e-01
8.058165356248691014e-01 5.842945853654666344e-01
8.182305309434934060e-01 5.299954782264066910e-01
8.488318904808344056e-01 5.362090053207191342e-01
8.185280528772724828e-01 5.525795602365412007e-01
8.137857464978628386e-01 5.288025340079728354e-01
8.941808352883316990e-01 5.025296512247232616e-01
8.410946501981743095e-01 5.115466375794368581e-01
8.532642782789753300e-01 5.318807398173267531e-01
8.535902873181496764e-01 5.326927883925892671e-01
8.690760860507964480e-01 5.927035912347244917e-01
8.641744921852695382e-01 5.876822255054980904e-01
8.445766150502949099e-01 5.168689864312581150e-01
8.908580790915114900e-01 5.780959033406071201e-01
8.106385241696050237e-01 5.752646648441928079e-01
8.544830079728269467e-01 5.164011799508843037e-01
8.251083191209191980e-01 5.018625040618865940e-01
8.249196776267254672e-01 5.143290068285489847e-01
8.061108303553816690e-01 5.578532895996080043e-01
8.289093119057612258e-01 5.863679354857098680e-01
8.041344824565238580e-01 5.416453194526713588e-01
8.939033273765137899e-01 5.494388563826022587e-01
8.004444419825265111e-01 5.984316254622336073e-01
8.713670711571064320e-01 5.745474114118855891e-01
8.649919749694201521e-01 5.019399396456409868e-01
8.510894628052220190e-01 5.373658070056851477e-01
8.989140533467193661e-01 5.759879179475797528e-01
8.489846725672623995e-01 5.497626102628225819e-01
8.447342575470132564e-01 5.254928403872359821e-01
8.718444655602284321e-01 5.557631542638878930e-01
8.896959185325595820e-01 5.263258379266629872e-01
8.996842464778408432e-01 5.444850407494610245e-01
8.734707213465615627e-01 5.700220473502544127e-01
8.765069607514192063e-01 5.849140877008055517e-01
8.757807515980361446e-01 5.097603578315875739e-01
8.835225173112836172e-01 5.135368471910668475e-01
8.407599624026607099e-01 5.127711541891937230e-01
8.867168851795911300e-01 5.170554560074771544e-01
8.964186330165192507e-01 5.156264206079257395e-01
8.361440981446164322e-01 5.435641325676530133e-01
8.099929320349040784e-01 5.951905891225575118e-01
8.686988575585919969e-01 5.505699652708868630e-01
8.893116121025445020e-01 5.430142294103355027e-01
8.626036064258982838e-01 5.707447519167077044e-01
8.696420326911001863e-01 5.432032791243098790e-01
8.180317770236239516e-01 5.700584211150828695e-01
8.616404430280992788e-01 5.371293006057180630e-01
8.972714677545061690e-01 5.986742210555993093e-01
8.202601403392436596e-01 5.448276838011621992e-01
8.854372038080935425e-01 5.390973696906204982e-01
8.199835623626408054e-01 5.146521503229235517e-01
8.430767059030861432e-01 5.149443495235130897e-01
8.335019843229531933e-01 5.328005065016625519e-01
8.450815501048921652e-01 5.005444670810761387e-01
8.655374140544537243e-01 5.883687137150173108e-01
8.063978859657326970e-01 5.389449980432003962e-01
8.558093559540440598e-01 5.024201716228304804e-01
8.894002208457654213e-01 5.214141767913578196e-01
8.213582121489475529e-01 5.442329105031740166e-01
8.596754904187121626e-01 5.842895844337381295e-01
8.196630485860598725e-01 5.814000618303719614e-01
8.937220309866522605e-01 5.096839012646803280e-01
8.983352346000991195e-01 5.393873143327797548e-01
8.984036655676612693e-01 5.501020266844555140e-01
8.080943357666560134e-01 5.182728917442508410e-01
8.698602054305467624e-01 5.118886625396538159e-01
8.030601956083311954e-01 5.227745104169765344e-01
8.485783008965765983e-01 5.164086496890725186e-01
8.166015685808011293e-01 5.189536250569790621e-01
8.628187172690040541e-01 5.524874886494078874e-01
8.910986519081272039e-01 5.681864247709940141e-01
8.363885220055381486e-01 5.820184165685531319e-01
8.436781054490656295e-01 5.860417251618381673e-01
8.720005176033238659e-01 5.078321230616515969e-01
8.847673074013895356e-01 5.940426249317061203e-01
8.827581809049990236e-01 5.383390539030223909e-01
8.498285516856123323e-01 5.659856066290734899e-01
8.562057603246256976e-01 5.762858382169246951e-01
8.262041392595197431e-01 5.783121052223575420e-01
8.013173034090327329e-01 5.275551526515017686e-01
8.591568393516411106e-01 5.899052344117137192e-01
8.457908026912537292e-01 5.090404265274750539e-01
8.544246622196854934e-01 5.452833752493264630e-01
8.918407527164323723e-01 5.722090806689253961e-01
8.023607499648055530e-01 5.522606204183801992e-01
8.601127481975715527e-01 5.056426842755562534e-01
8.092561395139860059e-01 5.892705929255159791e-01
8.895840728994693913e-01 5.115659753462494796e-01
8.419449612471654465e-01 5.490889513193835114e-01
8.964526037361821853e-01 5.117620172195020967e-01
8.982613534376515663e-01 5.706166173670212949e-01
8.275993434559355544e-01 5.556372765992079188e-01
8.855086726156162769e-01 5.159279259641411652e-01
8.780729519419697704e-01 5.694009622791331715e-01
8.422802876318263854e-01 5.923575144849151375e-01
8.086466111307243354e-01 5.563917693613642523e-01
8.900979361675828150e-01 5.435774394724306458e-01
8.213872659910854690e-01 5.798771629705357089e-01
8.545749883018645132e-01 5.974769802260145868e-01
8.478316154949656624e-01 5.308565998627118310e-01
8.979728903785861860e-01 5.457286222255196551e-01
8.493350537471482387e-01 5.014685005183336930e-01
8.919033792686232864e-01 5.041619053463513023e-01
8.365366733248205122e-01 5.724544729289652301e-01
8.894769190174579565e-01 5.722398141335358623e-01
8.544024377695040862e-01 5.636002600632863402e-01
8.432142972186720264e-01 5.911177772764979466e-01
8.497726598823408528e-01 5.527875206118499918e-01
8.624021411032729567e-01 5.253087799912599110e-01
8.704945340302643331e-01 5.910633844700994288e-01
8.452798484614443275e-01 5.442112791259288151e-01
8.458149816481719263e-01 5.767568131098577133e-01
8.392587298742000268e-01 5.303794056424437908e-01
8.948115013856032807e-01 5.284391189714132686e-01
8.157650462607418662e-01 5.291896413239586261e-01
8.497036876745074352e-01 5.715228723478480433e-01
8.209742553508860841e-01 5.454249396767478775e-01
8.634647796840790868e-01 5.740077799564096139e-01
8.324616439644040300e-01 5.187253112182620418e-01
8.857962799260377107e-01 5.876182027034022592e-01
8.671861614732245815e-01 5.741926968776527307e-01
8.652308924838341131e-01 5.655390360023269114e-01
8.156847395849726734e-01 5.711382467196186585e-01
8.433157189890260197e-01 5.437832184902557930e-01
8.117885475451086519e-01 5.496737031544112195e-01
8.140176618666651320e-01 5.490891352697346850e-01
8.285968907416473295e-01 5.330197579250364193e-01
8.976689048179984365e-01 5.459280037565906740e-01
8.262676135722725190e-01 5.876283016280550164e-01
8.699435329509821457e-01 5.148958317487254410e-01
8.038455465895141261e-01 5.979425291476259119e-01
8.978811954392101891e-01 5.525805474258778105e-01
8.116331424371273640e-01 5.256778413129622463e-01
8.233591481649497057e-01 5.693274257624196810e-01
8.276667445652526878e-01 5.011744580009216410e-01
8.100109704172012703e-01 5.646186873168084208e-01
8.696148089487862887e-01 5.048040919540229821e-01
8.257159185322096029e-01 5.411952018261309005e-01
8.904644850348304441e-01 5.126585935995092713e-01
8.842521956572564346e-01 5.802465611490204012e-01
8.666077940530794166e-01 5.213675278370291100e-01
8.595686082149380791e-01 5.406995788485804422e-01
8.450954624711806140e-01 5.939048008485081631e-01
8.683663500853429085e-01 5.312525810735978515e-01
8.774508816885151496e-01 5.920420823283953915e-01
8.477096687734273495e-01 5.445232870794327606e-01
8.808899814002587592e-01 5.832136224096611254e-01
8.036657184111923868e-01 5.075123005027875056e-01
8.178218993225969680e-01 5.799978468951464405e-01
8.487360508329623299e-01 5.088596258311470777e-01
8.831689592147309309e-01 5.214618151138601387e-01
8.120435414435027699e-01 5.035313643341621237e-01
8.066624351333825382e-01 5.629599773217739411e-01
8.697592186922917801e-01 5.333341609266282202e-01
8.910329499587180679e-01 5.563480407609098233e-01
8.672977377634826235e-01 5.800584000522553962e-01
8.379709921547233709e-01 5.314660485823815561e-01
8.442376605557022629e-01 5.394800020345406066e-01
8.883686897060019128e-01 5.085029860221834674e-01
8.605177264930783387e-01 5.618984126908386223e-01
8.287202820048384933e-01 5.658549256625061696e-01
8.808419950549077893e-01 5.222992307712122084e-01
8.205489313499525483e-01 5.159778640486814005e-01
8.814042351275093168e-01 5.888892083846013481e-01
8.426688102386922230e-01 5.140789339975015970e-01
8.055208958566371091e-01 5.151199815935764148e-01
8.614630042109292507e-01 5.842561493947660001e-01
8.683272150251902799e-01 5.923910047839613391e-01
8.099463757060415547e-01 5.709811914904530106e-01
8.710576291280186512e-01 5.030512748567823600e-01
8.382667466470946627e-01 5.041105842045332519e-01
8.299926685229329637e-01 5.707026619632615816e-01
8.232469575024046193e-01 5.064097945603270867e-01
8.064702222439155133e-01 5.113298118292229910e-01
8.617034790971868086e-01 5.836914396437525854e-01
8.022591707158283070e-01 5.052079758018993560e-01
8.688480375622479324e-01 5.575423892296942352e-01
8.139580526461356325e-01 5.339340783145245517e-01
8.769693994813707594e-01 5.015105196666038712e-01
8.018091694326980878e-01 5.790192899592264686e-01
8.005754608340490686e-01 5.401769526053827875e-01
8.405655309336498293e-01 5.441996566337303776e-01
8.331493755297607606e-01 5.944481709622958521e-01
8.816086521978867552e-01 5.530256853663814143e-01
8.226068852100194562e-01 5.659719798896469811e-01
8.078455089887560669e-01 5.010998418870978854e-01
8.391264933465573117e-01 5.806941501509773618e-01
8.052729327388072900e-01 5.319425828332179362e-01
8.515207650204739132e-01 5.421362140928697171e-01
8.347724845301802699e-01 5.204514703351874605e-01
8.710207075272923261e-01 5.555398567695264411e-01
8.793540862114874734e-01 5.787163108942673384e-01
8.098767268160804722e-01 5.006554638487791253e-01
8.996570576363087657e-01 5.215134940717699452e-01
8.110139893136822931e-01 5.230808962188808753e-01
8.196355374102420877e-01 5.227085946479917977e-01
8.102418447532544477e-01 5.518619927399839309e-01
8.031449295492153473e-01 5.000372774103489792e-01
8.233245681608009070e-01 5.932869836546396103e-01
8.638114274468347009e-01 5.013083762127021892e-01
8.800343742121470303e-01 5.706854467446109691e-01
8.083124679021531644e-01 5.902997376242300476e-01
8.779151720228706157e-01 5.095418886780422874e-01
8.881277820801989353e-01 5.673623080189826862e-01
8.143680341018761926e-01 5.840446136080434947e-01
8.693918085359371162e-01 5.231234153825730093e-01
8.189611111215340244e-01 5.938331114193569071e-01
8.452068035775479604e-01 5.685730299542901545e-01
8.066811255858841179e-01 5.794875595096147247e-01
8.134133319934826467e-01 5.106717898691136570e-01
8.127654950395860611e-01 5.395168004236807757e-01
8.410443531935478667e-01 5.559521923157053624e-01
8.092718536718576106e-01 5.226268015124354571e-01
8.689659110789327290e-01 5.269789992704049242e-01
8.288979240035445617e-01 5.185860454466472147e-01
8.393337310342596780e-01 5.207856849236325303e-01
8.683205919462153588e-01 5.949268491106329826e-01
8.345050885958722464e-01 5.669202635821173342e-01
8.520234214647302018e-01 5.780908182969219933e-01
8.664522055389485278e-01 5.571529983815218801e-01
8.366599787364760177e-01 5.288003243778899298e-01
8.251667090494201329e-01 5.945440248094789881e-01
8.048828957465253842e-01 5.408514319733325193e-01
8.936389660773935706e-01 5.263538364374730216e-01
8.397851853519129328e-01 5.588085011114551914e-01
8.203360996018543849e-01 5.845274753844216242e-01
8.567511798491075359e-01 5.253223642364420742e-01
8.970688204937963262e-01 5.063030958051968344e-01
8.825038502064670443e-01 5.568828116009070239e-01
8.848340417865525609e-01 5.170081903290473235e-01
8.355887806318569311e-01 5.450781623388263331e-01
8.164659280957923260e-01 5.334392077831962009e-01
8.977174814461659214e-01 5.612132841531011218e-01
8.223087154868239379e-01 5.687471353565437537e-01
8.325092689495424692e-01 5.299267083398198075e-01
8.944264610103840329e-01 5.994935368717175805e-01
8.752775744469183383e-01 5.470576258284255422e-01
8.649338869028545540e-01 5.016065971358376618e-01
8.685322029509251474e-01 5.621850682475966199e-01
8.784284602433701794e-01 5.084781138799110423e-01
8.152785016559734865e-01 5.741048347523081130e-01
8.523793648938360334e-01 5.876170461706353709e-01
8.120977037202926629e-01 5.196117572990520683e-01
8.024715533561010972e-01 5.465653049722972723e-01
8.703298856925028026e-01 5.021214238731654955e-01
8.765445671806705308e-01 5.172111468563129755e-01
8.400808953399543366e-01 5.110066787165483682e-01
8.998514603846086146e-01 5.920298316718494158e-01
8.884694096223004767e-01 5.792900789832003960e-01
8.374824726806114894e-01 5.138334865520268746e-01
8.773687228991513543e-01 5.973621364285681690e-01
8.598157795953796922e-01 5.039142085933441262e-01
8.878759807065418341e-01 5.470255914586132917e-01
8.810931397330931114e-01 5.482860919314254122e-01
8.697289223702573402e-01 5.556467162678331295e-01
8.727529477733628749e-01 5.132642883246006926e-01
8.953416443151588355e-01 5.164208661268706591e-01
8.181946169875631281e-01 5.837506780672807594e-01
8.420857402712759177e-01 5.796441257136772940e-01
8.076576168172036052e-01 5.122649732473230078e-01
8.620670465740573052e-01 5.360058259524443924e-01
8.265978141254924916e-01 5.076072098687245404e-01
8.729834463885529638e-01 5.384925034138511313e-01
8.548033749710692852e-01 5.589661434690358366e-01
8.291255013838857435e-01 5.752095273033431821e-01
8.769562839632073503e-01 5.042400215593934032e-01
8.198494618017740931e-01 5.272580634808633482e-01
8.026496109719648553e-01 5.652269433915730890e-01
8.816650981381537466e-01 5.993102353156256612e-01
8.213965475612525768e-01 5.708771943385860803e-01
8.519790319770622622e-01 5.595983918746132435e-01
8.324728624747815831e-01 5.180882509864483954e-01
8.433270443739542266e-01 5.291445997310121330e-01
8.040454115885562469e-01 5.114010554848019696e-01
8.914055568746761526e-01 5.450024294737405572e-01
8.914340184762441499e-01 5.518489655677822903e-01
8.971038373561706081e-01 5.758294930891019181e-01
8.237842218695489160e-01 5.204920323462171039e-01
8.664717865076353442e-01 5.484751360702682099e-01
8.669790689370345804e-01 5.061254153311176562e-01
8.587893458641595590e-01 5.410323084909998137e-01
8.300008242424199434e-01 5.919998859514110645e-01
8.610325852224182119e-01 5.851171413535891652e-01
8.936694263067288535e-01 5.248213080337875702e-01
8.071040977574457376e-01 5.686422539740286775e-01
8.428504159612975055e-01 5.835840018273802388e-01
8.712193350133839997e-01 5.359090578768171964e-01
8.908951487973921779e-01 5.046513517240174274e-01
8.949945429958606757e-01 5.666474106697039215e-01
8.962684602930400812e-01 5.854509204081166374e-01
8.078049638628497231e-01 5.413688805453513719e-01
8.757098846376407675e-01 5.454105629149939016e-01
8.945448833225930763e-01 5.535318719709017010e-01
8.640842152064410753e-01 5.516958228579371681e-01
8.341270819654909019e-01 5.907850799860847602e-01
8.030341856466136630e-01 5.768771214051517937e-01
8.281484534765162220e-01 5.749227415514426287e-01
8.721650196878037997e-01 5.261136589103097005e-01
8.528446581490276568e-01 5.434549942088938712e-01
8.885067317488329897e-01 5.234081817096183364e-01
8.249576255725500351e-01 5.427040652705198420e-01
8.822422907400506720e-01 5.353899640250264769e-01
8.600574117261581275e-01 5.078583293264264942e-01
8.958981639055914048e-01 5.385313153333597391e-01
8.564066104716488992e-01 5.777916297684919655e-01
8.913223473108570216e-01 5.460378192300089362e-01
8.170998509299984836e-01 5.923913569081172836e-01
8.153802196955717285e-01 5.075358015956354940e-01
8.221957118653329122e-01 5.927738539615441393e-01
8.880537724164976332e-01 5.016405862344952560e-01
8.812330118144404700e-01 5.169599227136217889e-01
8.647235069361356441e-01 5.799105781297879680e-01
8.558997525979747945e-01 5.521672458337386624e-01
8.865089842807960530e-01 5.318436733191063137e-01
8.620415776257631668e-01 5.948947102308779211e-01
8.790312679200241730e-01 5.522852606296986266e-01
8.149559885323567343e-01 5.346878224319773221e-01
8.613319760269821934e-01 5.112617116416839913e-01
8.106288614024448336e-01 5.226034389146034798e-01
8.578678317067769399e-01 5.197200180390590951e-01
8.177249808073749904e-01 5.597765585041289960e-01
8.670802070727630095e-01 5.314155064002463735e-01
8.346607841862307975e-01 5.449797707155570325e-01
8.210589250164842534e-01 5.397602040973868975e-01
8.037824107825838338e-01 5.008371597397466291e-01
8.529502939832472874e-01 5.265647343926422863e-01
8.723782283704196727e-01 5.420727167907425370e-01
8.085242514602057895e-01 5.141457379709102327e-01
8.632741535412917777e-01 5.807007594475247503e-01
8.867830116906019189e-01 5.738246469842239739e-01
8.499324708725531918e-01 5.193826559430479994e-01
8.288136417530820310e-01 5.748090204860707431e-01
8.701504694222708114e-01 5.328820707477879282e-01
8.040499582173978865e-01 5.485492774366769186e-01
8.708819072629776503e-01 5.133687395954662502e-01
8.755298333463048532e-01 5.543474224534938877e-01
8.163656111723794906e-01 5.965896309562201960e-01
8.693782861130525674e-01 5.651330334245299181e-01
8.303980663272721996e-01 5.147460075304841620e-01
8.083536704348075475e-01 5.577782968027414912e-01
8.595805509505249908e-01 5.829475720663721550e-01
8.876294675248943555e-01 5.461631158536941477e-01
8.184310427458997284e-01 5.238776994132837705e-01
8.599591572970614051e-01 5.576035727344290649e-01
8.626972496490160625e-01 5.550830119296291665e-01
8.403549078634695579e-01 5.340794030744777654e-01
8.942873670105813133e-01 5.958476666268868183e-01
8.919912270903205265e-01 5.038838423355589402e-01
8.318129598859449469e-01 5.533284214600896478e-01
8.560193227538352989e-01 5.887341444792537626e-01
8.497778160494301458e-01 5.131896681051179021e-01
8.349893517999830150e-01 5.224072811859474808e-01
8.506692708604688402e-01 5.150280021923054896e-01
8.720344130872274002e-01 5.430161757688143354e-01
8.444658868462497914e-01 5.619246131741886252e-01
8.994786640754810492e-01 5.158961732175313397e-01
8.421546890325718460e-01 5.085704970443238881e-01
8.351307116011490450e-01 5.990331485723813243e-01
8.140786801116124405e-01 5.277666909741527412e-01
8.554457438132510028e-01 5.202628970063991609e-01
8.775647731071926083e-01 5.743033572650977359e-01
8.247120386129016545e-01 5.150498533971326065e-01
8.137869126197500025e-01 5.788378886711569304e-01
8.646165473045355210e-01 5.365881012304617448e-01
8.667441992813365026e-01 5.042415792603786029e-01
8.659020835218720347e-01 5.038762223791973804e-01
8.630317810612256890e-01 5.072270548908490717e-01
8.478988943469715212e-01 5.724858444716421912e-01
8.551303503638472137e-01 5.821624555611515373e-01
8.429713875549631474e-01 5.616647610842582239e-01
8.267582522614992380e-01 5.343992071238985453e-01
8.716335725832098369e-01 5.784725781542496836e-01
8.033772678340300732e-01 5.373495542224303589e-01
8.002474156820725826e-01 5.235685400533712786e-01
8.556938623908120212e-01 5.448300016962447367e-01
8.635324440937277579e-01 5.163682237440063716e-01
8.609500573866013529e-01 5.904082664691461257e-01
8.036134713607498981e-01 5.903480024260872039e-01
8.627574381357241418e-01 5.497554406905307278e-01
8.623318633886125628e-01 5.380648197660748977e-01
8.228379602364562784e-01 5.248677884844800134e-01
8.145345197411135718e-01 5.390241652833459574e-01
8.681286591926887786e-01 5.840660764055756182e-01
8.988481603873733627e-01 5.004520931287472774e-01
8.930369256381442966e-01 5.434075343390543100e-01
8.696372860465971799e-01 5.840378301245721104e-01
8.415799710181016691e-01 5.946902814712295982e-01
8.338136690079416269e-01 5.103052417456709344e-01
8.018783371341722255e-01 5.783253480815546688e-01
8.344687611443429853e-01 5.475319410014636290e-01
8.796334136874938148e-01 5.562911427637862172e-01
8.875078690851426755e-01 5.243407227430940676e-01
8.287106723016107734e-01 5.632815331848375351e-01
8.335519523802286113e-01 5.927553684413696677e-01
8.029157954056450608e-01 5.521949259115837005e-01
8.707321630815562097e-01 5.345836328687108008e-01
8.560143068123102772e-01 5.797394722599159556e-01
8.962163582400222150e-01 5.215860161317416033e-01
8.972220145276560421e-01 5.015878035670865431e-01
8.661586342417979534e-01 5.181361732646501128e-01
8.503639546134340588e-01 5.720940870372921427e-01
8.960981559493155224e-01 5.181280308352465003e-01
8.453487373444151798e-01 5.160555856864948998e-01
8.796701651106716424e-01 5.339158388029421332e-01
8.073921552907192822e-01 5.372580426118710450e-01
8.115559386945656595e-01 5.583362014456738631e-01
8.733465586867052988e-01 5.924911883821788461e-01
8.994076749757234923e-01 5.423927831603860827e-01
8.954787727477167003e-01 5.048891608148858845e-01
8.251735729795124374e-01 5.174057342964775152e-01
8.622738016577422560e-01 5.363965320747788867e-01
8.770815415821893168e-01 5.387644624695362428e-01
8.605182820628269891e-01 5.580340163369957862e-01
8.004152712344274612e-01 5.795093824700714435e-01
8.487650482411335240e-01 5.992662469698445404e-01
8.241030444496222351e-01 5.436608313803018566e-01
8.005723133700665128e-01 5.333342700017983384e-01
8.037458834452552159e-01 5.004682563530326034e-01
8.662023099685038918e-01 5.414312578602862303e-01
8.820338545617534276e-01 5.997727989804619853e-01
8.464909749284101892e-01 5.461945089878310622e-01
8.803532099482758166e-01 5.058841554630714166e-01
8.746969824589303499e-01 5.017141870402447301e-01
8.435992862780624657e-01 5.733037748701127478e-01
8.754019818174119116e-01 5.523015625064091605e-01
8.866243515191108981e-01 5.170531336379537990e-01
8.175158572809637647e-01 5.225401504765937455e-01
8.438459463616261313e-01 5.410873986867286156e-01
8.505467590269969458e-01 5.152747403482365041e-01
8.993522349635637569e-01 5.110662602533495580e-01
8.450033344833642879e-01 5.186100652047630488e-01
8.324323062740178747e-01 5.028747866790054255e-01
8.321426412943333517e-01 5.789319473247727110e-01
8.171075233630169521e-01 5.030004560641719857e-01
8.401760376404318054e-01 5.611676546478980843e-01
8.150807124661006986e-01 5.995494877226400510e-01
8.868306691637545258e-01 5.035478267998440005e-01
8.512223932411653315e-01 5.870114987563344044e-01
8.615281280960130905e-01 5.836099398798464399e-01
8.736359479490052315e-01 5.337252358777913042e-01
8.380770725460893189e-01 5.295458999402972156e-01
8.715697205707502171e-01 5.602292452242687570e-01
8.046287365968616268e-01 5.978270603651461013e-01
8.283516385623803657e-01 5.163694528569852116e-01
8.918909000519329444e-01 5.989186243930637588e-01
8.104181622943664731e-01 5.122667204822448639e-01
8.735736468269692523e-01 5.940695351606166685e-01
8.152904958184383766e-01 5.661900744112906558e-01
8.338109019275835587e-01 5.437001868813562400e-01
8.625581495163339163e-01 5.207786015822556402e-01
8.748343502683357809e-01 5.009966220416350868e-01
8.516681694971068861e-01 5.760385352026937689e-01
8.838055707813567974e-01 5.502678847411072161e-01
8.465338924225715989e-01 5.957931277943873116e-01
8.364387280347987952e-01 5.427340065468797548e-01
8.078239359849205270e-01 5.194318652189426899e-01
8.786683543113658068e-01 5.397742065197501660e-01
8.220257300795832389e-01 5.541487338469172075e-01
8.432141645444045652e-01 5.312430702124986137e-01
8.103019850074999475e-01 5.231655342650438634e-01
8.925028109960523315e-01 5.115054112395789332e-01
8.256145654723436866e-01 5.310306970846576657e-01
8.755628758336509998e-01 5.231613414945212037e-01
8.133295896784245027e-01 5.891211809992134008e-01
8.460363740476103400e-01 5.654307727175538201e-01
8.543841990642256912e-01 5.290378715321968350e-01
8.263002807165731323e-01 5.622645013304996553e-01
8.886535614116440884e-01 5.819615210021162888e-01
8.921880909417791994e-01 5.559818840959415143e-01
8.818465434656970192e-01 5.263667974878412092e-01
8.397470933486987921e-01 5.816889090538857054e-01
8.696139223905137161e-01 5.713471956744453628e-01
8.572930610262949891e-01 5.787578263791743893e-01
8.665984657974272753e-01 5.944797683662585985e-01
8.481417409429582444e-01 5.100577280288876025e-01
8.756650108691185208e-01 5.770082807612910702e-01
8.526055258948020965e-01 5.725512825790998184e-01
8.114843860537562792e-01 5.538653144174011667e-01
8.496726324829476651e-01 5.485277497208007613e-01
8.289615697163007502e-01 5.266441557085043135e-01
8.127163766568111791e-01 5.657509891561729454e-01
8.944866218364251331e-01 5.231961520097132556e-01
8.277275316655678949e-01 5.024718178770244403e-01
8.319271118394875320e-01 5.754659326514857121e-01
8.051844916741976999e-01 5.447412673610280143e-01
8.987704725850228504e-01 5.819486333747554418e-01
8.768435491552621919e-01 5.845273875767014182e-01
8.313669090474680168e-01 5.326761432917390682e-01
8.917125319962724284e-01 5.868206640660306173e-01
8.709596752553872001e-01 5.976810108165530044e-01
8.723221275893457971e-01 5.368313586935491433e-01
8.606605090999879248e-01 5.870006943325034587e-01
8.554514096357914710e-01 5.231947740270521674e-01
8.053230124700896386e-01 5.963107029829983752e-01
8.083691207756551478e-01 5.076303727335580440e-01
8.603847434783039594e-01 5.743846897823039477e-01
8.623137464269714503e-01 5.060617169179707497e-01
8.858931398180405203e-01 5.887872966929479368e-01
8.782396739537925434e-01 5.522503558053157846e-01
8.618177864848337588e-01 5.737653761093972626e-01
8.030394653495059876e-01 5.733014021502648161e-01
8.593068710450310066e-01 5.730161473032189257e-01
8.909423153685847030e-01 5.392222095425289741e-01
8.412188084520072495e-01 5.695896246587983658e-01
8.106483852600453455e-01 5.138738987491480170e-01
8.263206857578404563e-01 5.225148606361552650e-01
8.525444544455137441e-01 5.603059552331319804e-01
8.773312505317152343e-01 5.942674501863567382e-01
8.244830430387409814e-01 5.465157510938134511e-01
8.427943719308204074e-01 5.107710393647041380e-01
8.177223843798463454e-01 5.564759834765444779e-01
8.888808859714959487e-01 5.671852624357217598e-01
8.660257310817766063e-01 5.419452301742313516e-01
8.149564236113292504e-01 5.657062618973685009e-01
8.655702556600679554e-01 5.619548598474313206e-01
8.694361897323963362e-01 5.542699461749903689e-01
8.112376281653097543e-01 5.173004856459758605e-01
8.334155141096857289e-01 5.926185065274249819e-01
8.370259492468827833e-01 5.297046425049677376e-01
8.852851514938605559e-01 5.234796221292619123e-01
8.322176306920543443e-01 5.348639200214398981e-01
8.715936935636493521e-01 5.277787710112883390e-01
8.627879741434234528e-01 5.241139204871090307e-01
8.984473352051582928e-01 5.554814751211172297e-01
8.192776618354681295e-01 5.170238823658710459e-01
8.561959668145159297e-01 5.030329611846056093e-01
8.088019742222947173e-01 5.433920219241124006e-01
8.757246303415046063e-01 5.486075120879834177e-01
8.898743055573493654e-01 5.212060759553128753e-01
8.992631863210343024e-01 5.560232623787970674e-01
8.100065412199984882e-01 5.746758334030552806e-01
8.278691547016018282e-01 5.226415936197778001e-01
8.860937462749698401e-01 5.215571263518153922e-01
8.997555245322212958e-01 5.138049859092364002e-01
8.768437765672191242e-01 5.215744186732294008e-01
8.764120347853947557e-01 5.276292104545674544e-01
8.222559973357398411e-01 5.922621068882005790e-01
8.024616751603887987e-01 5.508224235149832282e-01
8.939411887859340933e-01 5.235122924804695987e-01
8.932361328206100959e-01 5.448329692694940940e-01
8.681773564714938551e-01 5.976604981967470476e-01
8.636917950226857821e-01 5.831779295393717533e-01
8.197356014264244317e-01 5.778331595105220542e-01
8.203730504363573317e-01 5.760634673116713511e-01
8.733135842162413898e-01 5.221458708802412252e-01
8.307283265236226066e-01 5.798044237288999536e-01
8.882765471722302575e-01 5.567373059221356613e-01
8.694746935693788981e-01 5.396242983339261112e-01
8.568772815589871250e-01 5.122197617925929869e-01
8.457036109353945896e-01 5.310930945289107363e-01
8.123161469707395055e-01 5.362712857427727187e-01
8.980671967853941506e-01 5.320221374727318597e-01
8.482713769569181217e-01 5.204441318591973564e-01
8.341483027599485567e-01 5.011655486021003858e-01
8.723587166678380411e-01 5.689823918980161377e-01
8.644775000269542264e-01 5.334284573098670990e-01
8.584491352425510646e-01 5.458833641989502272e-01
8.773270796504171187e-01 5.956047850475358896e-01
8.219308435610461760e-01 5.532790164302554548e-01
8.810636566461834684e-01 5.541281006405129883e-01
8.388141299220811531e-01 5.674567677195557769e-01
8.552262211120553737e-01 5.872269585373388612e-01
8.218568559986275668e-01 5.099637531216544284e-01
8.607464822478105848e-01 5.039165945446215655e-01
8.551249984444133645e-01 5.183238012661844918e-01
8.553669353900361649e-01 5.237392716865629794e-01
8.491632047746973111e-01 5.273283428292038222e-01
8.003304647233666635e-01 5.268840228690028216e-01
8.490955458480577978e-01 5.807500824187564747e-01
8.193673944822703614e-01 5.776664410230621938e-01
8.239018606362806807e-01 5.193069733131097099e-01
8.894293359170259983e-01 5.157630235648218431e-01
8.050601007692280708e-01 5.107388622629613906e-01
8.373004978453937319e-01 5.885539389558267498e-01
8.512926574897718979e-01 5.962048442489498168e-01
8.914918143018987218e-01 5.167627114218805717e-01
8.106577249775974714e-01 5.785429807245272560e-01
8.507793394889918703e-01 5.007224502590557069e-01
8.299697915589980823e-01 5.067769017012895283e-01
8.346866620167397999e-01 5.717414790516732737e-01
8.393632452379600206e-01 5.551158668575173483e-01
8.677182735329261876e-01 5.071896767840680109e-01
8.241478652682571182e-01 5.842173510777453060e-01
8.850503405860149497e-01 5.399389186029261989e-01
8.404833953391339652e-01 5.734175283446067972e-01
8.048561303734077521e-01 5.310966374133061496e-01
8.578273450484118490e-01 5.005653991045591056e-01
8.134090836564379368e-01 5.299847321256868637e-01
8.267907912929310932e-01 5.355274697823713126e-01
8.480389106871251137e-01 5.636524480526898806e-01
8.878377871333977822e-01 5.687034840268518909e-01
8.333124275877028531e-01 5.132387057978267109e-01
8.859738851105553037e-01 5.655097480247466279e-01
8.106054946939629247e-01 5.133142471541559670e-01
8.043717219057112677e-01 5.928898797451156444e-01
8.855608957067635512e-01 5.863416807952822607e-01
8.689290214601277373e-01 5.439043006591730567e-01
8.903565744920898251e-01 5.247626030124354912e-01
8.824451311647548701e-01 5.013582381625827367e-01
8.807334153940432619e-01 5.731497960784471823e-01
8.819994675917934845e-01 5.706888594949244276e-01
8.947210084167052102e-01 5.119534940509917753e-01
8.315053418130680107e-01 5.040855170589647605e-01
8.307369046455337358e-01 5.205434445093340967e-01
8.558323422800662161e-01 5.488613328454290397e-01
8.328308003851084829e-01 5.683348754051960050e-01
8.856704612263075482e-01 5.451545879806567463e-01
8.590295320126374312e-01 5.495928659837909791e-01
8.771714332214100018e-01 5.916864883907356765e-01
8.739629334590839349e-01 5.473925966626902451e-01
8.676980033810783866e-01 5.209385364771874638e-01
8.866989116824235406e-01 5.861689191776868757e-01
8.474548346441357349e-01 5.276768454677158715e-01
8.905672495140204425e-01 5.502659337439509413e-01
8.230612265154115814e-01 5.513838327678617368e-01
8.912153182095288173e-01 5.101570174737167784e-01
8.268505945823606540e-01 5.332619664548723382e-01
8.535547577631852345e-01 5.157833659758753742e-01
8.437258781096920179e-01 5.362555410083907903e-01
8.856041948445083634e-01 5.006007294806216201e-01
8.236345676089061874e-01 5.805442672256416747e-01
8.483560004637850094e-01 5.149061351165921119e-01
8.489802707061463449e-01 5.261393824709555966e-01
8.778181152994047887e-01 5.627196612104359286e-01
8.742376246764227421e-01 5.950696077604684664e-01
8.835329728009329031e-01 5.049801482610841719e-01
8.414453356274501639e-01 5.522892683748802378e-01
8.562077508648393565e-01 5.046288487642979215e-01
8.070685671935159400e-01 5.958481575449484646e-01
8.640905451787631586e-01 5.781667545614632697e-01
8.059624972362725570e-01 5.467216914020601726e-01
8.541202536714179727e-01 5.111250145952512813e-01
8.749254613595531804e-01 5.044532139788991953e-01
8.801117646896055025e-01 5.126232309782985386e-01
8.613370077531166125e-01 5.715940635357428246e-01
8.760257194735078246e-01 5.039936851323199019e-01
8.675947586134734602e-01 5.556394082267710477e-01
8.983128289963251412e-01 5.106968709599948308e-01
8.544175437426621000e-01 5.039975569121265542e-01
8.457746353314508081e-01 5.710551620589557897e-01
8.087171073987846626e-01 5.422568121868396318e-01
