8.225661472336228686e-01 6.586110708405807923e-01
8.090971831773252632e-01 6.608781252947097951e-01
8.540621136075152720e-01 6.205272447438761052e-01
8.605516410693215823e-01 6.934963601664250188e-01
8.789628471663284426e-01 6.024112564557220217e-01
8.002685448627246956e-01 6.518241372980075887e-01
8.641598308575971776e-01 6.132925800699783325e-01
8.536300359660126125e-01 6.274325076120319533e-01
8.643421955665085976e-01 6.118592200733984354e-01
8.740231770405134659e-01 6.386030091429670819e-01
8.274122940390040704e-01 6.344999169333923605e-01
8.631298022922669899e-01 6.245169944277041418e-01
8.018199344988691246e-01 6.342739550250608982e-01
8.759301940782260321e-01 6.549297404433186420e-01
8.159852464862049626e-01 6.800243766148688085e-01
8.945927084731766232e-01 6.129518142846777096e-01
8.832940833225542132e-01 6.987174221948584396e-01
8.778502126042994069e-01 6.504106107337421783e-01
8.483183109720343618e-01 6.547514538334926470e-01
8.731614269321791300e-01 6.475980243004785253e-01
8.407492662795044147e-01 6.780126891569113745e-01
8.823495759005650640e-01 6.344926728475590583e-01
8.790409750997818517e-01 6.156971682221727971e-01
8.267810089236456994e-01 6.216833612863952307e-01
8.292185554571144257e-01 6.619756894544581716e-01
8.431956810971287242e-01 6.798486082477599446e-01
8.801611063528634871e-01 6.403506045594757889e-01
8.124598678238947880e-01 6.601277297403806976e-01
8.244477454148361195e-01 6.205801476011973961e-01
8.858284423130367013e-01 6.281693016793679085e-01
8.962483416967623739e-01 6.646564211773923203e-01
8.284342896469906181e-01 6.412327884783022292e-01
8.722889826062331098e-01 6.826651935185013009e-01
8.819667259358494604e-01 6.356951394515346632e-01
8.031871303648522309e-01 6.340438307026226017e-01
8.239489915370719064e-01 6.255186192531376754e-01
8.414270960656327070e-01 6.773314325533602576e-01
8.194918460373429303e-01 6.416754507289126330e-01
8.674118655722571347e-01 6.488110667974933410e-01
8.386788862498167907e-01 6.924609046009526647e-01
8.665151272310648300e-01 6.034958089002111503e-01
8.871673244318287743e-01 6.147934502171522597e-01
8.627392063874821382e-01 6.611266236308843691e-01
8.661727968211486717e-01 6.753926170370678772e-01
8.288587815330387132e-01 6.326648696129166805e-01
8.484736871466094232e-01 6.401186851339837336e-01
8.108278878227644926e-01 6.673876839095368441e-01
8.242866492891902652e-01 6.259067092567776047e-01
8.328284811917532338e-01 6.198204929307862265e-01
8.849901165052859175e-01 6.208332154819271587e-01
8.618483438701626254e-01 6.038556239365366896e-01
8.828168415909196654e-01 6.094258409772874696e-01
8.751218565995388943e-01 6.448460748860440628e-01
8.111566450250287108e-01 6.823312579370208741e-01
8.066383704802870813e-01 6.415883453882302856e-01
8.435375361094596958e-01 6.372474000409096284e-01
8.517882048314250332e-01 6.959944326060828468e-01
8.600325666665887825e-01 6.103822337787868646e-01
8.616586573637207147e-01 6.952928458232865427e-01
8.465202688313542279e-01 6.864922009800112912e-01
8.869962679513392345e-01 6.477479979555941236e-01
8.325347437380794524e-01 6.917710561950081161e-01
8.558903421374460807e-01 6.050818216149833617e-01
8.429382976020133311e-01 6.066890673104070597e-01
8.784989687371311806e-01 6.990075678310874174e-01
8.020582625107046670e-01 6.706846393257360761e-01
8.776401598398446691e-01 6.352501438635289599e-01
8.258804648875128773e-01 6.452323328901368171e-01
8.514485387768017111e-01 6.229048173472472305e-01
8.559820361606474970e-01 6.635797316032265858e-01
8.060574719938173871e-01 6.601883137551678438e-01
8.154906098014649274e-01 6.836495934245221395e-01
8.544290377895826794e-01 6.009826438089986844e-01
8.286787947434377521e-01 6.850649333196281443e-01
8.491474525162889808e-01 6.184182364250182529e-01
8.043289132935056429e-01 6.659971893059386527e-01
8.931673676089149083e-01 6.179185689847270790e-01
8.928214310218145489e-01 6.706791995596796951e-01
8.669824796704701519e-01 6.187184789365240967e-01
8.536668121698109957e-01 6.724258239231674095e-01
8.420869903590604277e-01 6.289444205354871587e-01
8.847685182922029323e-01 6.772472369850122131e-01
8.603530993567783947e-01 6.094462851219533128e-01
8.764041409922065373e-01 6.496453228007008640e-01
8.404628540491884126e-01 6.516579986631276800e-01
8.200039800810297042e-01 6.085057356244789606e-01
8.204034738875751742e-01 6.080826050795891113e-01
8.113470691093688236e-01 6.561668418064382502e-01
8.594704212901475016e-01 6.092602173437184909e-01
8.946639207923431369e-01 6.273065780566695615e-01
8.945683355123403846e-01 6.768384750828606577e-01
8.444545539339944895e-01 6.129762705430715775e-01
8.627602424217153398e-01 6.295046040843403912e-01
8.919902602601994523e-01 6.271676228077546211e-01
8.508422119577335740e-01 6.818795076196728644e-01
8.539874540512172318e-01 6.005192902328997384e-01
8.403822714053410525e-01 6.494904679093935762e-01
8.976059949993749898e-01 6.108303427238928052e-01
8.011276585931911276e-01 6.482495045836316194e-01
8.038476776408317592e-01 6.487864196072399281e-01
8.002110242247509886e-01 6.099089936896329167e-01
8.376614617944986296e-01 6.128951749131308357e-01
8.448528286100323026e-01 6.525579639413837674e-01
8.455986866377710465e-01 6.101645038711700497e-01
8.111577209633625829e-01 6.129159252449352113e-01
8.462677316671906036e-01 6.474995833084769004e-01
8.386318551275389055e-01 6.420428129772627335e-01
8.851030274301524559e-01 6.256533235557004691e-01
8.702301481709036057e-01 6.729838516158084261e-01
8.003812996148602643e-01 6.026826508589260278e-01
8.936819147100172334e-01 6.346483752455744920e-01
8.764003788272556328e-01 6.986479689004416738e-01
8.504425192178749482e-01 6.251189889618561368e-01
8.184389863242522711e-01 6.705783432874883321e-01
8.124314283495175371e-01 6.454396642490645153e-01
8.208040110052338134e-01 6.821470696252960320e-01
8.714056883374160511e-01 6.640428643426781186e-01
8.120358780942656951e-01 6.180766284660774712e-01
8.938503469129144285e-01 6.254230881586677615e-01
8.723546204832652862e-01 6.393642513562856067e-01
8.599939911948005777e-01 6.729972521519880235e-01
8.721760919834252723e-01 6.599399479801035806e-01
8.163545706854336004e-01 6.021765593286323437e-01
8.317203202365255343e-01 6.344108388058193881e-01
8.442798010812733178e-01 6.396370407503170208e-01
8.201423636256814920e-01 6.758410259444489476e-01
8.452338347412227115e-01 6.637933101137312164e-01
8.485577713427749913e-01 6.273206041322064719e-01
8.977988419972077194e-01 6.331601350626334668e-01
8.910386203904591129e-01 6.741310474011992238e-01
8.190523980048444175e-01 6.804187058490671625e-01
8.062227893855149485e-01 6.042142409056022734e-01
8.620087845052899489e-01 6.559956156110993142e-01
8.170941878119656332e-01 6.261550155494315373e-01
8.572552232771138980e-01 6.337401914585412133e-01
8.437365504616649581e-01 6.387960622427035773e-01
8.106076037581902982e-01 6.321132273852645422e-01
8.088698416060514651e-01 6.439358250481417301e-01
8.718139623764838975e-01 6.042473622644939368e-01
8.310303290227007977e-01 6.095294509699370478e-01
8.422307564325869356e-01 6.384877826427965974e-01
8.064292058505434513e-01 6.580083339120741392e-01
8.588364764737796975e-01 6.604113149548848094e-01
8.749906325501664028e-01 6.134050389360288236e-01
8.717256980188334836e-01 6.597023278219266151e-01
8.193660230591723881e-01 6.842731329241059646e-01
8.124833725475615331e-01 6.186686577233904138e-01
8.700478377689808696e-01 6.135724569763720826e-01
8.955021699815650660e-01 6.551873993308958699e-01
8.928302867217723371e-01 6.562809312634798609e-01
8.350249734849479744e-01 6.465185995082056714e-01
8.798130370789738475e-01 6.286383416725715989e-01
8.708142262850208093e-01 6.875932231729282584e-01
8.343602125243807510e-01 6.190651531867481516e-01
8.595304675350817769e-01 6.438935794847648886e-01
8.691340822177714420e-01 6.965225824473497696e-01
8.450515368478569433e-01 6.298020666630517184e-01
8.735999131557365960e-01 6.076582589064182249e-01
8.126694964310015035e-01 6.236674614558008756e-01
8.855545252107900334e-01 6.455694427993321494e-01
8.786899140234083472e-01 6.917435063231778258e-01
8.090849825219907920e-01 6.414920700726820524e-01
8.565215178166144527e-01 6.148175906687500802e-01
8.283486923178893235e-01 6.308483490678384875e-01
8.929855121829014530e-01 6.016386555712738282e-01
8.066192095796681505e-01 6.305861303422934938e-01
8.095892774970359085e-01 6.157268405640676789e-01
8.989214899798985137e-01 6.348099848903802078e-01
8.475528955288380573e-01 6.641909497742237711e-01
8.088207160422306030e-01 6.456675014715789196e-01
8.809367085992965141e-01 6.362540903946900528e-01
8.263568165758125028e-01 6.000549966380017697e-01
8.768189828253705187e-01 6.948156561810263643e-01
8.719981350811965015e-01 6.305851263549852037e-01
8.958888949860913664e-01 6.231559810122935250e-01
8.456213302105523022e-01 6.263401446826533103e-01
8.470232222887030815e-01 6.619443200679220318e-01
8.767268339751230766e-01 6.855654911067425861e-01
8.244951125746806664e-01 6.628215898011863283e-01
8.150583841716205757e-01 6.781526213475261855e-01
8.268556915886349223e-01 6.032542793680568671e-01
8.958043453114480359e-01 6.089439864011245707e-01
8.719925122092007097e-01 6.337293389288708445e-01
8.408269842208873079e-01 6.921819909016855288e-01
8.978516582253484035e-01 6.768037451966140150e-01
8.803855331993383215e-01 6.390301623777537854e-01
8.619787546745074636e-01 6.591508812272628415e-01
8.490071779460608425e-01 6.428249852922527374e-01
8.655685683648101092e-01 6.714211689852300768e-01
8.761758258146412626e-01 6.262764945156986673e-01
8.368345815117321784e-01 6.669275195488995056e-01
8.360367483931949728e-01 6.957777662068134195e-01
8.412348624273868758e-01 6.504605814706618805e-01
8.221055876213153590e-01 6.860687228662225579e-01
8.324254421874783816e-01 6.238749224998756393e-01
8.814384395490757473e-01 6.572482900807574691e-01
8.919686712166602360e-01 6.718975595563720926e-01
8.023365380186310292e-01 6.572536857163246982e-01
8.457819465511953183e-01 6.807740005165814345e-01
8.891916293417629902e-01 6.469354607198471996e-01
8.970014216577857358e-01 6.615997010901413233e-01
8.929670081465580500e-01 6.952027590621194797e-01
8.764616524122778030e-01 6.131465451299820124e-01
8.471179290780400661e-01 6.361707326151848640e-01
8.583806960696525046e-01 6.019599170621356965e-01
8.093201271263783525e-01 6.611196600934428069e-01
8.073460072286121614e-01 6.059992192524747967e-01
8.123534286293015994e-01 6.530416199827087098e-01
8.777500620142721921e-01 6.114545740033805465e-01
8.831132570707529439e-01 6.684011455185996375e-01
8.566762858347086729e-01 6.675585813658995171e-01
8.076720398948840085e-01 6.800739772594057708e-01
8.955361349085173561e-01 6.048857191058201188e-01
8.932338921206496307e-01 6.684808410653992894e-01
8.744903240649127829e-01 6.901872558668370461e-01
8.287319704130786668e-01 6.125281278903245141e-01
8.003430898484992229e-01 6.759211711496206920e-01
8.142637858905672488e-01 6.459530331865259711e-01
8.784852923521125900e-01 6.022997992542986623e-01
8.773903808481768873e-01 6.206088479046055761e-01
8.661599392229596406e-01 6.711125892743724508e-01
8.172371598667358406e-01 6.524215393466074042e-01
8.216094975025685088e-01 6.442713576023604283e-01
8.601082646734290460e-01 6.294856989593931029e-01
8.022281026583916175e-01 6.198695579154946955e-01
8.971429829539467882e-01 6.492123014228654565e-01
8.999717043113898418e-01 6.485529447571370953e-01
8.912106732037561319e-01 6.921854759989191086e-01
8.982151654628693915e-01 6.946957964859372670e-01
8.956312455716568532e-01 6.219545793000655909e-01
8.187531259098036474e-01 6.877662505578746588e-01
8.832873552241776727e-01 6.512308541922913196e-01
8.308717571322296047e-01 6.880120095636199640e-01
8.300223356579237155e-01 6.520270379103844105e-01
8.896810673450290530e-01 6.592732617923108274e-01
8.703994168242042972e-01 6.091034491848835719e-01
8.998502947412038155e-01 6.594354862179196974e-01
8.149170223429658133e-01 6.182231587991915411e-01
8.430752215379995196e-01 6.214656699439755627e-01
8.019372383040554997e-01 6.077444257788640058e-01
8.887344924812912161e-01 6.516686391655498456e-01
8.217939579684256923e-01 6.611626702105717346e-01
8.493642860061783040e-01 6.088405268857721708e-01
8.449098580223409760e-01 6.156563100240255437e-01
8.036361430621240531e-01 6.152715206909645795e-01
8.258395810922533053e-01 6.657408933627186887e-01
8.386120347461054614e-01 6.940530124133250656e-01
8.245309672450329419e-01 6.294449800536082718e-01
8.737511266273391142e-01 6.228879124196716743e-01
8.973507817166115341e-01 6.411034709438364620e-01
8.360189172254216539e-01 6.954822313719927207e-01
8.262173508904674391e-01 6.570082799597187773e-01
8.874710041394624493e-01 6.950251539391826272e-01
8.572174388127365985e-01 6.207852565151837920e-01
8.904398457410560574e-01 6.203389833064349990e-01
8.918258633050626383e-01 6.426224391525701130e-01
8.431260690944053504e-01 6.045513709017817927e-01
8.555081835431658233e-01 6.413520515761360619e-01
8.717284640461042677e-01 6.521696640635934461e-01
8.273764241181236212e-01 6.536748229736422111e-01
8.810460683957478389e-01 6.491131684010561509e-01
8.438611641376325689e-01 6.195073809463482739e-01
8.175703954690735076e-01 6.074320101542984851e-01
8.735553064167298487e-01 6.548004858466166533e-01
8.137325074542260950e-01 6.941677802175199030e-01
8.515598436377275204e-01 6.379902451164107813e-01
8.114259346451275778e-01 6.549954548307260760e-01
8.035163086886980555e-01 6.265739620814687605e-01
8.121709380366191056e-01 6.087018185157211381e-01
8.316538995688803615e-01 6.907909034136172632e-01
8.432344678935139726e-01 6.562671082535862510e-01
8.735842629887569100e-01 6.936012405333717989e-01
8.762430729942686236e-01 6.364346686292481348e-01
8.860420865309515115e-01 6.003219474029777292e-01
8.579671565387034793e-01 6.503256895783117164e-01
8.404181121553903067e-01 6.435866137079824245e-01
8.203033853359387173e-01 6.413892883964866787e-01
8.779345953078798725e-01 6.986875604266992168e-01
8.581210246392076968e-01 6.261242534264297444e-01
8.628197844881571044e-01 6.692324451627718052e-01
8.668568214445505626e-01 6.632158860914725285e-01
8.364562763346928831e-01 6.203515568337133468e-01
8.931169449269493743e-01 6.755848894312597164e-01
8.852806986297804270e-01 6.251231047063277035e-01
8.542728996237884953e-01 6.284684290025684961e-01
8.414865131144663168e-01 6.573255509911722916e-01
8.657559545593683792e-01 6.653605392758694670e-01
8.214759954560353350e-01 6.286642974527220096e-01
8.674503478548255542e-01 6.933075024870569703e-01
8.629778408452986049e-01 6.037782204722923485e-01
8.067525583731789407e-01 6.166966633642481099e-01
8.449846117521769839e-01 6.991252420539184609e-01
8.453296084681782840e-01 6.899451761148847062e-01
8.678310244010818408e-01 6.225204434417801469e-01
8.088617405966279650e-01 6.558331806424047006e-01
8.425991064463517199e-01 6.932913306512900053e-01
8.527931096213120510e-01 6.793931839775795289e-01
8.062905095494830032e-01 6.937576886367754492e-01
8.195687530103457075e-01 6.437431393620873799e-01
8.709946711660703222e-01 6.591248355590426655e-01
8.670685986006340107e-01 6.969123076079974943e-01
8.001060967037718630e-01 6.304538435244501082e-01
8.182633868412038103e-01 6.478726419604712294e-01
8.057125383780453509e-01 6.294536817135782947e-01
8.459605630042157376e-01 6.321623718733673236e-01
8.453897457483106059e-01 6.116301607629373027e-01
8.583604638066082426e-01 6.769127464324324883e-01
8.495958312138479629e-01 6.041668380591942444e-01
8.853397350572274060e-01 6.373182905986577440e-01
8.154014426548008565e-01 6.260572386129840128e-01
8.885364955550960619e-01 6.165461169343091630e-01
8.504906060187046313e-01 6.013077213023561018e-01
8.733627523773781487e-01 6.409177620720234447e-01
8.984417253689473970e-01 6.598402706331136791e-01
8.428326760980479060e-01 6.295450891816989358e-01
8.958088804640156333e-01 6.708923582910162331e-01
8.188359774677962388e-01 6.346469024322520802e-01
8.303701916050447718e-01 6.813639695696414034e-01
8.069370807909111987e-01 6.325807521769230002e-01
8.963545157558827636e-01 6.069393101793096879e-01
8.786649503631400737e-01 6.704364888349734208e-01
8.913448595554057663e-01 6.095063672189937609e-01
8.006203700848916194e-01 6.780152378068493579e-01
8.659339745949905520e-01 6.281103248545711892e-01
8.867375453044893385e-01 6.735450790621027028e-01
8.768842499044025018e-01 6.093160120859957285e-01
8.965854411746501107e-01 6.426664087479359022e-01
8.719023298182606574e-01 6.432011301194680009e-01
8.883150714719040275e-01 6.456755923072973191e-01
8.226407907822456123e-01 6.291732673308849666e-01
8.703930510541684207e-01 6.345359658892761878e-01
8.097311780234902612e-01 6.023969716087236304e-01
8.259143338868856210e-01 6.138090728715452915e-01
8.161388365077442142e-01 6.979187350513197385e-01
8.845933472129996478e-01 6.162344370997320242e-01
8.390971507957236675e-01 6.542651218763524401e-01
8.935385987004100805e-01 6.569678983159751295e-01
8.856461442011813734e-01 6.600027438842304139e-01
8.974138006916183574e-01 6.608852106461637899e-01
8.266209815272282935e-01 6.442613398110726974e-01
8.563346608737437693e-01 6.700626072806026290e-01
8.350925442148140476e-01 6.068137204030974452e-01
8.654076463908757511e-01 6.850242917548090560e-01
8.968026883496972301e-01 6.102293025333562770e-01
8.422108704376083388e-01 6.121532578906405675e-01
8.477003698455478631e-01 6.486307374856774555e-01
8.784298977165507782e-01 6.912813041804527492e-01
8.300402946760314649e-01 6.147672975450035882e-01
8.837331655008683340e-01 6.127234856823631226e-01
8.495164744786675159e-01 6.488066882439302852e-01
8.190070041378049170e-01 6.184351524919464715e-01
8.142493200873511805e-01 6.520409790703615149e-01
8.617168519814774053e-01 6.081227340585284580e-01
8.606134155683966558e-01 6.663716567964760307e-01
8.984462063831801792e-01 6.234816337938600128e-01
8.820629177614779381e-01 6.462999666491764383e-01
8.561584952603298326e-01 6.112986173103105436e-01
8.337508994572810916e-01 6.718785711809260874e-01
8.775261192718322167e-01 6.366389466599486902e-01
8.798899095760626121e-01 6.723035155638183991e-01
8.356088945817472524e-01 6.128028226989687965e-01
8.288053076366863614e-01 6.276744518082961743e-01
8.371172066962098146e-01 6.217862724946550124e-01
8.634098579816088526e-01 6.140236147022870572e-01
8.882175522488058306e-01 6.533835328337516124e-01
8.171625534969867433e-01 6.350931438902346349e-01
8.628926881186007591e-01 6.737746354214805278e-01
8.828538872338114185e-01 6.311830022302244991e-01
8.458557546492031509e-01 6.176378843763349336e-01
8.406367598829609378e-01 6.688028924475390991e-01
8.246650933044836762e-01 6.094785978480916633e-01
8.880785272787432572e-01 6.223477858375694449e-01
8.679577700829845810e-01 6.498081551608489992e-01
8.266882575019993684e-01 6.005242942144083385e-01
8.838128277837205005e-01 6.114547672365430175e-01
8.488316608203235747e-01 6.386536649663170362e-01
8.930608264769221982e-01 6.197871202060453166e-01
8.113621724895780929e-01 6.616282357573459727e-01
8.159824434135767302e-01 6.273221681330115596e-01
8.547499150973135729e-01 6.816966838664498818e-01
8.883744562425074376e-01 6.243063526958236853e-01
8.883684337247944596e-01 6.891230687115315057e-01
8.291069791596802352e-01 6.899643873239817982e-01
8.685438235464723045e-01 6.955769305909835776e-01
8.248967752911714468e-01 6.273994959292337192e-01
8.574331993410255759e-01 6.456448717038850704e-01
8.232979154988140369e-01 6.738520850868060519e-01
8.283903001320160886e-01 6.828852299217806898e-01
8.734609610428470949e-01 6.317107219096609327e-01
8.110257988565774401e-01 6.220168372002832236e-01
8.018953718858992108e-01 6.493636234079713798e-01
8.901846855399427882e-01 6.295119699326248153e-01
8.884096459799735168e-01 6.125391233935189028e-01
8.911467927749414653e-01 6.758911498334743140e-01
8.692180081009510673e-01 6.323481917403640518e-01
8.001583551479671819e-01 6.553285231837209235e-01
8.678939250074926282e-01 6.764947517876491734e-01
8.586879212987806875e-01 6.170130597376206616e-01
8.768090986986430968e-01 6.848364896199328200e-01
8.495440453093536792e-01 6.616218426035340716e-01
8.056857327196489393e-01 6.800019618514898667e-01
8.367928871211299802e-01 6.659017115613281579e-01
8.258377378775837441e-01 6.770338364600150260e-01
8.484820724760993027e-01 6.096270777699042132e-01
8.266018020429790614e-01 6.343872227517464157e-01
8.982123819598767378e-01 6.012370103520988662e-01
8.526804350947826405e-01 6.834957765257487772e-01
8.491270730529122401e-01 6.785881254779573268e-01
8.999658418943565774e-01 6.396685810422633178e-01
8.366130937849463045e-01 6.747588135757593975e-01
8.288415135694595648e-01 6.587271437802091345e-01
8.825649014620756683e-01 6.314863396659832206e-01
8.130548156262510373e-01 6.268703826375784383e-01
8.520233890896451445e-01 6.756063889144989787e-01
8.578163049220712821e-01 6.205769654243546984e-01
8.259544019732723008e-01 6.530960999576512771e-01
8.730561756129675555e-01 6.183178386258190162e-01
8.664420663298446623e-01 6.637948515646608927e-01
8.690107089361440718e-01 6.846623126647664037e-01
8.014961422811617275e-01 6.575658086516062983e-01
8.146691345837323572e-01 6.188443613679386335e-01
8.203194274950341702e-01 6.630403037104033448e-01
8.454240930156720069e-01 6.760070228229706490e-01
8.771271794060357951e-01 6.219098479347329178e-01
8.729892497864473189e-01 6.087509503344117334e-01
8.042314525738325504e-01 6.233062863122029729e-01
8.559293756491632710e-01 6.489777096936868439e-01
8.110411123402814226e-01 6.370198542340772541e-01
8.191850354455750827e-01 6.898426678184583771e-01
8.270549985256454573e-01 6.995946563421790998e-01
8.010916952462895368e-01 6.474054833778157825e-01
8.903327943592795890e-01 6.186295957686545055e-01
8.549117970543791412e-01 6.914905432373025240e-01
8.752500664803639641e-01 6.947718777570617288e-01
8.438963785998774281e-01 6.662298770720480601e-01
8.009922711811406915e-01 6.563516817606882547e-01
8.647397830787327822e-01 6.204362457997973923e-01
8.320960117412201651e-01 6.414112851376745361e-01
8.156212120828761902e-01 6.334248690957318129e-01
8.779240963185829250e-01 6.445720338945719607e-01
8.079595866677422578e-01 6.676866122278495297e-01
8.894207169634285037e-01 6.682784958236407391e-01
8.147190418108311016e-01 6.155504856364151234e-01
8.718283286680857946e-01 6.698987233244227957e-01
8.798386271018975302e-01 6.133714579410898260e-01
8.749430904158163047e-01 6.383920915497240944e-01
8.388633793769663116e-01 6.029694898450139728e-01
8.670107845265222490e-01 6.253962467747811171e-01
8.359023330510331196e-01 6.878705706748186044e-01
8.666025253237864545e-01 6.864439801679469433e-01
8.733413378582950415e-01 6.656700195495854899e-01
8.905114176495867451e-01 6.907049542394720909e-01
8.179422607341272355e-01 6.313904565369004018e-01
8.627635349886690896e-01 6.638388318219360373e-01
8.600091293637489587e-01 6.312158890344368167e-01
8.312878875588685101e-01 6.767293485111329776e-01
8.274364712372497266e-01 6.794267497772394915e-01
8.382135011370139832e-01 6.874508186268373233e-01
8.216082769304304811e-01 6.217464031532090596e-01
8.980385023740156125e-01 6.622483393235517601e-01
8.812722517845194004e-01 6.843111295310958520e-01
8.726525953156401005e-01 6.517055807661893407e-01
8.576946321303476894e-01 6.024112468466903403e-01
8.117965338344507176e-01 6.429440054519561798e-01
8.721638095052627326e-01 6.022552587169561766e-01
8.226314831004952755e-01 6.865771183634697961e-01
8.921208392724443437e-01 6.924543195219008407e-01
8.162165738904870738e-01 6.367644751099299505e-01
8.120763386374396653e-01 6.715256334440676822e-01
8.267758427024887169e-01 6.380902053504889926e-01
8.036198019335960563e-01 6.874198199967784806e-01
8.787669063233416455e-01 6.478305221954948623e-01
8.418317359723119786e-01 6.311866626522644186e-01
8.160615411914105000e-01 6.516937644837352828e-01
8.118466223586119357e-01 6.958477973203895939e-01
8.348449484427770129e-01 6.900004211654479080e-01
8.149656678642759333e-01 6.206567329726369042e-01
8.642270803074253438e-01 6.041039788195343707e-01
8.079907405704542800e-01 6.069915520577564561e-01
8.967808261541895254e-01 6.245613511035150722e-01
8.865317178001698162e-01 6.248612668361408495e-01
8.778747773353789974e-01 6.110851168819313450e-01
8.190530740031490842e-01 6.073334251458644140e-01
8.656402051931301189e-01 6.800260872574181992e-01
8.441068322523745948e-01 6.435373282013637786e-01
8.460233225707598503e-01 6.480511537050259729e-01
8.348343898599852597e-01 6.438526863379895326e-01
8.301762675524207991e-01 6.289478457950712365e-01
8.198145317154229561e-01 6.199499799583352289e-01
8.665105327049953399e-01 6.682320016901708293e-01
8.969310419238623044e-01 6.841711704892494694e-01
8.298639877263331854e-01 6.440956854623827166e-01
8.206481005038502863e-01 6.445882274716591143e-01
8.233641760592194103e-01 6.550369343145476808e-01
8.160674351645141877e-01 6.262581749358415717e-01
8.277763893315837063e-01 6.918239216088970522e-01
8.520689860704061536e-01 6.086850700112824697e-01
8.371549423891161412e-01 6.166970539145482100e-01
8.201716415316498976e-01 6.433245326219378946e-01
8.870700900065394690e-01 6.668833893233387933e-01
8.445760519039922087e-01 6.120853285255392073e-01
8.772385414035384077e-01 6.477972047173843340e-01
8.993270152946635232e-01 6.208768627355520930e-01
8.060979703979003208e-01 6.679767450641139748e-01
8.686700806911499262e-01 6.139232237788179170e-01
8.022723591832104928e-01 6.955533704510640236e-01
8.781751705613454195e-01 6.072888311132107475e-01
8.984599671999118353e-01 6.091678297165220579e-01
8.251300245638704123e-01 6.319943891941717240e-01
8.375169945454371545e-01 6.943054996809968626e-01
8.654759347768168354e-01 6.683515635110353070e-01
8.617257813684726653e-01 6.505922950652461845e-01
8.649183187390780958e-01 6.526774718580625745e-01
8.393202273746901421e-01 6.642159004919163667e-01
8.010589504973117947e-01 6.736228430042592308e-01
8.504005724307054370e-01 6.040407566108736415e-01
8.070649519280744810e-01 6.512578463136178275e-01
8.421425545763292497e-01 6.483816420407518821e-01
8.798668247421983502e-01 6.093736916941859816e-01
8.293730025388599270e-01 6.586964212358176196e-01
8.663885306835028555e-01 6.859019936279440177e-01
8.138399402040839004e-01 6.880161538795881437e-01
8.942894511150106807e-01 6.808839730173240623e-01
8.458826274153561364e-01 6.466137686556112651e-01
8.494140728172305810e-01 6.285400844120314634e-01
8.759961355331514765e-01 6.308822015154156304e-01
8.036937039729987742e-01 6.233378033351304470e-01
8.828906435259835650e-01 6.041086508398771926e-01
8.751362196727123788e-01 6.545760150420248946e-01
8.753175824593251164e-01 6.415158720653675317e-01
8.679728321062398777e-01 6.229989646179914242e-01
8.118306748372663417e-01 6.150936588181215026e-01
8.509957348230923202e-01 6.611886537529949592e-01
8.908159789224303626e-01 6.828159983541259859e-01
8.431371935248567207e-01 6.749200622922820747e-01
8.454862507045634024e-01 6.532370202367066003e-01
8.913004544339714341e-01 6.867471495647332613e-01
8.229361129270185149e-01 6.644810825830722578e-01
8.507117246182898107e-01 6.219617361404174982e-01
8.880399435855064194e-01 6.675253289149283287e-01
8.411131185629596718e-01 6.629313445607512012e-01
8.736851813169594916e-01 6.672297492593681767e-01
8.989980327853221986e-01 6.959485637258844282e-01
8.101607963529549039e-01 6.663410112713423761e-01
8.287783436000920601e-01 6.577780643904250768e-01
8.314549214739338501e-01 6.717389402308153734e-01
8.460861982488059319e-01 6.817801419969904408e-01
8.553510529644589022e-01 6.247280752963703110e-01
8.548335155871243929e-01 6.288097018633158619e-01
8.599548572735583596e-01 6.519125233576530398e-01
8.781245381852682552e-01 6.764576230589349759e-01
8.156070366373193714e-01 6.700736525248494058e-01
8.669470824658374042e-01 6.869835627461469141e-01
8.667343682132619964e-01 6.629396528710902459e-01
8.782434716012699205e-01 6.593007634621532720e-01
8.739366223999198713e-01 6.025348693204779504e-01
8.905398892523903598e-01 6.244144856850974978e-01
8.594432865060943616e-01 6.913973890787864507e-01
8.464056801872282820e-01 6.586262388337325024e-01
8.249913166807548714e-01 6.452626321907284357e-01
8.646516030671387298e-01 6.939466751436313974e-01
8.804089905431811136e-01 6.262078065369105495e-01
8.766978794165050104e-01 6.706938233143173722e-01
8.645304858302893525e-01 6.316008677019726569e-01
8.127987374004745913e-01 6.493946810738235875e-01
8.090555598118674974e-01 6.458616536872325842e-01
8.892559242627440241e-01 6.116109146766328664e-01
8.876886543224427051e-01 6.932385842299172429e-01
8.703445975870076623e-01 6.730600801914783382e-01
8.374978203345421202e-01 6.336847758602084379e-01
8.201294365401167186e-01 6.474214705554017790e-01
8.409887011856915784e-01 6.824106079238857481e-01
8.837874348252907630e-01 6.648720127137499603e-01
8.283269565204216534e-01 6.370425399556713941e-01
8.528493856593315492e-01 6.310971107729241858e-01
8.449212577023946791e-01 6.084181374077908266e-01
8.447426735199932146e-01 6.841018937244198739e-01
8.837166995292867755e-01 6.031528282378266770e-01
8.669338464657856402e-01 6.083117064832459508e-01
8.656349305976156483e-01 6.188360685808736994e-01
8.774506713678573711e-01 6.806878102347764248e-01
8.621169157246865167e-01 6.144693666441891633e-01
8.297938614333794094e-01 6.634601733806562152e-01
8.956526418516805865e-01 6.036721921391086099e-01
8.065276967944645659e-01 6.527336848251150681e-01
8.868345459277855447e-01 6.693141472788628477e-01
8.184650769153601901e-01 6.373982098362047655e-01
8.761407886422899471e-01 6.772297342798341280e-01
8.942736819222371070e-01 6.198668493818109138e-01
8.962281539224941085e-01 6.607558102538714229e-01
8.662322019150431318e-01 6.310369529040860126e-01
8.736214646637701087e-01 6.245936385159140958e-01
8.167408024877935713e-01 6.726944604177573783e-01
8.612542050649608649e-01 6.563957632293757616e-01
8.597660188981104401e-01 6.306734111599253678e-01
8.650326154124476918e-01 6.692379362907366902e-01
8.155260928622813932e-01 6.624077141229981480e-01
8.083215753623115285e-01 6.920087331596516123e-01
8.973830879403741356e-01 6.792044826588292672e-01
8.310601732352972393e-01 6.095136747851932491e-01
8.528613333778339856e-01 6.612984717708735305e-01
8.531838279810954884e-01 6.565334428126294863e-01
8.249217435413518373e-01 6.051645879841720532e-01
8.188524866711719419e-01 6.357207795677143336e-01
8.420109577969928649e-01 6.547880082773798183e-01
8.253771428585574554e-01 6.998343469410807094e-01
8.773702222337124157e-01 6.480260920391553991e-01
8.936038884032265761e-01 6.244139024909268754e-01
8.801018599066512405e-01 6.377669986355718468e-01
8.671859542744138061e-01 6.020611189717982592e-01
8.868994108954526556e-01 6.429110486887966713e-01
8.044684672530705294e-01 6.158473572998111045e-01
8.914155913138119836e-01 6.322884285137451155e-01
8.820668907129698422e-01 6.139738184139015287e-01
8.711728649321126561e-01 6.193916996217800897e-01
8.465713607535125806e-01 6.846870517830396796e-01
8.492179826048449343e-01 6.764179085525666713e-01
8.131700370509578057e-01 6.760307321087206667e-01
8.329309179375568029e-01 6.584593909538480894e-01
8.345496181468159413e-01 6.796400599316936297e-01
8.698589314713690568e-01 6.757885143269125594e-01
8.354608835600008110e-01 6.301276494750045476e-01
8.936513178405909308e-01 6.302058508500388845e-01
8.026310308153790096e-01 6.846340510665058776e-01
8.227070903996798190e-01 6.256739902342280946e-01
8.281773721796774623e-01 6.078326555499008466e-01
8.251301849405342503e-01 6.964038840133506270e-01
8.797424337303896280e-01 6.913752209639607571e-01
8.458658673118293336e-01 6.260970056079806501e-01
8.719704485149356588e-01 6.208893008340057307e-01
8.387787824898031985e-01 6.147138273657031249e-01
8.670212461232003065e-01 6.751877505922357914e-01
8.545300952170042930e-01 6.430443612551908217e-01
8.802163825835158661e-01 6.387532925512477977e-01
8.608320559292822471e-01 6.162694807515882722e-01
8.818226912338960055e-01 6.591445711019132681e-01
8.833091700075503816e-01 6.553629383784805862e-01
8.508830201840482665e-01 6.971447242919577292e-01
8.043111063661083637e-01 6.474404379451040858e-01
8.986818807399912235e-01 6.534838955226904833e-01
8.615048094347559360e-01 6.293457894894891602e-01
8.798328373406631986e-01 6.930315304080558736e-01
8.265719133005582364e-01 6.263412119914961718e-01
8.765380158821254319e-01 6.910270660117550090e-01
8.155198212719194650e-01 6.611799983778936518e-01
8.617420606585460829e-01 6.399079618879781606e-01
8.506798962950722354e-01 6.615784538855575825e-01
8.596888919250327277e-01 6.715367694738207938e-01
8.700294874687487523e-01 6.047980307185811810e-01
8.917371439910741771e-01 6.596443264350897451e-01
8.756643338163671020e-01 6.255110731268891389e-01
8.944809904655288690e-01 6.389893707153176949e-01
8.835993473867957970e-01 6.598799266840641442e-01
8.140833925584693986e-01 6.890793560082375535e-01
8.355492319443460492e-01 6.361204239706942376e-01
8.300032356441631176e-01 6.391769804337545935e-01
8.038327571976477959e-01 6.227842932942557752e-01
8.517090218380206634e-01 6.877170441881648166e-01
8.413977506742797985e-01 6.390439920942765362e-01
8.574496120986671022e-01 6.809005281890534444e-01
8.554128874842852337e-01 6.418848105839927154e-01
8.387591811373135142e-01 6.426580695203525373e-01
8.732023485651756456e-01 6.997403034252848153e-01
8.420052322740867456e-01 6.212559264517742985e-01
8.847456475912355289e-01 6.755356691553364712e-01
8.005643566060837157e-01 6.109505675011674963e-01
8.812010122737499174e-01 6.237174161710432596e-01
8.802502658036257532e-01 6.650402436355171698e-01
8.770265817742129988e-01 6.671742666221579521e-01
8.880316527036412610e-01 6.517925571905760496e-01
8.626653337106247044e-01 6.214699145416813231e-01
8.886279736526708772e-01 6.092921823771997314e-01
8.460005704123938486e-01 6.550411940609466299e-01
8.653566748165202327e-01 6.083944047909257691e-01
8.096608266098483941e-01 6.554673794377947615e-01
8.777035118313786244e-01 6.121848252574673133e-01
8.694584232612787567e-01 6.486138770224967320e-01
8.179797430900529465e-01 6.657972465912038729e-01
8.471507107128151137e-01 6.111587722877740436e-01
8.401420801002429384e-01 6.483024415502708360e-01
8.328908037934615871e-01 6.309804749808780588e-01
8.075434799311415057e-01 6.156060677434260775e-01
8.171541389411901557e-01 6.235455840662709193e-01
8.961626671764335583e-01 6.475046531901256230e-01
8.452304232470733147e-01 6.494960680692700716e-01
8.421264882187207146e-01 6.672197312036054484e-01
8.736548604498100001e-01 6.011720380814969955e-01
8.781683993072197936e-01 6.961980262521646479e-01
8.987800738612348184e-01 6.608872334689244177e-01
8.615691409887944463e-01 6.487484296358230207e-01
8.239361166821836946e-01 6.888142146897462403e-01
8.966323800327631321e-01 6.305561627531224289e-01
8.668893311707820404e-01 6.650731355473802342e-01
8.559815420576359912e-01 6.604498004294552249e-01
8.887836748931772224e-01 6.255848515285850064e-01
8.959229105805535109e-01 6.575143304021850987e-01
8.063890444030230586e-01 6.112830240115820768e-01
8.404702454966836989e-01 6.390684374501267584e-01
8.383191470676771839e-01 6.041413852258112893e-01
8.585976191153841253e-01 6.227675878859528780e-01
8.821894278812039136e-01 6.418045867896731149e-01
8.456744453788390681e-01 6.698109386400173948e-01
8.596864381997288973e-01 6.695716839984315882e-01
8.287434837123351938e-01 6.609849636291997843e-01
8.301166771038643866e-01 6.031914586332978168e-01
8.880223870506245287e-01 6.150555540242159669e-01
8.055461356180771970e-01 6.157000556691578641e-01
8.876036984178238276e-01 6.741268033934814108e-01
8.742525395148148526e-01 6.072779507492014339e-01
8.302477621291040055e-01 6.062016377110053256e-01
8.407353062518259090e-01 6.436491191628412878e-01
8.467396942980072172e-01 6.149382782138537173e-01
8.525988704183901090e-01 6.354319063630392561e-01
8.648173751163629186e-01 6.751907540714041644e-01
8.836285155993043317e-01 6.815953286213551898e-01
8.828770146709870037e-01 6.074924180571644738e-01
8.859269366147612956e-01 6.453384186280960444e-01
8.884498862488238169e-01 6.666232641658418334e-01
8.796944055715103516e-01 6.764195239870143261e-01
8.437780497528458712e-01 6.313454256816328769e-01
8.519672692854496354e-01 6.072282578198644476e-01
8.736277911408873997e-01 6.298722440024684399e-01
8.973478208345828655e-01 6.464581430086679958e-01
8.079899973672073354e-01 6.819307384939803374e-01
8.730871863119400444e-01 6.278059477480220085e-01
8.330850888107222962e-01 6.921997933669921110e-01
8.524192202772726823e-01 6.537459215719172434e-01
8.378706713759324076e-01 6.837785584048119425e-01
8.508423586708770969e-01 6.313544360162264280e-01
8.586093700000216877e-01 6.411011207471107864e-01
8.503206447214908259e-01 6.869418944901348745e-01
8.739244188879393693e-01 6.310370714725586083e-01
8.381983680047050411e-01 6.339519155823828411e-01
8.848169932463139098e-01 6.056497678688672615e-01
8.092409478783245680e-01 6.553516680667050842e-01
8.167104459253508031e-01 6.895492061561417918e-01
8.316615650661205450e-01 6.988081818858838945e-01
8.514466282349130166e-01 6.417560636559556109e-01
8.266341900620519656e-01 6.552433696905775040e-01
8.671860792734686907e-01 6.916395388297855717e-01
8.546679903854814686e-01 6.416246077304402773e-01
8.254701090640786942e-01 6.703424008274765367e-01
8.510368180806352489e-01 6.140503622282058593e-01
8.731940897932998213e-01 6.523094256895854981e-01
8.737058850513456099e-01 6.884185893249943344e-01
8.797127132524066306e-01 6.546654444304320641e-01
8.872533158722908375e-01 6.135899079566724534e-01
8.764385513818612194e-01 6.585986074136823687e-01
8.198540496284003609e-01 6.572976374351074957e-01
8.235158165473567271e-01 6.806274343340423805e-01
8.147966746641754909e-01 6.421431752276232086e-01
8.183408992056308007e-01 6.326870595185523083e-01
8.298732833932420672e-01 6.109506575693977037e-01
8.875061012405368599e-01 6.823312726255998939e-01
8.545021644055021959e-01 6.804168985473127984e-01
8.267210691303422676e-01 6.695165852039113297e-01
8.395165343016705028e-01 6.027001668639144771e-01
8.489271572180401293e-01 6.220718862858238829e-01
8.665207832884587180e-01 6.242706936213249236e-01
8.242440029929318790e-01 6.415638265504144400e-01
8.544436475986951773e-01 6.805117388924973865e-01
8.221512776332010608e-01 6.451765083153619962e-01
8.153874174116740869e-01 6.136807998012352439e-01
8.269021491001302682e-01 6.438549126974566494e-01
8.913899071387483275e-01 6.989287923226494836e-01
8.465090909976459299e-01 6.494005715821314917e-01
8.443362286688695928e-01 6.692603975330773114e-01
8.718166261035029674e-01 6.813269661524898879e-01
8.861131307813641111e-01 6.649881244174183914e-01
8.527814891226108696e-01 6.719530660928323407e-01
8.361405379226158896e-01 6.687514752035836896e-01
8.532020932647099709e-01 6.751216234507277925e-01
8.478801762239942530e-01 6.465137896111867732e-01
8.900243467425363875e-01 6.329026579576269018e-01
8.819494618926788654e-01 6.098028860889701530e-01
8.775119222098007876e-01 6.610791492446093098e-01
8.722670764741595750e-01 6.518173687382715631e-01
8.521062534799210830e-01 6.920528592657845257e-01
8.614337716889156615e-01 6.679541824543582251e-01
8.257018513037833740e-01 6.241902959125870121e-01
8.206909627532378293e-01 6.287705155392280254e-01
8.876277183379863711e-01 6.572577574754621121e-01
8.075735996556181462e-01 6.226451569921064300e-01
8.247950480441705867e-01 6.034962015234998089e-01
8.784161266041272675e-01 6.236536625602429051e-01
8.198548868907713505e-01 6.133976280734563247e-01
8.748427255569457550e-01 6.220070763710745521e-01
8.406832633524174980e-01 6.595502863039874875e-01
8.946095457514858795e-01 6.787348541526521117e-01
8.404145823714922470e-01 6.848246649097393668e-01
8.057958980585334663e-01 6.512652022600121660e-01
8.758384613631614579e-01 6.293573015815604466e-01
8.712653603754803022e-01 6.561647054357060416e-01
8.968703572013319025e-01 6.306003942717443023e-01
8.388690010755550652e-01 6.858350450922389152e-01
8.827569898747704702e-01 6.612138105421325740e-01
8.457299771325619275e-01 6.727815357634306936e-01
8.298820886305179334e-01 6.891027236181908044e-01
8.611061079570020427e-01 6.109904785852033893e-01
8.396424527656887182e-01 6.095763458559149139e-01
8.811212324593655776e-01 6.200078627683975885e-01
8.243669742057458949e-01 6.462908219312567537e-01
8.763512600967335864e-01 6.648755837534928714e-01
8.622577148215411214e-01 6.967722902110586869e-01
8.386373024493569694e-01 6.347495174246388094e-01
8.041999612039973933e-01 6.233946752542022240e-01
8.436196313120278845e-01 6.893945806753833949e-01
8.135531770955459763e-01 6.405074004435942214e-01
8.210881366754361199e-01 6.870458056112835887e-01
8.970074745479847955e-01 6.397301201603754484e-01
8.120645967980879565e-01 6.900871491088125254e-01
8.202397488326708119e-01 6.575949133776627376e-01
8.717751157871764800e-01 6.233192118346362331e-01
8.823163244830525276e-01 6.019289018469888841e-01
8.488257008107865653e-01 6.981583361507393004e-01
8.685068714198065365e-01 6.194257904251951885e-01
8.584177533789468795e-01 6.682599800932628176e-01
8.882588417164472006e-01 6.796931602731881572e-01
8.854652353373095863e-01 6.820327968103395699e-01
8.761611668941249320e-01 6.204703111601408416e-01
8.393140977204907038e-01 6.115066706404211905e-01
8.183205917308942201e-01 6.667224223419818685e-01
8.414176780262414557e-01 6.322270721612299749e-01
8.523225625061340294e-01 6.149660466373312318e-01
8.373130158970478742e-01 6.236363671089237837e-01
8.078013046961690646e-01 6.404044199497450629e-01
8.660381291998637820e-01 6.638690697849332079e-01
8.647344375282556284e-01 6.516638533243863662e-01
8.568003066650680122e-01 6.376226235515940477e-01
8.012784466029968522e-01 6.032864649263898205e-01
8.229719792788843247e-01 6.828096371119516395e-01
8.373970491198539090e-01 6.706951193391533783e-01
8.548508498332335614e-01 6.395255393779440967e-01
8.199625594086737967e-01 6.573763435841861735e-01
8.141439544451049004e-01 6.695905911074860883e-01
8.341695651816942725e-01 6.269822156855007211e-01
8.341664781125270878e-01 6.524183198954907059e-01
8.602708589581098408e-01 6.307419757986441056e-01
8.449293346733178778e-01 6.140354224120190274e-01
8.954919221814043873e-01 6.522774720055946052e-01
8.771898161261145743e-01 6.118931064510924056e-01
8.475612162046715081e-01 6.689315827105491996e-01
8.812802761271366636e-01 6.756563850111247937e-01
8.818579576849262525e-01 6.090293504792612111e-01
8.953314157202332257e-01 6.736029684883433344e-01
8.414683487505689730e-01 6.309348599340347530e-01
8.135437628721370329e-01 6.799651324785994655e-01
8.307204727038852710e-01 6.321870262385721473e-01
8.869792041084749723e-01 6.107197161587782919e-01
8.667064289873527283e-01 6.200140493575072576e-01
8.209586858250016439e-01 6.100755535218748138e-01
8.682499398201143359e-01 6.004467145810128414e-01
8.929659258985613857e-01 6.310436735848969914e-01
8.042771990695524176e-01 6.324658637575342190e-01
8.558796310236229665e-01 6.797449263558368315e-01
8.267584596022141685e-01 6.379559221091136711e-01
8.215853822397005679e-01 6.549159005493347951e-01
8.107067208251725887e-01 6.425848210565967555e-01
8.482779401836082478e-01 6.435080355089131121e-01
8.103148907541199986e-01 6.435724296072942163e-01
8.671231348025347785e-01 6.300339840440802863e-01
8.059767101463624073e-01 6.054555603954182574e-01
8.759674923163400795e-01 6.352138174625125977e-01
8.513735674081687188e-01 6.135341409790922018e-01
8.011963867340183842e-01 6.166572078870278251e-01
8.756925756151715534e-01 6.562500454215401957e-01
8.845820494107017318e-01 6.885442426401687799e-01
8.889176964834827332e-01 6.715094186797225806e-01
8.621361960877500508e-01 6.335181048135349879e-01
8.128789064428352251e-01 6.386204722165977898e-01
8.963630700910681925e-01 6.040721018570496259e-01
8.210264617797385922e-01 6.185456275473322219e-01
8.644342448512880583e-01 6.644560478115720814e-01
8.069474842075569088e-01 6.154275143256502378e-01
8.725142690265218492e-01 6.451038619735267599e-01
8.882452952545578651e-01 6.247789949955764310e-01
8.844536834575503770e-01 6.102210201415574353e-01
8.332655917087044006e-01 6.237647348560326765e-01
8.886296461720145645e-01 6.826975417705281046e-01
8.498005416187011107e-01 6.911160752993620315e-01
8.503286903190937496e-01 6.091375671717849105e-01
8.042173742285334548e-01 6.359300398548819455e-01
8.034698394079581307e-01 6.611387679506174342e-01
8.306432880965499699e-01 6.356312974107856117e-01
8.689375923709017346e-01 6.967195959418863715e-01
8.276312011342825681e-01 6.170360521743774029e-01
8.218079117324138538e-01 6.672956719364324663e-01
8.952093667695864010e-01 6.651339835112419774e-01
8.983287846062806281e-01 6.537307962008481743e-01
8.959600816280487434e-01 6.350970355683677182e-01
8.388549378507382803e-01 6.393473217573706346e-01
8.808753730578644525e-01 6.357382904055064454e-01
8.088333098363292839e-01 6.587917850408904208e-01
8.870503872919945909e-01 6.235874550105988678e-01
8.492062627389764806e-01 6.349111444623889433e-01
8.786161131736294205e-01 6.899389516169908143e-01
8.660128614744083686e-01 6.817335440114101752e-01
8.650100369569861947e-01 6.379174387473411922e-01
8.044631573661675805e-01 6.747626364096593887e-01
8.917986873802685732e-01 6.477983876964859000e-01
8.581381298819135139e-01 6.858059770682687351e-01
8.546124377363637503e-01 6.877769404338837100e-01
8.378399881106949332e-01 6.823650800916010173e-01
8.543572232202953920e-01 6.819454328066322235e-01
8.363775482591679911e-01 6.322887992543385627e-01
8.135718155930553586e-01 6.582217730618056262e-01
8.145376110069175724e-01 6.649587608876610378e-01
8.540245394767522757e-01 6.324709400488250921e-01
8.995164497964697192e-01 6.038855019961152371e-01
8.913242773222161963e-01 6.652544020677269021e-01
8.685218287277864935e-01 6.084236478805324921e-01
8.832595485308232242e-01 6.836100480054428941e-01
8.179361911981539723e-01 6.625450725710320121e-01
8.325518212503545401e-01 6.864947223475742488e-01
8.966198219887195897e-01 6.346337315579088090e-01
8.482143089615028497e-01 6.725847130483313396e-01
8.267293216730549066e-01 6.631281280263723321e-01
8.629220544863122067e-01 6.304953701767943564e-01
8.043380293369942757e-01 6.227261274624609211e-01
8.118945114529385609e-01 6.462208812028334970e-01
8.913343293167498294e-01 6.865824337261201560e-01
8.345801046087124586e-01 6.556792473275119271e-01
8.074306425367133722e-01 6.312267909271345179e-01
8.637911500450240476e-01 6.673070919883468122e-01
8.998212397040388222e-01 6.486826985941619439e-01
8.925722262795292572e-01 6.042085893771276250e-01
8.610062633723539749e-01 6.551581570763909124e-01
8.120237974234987277e-01 6.132202359932203972e-01
8.093704687401044318e-01 6.437054810751634548e-01
8.600779694086948535e-01 6.279566238298663894e-01
8.650225559891571159e-01 6.620332219419384767e-01
8.065566309383405130e-01 6.501670633435947533e-01
8.916241626905343498e-01 6.508542787893535353e-01
8.187784992551498942e-01 6.477716373902824287e-01
8.071208592473074761e-01 6.898418262301189152e-01
8.925985723454760157e-01 6.846126061117252526e-01
8.626994596756722977e-01 6.360351606138288094e-01
8.052087647124317460e-01 6.601381252827562829e-01
8.240340116914135482e-01 6.733165204711231144e-01
8.396552199013312956e-01 6.016763162793612452e-01
8.043900570782528403e-01 6.379448222228891741e-01
8.928177953805441769e-01 6.675817698668975453e-01
8.402660564476419625e-01 6.898510635627155274e-01
8.017546957656653817e-01 6.986070682537117715e-01
8.738239323916702217e-01 6.213053998500930319e-01
8.979432274195400243e-01 6.386803250747505878e-01
8.746344303231743389e-01 6.623431867870672729e-01
8.653923867673991577e-01 6.163645257197848393e-01
8.182646365151865497e-01 6.596786414480417804e-01
8.900841778824737371e-01 6.028434015079706665e-01
8.973042874310204198e-01 6.272718748751309192e-01
8.719275239471545591e-01 6.871078896380991008e-01
8.893548465127222302e-01 6.697857274853399323e-01
8.091142897678017532e-01 6.197272937615364574e-01
8.974793622978476382e-01 6.907561815523953763e-01
8.620976248025247202e-01 6.602608323357983533e-01
8.953153121463582886e-01 6.231691732859871991e-01
8.360716297318921963e-01 6.902834527473752368e-01
8.240391790597165755e-01 6.451075373565089421e-01
8.648236632527190881e-01 6.980389849621850828e-01
8.063936596943046542e-01 6.928732390982402789e-01
8.690551858033075394e-01 6.118904831441376313e-01
8.561377648806460794e-01 6.651813589226230894e-01
8.741719264282721280e-01 6.380555417706592625e-01
8.760089943246055499e-01 6.092328716524681997e-01
8.232716129292475538e-01 6.273415901656499427e-01
8.862026077203962737e-01 6.618922878194939408e-01
8.989005983442457381e-01 6.431039099940707437e-01
8.780518843362643544e-01 6.192008152283203781e-01
8.182166819299191429e-01 6.514680775760275377e-01
8.461187040559519090e-01 6.341749178703103285e-01
8.616371406641927244e-01 6.134743983689081581e-01
8.441188153774090708e-01 6.591829320525053326e-01
8.936552971438791459e-01 6.365893027727518305e-01
8.007074307932298129e-01 6.499324744336127946e-01
8.942437106417884252e-01 6.838210691336222835e-01
8.015231341263445719e-01 6.614222651548821164e-01
8.449724967153361410e-01 6.228356159975281248e-01
8.076667151712271231e-01 6.600672617591842872e-01
8.626162063566141791e-01 6.751299993906786368e-01
8.418769940976916777e-01 6.941407928336742472e-01
