8.049542482853007108e-01 8.662526474771613527e-01
8.001368822081603716e-01 8.971536855144732758e-01
8.001962443366230637e-01 8.994947963024367832e-01
8.473771179506665030e-01 8.584478750774828804e-01
8.091314482260784091e-01 8.717302816333116766e-01
8.002434663462894004e-01 8.974216848185987416e-01
8.355995304164092197e-01 8.980353486432056664e-01
8.018061964446199230e-01 8.820607347653286467e-01
8.050857170098713045e-01 8.971048402687133994e-01
8.126042018890866636e-01 8.910944738876347415e-01
8.503499424478226931e-01 8.924597156506468565e-01
8.089652667125925012e-01 8.738001670825977785e-01
8.928249336331712804e-01 8.980235965464714587e-01
8.044826696066488259e-01 8.850867131064844573e-01
8.369029362435308483e-01 8.942779627668371312e-01
8.200378653147362140e-01 8.502062198012252381e-01
8.217643635830281790e-01 8.974122112076874380e-01
8.140573867805962482e-01 8.871718895513718284e-01
8.564795036794343730e-01 8.908068138372410294e-01
8.219370648884782860e-01 8.985872754780507288e-01
8.494245800049302630e-01 8.834411515738420650e-01
8.224002187893107996e-01 8.933606413866965745e-01
8.283182849455472674e-01 8.627871612635171772e-01
8.249224518791304916e-01 8.864386698268839071e-01
8.056231256499095661e-01 8.947593329884593327e-01
8.082552498353340331e-01 8.850521899761704114e-01
8.250192122982288323e-01 8.934377425451811572e-01
8.141920955868955367e-01 8.761251043213472700e-01
8.292414701790470355e-01 8.805694257631645483e-01
8.122932206142376987e-01 8.939452510855276923e-01
8.117977377812088946e-01 8.876840627327056144e-01
8.370816815575060632e-01 8.500822924661699531e-01
8.456825939021096472e-01 8.023433886903112988e-01
8.083624900414168035e-01 8.798050318477529386e-01
8.162501381903242148e-01 8.876834563214968110e-01
8.262985409994980657e-01 8.284273240488480017e-01
8.058801960786550200e-01 8.687645812630910847e-01
8.039713602510982771e-01 8.304632051583192842e-01
8.444349889471367554e-01 8.689916758741461633e-01
8.264616753415013894e-01 8.410721729357355514e-01
8.387534562602769750e-01 8.887239148656609355e-01
8.059438296948020497e-01 8.577839352110172566e-01
8.389790250244220093e-01 8.864779686606882869e-01
8.028249774886703216e-01 8.773118022121751958e-01
8.224026830719495251e-01 8.766927955364318681e-01
8.323580665818123281e-01 8.906978249989846441e-01
8.319653346800672811e-01 8.946409814603345501e-01
8.262044547685818419e-01 8.827799706625807374e-01
8.114902470206559748e-01 8.872846976807093888e-01
8.288455135619325898e-01 8.785993233093983834e-01
8.339677636062714505e-01 8.919648675875557764e-01
8.272860146223974809e-01 8.929830403608536304e-01
8.195018399266877918e-01 8.950637356311335058e-01
8.360028980650335839e-01 8.812060469234439530e-01
8.147468011863419068e-01 8.689797453334807686e-01
8.107915485759458196e-01 8.837927078101394107e-01
8.138201938992326578e-01 8.880102796398822163e-01
8.125938034960967782e-01 8.450587153416078134e-01
8.088080308170751964e-01 8.498194035835887616e-01
8.328536957556567089e-01 8.797181325220979620e-01
8.785283534562210450e-01 8.612661892321247237e-01
8.139264254529541276e-01 8.875985067214067215e-01
8.050359096472623488e-01 8.879837482981725039e-01
8.467516996298551923e-01 8.978307494706836422e-01
8.731158377363418266e-01 8.618668711360103485e-01
8.726310749005879996e-01 8.293213302794228969e-01
8.682180066604272550e-01 8.630655829452639205e-01
8.599151863072722612e-01 8.481872166272451663e-01
8.671803654520521265e-01 8.222019114281784447e-01
8.615158480163211951e-01 8.386558653351999792e-01
8.876050425628849716e-01 8.437690000935192947e-01
8.637604818798834128e-01 8.115208161008560239e-01
8.593891148046760575e-01 8.878785897988908937e-01
8.198043153297771557e-01 8.272109377866767588e-01
8.856008797427085133e-01 8.721903048144243886e-01
8.497611793993489204e-01 8.259505233400661339e-01
8.798765688258596285e-01 8.993629281672065323e-01
8.990765785714077696e-01 8.493406926912787647e-01
8.017062329250533859e-01 8.521010719572943426e-01
8.645824790137648375e-01 8.166678742271403779e-01
8.433621809410618564e-01 8.997478673207525146e-01
8.497554807405859334e-01 8.600823249041327223e-01
8.493621840733115436e-01 8.237845807013975952e-01
8.184158228871830643e-01 8.832533185075152060e-01
8.415849136378703577e-01 8.121578233423543125e-01
8.649799692407469376e-01 8.695292059418736619e-01
8.849566162874410447e-01 8.169769156147147493e-01
8.342013033487629681e-01 8.218810069665197782e-01
8.549284515844826071e-01 8.918105460476134505e-01
8.814610557293351967e-01 8.109115217916121887e-01
8.466111822260155018e-01 8.577422684115033613e-01
8.527296487655450230e-01 8.495940472908365404e-01
8.584759229230123356e-01 8.384046933491174913e-01
8.338043014733127478e-01 8.738981367617739693e-01
8.025475990635658752e-01 8.731403081269040189e-01
8.394583173578783475e-01 8.958119857875850300e-01
8.624224116096004256e-01 8.395993929558529523e-01
8.962609266400642927e-01 8.479801234378786523e-01
8.988380629280370293e-01 8.079686371880759888e-01
8.373049346097570789e-01 8.427804100954753297e-01
8.982005200514171506e-01 8.764484087293458181e-01
8.674648910026349080e-01 8.556041681765987894e-01
8.474333271781107069e-01 8.210127604036127069e-01
8.809859354279971910e-01 8.737652492681337035e-01
8.989449764375856411e-01 8.113928314931672103e-01
8.783325806529170832e-01 8.357615655942700617e-01
8.101317995310710618e-01 8.898516077681919434e-01
8.789130589469454913e-01 8.448231031914958944e-01
8.527337541521859965e-01 8.689261736565738747e-01
8.803612208126155858e-01 8.867607667595647225e-01
8.806690635286740232e-01 8.031843771526805398e-01
8.809541685745774231e-01 8.012191669123387427e-01
8.821117125127265757e-01 8.714439067639073722e-01
8.081239588001085661e-01 8.240752818601764229e-01
8.751718652635261941e-01 8.319606256181395487e-01
8.755339941346751420e-01 8.685768346052240574e-01
8.512137648808808521e-01 8.023438038590309240e-01
8.777286544885585240e-01 8.413476450259680384e-01
8.488701483794971470e-01 8.130613095842743610e-01
8.684911666990553503e-01 8.744956818428156753e-01
8.637311155693747633e-01 8.892357283215651664e-01
8.348082236118263832e-01 8.067273427211362202e-01
8.641033002062536994e-01 8.128653084946484420e-01
8.797039229838397034e-01 8.035462400125109594e-01
8.646390188346139150e-01 8.126522810505317773e-01
8.868104810468065979e-01 8.728937056781073123e-01
8.825760142721023049e-01 8.322552965759589805e-01
8.773958831974149053e-01 8.709196093069527800e-01
8.296652169724458847e-01 8.327656149505620053e-01
8.693233210054839288e-01 8.163212158479428160e-01
8.234970270980175311e-01 8.842348359108754829e-01
8.828852728700493646e-01 8.783948307151386858e-01
8.315700514438478796e-01 8.482797780765241047e-01
8.074874758625462112e-01 8.952591779052080367e-01
8.269563736346918770e-01 8.222493679815932044e-01
8.174022906608675587e-01 8.262524444881352848e-01
8.796144985305349717e-01 8.217265980872285880e-01
8.343065530931775831e-01 8.624321005211346147e-01
8.558797738884323936e-01 8.256252050242475216e-01
8.637256740539834832e-01 8.937610165232865445e-01
8.578502704910074828e-01 8.583878890005637308e-01
8.795357386578730452e-01 8.394510552914475898e-01
8.317921523547084917e-01 8.081278090599830488e-01
8.591656722499984022e-01 8.373535666310359948e-01
8.481976791092821211e-01 8.485783610737085425e-01
8.955822365862207146e-01 8.098928194334061859e-01
8.521868661418922075e-01 8.857577230959381431e-01
8.725482396262305151e-01 8.491300141444584337e-01
8.336745220386975186e-01 8.704277926753253292e-01
8.327258828568893101e-01 8.170847598777164489e-01
8.642420064552146508e-01 8.611556773387105679e-01
8.649623658039465868e-01 8.089024979503667279e-01
8.219488633639648878e-01 8.161684302847891370e-01
8.990814401624055430e-01 8.970880620876281464e-01
8.558104740876411043e-01 8.975645998836349060e-01
8.091710871347476131e-01 8.078884729999601388e-01
8.521193518281063861e-01 8.182234739619542729e-01
8.677041291985871929e-01 8.676308898044734486e-01
8.863252580012465076e-01 8.228951798152746022e-01
8.380237549367840488e-01 8.701382366499749166e-01
8.147194024493562559e-01 8.519105777921025524e-01
8.114874088483229331e-01 8.802362459411867679e-01
8.430542274891413834e-01 8.248091523744579545e-01
8.563463789415722838e-01 8.203362476864608510e-01
8.792840665922492249e-01 8.148505946464079663e-01
8.031861585061413900e-01 8.715071341936531102e-01
8.454553837729982257e-01 8.006868242994117368e-01
8.356988304176907745e-01 8.133340825023369636e-01
8.638867651068733444e-01 8.842309764424275409e-01
8.637420775904132153e-01 8.489687314514928751e-01
8.922273640223656876e-01 8.590112329089013565e-01
8.254550643970663959e-01 8.658130337046173741e-01
8.145871509789067710e-01 8.428899599850578905e-01
8.146273133323633786e-01 8.386423804110845204e-01
8.275358815405259305e-01 8.054935114984983491e-01
8.329553511874366878e-01 8.807791426190835216e-01
8.360528807081241132e-01 8.107771479078291765e-01
8.456572382397912202e-01 8.116482467701913173e-01
8.145809898627088819e-01 8.626970055267537685e-01
8.402188284414336961e-01 8.566188758514460266e-01
8.643858786912728132e-01 8.295582762600902660e-01
8.759022897102148875e-01 8.563379651997855557e-01
8.626963208930575888e-01 8.645480089383522637e-01
8.804209431531720975e-01 8.662490185490431260e-01
8.934948953522152681e-01 8.619595035577769515e-01
8.023866569603539389e-01 8.258490363284672897e-01
8.130762959644282084e-01 8.207027159795884375e-01
8.479754859426789082e-01 8.580186670671778870e-01
8.978317521864089823e-01 8.814840759825641747e-01
8.920754797554214521e-01 8.791494735678074823e-01
8.677421968827585541e-01 8.450097981440746198e-01
8.941172032953939031e-01 8.560857979868522483e-01
8.225012836216692991e-01 8.340163039422322511e-01
8.538125148959365696e-01 8.786863846218547769e-01
8.888996194839612341e-01 8.420466736498568583e-01
8.535876825063277717e-01 8.408531957567718651e-01
8.793794079424590571e-01 8.204179929892330136e-01
8.915865517524373951e-01 8.159735570125916659e-01
8.341408154032827760e-01 8.664787288066725379e-01
8.707138444553992329e-01 8.537914385399698602e-01
8.507035457206352236e-01 8.081441200949424086e-01
8.650944997950623661e-01 8.548352687888702839e-01
8.322383138530089486e-01 8.823148868473648099e-01
8.358362290995703381e-01 8.612729526163799276e-01
8.593444413467486998e-01 8.112610156882765766e-01
8.502696112118001137e-01 8.803300699894835990e-01
8.750241515866559183e-01 8.746039660317581621e-01
8.487433565486421916e-01 8.161390651188282774e-01
8.729668162802198816e-01 8.206337925895768048e-01
8.927856184663949257e-01 8.295476309835605466e-01
8.876663384891888553e-01 8.014880379105241426e-01
8.330822457147595284e-01 8.369222777224940568e-01
8.883253825310689633e-01 8.913403429189076244e-01
8.561659368591809649e-01 8.427621624521288712e-01
8.618489455607555305e-01 8.463716340326351562e-01
8.270133607839453838e-01 8.297746153111915657e-01
8.010172041656742348e-01 8.391771480082171886e-01
8.490778298133391244e-01 8.414770395012248771e-01
8.334450690116829152e-01 8.178054468306485969e-01
8.840273462642260771e-01 8.510627626476279239e-01
8.011007189999698186e-01 8.114227219924400325e-01
8.708066346645446654e-01 8.447015188264284102e-01
8.360805874230720081e-01 8.113263804922568045e-01
8.254168200374641939e-01 8.464727156103439842e-01
8.399924096309119292e-01 8.239687631754417652e-01
8.196798463614770602e-01 8.037300155950986014e-01
8.899841173645608450e-01 8.736450546007196172e-01
8.257089560002798256e-01 8.448163904589034434e-01
8.045794518280809937e-01 8.710887286335563529e-01
8.477554864994264472e-01 8.162760649968757720e-01
8.312817261434328753e-01 8.762884886786294070e-01
8.792572211863444176e-01 8.763944435788224574e-01
8.918248980893552780e-01 8.517812471977191935e-01
8.404832009363962797e-01 8.052435840226868091e-01
8.384829852635607983e-01 8.391772506533312637e-01
8.839672183240770975e-01 8.650459169615093424e-01
8.985704073257315683e-01 8.032192219185073645e-01
8.898802549721919197e-01 8.233114513635109155e-01
8.211742452054748842e-01 8.921922982088765774e-01
8.784371331441520603e-01 8.461247380089418346e-01
8.701352515801388243e-01 8.158048320844896173e-01
8.337481315199121168e-01 8.155007401062159822e-01
8.291709012209930174e-01 8.753591214072402593e-01
8.374708972316758926e-01 8.484639571380070411e-01
8.928022813073814845e-01 8.688012036300607477e-01
8.073209932691252089e-01 8.978811538759691180e-01
8.190635752320867269e-01 8.320067568799509594e-01
8.866710218956772582e-01 8.449560394685660114e-01
8.631343237934688828e-01 8.066990891512763051e-01
8.110807350448905328e-01 8.283904144259320868e-01
8.053835235629341893e-01 8.845172344824018262e-01
8.813212596972375135e-01 8.423950266112532059e-01
8.771654345463475444e-01 8.557971911625581463e-01
8.679333599156966450e-01 8.455783110470264097e-01
8.023970871937337046e-01 8.128983245907203115e-01
8.693153706018312832e-01 8.096301908753452681e-01
8.405892720717769162e-01 8.303042982332523581e-01
8.889350873239943995e-01 8.924751802551182944e-01
8.204199519190482626e-01 8.495393882244143269e-01
8.459694759416119814e-01 8.314319591316140512e-01
8.692649513585619658e-01 8.822686285251891691e-01
8.762600959374102771e-01 8.158885226614729369e-01
8.354124029972553878e-01 8.379769250828461580e-01
8.857677276850757231e-01 8.594646298819386132e-01
8.145548141512550799e-01 8.861748062296886941e-01
8.230360999925369070e-01 8.932681889105583695e-01
8.300797695082465788e-01 8.856335053288071357e-01
8.182273795213578227e-01 8.696774633288206768e-01
8.953652284217091806e-01 8.226926503817447722e-01
8.608610439690870253e-01 8.548276943958168506e-01
8.453449522911957725e-01 8.772649687669774599e-01
8.233172821306343758e-01 8.155384947746076030e-01
8.816926987767998991e-01 8.368908303922597547e-01
8.325122858333356968e-01 8.679388212341616615e-01
8.503627989748036020e-01 8.078230533862249541e-01
8.412350624403230892e-01 8.082497064211723314e-01
8.586070016177254072e-01 8.678725330771080992e-01
8.699793227809243801e-01 8.023276494649730362e-01
8.614256944837040963e-01 8.375195571480062995e-01
8.509439725160259371e-01 8.046562365805611794e-01
8.166349835469104423e-01 8.133891270651272265e-01
8.788936849597828171e-01 8.042008257985018282e-01
8.979352106165608971e-01 8.025715104364010699e-01
8.708288516119729872e-01 8.707772985644000041e-01
8.473838569450908853e-01 8.545289611506078353e-01
8.224637084909337537e-01 8.666133719433387617e-01
8.325933625735916221e-01 8.372144162848301763e-01
8.826365376481501990e-01 8.194420516880470684e-01
8.672200360773472116e-01 8.914213043989722696e-01
8.914129166317563691e-01 8.384529692154086833e-01
8.690997685479744383e-01 8.733011984631926516e-01
8.742357029200961138e-01 8.963832935101833099e-01
8.667861037987105721e-01 8.250226830342881623e-01
8.673911149263578979e-01 8.674840979687283848e-01
8.427391991253881942e-01 8.044678200610790864e-01
8.475775055170066130e-01 8.624535676424465169e-01
8.568245216110486062e-01 8.835865081494432838e-01
8.564383520882473677e-01 8.338260868774196588e-01
8.550981933088390718e-01 8.942892191752283004e-01
8.648883534374081083e-01 8.202172287779601056e-01
8.495006095301546045e-01 8.498159278356020030e-01
8.281140905746184888e-01 8.073055696527395853e-01
8.142486072034459399e-01 8.444167019012345232e-01
8.706555826666884101e-01 8.855366926142864692e-01
8.026962764144354168e-01 8.898244376703108305e-01
8.107942786432961180e-01 8.492677219060894567e-01
8.948269354126839881e-01 8.059970405617314926e-01
8.138484974476269951e-01 8.121291540127756337e-01
8.627144657942390493e-01 8.374307910031233426e-01
8.408293371835200425e-01 8.957858157027869250e-01
8.833564756449454602e-01 8.379224760557977270e-01
8.707474516595115066e-01 8.396056240165573614e-01
8.194066232509873426e-01 8.653676272864354591e-01
8.672913738749544743e-01 8.383351285301908762e-01
8.143439746715552818e-01 8.379300347876585953e-01
8.416866095886907928e-01 8.465301435253314022e-01
8.240312631735433602e-01 8.082487103327827827e-01
8.904863562972767932e-01 8.967599060286366441e-01
8.452242094737745237e-01 8.162738090152986681e-01
8.753860370761684662e-01 8.320878454383898726e-01
8.007561091554135091e-01 8.921011645205523255e-01
8.454634115141285156e-01 8.286923910558707806e-01
8.360302260750627212e-01 8.368613517187287743e-01
8.942558835002176743e-01 8.079248672942670462e-01
8.674658489353921365e-01 8.011553450818221789e-01
8.840726221002370711e-01 8.845062178778111406e-01
8.344771738806135986e-01 8.223279068618686294e-01
8.176836029626093350e-01 8.004673348038333636e-01
8.289718726606880583e-01 8.082210270871813540e-01
8.177155595307298297e-01 8.331185165831129780e-01
8.841219487596340132e-01 8.460571066738895585e-01
8.177054379021188035e-01 8.092553039944975213e-01
8.995677773386169251e-01 8.658566056232425145e-01
8.317834897884925915e-01 8.095440964375093529e-01
8.429413938670978768e-01 8.173244050720122056e-01
8.560034217942772417e-01 8.592464758868779695e-01
8.096155218975484846e-01 8.489143030009070889e-01
8.093081785646927262e-01 8.623024890792544417e-01
8.890161044950288805e-01 8.161696857609239686e-01
8.708948765645970758e-01 8.016482244948641700e-01
8.340587422662917305e-01 8.380131058477817696e-01
8.545915402211172740e-01 8.300489332664828801e-01
8.661150020390224746e-01 8.112318290171541824e-01
8.717065863824863259e-01 8.126808935224123509e-01
8.474151147703954390e-01 8.140122770483455561e-01
8.141293349532916501e-01 8.454631851173659562e-01
8.870367678614258233e-01 8.324635158934227119e-01
8.891337191421649910e-01 8.943572849674171765e-01
8.754738169664644243e-01 8.604683723174747501e-01
8.746253775410219866e-01 8.129453116594455020e-01
8.519942403977200929e-01 8.339904914881683951e-01
8.004283839966659375e-01 8.636308620514663303e-01
8.389730737501762681e-01 8.984032845900271624e-01
8.783677036881066824e-01 8.071914325103373145e-01
8.852811481549509587e-01 8.180290649292183414e-01
8.239663893125064309e-01 8.860831245869663642e-01
8.855499691923689465e-01 8.192599760171234147e-01
8.765680159131491456e-01 8.947046956455391165e-01
8.215693315915644224e-01 8.463982632530515637e-01
8.520562777825231304e-01 8.947204871347163024e-01
8.034662131004555174e-01 8.271225839404592328e-01
8.961105421714432584e-01 8.846202832942510197e-01
8.937725397136302430e-01 8.542230909773960157e-01
8.206848985462434909e-01 8.297794239887708034e-01
8.933333460862986630e-01 8.632295007605457204e-01
8.134289329158096438e-01 8.495687778458120842e-01
8.872975953417152617e-01 8.519164704495441054e-01
8.478975487072120121e-01 8.576689037718521202e-01
8.722920334747081839e-01 8.442068038963564947e-01
8.196809927728611056e-01 8.540492732446430812e-01
8.123613556600498553e-01 8.052409747626135816e-01
8.238760433117787718e-01 8.887759637001338975e-01
8.632334729855818400e-01 8.541292902718639057e-01
8.268835601350660314e-01 8.580453202942410762e-01
