9.210728226973861066e-01 8.459217221406034604e-02
9.419912746322773867e-01 2.188702370538936348e-02
9.121005279812580691e-01 6.652090708495184135e-02
9.460603347649361172e-01 6.572513610679076024e-02
9.324498776291537672e-01 4.679056963881411679e-02
9.712704945282457647e-01 4.270768006801539673e-02
9.324518059400408454e-01 4.972474199305945697e-02
9.928062773834527288e-01 5.840914801967966863e-03
9.195871000205655399e-01 9.779256333355676456e-02
9.700381188485527328e-01 1.838159542571288219e-02
9.125974990400069764e-01 8.229786733941457655e-02
9.071562925042543357e-01 8.624539316392590416e-02
9.030104067259421274e-01 4.205923173642156510e-02
9.952396919843643497e-01 9.769058930877175251e-02
9.577962887393122182e-01 2.107016529833449781e-02
9.495338630850918005e-01 2.480816020529802435e-02
9.305717386694040139e-01 1.819329357983395790e-02
9.974004217092908853e-01 4.452931023538250765e-02
9.896041201619336647e-01 9.169728071202346009e-02
9.222437265558636188e-01 2.834531772223397583e-02
9.789249170496154839e-01 5.506766493587764155e-02
9.251001956828590611e-01 5.323754449871395678e-02
9.861910230955484025e-01 1.615752383094243294e-02
9.301031942587393297e-01 1.223759136229474187e-02
9.561678303896439246e-01 5.018123512211875026e-02
9.270196785353490565e-01 7.611614055230003784e-02
9.362652000081715942e-01 5.127978694310655894e-02
9.702074966045971527e-01 7.041262834518094427e-02
9.228355716272907960e-01 3.266692168648821504e-02
9.141760806874295042e-01 4.584393627043073516e-02
9.528509423116493515e-01 6.326732442089791353e-02
9.923367351548151305e-01 9.167702524807291864e-02
9.099131696126313562e-01 7.408903693613203001e-02
9.606595798289929711e-01 5.317776015168926285e-02
9.639923484619778993e-01 5.951586622261806347e-03
9.568437146224324508e-01 4.985700785498256571e-02
9.103016015458675891e-01 3.404170466766304193e-02
9.378540849512946309e-01 4.704954095669441894e-02
9.063446444437648353e-01 8.470002965365985848e-03
9.742409556540836402e-01 6.313187796246733097e-03
9.771440853344426358e-01 7.855678589870210282e-02
9.398625972829891539e-01 6.510909735858272374e-02
9.400263397656227760e-01 2.636559286417128334e-02
9.203516534899026658e-01 6.790135089310175842e-02
9.012070931927267381e-01 8.543748255497779498e-02
9.255616279074995179e-01 4.549963516530236562e-02
9.748677357724918613e-01 5.102688301836000306e-02
9.161905077379808304e-01 3.826043959578123710e-02
9.226603232033091517e-01 9.384587454639914395e-02
9.376488203058294113e-01 6.801334862448527030e-02
9.430724692011628330e-01 8.619663800450996782e-02
9.489008995759966592e-01 8.595043052075904133e-02
9.872902630841597915e-01 1.529674165734407065e-03
9.075260237242269712e-01 1.523026355183548786e-02
9.799619439455700132e-01 1.915539558796747199e-02
9.206820898788596885e-01 4.942875481943090343e-02
9.291751112643780175e-01 6.389202701106511118e-02
9.753758023297678381e-01 6.076567303071978010e-02
9.007795676454457556e-01 2.778753296228736458e-02
9.108034780321170309e-01 7.923566891651337429e-02
9.673959627892341206e-01 3.019504753917506834e-02
9.149115652610476657e-01 3.913496534133503735e-02
9.166160421621556420e-01 1.354673428718594641e-02
9.111953736491229527e-01 7.641137970666483925e-02
9.008189339872003654e-01 9.810972803878961757e-02
9.457402321930041822e-01 6.972825114001149349e-02
9.305355302938682627e-01 1.939591104038407288e-03
9.095825852833111513e-01 9.650974706452153384e-02
9.136465988442131758e-01 3.344995539584605382e-02
9.110500175378957177e-01 1.863788887220924062e-02
9.198695077913504603e-01 6.876543474230775721e-02
9.436555790867490190e-01 7.509209623618914864e-02
9.679384470320953060e-01 4.983836723992551843e-02
9.763727712281720095e-01 9.583355368401222374e-02
9.748216537558366257e-01 6.995804766326715884e-02
9.114306337821509452e-01 9.598507093369998411e-02
9.112866620599906486e-01 6.505145838543538450e-02
9.197535014838512657e-01 5.396099563108708308e-02
9.349216210788624526e-01 2.490422823089100124e-02
9.418195848683509341e-01 4.771271297788171051e-02
9.192547928630755427e-01 9.951735324348262579e-02
9.648096488365038859e-01 9.508776448604575049e-02
9.665491049701789850e-01 3.558534333319990361e-02
9.551397270261585692e-01 6.911877504592678356e-02
9.201879270266299926e-01 9.011466029032480507e-02
9.000937892194461609e-01 8.418864603133069391e-02
9.122879073621081858e-01 3.919022580672065770e-02
9.535390310907535527e-01 2.324987315487109241e-02
9.403785799308120863e-01 3.167869304358400528e-02
9.445050293095605953e-01 1.346453079283987941e-02
9.691148460827314626e-01 7.193811012632556068e-03
9.044163617115770215e-01 1.408892299917918756e-02
9.824542875126993646e-01 2.687553941158138393e-02
9.415473186260204796e-01 8.422361144202350491e-02
9.087876044782848828e-01 3.572076228552245603e-02
9.891295329623583932e-01 6.467237199084088783e-02
9.058660163398020160e-01 3.553206264036218309e-02
9.169905735372199107e-01 6.047571286629668807e-02
9.561068933386327462e-01 9.738675651287648227e-02
9.561227327226529127e-01 8.201139816917601966e-02
9.018141265275080309e-01 2.880019102855196911e-02
9.475639940369705583e-01 2.859217218413478978e-02
9.694294187621489423e-01 2.667503491137424021e-03
9.954643969379317614e-01 6.677845747477173521e-02
9.391186515215111941e-01 8.146427724575625029e-02
9.319480050298512008e-01 9.352036730266619080e-02
9.227986927299263176e-01 7.518735208682297833e-02
9.245690162281543500e-01 9.366564153005765836e-02
9.051046985907239550e-01 4.714353430786855093e-03
9.888156606146183414e-01 4.362459025433274018e-02
9.795644109261238963e-01 7.298138485682253984e-02
9.718020687444659522e-01 8.469582521556384691e-03
9.143217376198951030e-01 7.103757490941511876e-02
9.614703400991134741e-01 3.506192243184463875e-02
9.417608429312180895e-01 7.928004571412838875e-02
9.673278756436517467e-01 7.772485179772861685e-02
9.184442018096241611e-01 8.199858327942152747e-02
9.556745734314013863e-01 7.722682728944940678e-03
9.377865775320007868e-01 6.545569052186833714e-02
9.224624747123567614e-01 5.183487128802719002e-02
9.803386590690758018e-01 7.504872307326346248e-02
9.196699182320956512e-01 7.729412907944549493e-02
9.368607724422772787e-01 8.611711513629763393e-02
9.833133092850618873e-01 3.621633205339658268e-02
9.320710928493673997e-01 4.271849489874601780e-02
9.664639564959104368e-01 9.859073462419007394e-02
9.213401280971681429e-01 8.702936793652929492e-02
9.696217685350414506e-01 8.803546736164316600e-02
9.286027617179338778e-01 9.698239120430143800e-02
9.178649264041932598e-01 5.060188342657517824e-02
9.120437298239667534e-01 5.705325419116963337e-02
9.384302419344855428e-01 1.710161276435806510e-02
9.200151288265303595e-01 5.803928743297379067e-02
9.341523313452031463e-01 2.543479467093906488e-02
9.744945318722967320e-01 2.598998413239717031e-02
9.224661522303190253e-01 1.474887378531686277e-02
9.367320522192548182e-01 8.458446370995800767e-02
9.857099616193041314e-01 7.869660365282221681e-02
9.037948878467936265e-01 9.248459239894621375e-02
9.551777371226387592e-01 3.628146917695579399e-02
9.469607996245272830e-01 3.274408365545400379e-02
9.528272663507588724e-01 4.158254144948347886e-02
9.697077139952132718e-01 8.608989037194703098e-03
9.919255287969479529e-01 3.877260985217639844e-02
9.073136145258018370e-01 7.725218323951157928e-02
9.973068154168109878e-01 3.803743622873106967e-02
9.580460691700154463e-01 5.769265017403504836e-02
9.231349677834170819e-01 7.553526529902432340e-02
9.978863251102224607e-01 1.342703713793996778e-02
9.804093191484515302e-01 7.365719909859244630e-02
9.114975609503681575e-01 7.066938287453009004e-02
9.941084247464589962e-01 2.031602815417976604e-02
9.609308635647122454e-01 2.208873203751771097e-02
9.244939713232245282e-01 6.901535046726373079e-02
9.079013828921271845e-01 8.743245058563095529e-02
9.607541353376622961e-01 3.643905620646747945e-02
9.013778427218708256e-01 9.051391791501176010e-02
9.657572049492461064e-01 7.465537999682722581e-02
9.495834932140074791e-01 8.245601043793546192e-02
9.850456386584776070e-01 8.816533195155545899e-02
9.422662935700975018e-01 8.221446920498765021e-02
9.447163002479659344e-01 9.918806535218138709e-02
9.851427869200163334e-01 7.782670078270376157e-02
9.266069862748379515e-01 1.772960614067498053e-02
9.641870154924154779e-01 3.892709139764938264e-02
9.108457296530745317e-01 6.203380614171893903e-02
9.501689077851118714e-01 7.732657201229481414e-02
9.322082886262623713e-01 5.657124230774968066e-03
9.425099909736832648e-01 3.698889466791427383e-02
9.535698684765829825e-01 8.690156366488974160e-02
9.616536101869068709e-01 7.054073212193129327e-02
9.482212617065310933e-01 8.504054024607773932e-02
9.204284652897178898e-01 5.633672170112311028e-02
9.987149936794501581e-01 9.853144030934785080e-02
9.097472304645218832e-01 5.268317237583977630e-02
9.049301692552800258e-01 7.211006752531695652e-02
9.048589893024836517e-01 4.717232146415445415e-02
9.194792855748532556e-01 9.853337227692537947e-02
9.682515075623125966e-01 9.226017125955907061e-02
9.491685807377689965e-01 2.336928643136537698e-02
9.420090529509996813e-01 1.976762166361090145e-02
9.419385156314603602e-01 7.248987250965457929e-02
9.283518175685376850e-01 3.204180073751139446e-02
9.654984381164710694e-01 4.662310333850169797e-02
9.925064837542674212e-01 5.407504123852982514e-02
9.065308342725535429e-01 8.222669904500687355e-02
9.737466428665748630e-01 9.144889910770265251e-02
9.001536784196216834e-01 2.602630642801112559e-02
9.815469341583008545e-01 4.979773496140918465e-02
9.851204612127814064e-01 6.112151258905118567e-02
9.658597540685531779e-01 8.035991825837665581e-02
9.247716825597194212e-01 1.325228005148543220e-02
9.566596774208127041e-01 2.272888658912808335e-02
9.721771194072379441e-01 2.539135046727653000e-02
9.352712464815539084e-01 2.254072136528645354e-02
9.295939806185160581e-01 9.770440004924410560e-02
9.785788734693985358e-01 8.147742560438664405e-02
9.782094610164031590e-01 2.923094855122410074e-02
9.371987546318691908e-01 7.512636597842156649e-02
9.405241300959286121e-01 7.731674411371211586e-02
9.709261468403964646e-01 4.946967286910419759e-02
9.773077883447880421e-01 4.312584180705397729e-02
9.940368014059320911e-01 5.353147655639386993e-02
9.987750748521619926e-01 6.871529692758610031e-02
9.276474401833025851e-01 6.728259281926862734e-02
9.573333667101429079e-01 6.547375450006781561e-02
9.692552261182687534e-01 2.209728636408869740e-02
9.725229385153100203e-01 8.133889085888812431e-02
9.934520138503699638e-01 4.717016543142374396e-02
9.066839687839383100e-01 1.581837995853607737e-02
9.679199828104071424e-01 9.515490721988897893e-02
9.379334906773267866e-01 8.180255001826930439e-02
9.645658670742627283e-01 9.518023728280519680e-02
9.200638457606292731e-01 5.817752331084052875e-02
9.289962579103587803e-01 2.042025516497014692e-03
9.468129222909339449e-01 9.429923786879790271e-02
9.211363717749300184e-01 4.257967106225057918e-03
9.076217010046234712e-01 5.509899712284788142e-02
9.213766129011097261e-01 9.968620790763896289e-02
9.531424235702157244e-01 7.118850740214374695e-02
9.283127092422337467e-01 4.576580594465504137e-02
9.525485944634897173e-01 7.553535501075897551e-02
9.175031259782912008e-01 8.639371663906769694e-03
9.291152910400322096e-01 2.212106548612857715e-02
9.086577283829953000e-01 2.979148724448810182e-02
9.136625302415892769e-01 6.270240107039187771e-02
9.516709398145074550e-01 3.437167537391505601e-02
9.412557433133985629e-01 5.894874896087712313e-02
9.882269673516599351e-01 7.021044969392098434e-02
9.200489978461987572e-01 1.964832676090760843e-02
9.050482794715770662e-01 8.602492517360171842e-02
9.237806123855301088e-01 4.251128727231029414e-02
9.612180751697445569e-01 1.182578597072808657e-02
9.723935783737434058e-01 9.508127218482334553e-02
9.883537289782045043e-01 9.141902934696294336e-02
9.207550186953314952e-01 4.970230642119599640e-03
9.198452510426436968e-01 2.746052497200912601e-02
9.646769906154604168e-01 6.923579067122273556e-02
9.414628410563957717e-01 5.602318359386371238e-02
9.353043999527628216e-01 6.705668380053469990e-02
9.428070816168672152e-01 4.564840634911832007e-02
9.347626492316911673e-01 3.838168352319570875e-02
9.040656879743840246e-01 8.567440201844755965e-02
9.131958995012254832e-01 7.155035996353500960e-02
9.482588229510622302e-01 5.994698442720639009e-02
9.590585930639821122e-01 1.836916509709979328e-02
9.296478234248598538e-01 9.437385873023096394e-02
9.910059111653826136e-01 9.362856699245605818e-02
9.076394869544057720e-01 8.844814439297365993e-02
9.336062603348836975e-01 3.333703329683146421e-02
9.562415561755237547e-01 4.389307992912688805e-02
9.267783638657401957e-01 8.901329560910381522e-02
9.079054688737937528e-01 6.058492046070970694e-02
9.198806576735336638e-01 2.912467021035564096e-02
9.198229207385955064e-01 6.603364999648672629e-02
9.766723040329573502e-01 5.121650424896434517e-02
9.205829960390112809e-01 6.392399554651698179e-02
9.140606307376264450e-01 1.288355070757241094e-02
9.512581615392401435e-01 6.530721392373098344e-02
9.252998813267580003e-01 8.382013932675488888e-02
9.997917372833406979e-01 1.323746847669854398e-02
9.998937411097167383e-01 7.004812064086382573e-02
9.734273924996890148e-01 5.472097252128541034e-02
9.393977250144109892e-01 7.681520520920639972e-02
9.305520064385573997e-01 4.613287203021984584e-02
9.626599683568044519e-01 7.045028610684825332e-02
9.907279469046483822e-01 5.026126982346140748e-02
9.910918955066441161e-01 9.193651349376244508e-02
9.698784549402257316e-01 8.039436914926800792e-02
9.219733910226858287e-01 4.825670260475947715e-02
9.154959276662348877e-01 4.311297915213385679e-02
9.265733816575474346e-01 8.804814080654127517e-02
9.263710264164988217e-01 1.751593925740024815e-02
9.387166084752971429e-01 5.212081844623459026e-02
9.826163014321711575e-01 3.725346146437180650e-02
9.793390177830634258e-01 2.585831922392595184e-02
9.372560244294049214e-01 1.236708463639268896e-02
9.457066456216653982e-01 8.572656103068551636e-02
9.060806364595730411e-01 8.364042075116256969e-02
9.435796820174484623e-01 3.270780817510521299e-02
9.653341650774950322e-01 7.210031856851875642e-02
9.780206326673006600e-01 3.225779180800364410e-02
9.267073447729627933e-01 3.265502077086557264e-02
9.956746919206516111e-01 3.244575247953207509e-02
9.863765013186107655e-01 7.852434061932367371e-02
9.588811341456677795e-01 2.218505684276750323e-02
9.241472233498370104e-01 4.713133759853141425e-02
9.269112412244358001e-01 7.775479489964026714e-02
9.819134526166162225e-01 7.127049990195125084e-02
9.205660962607559172e-01 1.558161553413034417e-02
9.120848459945124498e-01 8.608813318928840164e-02
9.717213443463391664e-01 5.791567034838518424e-03
9.011056350698178896e-01 6.644493284518934728e-02
9.108160032394523320e-01 1.012761106350162921e-02
9.677772333903311708e-01 3.294183396030680999e-02
9.987033420308215614e-01 8.541080263543668338e-02
9.548956118517826219e-01 7.616384491694494496e-03
9.146636203007805221e-01 3.281795815473564915e-02
9.673880317507310700e-01 9.786130490937430815e-02
9.840906617580644777e-01 5.818377585485698389e-02
9.670598864084762880e-01 4.539029342664868683e-03
9.351904939221576951e-01 6.536810653690627859e-02
9.859586721325865888e-01 7.928538482058264392e-02
9.471515562429826396e-01 2.254789008771951320e-02
9.362621118297217437e-01 8.584439803711249595e-02
9.357728383964483143e-01 3.470753877845439428e-02
9.228553453573526966e-01 2.664847182110180457e-02
9.835040494675079126e-01 2.382985499626810721e-02
9.363055203220933542e-01 7.640464063627763758e-02
9.736026002985861405e-01 7.952354638981068424e-02
9.016778513765286718e-01 6.796560253290895304e-03
9.676360460316264511e-01 7.178948475344007485e-02
9.627330695113240910e-01 5.226537542323383967e-03
9.368333627114978635e-01 9.855050212968086143e-02
9.276651480611100009e-01 6.027994663613756021e-03
9.240797915808274254e-01 3.183307491566467196e-02
9.735614908001595236e-01 4.487758038006942063e-02
9.933441911871285779e-01 8.878174784035910982e-02
9.032866437381172897e-01 3.372162211255669284e-02
9.047522484048240443e-01 4.462646322026184165e-02
9.849948028356094731e-01 7.688726445518589969e-02
9.282159975152901588e-01 9.637839434589587362e-02
9.006308933531529393e-01 5.405038875818668487e-04
9.923148991840713418e-01 2.645582468466478598e-02
9.242422699956940324e-01 8.317311710337188524e-02
9.661973562344163824e-01 9.496924231000680727e-02
9.304285171637711738e-01 3.281137825922542106e-03
9.814962218146932038e-01 9.476873443816302700e-02
9.968654814416932908e-01 7.155854163529909440e-02
9.984828904694775797e-01 8.592759671229555085e-02
9.580471560998571334e-01 1.632487518975023200e-02
9.358127328352691121e-01 8.590833080874762939e-02
9.304480423285508284e-01 1.946233573288241869e-02
9.096363291429994113e-01 2.382885089806879853e-02
9.097864680232302659e-01 9.123532889590796335e-02
9.402836749754623913e-01 5.165972384232486725e-02
9.487671138816554661e-01 9.256603701231125303e-02
9.135228088713407413e-01 3.657905952778534031e-02
9.685373981466707249e-01 6.336598353435690667e-02
9.652085073132719018e-01 9.259991803739692218e-02
9.619498730759805660e-01 7.829942856430180398e-02
9.538350114854858841e-01 8.231500313688858150e-02
9.003164578579914146e-01 6.370485753198207313e-03
9.613317436812208738e-01 7.085508729522363436e-02
9.537971866670810206e-01 6.561345453714451104e-04
9.771479905407044475e-01 2.346472401456500823e-02
9.862906008620326848e-01 3.461299957515007186e-02
9.029991117767713904e-01 8.145003663109390279e-02
9.569828022352551145e-01 8.823625624599162887e-02
9.995313743102532955e-01 8.873480675549549890e-03
9.998651497192579951e-01 3.539317103847522406e-02
9.095529536758806266e-01 9.394552653176330148e-02
9.113129766130424469e-01 5.964700835658087730e-02
9.602177345434055322e-01 8.553063049894654712e-02
9.005171463921772812e-01 5.440820654401390399e-02
9.963167512886921262e-01 5.745989982633767368e-02
9.844827260669601898e-01 3.025632043909037838e-02
9.515443255132309819e-01 1.493832798331495848e-02
9.009833908619430121e-01 7.960885530938155430e-03
9.068701101864646841e-01 7.849499948668275939e-02
9.440740461570691355e-01 9.140781508992387727e-02
9.694607083291308935e-01 1.956949117994405407e-02
9.021298638740988807e-01 9.871541827449800688e-02
9.527201098389426193e-01 8.602101065529602075e-02
9.144257079839470670e-01 5.799126849393432259e-03
9.986192130061271044e-01 2.121240274221658506e-02
9.067337237433994446e-01 4.857248440803010880e-02
9.084504974230086516e-01 1.419146117270692065e-02
9.178553055547503670e-01 9.371134744770207026e-02
9.533389665706950566e-01 5.619259514539676204e-03
9.872881806573243768e-01 1.848640778028765030e-03
9.583455906018769621e-01 7.638066115401839773e-02
9.788860433906823033e-01 8.514750765817238887e-02
9.930556981570607400e-01 5.479551230433793441e-02
9.942882379935593651e-01 1.270084245267300016e-02
9.193529264500083231e-01 9.646024602675695725e-02
9.101115439137171803e-01 3.935051019705904096e-02
9.262840449640979967e-01 2.058835405807812879e-03
9.848103453143877140e-01 1.806635297480851943e-02
9.413714963386684564e-01 2.947550106419982718e-02
9.644759467572561196e-01 7.188358249661702670e-02
9.711720472402400883e-01 8.984820123186990082e-02
9.587695714394631752e-01 2.776296300208469514e-02
9.778395216570539006e-01 8.641114845516043030e-02
9.856369935906834634e-01 9.328167841363110835e-02
9.430531646635742504e-01 6.050955256247639302e-02
9.332592129029371186e-01 1.707053755667897743e-02
9.217523845533737159e-01 8.611425486191259804e-03
9.796192087273255522e-01 9.500909530392923075e-02
9.013097227114105214e-01 6.258314041755808077e-03
9.677743778582745815e-01 9.390262715593677978e-03
9.946790880230711451e-01 8.161609336049424623e-02
9.184266504699902800e-01 7.595202915658069709e-02
9.162976021448547836e-01 4.429098757650296037e-03
9.168004570111463192e-01 5.078604852147591830e-02
9.466728384488689585e-01 5.477977253999019580e-02
9.127608582851149954e-01 8.531765197416418811e-02
9.017236276130966566e-01 4.475961363924343961e-02
9.633204084149574742e-01 5.660439650131923739e-02
9.341831740774966253e-01 4.991007097636723788e-03
9.779673008263249923e-01 1.153321559867398483e-02
9.293755434233182955e-01 2.199198957526415921e-02
9.357874377385118070e-01 3.927640870550269669e-02
9.002794607685467021e-01 9.537606940655529719e-02
9.101377756166687538e-01 9.580078031842115260e-02
9.858291394703928567e-01 2.190639778828840090e-02
9.224001412985911585e-01 2.666220839999139391e-02
9.524947971316876094e-01 5.809794170643525768e-02
9.934957415956149340e-01 3.624543945177272075e-02
9.752710561708513026e-01 4.701566690669592430e-02
9.741700553277559127e-01 3.053964450745444426e-02
9.019148950913526974e-01 6.522207242410335559e-02
9.338832313687921438e-01 9.262675538425169108e-02
9.032546824775119498e-01 1.948665190620113563e-02
9.624087933351519464e-01 5.245452524428032004e-02
9.589683039114133001e-01 2.641641037993336383e-02
9.305940049237537703e-01 6.792276089017104668e-02
9.149660615802399644e-01 7.274198844832793776e-02
9.542390584313982238e-01 2.171314652329670025e-03
9.480351204057209102e-01 9.048061542019333880e-02
9.434873097128448904e-01 5.402278302280835720e-02
9.410048371532779843e-01 1.639545631710820350e-02
9.912105614957873456e-01 8.238625242468761156e-02
9.287857566721358094e-01 7.752113748401370796e-02
9.287431072326347570e-01 3.398356365989724237e-02
9.125757943063285138e-01 6.425292307496452415e-02
9.545926933499075950e-01 3.071448213547811612e-02
9.023426857673279011e-01 5.084701604988894896e-02
9.453940908247374653e-01 6.427813129639034506e-02
9.776758199977123587e-01 9.005900844130801386e-02
9.305927592904154055e-01 2.134922470755518109e-02
9.647925233713532389e-01 9.884003012620629081e-02
9.192215483063681525e-01 7.219505542386706054e-02
9.634319826210318016e-01 5.291342821628294835e-02
9.509173844215850213e-01 7.612854469933050261e-02
9.000764496669654280e-01 6.071364194060988040e-02
9.181813217525955917e-01 4.635535594187512043e-02
9.445775880389303270e-01 5.072262785009307162e-02
9.855376037099095043e-01 3.503807368362282793e-02
9.111830981797752749e-01 3.999407559126466616e-02
9.809579431914543513e-01 9.641799563486944113e-02
9.218622833124856530e-01 7.959992435381540998e-02
9.171072958873340841e-01 3.906461929130472521e-02
9.321055833674483093e-01 4.094428621763240850e-02
9.268578374860109159e-01 8.253814873275741593e-02
9.756694243511800924e-01 5.824394413002012549e-02
9.996597162367706346e-01 4.796585748758289136e-02
9.273752602559452995e-01 6.166879871231065180e-02
9.402773506230532874e-01 1.221901954925547207e-02
9.063264961733715763e-01 8.201710896284097885e-02
9.748929786258346830e-01 9.421492600212888480e-02
9.296563682746782353e-01 9.302968594200247687e-02
9.324929074772182469e-01 6.389964154371091665e-02
9.605539780513789871e-01 9.249315673073935096e-02
9.096760530761867081e-01 5.001452460684158163e-02
9.230300155037900467e-01 4.115371616294433155e-02
9.702082066858874754e-01 4.140413112443624977e-02
9.255360143699915554e-01 7.573110476651834233e-02
9.815602005827483989e-01 4.852180879943038261e-02
9.386420047296202274e-01 5.776958729832590289e-02
9.468692016832808145e-01 9.964979735365225855e-02
9.062905070934577090e-01 3.204932275327981861e-02
9.094717880866848292e-01 9.572645787252925809e-02
9.451773869527345662e-01 7.565361637412401641e-02
9.625790036029169272e-01 3.660908035048449083e-02
9.871005916692670024e-01 8.777433958274571957e-02
9.730115590130202774e-01 8.776104662417444358e-02
9.093761265621124190e-01 5.860358619318462026e-02
9.132668855504849637e-01 9.952001855337677672e-02
9.680353395029277497e-01 5.380594495033369506e-02
9.975893444165699897e-01 2.029209444818219632e-02
9.002054394033088824e-01 8.162263394510535508e-02
9.141545187429346297e-01 1.983765460467734609e-02
9.783480735482047441e-01 5.975287707993828801e-02
9.911096579740643620e-01 5.425714018143990014e-02
9.125019759354582316e-01 3.788467039242071621e-02
9.606474422049329220e-01 3.258753504071842944e-02
9.728532725063310238e-01 4.017748561288142506e-02
9.579673769308534315e-01 9.000927844567796487e-02
9.037933508385544989e-01 9.499770665383377999e-02
9.039959879291163958e-01 8.561133013041660744e-02
9.127836966637202787e-01 5.508361553437621239e-02
9.378548543394693571e-01 9.259683093898968265e-02
9.391343865966745863e-01 1.142723846191534554e-02
9.412947473010411237e-01 8.937879530589604160e-02
9.417435719102161817e-01 7.064041143714011595e-02
9.442991822802893065e-01 5.963272960970994463e-02
9.430899008231731218e-01 6.158947271185485905e-02
9.075866491998489938e-01 6.598006331998321206e-02
9.851598668865506614e-01 3.805126394329172435e-02
9.602595621525096270e-01 8.229970017729357212e-02
9.670761110074229672e-01 8.788374849375249487e-02
9.364805465711745214e-01 1.141279817449725176e-02
9.289549565536665554e-01 5.693507883217829857e-02
9.523575864181810235e-01 2.704461682874026440e-03
9.723798768137754678e-01 4.844124271184224728e-02
9.338727369815659207e-01 4.060065316135630376e-02
9.100903335543945039e-01 1.644658248776520448e-03
9.702062884551233557e-01 8.520819687899444661e-02
9.263736083701227253e-01 3.041146711427217264e-02
9.788517057157712919e-01 2.886665075304356565e-02
9.742050684855259046e-01 6.238461560761512925e-02
9.348816238756015862e-01 6.266230092844024546e-02
9.221731020605501428e-01 2.462653529454383872e-02
9.192879594655866127e-01 6.223358692687569471e-02
9.736757228777280782e-01 7.101307103245566021e-02
9.940846921841592909e-01 6.968647334641966951e-02
9.310645627708362682e-01 7.458562198335827453e-02
