9.311097768719593937e-01 5.546167031518219881e-01
9.509335800412963557e-01 5.063923174758997447e-01
9.073451593517869451e-01 5.994610820138915885e-01
9.785347574268310478e-01 5.973909457657498034e-01
9.843264547422402311e-01 5.809407229590013433e-01
9.001813047092451781e-01 5.233974902703610876e-01
9.680676406796118183e-01 5.336419388070645642e-01
9.620145908601378526e-01 5.138447988987160375e-01
9.637244236570940981e-01 5.750932590170847458e-01
9.636228914465299056e-01 5.884682844495793264e-01
9.356439082864134171e-01 5.091691149464869781e-01
9.664232945304738198e-01 5.575326876334910642e-01
9.537754818241581667e-01 5.185418629554930936e-01
9.359014369801187394e-01 5.516588175879513223e-01
9.153950848043072019e-01 5.635670630319116192e-01
9.565397206304091515e-01 5.678147725797721979e-01
9.423377652307656227e-01 5.627838724414750970e-01
9.905723555166021654e-01 5.600419739078912329e-01
9.597191876008821509e-01 5.547056461702173369e-01
9.816975374016891909e-01 5.440291491743886043e-01
9.904115436417604279e-01 5.301081941774363759e-01
9.913699350144775657e-01 5.181916894806728457e-01
9.768050820485532082e-01 5.128258464373879333e-01
9.822455841411570354e-01 5.884790427354120723e-01
9.504080228027980137e-01 5.498455779030331225e-01
9.010362113582917054e-01 5.668137763048781697e-01
9.909180382205928783e-01 5.462834494553747700e-01
9.616756080379509353e-01 5.122921098978954202e-01
9.265715363876849686e-01 5.608626905335019064e-01
9.751508736285241508e-01 5.633514573637086187e-01
9.711783771311440772e-01 5.136990507605485590e-01
9.060468518834625673e-01 5.036491804686153984e-01
9.304017413096697942e-01 5.334128228462334809e-01
9.110810382253798911e-01 5.647181137490022707e-01
9.883842853762400127e-01 5.778768194257855040e-01
9.215346203839046568e-01 5.706755886234847752e-01
9.642745730069912646e-01 5.860069250633045401e-01
9.161557686266786904e-01 5.223792306358892024e-01
9.631857002506487575e-01 5.592147081564089461e-01
9.137905464252735754e-01 5.580394209256800409e-01
9.199054837989141253e-01 5.217070807126871212e-01
9.524126340185711248e-01 5.146941935867023199e-01
9.688096992566341825e-01 5.958245985335053341e-01
9.511265900302632303e-01 5.817906507458622256e-01
9.935991188587320888e-01 5.936713364873749121e-01
9.674377823158868406e-01 5.171854512488467392e-01
9.502068194911859056e-01 5.775357691595850440e-01
9.776621092877439967e-01 5.909755942790736460e-01
9.191057931822030902e-01 5.905706345749194286e-01
9.800327101960233378e-01 5.125246371991658556e-01
9.771885121986445544e-01 5.771735934661840206e-01
9.759486259419476450e-01 5.617257696100786957e-01
9.075536412415022847e-01 5.675311380343844858e-01
9.428396658684712328e-01 5.036178099826053023e-01
9.633611878762209368e-01 5.380730792534582640e-01
9.322762862943119178e-01 5.839191176499554103e-01
9.271968594911987882e-01 5.533653210852460536e-01
9.651071559880881612e-01 5.234892701300212225e-01
9.017817778127651396e-01 5.424506586137831654e-01
9.892618693774511973e-01 5.564318749746011150e-01
9.516476602625217884e-01 5.083393108291844875e-01
9.295598072407966761e-01 5.435448720048603466e-01
9.221242115974644937e-01 5.273247498135336109e-01
9.822317911112588007e-01 5.011021478387500672e-01
9.672049560582396399e-01 5.107939099881588785e-01
9.060426167276288689e-01 5.727101859311007903e-01
9.450995714210257415e-01 5.254319402121394589e-01
9.514369970239446861e-01 5.408884686877205583e-01
9.118460932200669333e-01 5.020822123771395695e-01
9.760714048618662764e-01 5.927801432084591760e-01
9.947937247694361718e-01 5.701127795309122170e-01
9.902125745804334356e-01 5.859635976860402273e-01
9.055776846663272650e-01 5.633870670142029358e-01
9.427766549861149592e-01 5.541844396799815442e-01
9.661802984527839699e-01 5.670761743254215670e-01
9.301028577085932447e-01 5.602082616799737291e-01
9.000105110313509904e-01 5.184900912168061149e-01
9.899763157533347790e-01 5.782168509654985744e-01
9.308439118402845880e-01 5.849313431920869499e-01
9.933244329734328693e-01 5.465963443151439227e-01
9.894533083149994468e-01 5.830959465098419781e-01
9.520331176568734843e-01 5.954079919993442438e-01
9.065791683956900826e-01 5.527118725482467188e-01
9.571402262852690690e-01 5.521155458768364221e-01
9.964507933881914248e-01 5.335941807729522868e-01
9.799985097800825162e-01 5.770821586008045845e-01
9.111416625455267537e-01 5.530513286076751411e-01
9.412367780843213794e-01 5.200635383159140090e-01
9.907413305897234679e-01 5.991209260401724190e-01
9.556908601618324672e-01 5.133863095249109332e-01
9.113872547580745831e-01 5.172190146396455912e-01
9.783812538261051905e-01 5.739441929408044540e-01
9.462351054703663777e-01 5.623387685198844022e-01
9.293361428472312058e-01 5.542199771566651556e-01
9.338221779088534680e-01 5.244572998857870427e-01
9.252523084062220793e-01 5.054153542717475522e-01
9.276157470921243542e-01 5.699663621244319689e-01
9.498169504764304438e-01 5.973503445320027527e-01
9.886064636174791698e-01 5.577971976007344290e-01
9.218700908287986717e-01 5.978671964283714946e-01
9.562856544686086924e-01 5.850104178187857107e-01
9.508960134209980541e-01 5.166603921275068068e-01
9.519842192638336975e-01 5.416171939578889871e-01
9.137739615613573729e-01 5.872658894857150091e-01
9.239405775880651372e-01 5.347644321225042408e-01
9.164618997954878665e-01 5.568763002130121542e-01
9.893672045471497700e-01 5.524133044928885017e-01
9.971653240420701447e-01 5.728204710552082801e-01
9.945102312578459891e-01 5.944942472548121470e-01
9.338733651069698327e-01 5.036657073563696185e-01
9.055722323910398996e-01 5.416809885019635562e-01
9.252012728485047299e-01 5.723434105060347665e-01
9.187997546129440529e-01 5.331377733763054128e-01
9.401824760068874243e-01 5.125842172348844539e-01
9.053345100774552456e-01 5.005448361613782371e-01
9.780133386767133619e-01 5.376678616197427818e-01
9.496836897440292802e-01 5.118386847420801633e-01
9.256828410470762103e-01 5.785128253589086889e-01
9.310298169126067780e-01 5.917356569669104394e-01
9.897396918719014725e-01 5.508794547257900298e-01
9.200741317351172066e-01 5.927069158343178934e-01
9.436522023629112521e-01 5.810008429888212644e-01
9.864709779610953966e-01 5.398082651349419558e-01
9.084455073072225106e-01 5.497790967421359865e-01
9.323988271249441517e-01 5.040806084125060149e-01
9.876200467533882144e-01 5.921810000460192569e-01
9.418414718647565298e-01 5.769276322923618805e-01
9.953969482938591629e-01 5.680390963467581988e-01
9.795472892558441114e-01 5.881482450927140171e-01
9.207539576060950193e-01 5.223663557475379804e-01
9.330193941905651211e-01 5.448827536014433370e-01
9.992813660027576317e-01 5.643971052394984866e-01
9.625606818854248736e-01 5.781745326138272301e-01
9.469626961074746330e-01 5.293194924870833207e-01
9.353453085697756020e-01 5.472054205985716901e-01
9.485395099426350285e-01 5.058825698498216061e-01
9.009546198316848997e-01 5.595985791385099661e-01
9.851780766631288433e-01 5.245231843712397923e-01
9.270273088675420325e-01 5.344722173644640417e-01
9.593468738557731079e-01 5.696939037427233288e-01
9.319867035746772777e-01 5.820100102842393763e-01
9.722593374515919873e-01 5.572714506339263574e-01
9.841025314091411680e-01 5.297124753715944934e-01
9.686937124703560720e-01 5.031368090838378437e-01
9.694408604827193798e-01 5.711715888492250315e-01
9.212304496154472000e-01 5.727817690338172785e-01
9.286408577829228239e-01 5.581354602851475999e-01
9.938337830293855202e-01 5.290624919828037509e-01
9.615597580097074992e-01 5.309528768093407791e-01
9.512282724912723975e-01 5.311804655182132961e-01
9.576613728457481489e-01 5.904461325454606335e-01
9.452076075436599556e-01 5.097084461010202849e-01
9.428540917390658693e-01 5.388466541164502743e-01
9.949751150357123430e-01 5.403143024704615272e-01
9.045155046608844840e-01 5.613756938477634240e-01
9.702704711847536245e-01 5.707938710713491570e-01
9.565218517318369029e-01 5.405788222706334745e-01
9.697513362594358810e-01 5.931499004250861962e-01
9.434881639853462953e-01 5.261896667373270331e-01
9.512134445328122023e-01 5.618885024734456834e-01
9.494896873999849607e-01 5.347610882036648583e-01
9.397914622211280822e-01 5.230007385295791789e-01
9.684800534867128441e-01 5.433235616505575072e-01
9.657390587565065632e-01 5.304019901755526734e-01
9.045471385179215673e-01 5.985353287099660635e-01
9.611468557269574609e-01 5.224203824913206118e-01
9.527355986890515549e-01 5.426329525588639013e-01
9.734971491188120218e-01 5.772996967791930167e-01
9.666884380256042242e-01 5.952462088922041428e-01
9.027595146369299384e-01 5.492093377294625656e-01
9.248885032676519291e-01 5.594404106492940620e-01
9.958068216946783791e-01 5.245277313748465398e-01
9.939477764763007261e-01 5.899707889601587540e-01
9.696168739162400740e-01 5.117170437538076655e-01
9.001695483056034730e-01 5.465597651230065246e-01
9.424741006080962213e-01 5.005600783431894962e-01
9.214225785840821636e-01 5.541475236181243602e-01
9.730532701858098932e-01 5.023159122794139675e-01
9.460931000301495697e-01 5.393031971168689154e-01
9.983716978688168542e-01 5.182379180735756652e-01
9.863325009236456609e-01 5.173100308412601489e-01
9.945512753648988458e-01 5.995097174554357977e-01
9.897530759386847787e-01 5.690674688685143368e-01
9.143016715589227239e-01 5.628100409974260421e-01
9.224928594294551365e-01 5.338852604395016854e-01
9.233387735721890754e-01 5.452983546646581470e-01
9.369919031642535145e-01 5.446625572219871980e-01
9.725280685320776275e-01 5.209739913443706127e-01
9.730291514412736653e-01 5.601570379608603600e-01
9.627720823405618855e-01 5.237610060673458801e-01
9.565932500217533274e-01 5.382778029625032712e-01
9.646906755406707834e-01 5.091982643325549951e-01
9.433572096576460231e-01 5.136699429267558292e-01
9.775318992651520489e-01 5.506384501531096376e-01
9.799930705372867923e-01 5.371841321580588247e-01
9.061620492820500194e-01 5.044447853622793243e-01
9.825836476188503088e-01 5.403489313484640677e-01
9.702367908865174861e-01 5.968559586544218698e-01
9.903048691080997834e-01 5.853562895665446186e-01
9.602066068893559958e-01 5.900010735106615556e-01
9.662113788935000613e-01 5.380300443029926161e-01
9.124111553778407879e-01 5.071282539551201785e-01
9.149108112998103337e-01 5.787506378127631468e-01
9.888945272247935403e-01 5.217886829079714239e-01
9.994791389911150681e-01 5.304718718223186968e-01
9.010442926619158799e-01 5.291914605661525162e-01
9.974483524575574744e-01 5.674549854587214170e-01
9.116762502647122179e-01 5.327201072969179885e-01
9.343763174251167314e-01 5.182327365357422000e-01
9.037039032129816629e-01 5.594192241012154732e-01
9.381306289626980544e-01 5.842201518080818445e-01
9.133533372202118361e-01 5.249914058245599424e-01
9.869894929432295738e-01 5.779543165878620048e-01
9.756734605380138481e-01 5.235577385887972834e-01
9.210112059233630522e-01 5.970667344277147404e-01
9.387246334289984784e-01 5.108486230979345510e-01
9.402473901290759883e-01 5.553362275902726797e-01
9.070658979593474447e-01 5.043248745061650329e-01
9.273211447798499485e-01 5.067915632233459533e-01
9.789241290571505383e-01 5.517058273688496550e-01
9.606631901007999241e-01 5.321487757535096064e-01
9.438544182466539478e-01 5.656106859930005726e-01
9.772648894984139467e-01 5.150870364406158197e-01
9.042932901849782823e-01 5.464200113151040927e-01
9.381537638271256752e-01 5.274085040795626345e-01
9.123697379234062543e-01 5.899428291192294616e-01
9.975025509005988056e-01 5.024946702373309648e-01
9.712926035589939389e-01 5.470145069161560514e-01
9.087963349390930645e-01 5.608669902945171426e-01
9.514178297310155186e-01 5.465419669445439332e-01
9.815028968199426274e-01 5.204069239081174914e-01
9.324662039776804301e-01 5.675432512907014893e-01
9.519423172655685494e-01 5.791531331363630741e-01
9.190470810669963964e-01 5.822959631837543171e-01
9.462871995863249008e-01 5.091596339681787597e-01
9.962508292406897503e-01 5.330146554929930947e-01
9.222281182963860680e-01 5.091186044217277384e-01
9.488739562384060910e-01 5.323368407544092351e-01
9.793593839283364355e-01 5.267221001438213701e-01
9.757713618899439556e-01 5.213866592297526914e-01
9.747961739035858608e-01 5.435986508144535767e-01
9.321768257147566850e-01 5.371217424720234890e-01
9.083156538740229102e-01 5.065775999054737966e-01
9.819056358233048121e-01 5.113191717343221754e-01
9.163066827832768713e-01 5.713530148755179283e-01
9.660017547268657800e-01 5.139628250626733230e-01
9.158388396775698492e-01 5.079177729386249451e-01
9.640954316534000590e-01 5.467967716315002003e-01
9.894077123879061464e-01 5.473358410325980250e-01
9.658063715695099916e-01 5.651572780632299065e-01
9.132954647758382283e-01 5.291328268198944862e-01
9.178270264256391808e-01 5.122285635589661767e-01
9.816638053856092672e-01 5.151554717416042539e-01
9.653657845543772709e-01 5.271446378190625115e-01
9.888103489121320422e-01 5.661055124163132390e-01
9.064122488872965455e-01 5.053816073841679302e-01
9.551809829413004937e-01 5.357695167161701244e-01
9.895189573636097302e-01 5.237650857039104491e-01
9.700446875870760710e-01 5.541141705415298935e-01
9.778663068617226006e-01 5.993681239477177680e-01
9.808093456832623902e-01 5.201911541306529774e-01
9.616013082191519068e-01 5.166064868260720200e-01
9.073018569981667891e-01 5.841242585751320604e-01
9.371831302099324912e-01 5.893791289957311941e-01
9.746171272728909596e-01 5.332986010034922453e-01
9.150108080353640538e-01 5.205900955141741226e-01
9.053822128058425234e-01 5.902261946107145718e-01
9.628125130840328172e-01 5.870338994932629006e-01
9.065886974330636949e-01 5.828791712494829635e-01
9.380257695406369889e-01 5.507880363582071670e-01
9.942203508848888038e-01 5.802045967510491842e-01
9.017005539563370808e-01 5.655176019461491954e-01
9.031442339770147099e-01 5.266978859578337335e-01
9.851664593147393401e-01 5.726898837653100482e-01
9.716269925394949158e-01 5.667540623250191256e-01
9.540604019813687664e-01 5.412383633015940276e-01
9.195828858166766873e-01 5.087549148867336335e-01
9.299090604320403575e-01 5.020349336615441693e-01
9.732997482980423332e-01 5.529158544283431231e-01
9.690764173367547585e-01 5.204765170964699150e-01
9.796541347057243776e-01 5.737190999043988437e-01
9.344519308092225085e-01 5.117919213949213564e-01
9.903398465808083140e-01 5.062277392874600102e-01
9.669636599429406454e-01 5.527938423183060834e-01
9.075593685743010841e-01 5.720290499471970547e-01
9.536323217407196573e-01 5.527840527373704127e-01
9.124627054230909362e-01 5.952509804028989215e-01
9.489538018038806699e-01 5.103040700364525062e-01
9.377476945228386818e-01 5.098988849700957227e-01
9.529381046653278009e-01 5.266443567250909119e-01
9.010480663776817556e-01 5.978997881207102072e-01
9.031767783593405152e-01 5.812891312287722378e-01
9.476973402566659654e-01 5.777478889433173004e-01
9.334918336113721127e-01 5.088704380503646929e-01
9.272067158793121378e-01 5.943651259230007255e-01
9.000572141292431105e-01 5.392955994184275292e-01
9.473475117497707210e-01 5.307257103041496116e-01
9.968073287800400806e-01 5.987766452733208622e-01
9.147949016138759992e-01 5.179320695964358956e-01
9.827905596984378711e-01 5.290213455633890893e-01
9.846684050655086784e-01 5.788544989535364671e-01
9.790845454544888637e-01 5.517316688220945675e-01
9.629582332866529759e-01 5.861306347428100194e-01
9.701635089645124221e-01 5.548804529310411571e-01
9.180301556311381006e-01 5.963473745411136395e-01
9.431078458064700021e-01 5.457215589965429547e-01
9.098268810242882143e-01 5.426437546675988433e-01
9.547928121770163923e-01 5.643402782910627025e-01
9.799495253799264116e-01 5.641554207268149046e-01
9.539450569790317580e-01 5.002822977290424245e-01
9.167473511687520560e-01 5.081618131228946567e-01
9.293838596758290382e-01 5.908573825243674804e-01
9.426561499577924552e-01 5.361011849111098071e-01
9.837276194900481663e-01 5.749092813652109113e-01
9.317491366047625512e-01 5.962775483024644885e-01
9.783057199729047193e-01 5.543127347156683316e-01
9.855784840004750968e-01 5.625623723698972567e-01
9.827208959685154177e-01 5.669136941314463218e-01
9.670814905056286381e-01 5.301966835653411092e-01
9.388580112223333662e-01 5.774592848286033142e-01
9.044044194799898406e-01 5.585159612803174412e-01
9.056251309234897295e-01 5.937256960936763139e-01
9.649155932298818517e-01 5.531159927175259838e-01
9.743974027328514698e-01 5.124067881996450247e-01
9.761975133566891394e-01 5.281954114784654930e-01
9.263126619068253742e-01 5.455012392020253120e-01
9.902942814189508169e-01 5.402570699738142856e-01
9.327005964177109698e-01 5.743287119456322865e-01
9.940792299886676009e-01 5.986247473055207324e-01
9.632000493994687940e-01 5.552520802039456749e-01
9.638602320430732506e-01 5.775417550693477953e-01
9.753059226717496477e-01 5.127281229163731524e-01
9.107732938005161927e-01 5.145345381953996267e-01
9.422299708373035321e-01 5.413124020477688703e-01
9.425931859519345313e-01 5.422488175238098229e-01
9.782918572889842679e-01 5.378440441346082901e-01
9.919345334362082989e-01 5.953664550822808099e-01
9.691066102815503180e-01 5.931724427523021870e-01
9.806005976187596174e-01 5.525673749025556969e-01
9.778852312734336305e-01 5.420916950001632983e-01
9.255983306058392923e-01 5.708496760762717948e-01
9.171072182581361254e-01 5.071337911841073964e-01
9.733410608672141695e-01 5.862619389925285418e-01
9.837723242124696288e-01 5.461593424124775442e-01
9.004012101107486954e-01 5.995466148888468627e-01
9.964596232864544323e-01 5.788449118154807005e-01
9.864967005598614946e-01 5.003948010589143180e-01
9.265008081197794176e-01 5.494004144193769257e-01
9.045255564883472044e-01 5.807875526044273817e-01
9.842273793149527439e-01 5.681499711318741541e-01
9.020736111558851356e-01 5.306357830615636706e-01
9.039471563803224141e-01 5.601817394417359930e-01
9.325160959732834431e-01 5.504977885732535992e-01
9.912322429555112668e-01 5.291605629620715900e-01
9.775617081546352782e-01 5.428480489532414577e-01
9.330914058015599144e-01 5.450458097942357805e-01
9.897133466079532926e-01 5.518307339648671483e-01
9.082910865658517796e-01 5.634713661674055629e-01
9.250041640672248544e-01 5.302183742235040409e-01
9.830984889847417252e-01 5.565424360960176120e-01
9.131949916723463012e-01 5.678043490996704801e-01
9.576050318916762283e-01 5.737621756959507824e-01
9.330153945242722902e-01 5.420907464037778567e-01
9.282914851454779903e-01 5.068698418948284212e-01
9.148960568683710548e-01 5.054860176389835980e-01
9.792827631419980250e-01 5.943083170099808799e-01
9.279398708570294474e-01 5.373564096753723485e-01
9.971654979347560621e-01 5.061287917474451836e-01
9.704272097511091877e-01 5.726409581236271418e-01
9.166615880486893575e-01 5.604421995047501603e-01
9.954827724331927197e-01 5.726619063303391988e-01
9.980613825751283308e-01 5.929366026484901298e-01
9.227539566071828459e-01 5.773038714806105753e-01
9.428693000211914033e-01 5.624725666876406738e-01
9.436009022966056481e-01 5.800468033175532057e-01
9.194131432736570853e-01 5.857186134236822550e-01
9.498414163834714152e-01 5.510255048743926132e-01
9.751577202640306918e-01 5.331707282220586874e-01
9.754628182738321884e-01 5.257222907562962844e-01
9.656645479439192048e-01 5.806719867906182664e-01
9.538767229394204961e-01 5.107839476582942684e-01
9.461223096519441045e-01 5.898274928319646726e-01
9.035367255589249469e-01 5.387292075025092997e-01
9.974066045518291679e-01 5.383328528734933061e-01
9.206282958969711494e-01 5.795139899948896778e-01
9.453362076460081198e-01 5.104286200920137295e-01
9.596149153988227098e-01 5.392236376685209942e-01
9.213465014838779776e-01 5.949158728295083076e-01
9.496500387180588643e-01 5.602701033842494294e-01
9.694823099159306512e-01 5.566565502270124366e-01
9.565898764384928032e-01 5.447491051830637421e-01
9.438024569239824579e-01 5.227875903460498241e-01
9.782432271999605966e-01 5.017297183482642975e-01
9.159325205028100436e-01 5.526962343826944402e-01
9.581043803005591109e-01 5.649521427356761771e-01
9.233315703526776552e-01 5.521435447625182569e-01
9.640121430441118688e-01 5.151301366348224331e-01
9.360350671136016265e-01 5.286340993268318078e-01
9.061285465486971225e-01 5.991279952302021039e-01
9.743174585410268040e-01 5.659071594176652287e-01
9.956288135409270268e-01 5.803812993371236795e-01
9.125981339118863778e-01 5.026112258036923297e-01
9.555923480280563709e-01 5.989026805301593814e-01
9.318937381075271809e-01 5.679834837827315575e-01
9.647199789494267375e-01 5.296500154428993579e-01
9.055094430916867942e-01 5.181254174623285413e-01
9.526178388739106051e-01 5.557716247126291975e-01
9.692108070642037054e-01 5.114468436586581124e-01
9.043173089988041369e-01 5.535960809695094076e-01
9.399853211598712122e-01 5.997501759501847607e-01
9.408819509064392239e-01 5.234434218204585543e-01
9.626909888210271049e-01 5.103530997997927088e-01
9.426521858231791118e-01 5.017977235843628092e-01
9.377956465329624347e-01 5.253358762682767136e-01
9.233881178883824870e-01 5.313217970642597487e-01
9.336135817949651194e-01 5.229631189342119901e-01
9.968379847605028932e-01 5.371295925178437569e-01
9.206609430621424117e-01 5.048469502261021535e-01
9.337981231511466307e-01 5.587612995141754135e-01
9.348708700960316476e-01 5.549563270805248916e-01
9.166742368935008045e-01 5.186607551781573511e-01
9.184840540174146195e-01 5.695553482769206699e-01
9.154459595370535441e-01 5.364366269110267815e-01
9.220811769954924131e-01 5.678688179910310607e-01
9.266222979755927014e-01 5.695672385587287057e-01
9.050035683627815075e-01 5.256362501660507558e-01
9.249390501619623173e-01 5.831186255876456004e-01
9.201070239317904464e-01 5.849364663224525529e-01
9.645447096651968977e-01 5.845974132010911539e-01
9.642750485795108517e-01 5.516094389646744034e-01
9.725044127830748675e-01 5.097051730040782491e-01
9.255382944659305000e-01 5.897897183616442884e-01
9.707538715114868433e-01 5.420262471920933578e-01
9.154038521195454470e-01 5.612557894701343253e-01
9.959799330881919932e-01 5.047260604983967447e-01
9.086679614578631048e-01 5.312442902716654203e-01
9.835696127229587304e-01 5.550794505839466986e-01
9.917563348755039643e-01 5.810762464011309802e-01
9.532943062317184024e-01 5.939028727174334721e-01
9.097177420933519887e-01 5.536096753282671035e-01
9.430926273211527322e-01 5.384324432787961356e-01
9.083166317339154139e-01 5.829496330659922343e-01
9.563326628259960493e-01 5.066890761362926598e-01
9.978041119460452357e-01 5.406998346239401121e-01
9.993622273897901920e-01 5.703917150157852278e-01
9.971453587213504610e-01 5.781631950936096942e-01
9.878583010526480468e-01 5.687181116830395400e-01
9.301957763094480525e-01 5.424904981461550202e-01
9.815022005968683239e-01 5.920013119004616797e-01
9.837685093803275604e-01 5.141888005755672619e-01
9.939485256899538435e-01 5.535203664734024143e-01
9.479477306867287734e-01 5.306821338545396616e-01
9.429193429208132526e-01 5.482564121038956406e-01
9.762122222619904477e-01 5.314205303074184261e-01
9.736888135557895119e-01 5.436644344299574882e-01
9.413667572686756913e-01 5.629219710713505576e-01
9.256670328963298999e-01 5.232554651877479035e-01
9.125760181083980571e-01 5.194716677115498449e-01
9.444683338249926230e-01 5.737731462994103415e-01
9.667271724876354000e-01 5.178242158327730493e-01
9.979415145593771852e-01 5.249361356011212898e-01
9.531128904196635165e-01 5.950139604507667102e-01
9.644290764579106501e-01 5.772451001070408871e-01
9.322305532061399003e-01 5.691188429788753833e-01
9.040979189431327390e-01 5.111030217184759916e-01
9.731477331373437067e-01 5.274866269815920994e-01
9.594549204734010850e-01 5.760971025165637638e-01
9.247670912223966422e-01 5.329659914198273674e-01
9.368086277955535168e-01 5.040871714285038996e-01
9.857379575767887259e-01 5.060562337636302921e-01
9.643120858306111209e-01 5.914843845228443531e-01
9.629168082623219549e-01 5.606958902266951927e-01
9.577096630059860338e-01 5.686559187134226923e-01
9.260419857395025822e-01 5.254350891179956351e-01
9.295228682307725698e-01 5.256384163743551552e-01
9.826631396731670964e-01 5.876980330357588489e-01
9.175359477643854067e-01 5.311922703608683571e-01
9.825185341111359882e-01 5.845032445476631144e-01
9.957891938236158591e-01 5.712475138352828274e-01
9.417334856591468295e-01 5.013841754115915261e-01
9.136871086818088017e-01 5.096415767157388421e-01
9.465162412021108640e-01 5.145756842466659986e-01
9.310717914412216523e-01 5.696254425271245481e-01
9.113520342892482695e-01 5.923286671064160736e-01
9.181190656376683190e-01 5.064213315076484534e-01
9.874984105069346541e-01 5.423913838878717808e-01
9.236965291835794734e-01 5.174358355268169340e-01
9.537183618202413893e-01 5.069422560509664333e-01
9.137230850879350941e-01 5.695645715849158019e-01
9.725842015070784718e-01 5.925447224706558158e-01
9.313952975973167625e-01 5.060922083372700886e-01
9.259442513999771585e-01 5.457064996433351745e-01
9.751834838824504637e-01 5.173509452310953716e-01
9.572337128269137185e-01 5.363143213779983931e-01
9.107679437740542339e-01 5.613143834260166942e-01
9.063476300684135678e-01 5.788549693350419911e-01
9.865249708183742028e-01 5.087857226543276434e-01
9.207351424746182955e-01 5.606471627905924571e-01
9.933644391086358105e-01 5.724417183684727961e-01
9.240511640708459762e-01 5.406989891401771109e-01
9.191192301199730963e-01 5.303388150965614445e-01
9.655655243076811667e-01 5.827302583280977721e-01
9.050222237048276552e-01 5.099030215297720714e-01
9.599764300263211592e-01 5.957584774911348635e-01
9.584456399766599910e-01 5.401301063445885786e-01
9.390842565361184890e-01 5.224209436205738966e-01
9.177691317408389615e-01 5.537285101829503287e-01
9.073970430868398829e-01 5.628113347034111591e-01
9.637100637865534392e-01 5.550385246471709610e-01
9.082267834449564425e-01 5.485903126328657287e-01
9.632329282186335995e-01 5.839021376240954853e-01
9.749474129825714819e-01 5.251139023351325541e-01
9.716721249416465644e-01 5.253262155514770715e-01
9.402582298163053576e-01 5.988086688815981162e-01
9.821666529725738837e-01 5.018102169427556269e-01
9.295825282846756910e-01 5.318766926868427891e-01
9.007192272217188211e-01 5.119132719723594738e-01
9.002116459425486550e-01 5.519613664284863663e-01
9.823681014987932780e-01 5.223635683266090179e-01
9.679801325599215467e-01 5.977712874231793094e-01
9.361380896142050823e-01 5.826607587503249697e-01
9.620043812208514122e-01 5.079352770335385792e-01
9.586094144040154807e-01 5.469966626893518757e-01
9.061625235093990760e-01 5.715781826689747547e-01
9.720257228183089016e-01 5.806295931454118486e-01
9.421420879832954620e-01 5.711316484307082941e-01
9.203991158137134754e-01 5.000376391483780658e-01
9.187186421813299253e-01 5.727174928013692989e-01
9.742367993268311599e-01 5.490777629970431395e-01
9.033646324501379832e-01 5.063838643943684437e-01
9.264185098421361397e-01 5.898252417455610574e-01
9.805267389818811408e-01 5.957320311735274654e-01
9.763506091368467921e-01 5.738082217712607846e-01
9.025646756732134124e-01 5.070113785059165989e-01
9.234073633271872028e-01 5.979212423422456402e-01
9.184385901205196490e-01 5.674559550888695902e-01
9.748091455818910234e-01 5.189736537131344196e-01
9.765850713003916272e-01 5.071856097274937136e-01
9.382890487418017456e-01 5.003045435037920541e-01
9.334278939945072073e-01 5.826756393044061344e-01
9.872474896876173300e-01 5.682090100091617968e-01
9.358385889496814158e-01 5.573621769362551159e-01
9.327290929849005874e-01 5.592663602499579056e-01
9.396034378262388964e-01 5.368912329824938601e-01
9.294191055823405323e-01 5.108063788634640279e-01
9.815689608810354017e-01 5.312260709818055204e-01
9.062684183375371294e-01 5.091241932259443770e-01
9.555588388762298324e-01 5.210392819416148624e-01
9.574704936404777600e-01 5.268262249924171581e-01
9.904687924743682537e-01 5.006074529515971427e-01
9.838809681153719566e-01 5.729273496831659429e-01
9.704196307575734259e-01 5.871811125625543415e-01
9.529813423290182106e-01 5.150835445935146861e-01
9.991972604563730265e-01 5.309336269859705748e-01
9.935245641370982206e-01 5.814468073107221802e-01
9.370179180581887923e-01 5.472232739444327088e-01
9.266694695893964440e-01 5.917106213372802515e-01
9.693362403882845868e-01 5.895834035698181985e-01
9.245055887868833810e-01 5.362616402873925381e-01
9.011250680786744294e-01 5.644917006310172791e-01
9.872395002685507848e-01 5.091096355584381339e-01
9.699615769490617101e-01 5.012808371451389355e-01
9.491198443904236282e-01 5.020736217789745215e-01
9.066254747832980243e-01 5.433532205000631832e-01
9.222829207787798245e-01 5.092194289472116164e-01
9.095152948898375111e-01 5.781426938082225853e-01
9.921822082509377250e-01 5.653652779995693711e-01
9.313871878432153917e-01 5.184492718260202970e-01
9.028151969174460501e-01 5.530551144597667390e-01
9.196501551347762149e-01 5.543771635716288060e-01
9.711841771480346219e-01 5.708410179208412982e-01
9.690766815395764899e-01 5.922519180781301573e-01
9.380330530464748851e-01 5.272965542437272335e-01
9.625979881257451520e-01 5.065004471864364977e-01
9.904490394384937169e-01 5.956879402425523384e-01
9.651665399799715939e-01 5.288298235086308363e-01
9.170631339899844026e-01 5.062346069750589539e-01
9.139506938184576157e-01 5.788750003351379458e-01
9.220389993822148966e-01 5.742387205429324570e-01
9.710553694779623379e-01 5.393615429977784981e-01
9.899906949061267891e-01 5.165495922334790713e-01
9.288789766897062039e-01 5.803590714016702012e-01
9.772153716649674138e-01 5.338867266550613166e-01
9.278277956672796867e-01 5.063034218139458309e-01
9.812725290926620492e-01 5.773876402927760054e-01
9.104367944851331496e-01 5.149806663439261412e-01
9.164810254461936978e-01 5.988971822331294881e-01
9.084324609478652279e-01 5.006381469168932341e-01
9.335703292702058897e-01 5.340738950520833583e-01
9.987613302207515309e-01 5.496382447173115970e-01
9.479202683240863792e-01 5.150908751150817810e-01
9.472809465252420846e-01 5.178951927019086465e-01
9.217208677233352798e-01 5.694425925764963203e-01
9.637166931408964743e-01 5.361796950602322198e-01
9.970476712095510674e-01 5.048687605332515815e-01
9.566351829731036815e-01 5.424111690011150788e-01
9.705129251158569614e-01 5.720788539410661677e-01
9.547407598307078302e-01 5.580072812607205224e-01
9.900704490693372772e-01 5.739195213923762307e-01
9.243483856921266284e-01 5.023576440635902918e-01
9.541326103506115874e-01 5.011454917220365957e-01
9.236036425184716014e-01 5.137203041696347672e-01
9.446506963182782490e-01 5.040247624052620612e-01
9.779063443312432380e-01 5.110605505799784565e-01
9.640714331805391168e-01 5.313764990758851336e-01
9.990954614850171556e-01 5.577994025243947496e-01
9.621278103570729545e-01 5.008777093326070018e-01
9.291342646898169688e-01 5.333091480152544195e-01
9.185502610765057252e-01 5.674945465732669225e-01
9.666207577197327705e-01 5.619437263692927953e-01
9.133534960974587502e-01 5.722050470285624524e-01
9.000347244234309096e-01 5.449710297777627943e-01
9.947926512458002968e-01 5.677500218131517062e-01
9.397835709985090658e-01 5.287521280041383998e-01
9.618547740018750236e-01 5.094900220065610164e-01
9.477206126389721152e-01 5.055186587756469452e-01
9.443493456361115035e-01 5.578997744289997396e-01
9.779141177049298639e-01 5.300305538617795520e-01
9.525281514333563404e-01 5.131855222565588903e-01
9.209333007488509359e-01 5.166516101213712853e-01
9.308627921886846179e-01 5.856059548873808751e-01
9.556518194685006407e-01 5.305092962118201916e-01
9.108843211200378098e-01 5.077601917524203756e-01
9.344516851515292100e-01 5.404869380675059176e-01
9.171113950264677683e-01 5.267508157792903933e-01
9.819447412153838872e-01 5.690855456338002050e-01
9.330004730905849808e-01 5.125219289607216844e-01
9.247423674008428129e-01 5.895361028914952728e-01
9.797150465409073528e-01 5.490571695701089716e-01
9.027629165010353507e-01 5.747150679693241448e-01
9.161507698222834950e-01 5.546339596797335014e-01
9.656467308678295947e-01 5.659017019423089323e-01
9.061069480948276134e-01 5.780479749022211511e-01
9.218278274921916093e-01 5.539215551104051949e-01
9.173001670958280673e-01 5.034376585296718165e-01
9.547568888505917339e-01 5.623024208377815913e-01
9.348665182531512574e-01 5.607092990500393004e-01
9.997374394676025178e-01 5.670042018996361843e-01
9.683124019051873033e-01 5.894947165645110232e-01
9.663198151492169430e-01 5.076876605729181424e-01
9.387813716778716788e-01 5.898925134147222638e-01
9.357286349176696660e-01 5.860581674064793134e-01
9.197214156303616939e-01 5.962191782726620204e-01
9.251105223676804323e-01 5.783605867399808087e-01
9.296845960136725928e-01 5.482510342126992731e-01
9.853345116798155612e-01 5.771093960573294712e-01
9.468265697559670180e-01 5.606344132332576891e-01
9.799455030560919599e-01 5.906149290476463420e-01
9.015111083195581632e-01 5.195095272103152917e-01
9.664414828480645259e-01 5.693643038829152569e-01
9.001251986841537489e-01 5.876405658807204446e-01
9.232413957703530238e-01 5.818544310788563712e-01
9.790453086133691363e-01 5.834587910399884336e-01
9.664857522555789782e-01 5.636206407163826260e-01
9.266366126726995889e-01 5.460802861714197931e-01
9.707647435318973450e-01 5.570720043357183515e-01
9.855349701678034480e-01 5.787972999538020247e-01
9.845855293890122262e-01 5.530951556373546740e-01
9.055176897189805008e-01 5.356002355398123971e-01
9.002021571108214104e-01 5.018396322349929495e-01
9.792989524823824121e-01 5.565198723402202674e-01
9.907450042962175907e-01 5.824808467484033914e-01
9.081885072157404037e-01 5.816884108592212943e-01
9.574472486754560530e-01 5.682655621645809063e-01
9.132530207686813117e-01 5.698133524899096081e-01
9.636013514201409169e-01 5.694519313697405938e-01
9.326509725538301154e-01 5.981690105678361125e-01
9.370996086708502926e-01 5.266856055445099383e-01
9.800948917169993724e-01 5.832324346699608864e-01
9.693154105361005968e-01 5.831177237766792532e-01
9.752998552197380544e-01 5.460256016571465310e-01
9.766057207757539160e-01 5.817418486761114504e-01
9.593549512514203403e-01 5.005906853781336707e-01
9.457334081759345423e-01 5.529644721604178859e-01
9.125764843459491793e-01 5.601557324922565861e-01
9.347100392618536979e-01 5.408968188033825841e-01
9.883961974609273282e-01 5.284753403545321415e-01
9.682550564841121421e-01 5.798546418232730648e-01
9.322559466350114343e-01 5.714483116970812127e-01
9.997611721790209405e-01 5.398080694414524316e-01
9.491540368306192743e-01 5.043353156892096401e-01
9.913615153578130279e-01 5.415905502794071680e-01
9.221596514627727892e-01 5.281920744278867375e-01
9.393413300167853253e-01 5.040343360848553722e-01
9.155900272214358981e-01 5.965929259408431218e-01
9.919574393221481934e-01 5.564471387301073158e-01
9.242947456766664738e-01 5.855688947419225299e-01
9.789603965965125720e-01 5.904815298097843002e-01
9.296322339116593891e-01 5.632129192603445578e-01
9.366621385609652517e-01 5.208821063362395476e-01
9.622337861522574087e-01 5.104454039596237891e-01
9.769017695735727758e-01 5.035327526920720942e-01
9.363839478561646334e-01 5.459778154423786667e-01
9.326255470004849446e-01 5.563485272539898663e-01
9.768037300095259168e-01 5.541390285979405084e-01
9.241632657861881261e-01 5.356439465606597228e-01
9.801683268042289399e-01 5.837654729619803362e-01
9.980183415962576854e-01 5.627567073657798735e-01
9.586476279986668736e-01 5.873474326718632899e-01
9.007884255879677893e-01 5.475826309147832083e-01
9.279091238750382109e-01 5.698939613513904767e-01
9.713330335582168740e-01 5.554486290738296361e-01
9.382742588766518343e-01 5.125491507380662837e-01
9.375616564870408176e-01 5.555578456499510320e-01
9.281738397718961586e-01 5.929687071333040738e-01
9.886219393873190153e-01 5.949362642705039450e-01
9.388753407460879163e-01 5.137992215833382392e-01
9.004256605910654354e-01 5.010951529063638610e-01
9.057619403283885262e-01 5.588933517948045937e-01
9.411403793074457624e-01 5.577053192894978473e-01
9.892699225757491943e-01 5.354341424835770136e-01
9.324228940275485211e-01 5.232244087527136989e-01
9.373462769009108797e-01 5.290663732784078865e-01
9.115097471168739363e-01 5.156393350353598581e-01
9.452995014284554243e-01 5.773325147192925888e-01
9.444978908135406304e-01 5.785943965609516848e-01
9.161128262017547152e-01 5.749851954705873514e-01
9.047283832870927078e-01 5.007303414997676949e-01
9.871334896581560603e-01 5.959428956574590597e-01
9.881264158040550249e-01 5.299494172781888945e-01
9.474570913912940817e-01 5.683252492359294195e-01
9.389209007029808429e-01 5.013246004996320115e-01
9.545313962431027921e-01 5.042256999595651212e-01
9.940423799672510885e-01 5.746638261971678263e-01
9.474882396304156185e-01 5.611307678566461732e-01
9.770519684719073394e-01 5.353546290141012465e-01
9.361604128449774187e-01 5.635735795395735437e-01
9.091957812965638652e-01 5.692104308963636949e-01
9.380289016332465923e-01 5.461418444168659736e-01
9.549148811971146511e-01 5.255706196947741438e-01
9.063713969609225041e-01 5.118882757100861047e-01
9.199446085830869091e-01 5.341202317472499850e-01
9.893832880772086558e-01 5.164352267457366086e-01
9.317800654234058566e-01 5.594197957097843954e-01
9.334357086172806461e-01 5.494441841100752288e-01
9.408386365151677477e-01 5.700865003043581458e-01
9.374763485040045197e-01 5.566806487348685550e-01
9.655027289342735797e-01 5.320022932066684751e-01
9.326175492788002508e-01 5.943944175560699206e-01
9.668402030637597289e-01 5.604366281106307746e-01
9.738064046000123319e-01 5.244093063749787342e-01
9.102344084871997199e-01 5.339230017216636259e-01
9.026415232991523707e-01 5.570224109700423476e-01
9.318864637566903752e-01 5.807224465868028318e-01
9.067029868393556846e-01 5.819055878075576338e-01
9.043689369111999055e-01 5.596580944358382492e-01
9.043568495711226118e-01 5.560838918357238203e-01
9.276868903683807011e-01 5.370372958209591596e-01
9.664610777945790154e-01 5.986509043867933588e-01
9.844181581228631517e-01 5.724617575692122484e-01
9.970750229104458073e-01 5.884350057572473869e-01
9.604681339574098198e-01 5.270063630961243639e-01
9.737904677628255179e-01 5.752159490002439757e-01
9.495340619180601127e-01 5.619615040626907421e-01
9.617387827797110322e-01 5.709707873416134394e-01
9.196821815322056004e-01 5.349048965587719362e-01
9.205365399932300408e-01 5.189258350267758058e-01
9.807548160504344636e-01 5.166116111397424104e-01
9.840645940412198200e-01 5.906905300908273926e-01
9.565088523064613213e-01 5.421741336833525438e-01
9.391996469221616239e-01 5.081941174590943744e-01
9.081787279857033157e-01 5.751057112825468387e-01
9.183675352213314103e-01 5.481021569276902650e-01
9.411336542560304608e-01 5.376530638743337587e-01
9.497337670607421956e-01 5.243259639720838639e-01
9.610363873602622009e-01 5.804119862479408809e-01
9.035115602783083677e-01 5.196273549543712900e-01
9.775029242895660886e-01 5.449192315716091528e-01
9.915515410311366296e-01 5.347429626200421726e-01
9.423373390500020541e-01 5.345434443296578353e-01
9.561744787053789718e-01 5.818299146346178619e-01
9.528729017208296126e-01 5.127284346741933785e-01
9.025090664802701834e-01 5.709665699181365461e-01
9.269494113444761707e-01 5.207969055104281209e-01
9.003424891418888576e-01 5.075007810555189902e-01
9.273141267090343476e-01 5.052191012322616581e-01
9.360707542997508401e-01 5.858071363839076895e-01
9.961337805671051093e-01 5.720837450530056323e-01
9.386892175700645158e-01 5.603379227738178869e-01
9.210806713272754465e-01 5.553069708527731407e-01
9.566131792919493337e-01 5.684168886130762655e-01
9.560208552666871196e-01 5.628880563723897001e-01
9.482252637722849986e-01 5.145744475516946803e-01
9.690715221241670285e-01 5.233280032961663553e-01
9.762760287914202806e-01 5.067961918748884464e-01
9.068145859809807474e-01 5.231888021362244290e-01
9.275622670308050211e-01 5.919379958695673016e-01
9.849573927542030205e-01 5.064958084699293650e-01
9.441619213735730209e-01 5.804089795422141540e-01
9.244796347155537219e-01 5.445942345774549276e-01
9.603378186192761401e-01 5.618861454735541994e-01
9.186347641602476966e-01 5.871931352409642813e-01
9.126999495106987714e-01 5.251367706719773931e-01
9.543574786246509234e-01 5.128409627527716896e-01
9.137087553743212798e-01 5.707475740081509041e-01
9.221408284918951592e-01 5.136507462140446068e-01
9.680113157753242881e-01 5.651353560614432725e-01
9.172292179150820512e-01 5.346675472907620463e-01
9.581132581474818277e-01 5.195136703240240683e-01
9.089508265572621148e-01 5.027119489583098400e-01
9.413822368624388259e-01 5.599015759754919497e-01
9.665514283045020250e-01 5.256013004805323297e-01
9.450214511753780577e-01 5.909802337005132244e-01
9.075359242339153809e-01 5.305366025585956935e-01
9.940624677560153666e-01 5.487484334972780875e-01
9.014937827162695649e-01 5.628821404835078202e-01
9.360021749075180253e-01 5.318725760901957811e-01
9.514536876597387005e-01 5.116790159062444276e-01
9.299419322341209160e-01 5.192632551520109940e-01
9.473228620990501447e-01 5.824820407071714667e-01
9.494612657419985169e-01 5.930073270291185139e-01
9.891609627504831526e-01 5.497715003408141232e-01
9.875521562993347935e-01 5.402534009399586612e-01
9.874680579728554175e-01 5.627831361768894647e-01
9.511119958420879428e-01 5.109657758699919228e-01
9.849119378498440991e-01 5.423983853875935512e-01
9.705556063663318689e-01 5.645238355703710020e-01
9.384481226154370859e-01 5.119013720875666973e-01
9.335999178105470753e-01 5.043543020988371373e-01
9.071711782749458663e-01 5.464582441101668575e-01
9.415480928326569465e-01 5.672479994672039449e-01
9.287407175522588432e-01 5.934728126623255440e-01
9.067082834618029885e-01 5.976344643885806995e-01
9.196052290510610128e-01 5.562188097759865890e-01
9.952793997616773414e-01 5.332945945227700602e-01
9.334375003723024422e-01 5.329325286038956166e-01
9.128530396171179451e-01 5.429060855614278314e-01
9.470169018749639012e-01 5.727455031270345387e-01
9.837158281231044299e-01 5.184980102680497582e-01
9.404456351453166496e-01 5.327149787680053317e-01
9.279835710551990191e-01 5.806332150831592376e-01
9.738244091445314998e-01 5.267992077372199988e-01
9.413779402770828808e-01 5.399936003420467978e-01
9.888747670962871883e-01 5.676193131275408810e-01
9.386581583314994592e-01 5.589885456081056248e-01
9.807751864817665366e-01 5.562585992198121332e-01
9.893293055846762440e-01 5.338817558774566763e-01
9.821008105019368717e-01 5.442291266147507578e-01
9.869591551593912548e-01 5.095971279924864650e-01
9.010418784534734993e-01 5.057464633674324528e-01
9.460275724247754203e-01 5.340457232404346444e-01
9.264922518278251307e-01 5.216065006495036460e-01
9.227947884145593083e-01 5.892261010013659650e-01
9.431269926527910963e-01 5.822727640535958482e-01
9.974791846316426458e-01 5.291266588773307911e-01
9.358487217193106611e-01 5.759319081359043357e-01
9.200364372123266410e-01 5.951220415008071640e-01
9.427948160155785740e-01 5.888198303204974504e-01
9.318005229618940843e-01 5.840356097527925616e-01
9.280345026975792555e-01 5.887548427869633283e-01
9.028537032807957274e-01 5.907751262465793518e-01
9.103308524532296442e-01 5.396715028994638619e-01
9.216885462232226045e-01 5.357962011834763727e-01
9.757801707317937945e-01 5.873685255628947610e-01
9.085609905637372918e-01 5.754438117083664483e-01
9.298288728008374804e-01 5.833367809131178028e-01
9.110551412393308457e-01 5.877182282594282103e-01
9.831080961779838923e-01 5.716917889198457337e-01
9.253784515198282268e-01 5.580538057267672158e-01
9.061618317719744020e-01 5.787433429727605327e-01
9.949747925221134048e-01 5.721986523391179302e-01
9.740007857809737102e-01 5.904750174918337313e-01
9.781640599969405603e-01 5.306094130391905139e-01
9.563108186735368443e-01 5.531968456450711003e-01
9.574232790782823965e-01 5.129778905153953295e-01
9.727854825801374172e-01 5.772799326223128080e-01
9.337031977110616943e-01 5.323701762056517461e-01
9.586331623950228309e-01 5.176584080627728568e-01
9.402035621320025127e-01 5.735991137607372448e-01
9.660184318264981584e-01 5.449268908716542459e-01
9.101737009149591939e-01 5.419189580081406055e-01
9.785597886353494257e-01 5.990913768411028073e-01
9.031623949808949003e-01 5.516603276033167358e-01
9.759420721626881345e-01 5.446171849783496555e-01
9.627756823573884182e-01 5.684161457621340618e-01
9.612980931160342024e-01 5.777644384331483973e-01
9.698959739163759419e-01 5.691186227637951012e-01
9.193319066464904488e-01 5.534066756694506761e-01
9.149053994632410092e-01 5.931698311478585950e-01
9.579861352034848565e-01 5.081652263580331841e-01
9.989997601344842160e-01 5.135985584945846893e-01
9.592424941032944297e-01 5.232462550681988844e-01
9.320861758122030993e-01 5.968867459521844943e-01
9.672527975188121019e-01 5.640549691940637267e-01
9.315544303963942951e-01 5.071330744321536077e-01
9.519684893954762916e-01 5.899218435000355143e-01
9.874600328218683387e-01 5.962805872296259579e-01
9.475222312905051680e-01 5.028517086951227455e-01
9.567871787960950947e-01 5.860275800003040825e-01
9.870230726140909461e-01 5.641691991561448294e-01
9.746446973646836209e-01 5.342861273048746806e-01
9.594266242280543588e-01 5.133897276787712238e-01
9.749144919127756825e-01 5.119652702844874614e-01
9.950092273859553194e-01 5.233359788911362553e-01
9.122121651310262092e-01 5.086812291285250920e-01
9.918976831537711369e-01 5.094252723312739928e-01
9.421641554434336818e-01 5.476633458823003675e-01
9.963358138414095677e-01 5.836227754970984005e-01
9.868953300306830823e-01 5.374687737276554467e-01
9.005484498859716025e-01 5.273349560252357238e-01
9.133614804209077009e-01 5.976913311600163814e-01
9.546004765933788772e-01 5.165740295303938856e-01
9.074253144886569311e-01 5.645701421578417367e-01
9.275283499049069569e-01 5.036034999435169413e-01
9.348312920899883860e-01 5.835926723576753128e-01
9.962035322825828487e-01 5.548483512564583719e-01
9.834298522627302752e-01 5.573338982511786277e-01
9.847621474450887202e-01 5.403002599034203435e-01
9.776112023954608432e-01 5.977495930191775164e-01
9.092474844021678493e-01 5.684492123276498887e-01
9.963845364575445451e-01 5.444651442598298363e-01
9.180401520553312933e-01 5.208025102871027823e-01
9.469414150629509308e-01 5.056806084184063410e-01
9.430793816542201169e-01 5.655468907640459619e-01
9.775112723935852621e-01 5.363214730072998204e-01
9.826234916696414690e-01 5.308248741533305726e-01
9.144592916215662504e-01 5.304481916371756034e-01
9.095746358906050544e-01 5.149108737978757011e-01
9.884468901413340225e-01 5.533644557294892241e-01
9.902820386757349436e-01 5.944486156039108238e-01
9.174414186579653574e-01 5.157074546311430918e-01
9.814307765292820118e-01 5.163384986876893290e-01
9.338579062788817664e-01 5.782759919588211783e-01
9.752420790279842100e-01 5.762687666018675436e-01
9.144749993476106731e-01 5.759032530085954615e-01
9.794368234229258174e-01 5.477089184038919090e-01
9.609673605243045369e-01 5.395016620432347976e-01
9.148714657052634536e-01 5.013439605835340318e-01
9.408380825573265938e-01 5.289705574715906078e-01
9.251642470405118113e-01 5.566102856811596666e-01
9.784058897528800092e-01 5.515074364197859458e-01
9.830740197641086864e-01 5.689492501861272977e-01
9.462343138847550961e-01 5.275860530496198075e-01
9.564647049062477979e-01 5.984273919390987739e-01
9.208948263894021213e-01 5.035227623993683288e-01
9.316055392123151480e-01 5.117435707553452673e-01
9.254713765565041328e-01 5.861114675940830576e-01
9.769864960761271977e-01 5.067333687300159539e-01
9.179641650671989117e-01 5.630306114629373138e-01
9.317940721502084855e-01 5.235965837935758760e-01
9.684878004418454589e-01 5.830322571513476548e-01
9.751715673207215218e-01 5.548262032115169884e-01
9.874306543232451716e-01 5.448327288063514739e-01
9.799790054822066221e-01 5.692781118867143997e-01
9.011143478599350498e-01 5.034028862217043709e-01
9.960321601440955686e-01 5.387843322277898750e-01
9.474499498439918899e-01 5.063085819793928799e-01
9.066556197252251259e-01 5.404046097458203857e-01
9.446665286320004018e-01 5.176544430565394039e-01
9.079187348169707183e-01 5.416656967842296000e-01
9.613428762569131703e-01 5.490667181507296046e-01
9.397712807290892201e-01 5.402453022041723285e-01
9.748636369966704462e-01 5.416015095262795009e-01
9.522217388478948497e-01 5.450431389894327960e-01
9.814130818920041577e-01 5.492582699388768308e-01
9.414595992179844997e-01 5.309056469710972115e-01
9.942718193509592073e-01 5.148526057183693272e-01
9.600499777383499911e-01 5.323503550009237584e-01
9.880331961308224109e-01 5.323880230237378886e-01
9.812657606575154734e-01 5.862254614293717081e-01
9.295050002385827348e-01 5.105404523343500811e-01
9.081874670074467915e-01 5.550023166962796406e-01
9.756968343998929649e-01 5.154748430450787344e-01
9.598869861913675861e-01 5.770014331107121697e-01
9.842403391981024985e-01 5.555717644596972482e-01
9.851640446505089965e-01 5.245722586580485736e-01
9.493387859169617471e-01 5.550950594845776020e-01
9.991979188192756656e-01 5.884669981754535595e-01
9.348608157328534007e-01 5.769292403158883253e-01
9.301748967950327351e-01 5.133508877614804122e-01
9.957892180679125405e-01 5.605353513234627716e-01
9.003243937692069210e-01 5.414147260619178725e-01
9.840245075360657401e-01 5.366245229945969530e-01
9.944223299593315524e-01 5.425100850193651514e-01
9.964414965847592232e-01 5.919712047302346791e-01
9.471283201412308284e-01 5.853662690012770842e-01
9.724448252049857633e-01 5.878513733750788672e-01
9.123786834430898107e-01 5.160150187164093127e-01
9.112804221199748422e-01 5.783182350695524887e-01
9.338294313941546410e-01 5.362510233374230273e-01
9.778948021860776052e-01 5.686846870797055420e-01
9.945603192369846246e-01 5.264598773173356783e-01
9.042333929342235566e-01 5.630975995769480491e-01
9.488247364480288937e-01 5.656413427450167619e-01
9.901505456853089138e-01 5.026557082169071933e-01
9.199639490325947078e-01 5.696436242347301393e-01
9.376667804827907293e-01 5.944936557205987571e-01
9.088614339944194320e-01 5.845074502132657779e-01
9.162881183766797832e-01 5.071803341552337807e-01
9.058335490031410586e-01 5.180110496463568026e-01
9.206214513388111254e-01 5.721368202585848106e-01
9.394740357487042504e-01 5.068290063507467913e-01
9.646880114812909079e-01 5.055684119890999639e-01
9.756770725950874024e-01 5.214170879046589047e-01
9.803770833620512049e-01 5.349702454337019741e-01
9.638700254491641140e-01 5.205966922950843179e-01
9.818935217582436259e-01 5.179147982302443332e-01
9.363103052419312622e-01 5.121209358052403182e-01
9.351857544648018994e-01 5.787176032373508860e-01
9.043311461915211069e-01 5.629003845145228446e-01
9.752110581582058568e-01 5.740049690945061567e-01
9.824855711221955890e-01 5.801288352693425576e-01
9.929454528313890194e-01 5.870486759596504900e-01
9.971883154756783219e-01 5.126786809562944303e-01
9.914820058169071526e-01 5.993563890488274870e-01
9.039372576715845042e-01 5.655589262740190470e-01
9.897619704907036908e-01 5.477427680156079504e-01
9.313846642184773206e-01 5.455513930239370701e-01
9.422298215501420104e-01 5.212092076694671006e-01
9.433003664335720684e-01 5.460020608377704754e-01
9.728502203851849828e-01 5.688590884657542812e-01
9.394893840786825434e-01 5.169614618464482003e-01
9.655261350207307025e-01 5.686955223806273718e-01
9.822252707172316466e-01 5.978647399460386147e-01
9.327636253301017089e-01 5.624168918589018684e-01
9.223625445318228699e-01 5.456780199385080632e-01
9.365657738917477770e-01 5.890347987448394385e-01
9.460273029605116291e-01 5.044049267172043827e-01
9.611815745867494654e-01 5.999275640600458814e-01
9.476678207417930100e-01 5.385606717667001941e-01
9.511665397071641381e-01 5.662983058692980798e-01
9.245383756724512292e-01 5.533077149280321017e-01
9.817753403910931542e-01 5.251227905990805134e-01
9.228406335570441543e-01 5.007027073255058136e-01
9.503424573096892480e-01 5.629139654053565422e-01
9.218031914781983360e-01 5.365663895658283611e-01
9.454105210086795053e-01 5.906730927491244953e-01
9.349747914023027739e-01 5.288866469912307799e-01
9.798384737820391432e-01 5.462039857098273110e-01
9.442814027121504417e-01 5.736530202610967688e-01
9.987749949431388163e-01 5.561183716739781513e-01
9.178320390471277346e-01 5.524318967802070990e-01
9.103705192349420550e-01 5.642052123521996698e-01
9.772500123344654011e-01 5.927758675355111473e-01
9.076804497885726519e-01 5.245509168036864844e-01
9.806618278864730476e-01 5.463427083025753639e-01
9.533415661470724389e-01 5.655575916372411749e-01
9.520519142556738146e-01 5.842069285716162685e-01
9.082635918422771182e-01 5.466706962400889047e-01
9.107521254265025235e-01 5.761937966386980747e-01
9.381504796365798260e-01 5.511138653427556378e-01
9.354180479507403501e-01 5.117966782890989164e-01
9.878508472093974202e-01 5.893277760446361535e-01
9.477874538926946979e-01 5.558234394217844709e-01
9.427477997049498182e-01 5.377630939258405407e-01
9.764605027780000057e-01 5.101811415225034896e-01
9.463674035681253205e-01 5.922098785023001133e-01
9.687186569846748529e-01 5.531279962097943592e-01
9.134782839273335453e-01 5.228944531591339651e-01
9.560519458042666674e-01 5.539177877476868517e-01
9.049406322738693387e-01 5.402949641104108913e-01
9.523960046636013033e-01 5.809178704226651835e-01
9.697734448962109788e-01 5.046779917303777507e-01
9.835363007229723786e-01 5.417482095636819706e-01
9.153047419757343039e-01 5.824531117370905786e-01
9.126470032700536583e-01 5.234895822066862880e-01
9.265494491788985876e-01 5.680902284814595138e-01
9.746831790974039844e-01 5.472671294334872094e-01
9.704071539155010306e-01 5.871704850961824151e-01
9.563236246816917419e-01 5.157701800733566211e-01
9.989031943122631541e-01 5.352277395142022165e-01
9.979998996452223992e-01 5.197770426662562393e-01
9.288481273158245566e-01 5.801793879046421853e-01
9.238355802261138949e-01 5.974938677474346260e-01
9.325291775337368749e-01 5.587894007198290769e-01
9.387648610982359809e-01 5.052573764073177154e-01
9.679605158883597404e-01 5.427274003839350769e-01
9.733049365544644838e-01 5.531297401095175426e-01
9.591017081356707497e-01 5.589754116090637215e-01
9.137682304101182318e-01 5.478017620837491997e-01
9.571525066568777884e-01 5.818845081596237812e-01
9.372556182811100367e-01 5.388204176153719160e-01
9.152797365842052502e-01 5.413047278864989709e-01
9.898635653621161712e-01 5.519362816944843875e-01
9.605862202117083637e-01 5.527657324287948981e-01
9.939778370060745605e-01 5.530818009079189190e-01
9.154140253641902536e-01 5.562554512419033426e-01
9.929700818243603067e-01 5.563508455254854157e-01
9.525759756511613663e-01 5.851865450703186422e-01
9.668464507154852505e-01 5.652664099526170105e-01
9.562718641635584715e-01 5.635752063224392927e-01
9.650553851501595393e-01 5.526723374904339847e-01
9.849907808067364101e-01 5.450893279545407921e-01
9.312018042419429875e-01 5.843615810079382245e-01
9.593609776348809293e-01 5.621165354503199207e-01
9.285259639732943437e-01 5.329497391197359768e-01
9.675492072252639408e-01 5.721385378273691202e-01
9.307441908821001419e-01 5.428417422707567663e-01
9.916900583699207461e-01 5.625242630073911121e-01
9.262228058889057092e-01 5.006680434797782242e-01
9.193227690487911774e-01 5.804664296404757895e-01
9.181519205629119496e-01 5.003836603604865374e-01
9.895097875035971935e-01 5.538629607603864358e-01
9.604953491763956741e-01 5.389826662953410841e-01
9.126033481056528007e-01 5.530122996692914406e-01
9.163861564277197003e-01 5.171040553249610650e-01
9.543116153203086149e-01 5.660397046393487175e-01
9.060487436430920694e-01 5.644413796621199353e-01
9.620719094503911162e-01 5.644286410407594046e-01
9.592659208504492607e-01 5.662546451453434049e-01
9.639906239184028447e-01 5.420032711478804943e-01
9.626607721172508736e-01 5.562816617236232553e-01
9.201968434383820394e-01 5.437569033086776527e-01
9.502327858508307079e-01 5.153845823952420968e-01
9.125145295609831120e-01 5.137495383663626125e-01
9.540414359622804152e-01 5.310860249668890587e-01
9.808440995236747950e-01 5.513824491297238950e-01
9.598831175548550032e-01 5.001663799313533776e-01
9.431255876106278135e-01 5.945391588602324529e-01
9.483025916096053942e-01 5.495441651819694684e-01
9.120838380784032084e-01 5.715818062818152079e-01
9.331619501134470474e-01 5.928597482632554927e-01
9.441521538589791041e-01 5.536657278730764409e-01
9.887928267749918065e-01 5.318169567354552596e-01
9.988557603456459377e-01 5.764809558364178965e-01
9.203769393849219327e-01 5.349701589238875510e-01
9.805772000860131232e-01 5.778073127775799067e-01
9.488269153634512065e-01 5.041444371230408006e-01
9.931351446434226737e-01 5.873732163177226573e-01
9.280269131777149072e-01 5.402072380954152653e-01
9.932711216123824016e-01 5.575973073260678259e-01
9.379009637324033921e-01 5.844068744042220098e-01
9.214003943219671866e-01 5.552009062139450224e-01
9.348496785672212317e-01 5.629796966718891849e-01
9.287239469214781939e-01 5.109093970517877281e-01
9.376012578692823896e-01 5.759573167315015230e-01
9.305774849948009741e-01 5.723118645656851688e-01
9.748989686252931275e-01 5.461830017511375424e-01
9.040389642362457456e-01 5.098034400894382312e-01
9.099792448607072481e-01 5.593684840844856954e-01
9.168876664654277420e-01 5.578911653454917685e-01
9.681927233671556721e-01 5.858012251241929702e-01
9.593431374562306768e-01 5.523853416610120526e-01
9.153923807933399548e-01 5.485094254167082184e-01
9.276085257532947770e-01 5.565049331209752648e-01
9.266283478854868694e-01 5.350292616285736713e-01
9.147863200716708221e-01 5.152305976727008519e-01
9.120862258317714577e-01 5.181225494850282276e-01
9.552425247803475461e-01 5.467535536297332133e-01
9.054171506765751332e-01 5.793478738447257470e-01
9.455728870470616609e-01 5.762759053758770289e-01
9.169902539009165965e-01 5.639126488420522776e-01
9.228291702662330120e-01 5.114551716459974084e-01
9.507709100621204446e-01 5.841877418504074493e-01
9.364407128680617420e-01 5.187392587705415004e-01
9.360120198771919586e-01 5.474094396905943016e-01
9.043604948034514868e-01 5.177150827692662549e-01
9.786513416971143187e-01 5.725882376545915475e-01
9.436358893205970544e-01 5.075425782557656529e-01
9.308266867777825748e-01 5.338796763307586124e-01
9.720075302100321668e-01 5.956220520917329120e-01
9.745161135059546842e-01 5.444713624972142840e-01
9.541240952486456095e-01 5.039288885030743792e-01
9.033670881722186685e-01 5.609401863002442257e-01
9.837238276589854724e-01 5.602971092075280657e-01
9.938565375975678684e-01 5.178696897104477781e-01
9.687205422004139255e-01 5.149792818607807909e-01
9.094882393314843716e-01 5.073269934691202465e-01
9.457156906172321520e-01 5.344691300641306597e-01
9.626833823153866376e-01 5.254618443632764757e-01
9.006717444280034623e-01 5.636743207605015016e-01
9.853330150932686493e-01 5.959124410886730283e-01
9.176024637672771656e-01 5.460685545522070417e-01
9.346726788655265183e-01 5.402236058470668567e-01
9.020289227374490570e-01 5.178408251483792579e-01
9.741211184858957761e-01 5.398469368164766635e-01
9.841170996707688801e-01 5.035882767883002042e-01
9.211637700359754932e-01 5.744205903292253224e-01
9.816817246505094019e-01 5.980996705100583011e-01
9.124622136042853660e-01 5.074434577889982423e-01
9.911725501777212122e-01 5.637259397635228098e-01
9.909300213167924198e-01 5.854411288374588018e-01
9.203426627770314727e-01 5.333476150277420835e-01
9.018362683904130872e-01 5.190446554812976343e-01
9.138621993568345481e-01 5.268510294458669252e-01
9.851566353211917981e-01 5.265077738956339681e-01
9.445316310456186581e-01 5.374464448517112247e-01
9.299754826595234558e-01 5.340554109062195520e-01
9.373391471962929655e-01 5.806114795384813565e-01
9.827139477314061899e-01 5.644611186915438061e-01
9.576857643899986394e-01 5.724822693339817192e-01
9.284532351070087230e-01 5.031427875589957743e-01
9.372875981280517355e-01 5.219072825411733563e-01
9.919224937363492201e-01 5.349452711724484999e-01
9.341004301990160075e-01 5.372521499664881794e-01
9.947720424347643586e-01 5.168293058370654336e-01
9.288733849820826061e-01 5.303481312088108579e-01
9.742419326277793612e-01 5.752585073554119521e-01
9.161805089596093410e-01 5.451330712538287049e-01
9.113947508981667944e-01 5.806659617853895394e-01
9.332613661457223042e-01 5.154482108036430033e-01
9.156400461003079139e-01 5.074318985916407287e-01
9.198625268921665210e-01 5.463194266585493786e-01
9.651104384717402729e-01 5.351309517127396109e-01
9.803486508442862402e-01 5.381595877457870936e-01
9.055968988046418922e-01 5.104405578519729536e-01
9.985693536227799871e-01 5.138789560761287678e-01
9.801512365472857535e-01 5.248705940658968672e-01
9.835142754209034166e-01 5.444682074814753969e-01
9.913930463394660109e-01 5.818948690469309959e-01
9.891006367296344415e-01 5.959457285504941026e-01
9.636654769922683439e-01 5.602432091027560457e-01
9.626440786854977283e-01 5.632600126629059289e-01
9.348235929875328143e-01 5.095238510793822506e-01
9.933539909790706224e-01 5.344126202768416656e-01
9.285431146678186920e-01 5.511006665400011162e-01
9.779058210815955166e-01 5.196630152144267045e-01
9.039647772719074936e-01 5.419356809487452242e-01
9.000869962093379639e-01 5.718249350733846104e-01
9.092367160566579010e-01 5.680569019241578088e-01
9.601481316589168813e-01 5.642004331056450495e-01
9.569959085924306663e-01 5.100899901069436693e-01
9.475450246603451809e-01 5.320849422548354912e-01
9.337881576506499304e-01 5.503440999705417891e-01
9.162324161451700366e-01 5.443476985289625869e-01
9.114569965068953783e-01 5.041476765808863281e-01
9.395948359227725977e-01 5.966035164665230983e-01
9.039360982001241052e-01 5.372892190775873100e-01
9.343578220167310100e-01 5.360549450706346697e-01
9.476458130276190772e-01 5.427292997555945853e-01
9.490481330393936155e-01 5.584028566311372010e-01
9.110027006361817170e-01 5.069457385449105402e-01
9.221168057559375741e-01 5.273478724507292270e-01
9.883219726482150858e-01 5.253151679923913075e-01
9.188983217819205462e-01 5.374252407233668372e-01
9.762584644604130890e-01 5.034669240563549586e-01
9.939920891404239178e-01 5.756873844156193964e-01
9.334143912799960363e-01 5.393620287038805028e-01
9.722619087349921863e-01 5.738939833956085979e-01
9.985836082470314068e-01 5.404070226463921767e-01
9.789857652754583306e-01 5.286059813840486843e-01
9.552198629630250792e-01 5.904590949679753287e-01
9.776179172716279453e-01 5.843028149497313528e-01
9.165313325204179629e-01 5.641200635362252358e-01
9.177148280636793221e-01 5.254728259522959410e-01
9.093797880791516519e-01 5.557931876853795528e-01
9.012698348878862564e-01 5.639391175736208073e-01
9.202756722113226706e-01 5.441343243943772556e-01
9.370507815829461906e-01 5.811129709253566311e-01
9.366454454086911019e-01 5.271156492072242017e-01
9.147289334901853586e-01 5.092452950129724432e-01
9.714209265540665328e-01 5.616823584065022690e-01
9.667894688768163824e-01 5.304312775523394308e-01
9.255437847810614738e-01 5.578038946581826973e-01
9.863733068832826190e-01 5.887924177630572409e-01
9.398878008744453449e-01 5.497358732279296056e-01
9.122180758661994071e-01 5.474509581422195570e-01
9.871358144519175593e-01 5.703039742474330653e-01
9.661416002140932324e-01 5.107427711213665678e-01
9.513775688576954215e-01 5.729215679384473958e-01
9.811164995769998676e-01 5.542207689601121867e-01
9.467268375706090477e-01 5.213815367362739650e-01
9.995756127268442537e-01 5.134057697335505654e-01
9.154454230239483792e-01 5.381247437284824020e-01
9.914119102364604696e-01 5.500117154811995368e-01
9.650577604538552734e-01 5.262804180620488381e-01
9.196513553316552070e-01 5.718209466450121514e-01
9.114094620428955240e-01 5.071448855034966785e-01
9.392643458516702903e-01 5.445355157993456707e-01
9.437956493440669004e-01 5.430750230096089703e-01
9.217046108809325844e-01 5.552429989615077499e-01
9.461523274868761657e-01 5.233037369552356877e-01
9.261463892218544380e-01 5.849927892930006923e-01
9.476153069090371694e-01 5.355679736448066830e-01
9.246231949446321874e-01 5.876191844612632664e-01
9.284281679499866158e-01 5.722675569698810749e-01
9.648678031416659806e-01 5.165842107218291401e-01
9.382493699608035476e-01 5.174767196529235225e-01
9.626283005576556917e-01 5.222725093995250756e-01
9.996983194718558341e-01 5.524729104470975649e-01
9.036791671323982644e-01 5.565946275045416947e-01
9.002738654320132650e-01 5.973876682416010553e-01
9.381177361571295670e-01 5.799530254379967609e-01
9.415407455307215345e-01 5.729238697880049136e-01
9.496776223830913910e-01 5.145150588509865841e-01
9.640682005006209199e-01 5.709009569280846241e-01
9.652460927621990816e-01 5.033130204998890189e-01
9.564797515056360222e-01 5.952394772383700072e-01
9.709819238422806587e-01 5.166779549095382729e-01
9.479162857412414267e-01 5.121027644414444246e-01
9.849403718142076825e-01 5.792866492388428767e-01
9.410028399999066373e-01 5.069990401178408046e-01
9.724632012809275583e-01 5.610647581017763619e-01
9.498356657479294363e-01 5.806508126453111540e-01
9.213986630034445291e-01 5.528009356907789273e-01
9.984556746698513008e-01 5.323857747864062517e-01
9.712010334457186200e-01 5.369310523582099259e-01
9.905268344224114063e-01 5.444716891637573219e-01
9.560921945910720865e-01 5.645102827854325822e-01
9.843222440666534734e-01 5.711771901924037609e-01
9.569475122038717529e-01 5.114093883812997898e-01
9.579680069239344675e-01 5.209400682686448070e-01
9.969742989159485758e-01 5.164342222273829996e-01
9.909478164970244585e-01 5.452852436459685315e-01
9.290285363193500068e-01 5.016898831039473539e-01
9.706730050775740359e-01 5.941831871738426640e-01
9.205832854838672530e-01 5.903996442556787017e-01
9.390372615238468113e-01 5.644814867404461811e-01
9.415391181023694545e-01 5.029753374385621534e-01
9.252844119966665559e-01 5.426886919277186250e-01
9.267333117481012517e-01 5.484209143265845743e-01
9.895325582847807055e-01 5.893139943958018989e-01
9.541105836281030816e-01 5.870868114452476583e-01
9.935311167325647785e-01 5.325089476125299814e-01
9.824143341997991774e-01 5.226976232427539282e-01
9.247308270051681767e-01 5.376239056559115603e-01
9.243540907959333364e-01 5.954729442104051973e-01
9.102799527184349815e-01 5.679126787790038655e-01
9.091853304252068835e-01 5.323742209205238884e-01
9.873307005821625459e-01 5.018199495132192878e-01
9.829368338142077111e-01 5.287269797300218066e-01
9.388039689576651581e-01 5.630775290989371573e-01
9.368988482518622041e-01 5.776843943855014540e-01
9.226475239413451934e-01 5.102680070609810770e-01
9.245058001066090991e-01 5.090658564345849069e-01
9.912732558688591711e-01 5.795973619715306668e-01
9.153833791138168419e-01 5.716729944311009781e-01
9.180600903497687648e-01 5.615299976995166142e-01
9.630938238116582006e-01 5.940199816359812424e-01
9.762330391418703179e-01 5.160356373806442853e-01
9.968584409908805011e-01 5.602663723987193478e-01
9.438069895926866071e-01 5.083206145111597296e-01
9.022277662563907841e-01 5.535111450801403210e-01
9.758792565936991181e-01 5.916994518934721725e-01
9.256767352618979761e-01 5.439344685416144243e-01
9.989227506081794772e-01 5.818301430338088664e-01
9.765529941109437617e-01 5.035211255362457283e-01
9.002084851791307685e-01 5.811627064656514907e-01
9.061770831616021704e-01 5.950721611971752090e-01
9.153162925438940167e-01 5.085415692101842300e-01
9.795886702749558861e-01 5.110496079978704698e-01
9.944872115417148217e-01 5.222561219455672532e-01
9.665277144294825984e-01 5.826377609209898445e-01
9.670168151532032574e-01 5.307356417330482135e-01
9.079152315389450445e-01 5.260953506055306983e-01
9.410719674352511221e-01 5.792861766428373249e-01
9.579509340875342893e-01 5.006323234459656435e-01
9.343717956028635419e-01 5.723805498329278540e-01
9.669607714511154750e-01 5.002851781655844876e-01
9.434321823074937052e-01 5.516810871938446770e-01
9.057265848004877329e-01 5.961868345057266261e-01
9.714130137350570626e-01 5.222300437140166007e-01
9.173824914250201523e-01 5.944009955888727159e-01
9.443108002943478851e-01 5.275550704627043341e-01
9.275411330319134340e-01 5.703399821288956950e-01
9.295168233777753031e-01 5.584195139569967381e-01
9.971346662745119716e-01 5.441522230664388449e-01
9.486366207214709245e-01 5.171336927632237401e-01
9.029286086734862327e-01 5.766674583866651105e-01
9.462086496063308871e-01 5.809887754801227322e-01
9.271181445362923768e-01 5.631651855784094440e-01
9.895617752436660641e-01 5.823172301088044289e-01
9.377011693493764177e-01 5.122621607279743694e-01
9.651079361680516833e-01 5.850232388493595836e-01
9.236815647264381424e-01 5.356400341299610846e-01
9.169270366250218407e-01 5.528618895396921751e-01
9.239075510411929315e-01 5.881508633051244495e-01
9.394477890586444557e-01 5.979277681009219636e-01
9.692963772172263903e-01 5.113556797358715933e-01
9.190831768462658369e-01 5.534519873141410251e-01
9.561945837627624512e-01 5.064859267377167518e-01
9.282816517860192906e-01 5.915990466540768100e-01
9.538580278537954760e-01 5.176753801944574684e-01
9.533539348231078181e-01 5.192138368505220258e-01
9.961504413306199179e-01 5.261663225310868608e-01
9.602915574740030769e-01 5.726315485756801049e-01
9.408977152813040590e-01 5.353154724500495121e-01
9.942870584399711165e-01 5.826606272320982161e-01
9.496167949089606708e-01 5.382394286240101966e-01
9.201699579872455459e-01 5.420932629850343520e-01
9.600775154113363463e-01 5.584317854462683695e-01
9.457119393562563037e-01 5.615810980673213715e-01
9.530650846797958931e-01 5.333479649297183656e-01
9.491763487352309348e-01 5.052476284188942568e-01
9.366698546649033785e-01 5.441714007117790519e-01
9.069320980837241031e-01 5.553457802604635507e-01
9.024042945720478492e-01 5.156690932919077985e-01
