9.878033409668953713e-01 8.052015401048691068e-01
9.399645378548598940e-01 8.537413227376453584e-01
9.306733728995074673e-01 8.868887742693329912e-01
9.219809972659682717e-01 8.475289863759741804e-01
9.913959184583407414e-01 8.577924803461931536e-01
9.123309120699755193e-01 8.438051422677022018e-01
9.060048606347104183e-01 8.899446442506284694e-01
9.985802038386613066e-01 8.352661491517238135e-01
9.332512760094086035e-01 8.711334382264597220e-01
9.320524476836374861e-01 8.182313557942625382e-01
9.191068148515466607e-01 8.800040713555480343e-01
9.885128486749441556e-01 8.496091915196944955e-01
9.620168274139477838e-01 8.936181498793409617e-01
9.038898650660085465e-01 8.626403932363554405e-01
9.214395168004624326e-01 8.938614122261773209e-01
9.360489843487174166e-01 8.672882735265337040e-01
9.498859260831872264e-01 8.984902359029316443e-01
9.940374911438136785e-01 8.382325300896030784e-01
9.336968910636783692e-01 8.251745700306206688e-01
9.928956016333280177e-01 8.107725366338360828e-01
9.174718534383758950e-01 8.182459316697914264e-01
9.053262421531934612e-01 8.328814807109886642e-01
9.668211179343468853e-01 8.822493622970807303e-01
9.728730201843320824e-01 8.388035516824551285e-01
9.453284877262878583e-01 8.299003599215559746e-01
9.302484128355499315e-01 8.729273334133426099e-01
9.860856643199067406e-01 8.461755841576746873e-01
9.974812778862600648e-01 8.892216738567920720e-01
9.509149137439191213e-01 8.505761937048005317e-01
9.286271208189232906e-01 8.436345198388208733e-01
9.357532671163248938e-01 8.165798500423160355e-01
9.707053180818079330e-01 8.961868511607647969e-01
9.880794124483343044e-01 8.158533727678977110e-01
9.702127717456661138e-01 8.307853920592177532e-01
9.255025325988317508e-01 8.142734479140040227e-01
9.062333464548913975e-01 8.326680972688181859e-01
9.132103408512460829e-01 8.686435129256407928e-01
9.514405329789005217e-01 8.840359081884816561e-01
9.970151006001592986e-01 8.922062711431136828e-01
9.252175653156538004e-01 8.396795465768234212e-01
9.725621306292605572e-01 8.234281622804227041e-01
9.649404927087168460e-01 8.924393101589063182e-01
9.747837616148018469e-01 8.203042101084515592e-01
9.860620878575406811e-01 8.388463593617404568e-01
9.689046717185167967e-01 8.401120093978402537e-01
9.569825575077444135e-01 8.507199567749991198e-01
9.724073425066257492e-01 8.572422925275808847e-01
9.026825603825764377e-01 8.316329024226122302e-01
9.078175041813087986e-01 8.983748076184006059e-01
9.293141889410798662e-01 8.890190713478506312e-01
9.102548134545327407e-01 8.650420142658202804e-01
9.425042861722784382e-01 8.131278388082346931e-01
9.446071857641156200e-01 8.149305026508316674e-01
9.557644578737340968e-01 8.410292351526152954e-01
9.030136274981591660e-01 8.354546338161158436e-01
9.745649305658841133e-01 8.466497121820729665e-01
9.987730870292539365e-01 8.685175313586650514e-01
9.072364502992124047e-01 8.392627538534298548e-01
9.592418983451036496e-01 8.342987982973761873e-01
9.804124431999086120e-01 8.424449363111462530e-01
9.022668131467943553e-01 8.730558105209730302e-01
9.653918977415201219e-01 8.043135683892562726e-01
9.076249497630772822e-01 8.967112792125604415e-01
9.969284244757969926e-01 8.224414538998302548e-01
9.882380281964786573e-01 8.161530904543341514e-01
9.032484157636189170e-01 8.365511693464815490e-01
9.712175518962793408e-01 8.299243724027827174e-01
9.136801486027305019e-01 8.207772919839285697e-01
9.919443223777690832e-01 8.478898093664610780e-01
9.732106812657214112e-01 8.291291516142681450e-01
9.518711270063352492e-01 8.126944231491823878e-01
9.210208317924288846e-01 8.469647821876702398e-01
9.283248863517207239e-01 8.793754837529053070e-01
9.816751328288197964e-01 8.730924670903614793e-01
9.651225009058356230e-01 8.760406783068859227e-01
9.348992035799387201e-01 8.946491510329768193e-01
9.844543358546815615e-01 8.911765762140965164e-01
9.651690101845917802e-01 8.761553651242632856e-01
9.108108051308171360e-01 8.360891157922428762e-01
9.280932066485070298e-01 8.403418444922150510e-01
9.552319165805253087e-01 8.573591147939464419e-01
9.032543772338406107e-01 8.756840670392699311e-01
9.996311063145342235e-01 8.553031517989820864e-01
9.708166695698230431e-01 8.357155992430577163e-01
9.964924899046647688e-01 8.176515238727367629e-01
9.399727412618159583e-01 8.247278275199860786e-01
9.463571246232900247e-01 8.138395354797082204e-01
9.117356503633572418e-01 8.814998847341359856e-01
9.710453574844725155e-01 8.100388157413084267e-01
9.867010288168286403e-01 8.046778063679201898e-01
9.710059208164398825e-01 8.606849545184706018e-01
9.347697050759902204e-01 8.830147362379127118e-01
9.909168555491734143e-01 8.890262958002149718e-01
9.982206656880789897e-01 8.238570264617653960e-01
9.641327689313788918e-01 8.442494169605079257e-01
9.685547771193954159e-01 8.479602383762954165e-01
9.336524918157229624e-01 8.434434566424762192e-01
9.926045392305139492e-01 8.939609947061781803e-01
9.895989862036318474e-01 8.373601511082774396e-01
9.974966848933974894e-01 8.192183637662842077e-01
9.721810365095704398e-01 8.332665220805538508e-01
9.592075168490942216e-01 8.403318872751384117e-01
9.933867830320765036e-01 8.030115173358870484e-01
9.374523002875759792e-01 8.382245107026118358e-01
9.534473531301631555e-01 8.257268523938027238e-01
9.821970093109484434e-01 8.183544386180801045e-01
9.349790520859684317e-01 8.987073015617845773e-01
9.578449884702546768e-01 8.268301309465884152e-01
9.935593057901412894e-01 8.307595255328927841e-01
9.338894058805469189e-01 8.182397861202364009e-01
9.663973122681652761e-01 8.157179427951744000e-01
9.745159434938628351e-01 8.014626971304520398e-01
9.925340229850198037e-01 8.148430631210935582e-01
9.401641153541367979e-01 8.007796859711914239e-01
9.583868751489335036e-01 8.794680862826164125e-01
9.315930719466529730e-01 8.149385609895174465e-01
9.602180120173671174e-01 8.195181973129331832e-01
9.875443980590641324e-01 8.826716218941281777e-01
9.565142737730554234e-01 8.964299701121958286e-01
9.648683972278138121e-01 8.251965795680549220e-01
9.200802975127541083e-01 8.869400925522467061e-01
9.772725590889067560e-01 8.057836076082527388e-01
9.731772964588003560e-01 8.158581235098733009e-01
9.232665411679448209e-01 8.664193596563705135e-01
9.691910979351869848e-01 8.593142125251026497e-01
9.554685697444602610e-01 8.521916247284817558e-01
9.530284463815115181e-01 8.982282782893630246e-01
9.173894724209992191e-01 8.436260190712623341e-01
9.602624924605409618e-01 8.131291854591921053e-01
9.728889756956695667e-01 8.420781683723644884e-01
9.267422951030708234e-01 8.853689563690133602e-01
9.480962775276604582e-01 8.761618746278244663e-01
9.234051557051352610e-01 8.242260124136573385e-01
9.700269269493955182e-01 8.106029061110213707e-01
9.477319144484336322e-01 8.244280773752922231e-01
9.241930560972563269e-01 8.746812280208787760e-01
9.671035441696459456e-01 8.486285039778244110e-01
9.798106137281887840e-01 8.067720230236939960e-01
9.826436665468902820e-01 8.033592716966583280e-01
9.798214698056356697e-01 8.336851259285256166e-01
9.772924044231239282e-01 8.078366224000298468e-01
9.149781137178099044e-01 8.305796410570067678e-01
9.652398522705856188e-01 8.850557796272867650e-01
9.929375383491673146e-01 8.179189179505883533e-01
9.332514054588056940e-01 8.641585235303630430e-01
9.254138618654753623e-01 8.416673298281784898e-01
9.193095022752711953e-01 8.572641603683646139e-01
9.735289734548735474e-01 8.916932627788740628e-01
9.854790371814663441e-01 8.199271647563609600e-01
9.790626108185411791e-01 8.770772668912574233e-01
9.303758500981811341e-01 8.711916310314306022e-01
9.162498653827718664e-01 8.545839848513145931e-01
9.799397876886510872e-01 8.012582841534081624e-01
9.950938738403807271e-01 8.993697360292571830e-01
9.693392837025025521e-01 8.698123787124887318e-01
9.579223766886180158e-01 8.138437280811968710e-01
9.688186652826383805e-01 8.794654244266730814e-01
9.574040492422204451e-01 8.079630177451728734e-01
9.130974816172031661e-01 8.042214759741149743e-01
9.049269473653123175e-01 8.769887223988114267e-01
9.823311589285945722e-01 8.965570097416901696e-01
9.851150363945347932e-01 8.578774594316769253e-01
9.465744327085019449e-01 8.316836760536884254e-01
9.916210140926223771e-01 8.880977237359111154e-01
9.731221410431831753e-01 8.528729812035635849e-01
9.094411351157334344e-01 8.342155141465509294e-01
9.712549028762916814e-01 8.883981151103421681e-01
9.961395907140565553e-01 8.666962893266902945e-01
9.957007093629637318e-01 8.026101871567402624e-01
9.816176389841905214e-01 8.834207575574866134e-01
9.551074501699903241e-01 8.776953996981996520e-01
9.076082100728899427e-01 8.498491235912748465e-01
9.531942134141235812e-01 8.568785525904462075e-01
9.967639387476372459e-01 8.194424919639893279e-01
9.095016630237737765e-01 8.028680081858712292e-01
9.299941176965154099e-01 8.213518450397729875e-01
9.375772125622963138e-01 8.516003305534711743e-01
9.622139534924512017e-01 8.432299838957376670e-01
9.993281994219291864e-01 8.436994018492183223e-01
9.705034862138658402e-01 8.999760756943588902e-01
9.564938455925757754e-01 8.047808560575842041e-01
9.560716818899110958e-01 8.873899721345975822e-01
9.804325692415483129e-01 8.004877604334095231e-01
9.379592483430544414e-01 8.313880439799569144e-01
9.634338657080754320e-01 8.719873869309864300e-01
9.979426632593795254e-01 8.431646903268217308e-01
9.861387206890549484e-01 8.044238949674903383e-01
9.836384741622787864e-01 8.377185626431680188e-01
9.075824620708206059e-01 8.041596579915951670e-01
9.141051724294810832e-01 8.010091408004762492e-01
9.741527714065959520e-01 8.083761801783205803e-01
9.287949014227560030e-01 8.367370104958310462e-01
9.744838040243779531e-01 8.403114374042284229e-01
9.996186291889517239e-01 8.684268922477720309e-01
9.552652584952643355e-01 8.159200956886701883e-01
9.301570653426760593e-01 8.834746591437356855e-01
9.775073762017496559e-01 8.181662550399292355e-01
9.283672270418221739e-01 8.570745376666424331e-01
9.386595850825736331e-01 8.068985236820861440e-01
9.955675402649972749e-01 8.769720964565874688e-01
9.817364817987981329e-01 8.776925508934079190e-01
9.226405603353705631e-01 8.855488420506938407e-01
9.271066935379900231e-01 8.782616462068012497e-01
9.889924004384776923e-01 8.003022611288171939e-01
9.945545865024505439e-01 8.824843749354510658e-01
9.587967543965961736e-01 8.700393012440932328e-01
9.246006983999893736e-01 8.784997910986098724e-01
9.102677287292064712e-01 8.653483178123001496e-01
9.735919948711591054e-01 8.658529042998179825e-01
9.893220416961729935e-01 8.521625109472021897e-01
9.501100912204456517e-01 8.910819068480984040e-01
9.732772245343694895e-01 8.784522511270247414e-01
9.363853751181937524e-01 8.758725488413450222e-01
9.137005695813731343e-01 8.223753726132525532e-01
9.483678363165570779e-01 8.847287551547636797e-01
9.616699172160271258e-01 8.256411300527951580e-01
9.556651454282043545e-01 8.399181222531386659e-01
9.802724923055041728e-01 8.088953456949009579e-01
9.101756361786206284e-01 8.036584699589915948e-01
9.868230672671511883e-01 8.619308571413031306e-01
9.306312775124547798e-01 8.719628418271079262e-01
9.991135726421841445e-01 8.239965187800087909e-01
9.294212768440047734e-01 8.051308925329050403e-01
9.845148054507693036e-01 8.854938874852772424e-01
9.099797996604637174e-01 8.092726424793469375e-01
9.462202345966552741e-01 8.495462840070762134e-01
9.455796830253297980e-01 8.436427168179296832e-01
9.612434945458367963e-01 8.135495603672779907e-01
9.868432418218489044e-01 8.199732431351809403e-01
9.399050561048396535e-01 8.234915447358086560e-01
9.596752587413526214e-01 8.413447342645939964e-01
9.983321897399557443e-01 8.975815756161030778e-01
9.781998368484030593e-01 8.133890881676743012e-01
9.096770961863454019e-01 8.197208130117262792e-01
9.264922286342147650e-01 8.512097836622571911e-01
9.298190952860376779e-01 8.855884404456750847e-01
9.995769235397672370e-01 8.532773734004499566e-01
9.830051955283443110e-01 8.862290023220854573e-01
9.032283011676676132e-01 8.015485665005038785e-01
9.768666112897550491e-01 8.471139241477528836e-01
9.938429741759029490e-01 8.376746023763836924e-01
9.553178467061893553e-01 8.522627930767626703e-01
9.950664805556902470e-01 8.608840756570549368e-01
9.705602046238788194e-01 8.274024790952480002e-01
9.883636262366197744e-01 8.521778914584883236e-01
9.526642217695534542e-01 8.115765385307847080e-01
9.489454202988241160e-01 8.836754568440026159e-01
9.129736295041204208e-01 8.601311779817334413e-01
9.645995260835806828e-01 8.035418573755149785e-01
9.908295005695759716e-01 8.134658673407716423e-01
9.624318995165512813e-01 8.662185126398859181e-01
9.772140848508517053e-01 8.850424357697397326e-01
9.171285564917331934e-01 8.199193716794643816e-01
9.797960764573678816e-01 8.568710915257041760e-01
9.188621154744623931e-01 8.015396483025433172e-01
9.498638478459138224e-01 8.486765224544434716e-01
9.735881401715309469e-01 8.759870623116741140e-01
9.249575904314611963e-01 8.684587100022074235e-01
9.481755046239834783e-01 8.010801111793356410e-01
9.705669371971346049e-01 8.091397745266890595e-01
9.075618704790389124e-01 8.084333220865914660e-01
9.382565895729261252e-01 8.339266531270311811e-01
9.230660947793098980e-01 8.772627084994319979e-01
9.629644904195322486e-01 8.298262652280247176e-01
9.177339606005547878e-01 8.559904939623043107e-01
9.093417302710142813e-01 8.640597169807818778e-01
9.293638899112782736e-01 8.556850471132492197e-01
9.882916790627118697e-01 8.916007176308222704e-01
9.602068442888649358e-01 8.791832044212583019e-01
9.733489997901310087e-01 8.817683684811828959e-01
9.305287299079210150e-01 8.669906042063358909e-01
9.628654529947198171e-01 8.593794862380877975e-01
9.938497541302893090e-01 8.488850851201140690e-01
9.822563162075902410e-01 8.350985056291914121e-01
9.767323006416825937e-01 8.957998207804784840e-01
9.225716673974505566e-01 8.750486805469775975e-01
9.328600994820505088e-01 8.537157313327843333e-01
9.070422995146878442e-01 8.362505788389847927e-01
9.183908812997643167e-01 8.203983714988366538e-01
9.365133450757365807e-01 8.436504504823729711e-01
9.998690907307367093e-01 8.171905082524988373e-01
9.962648057612432106e-01 8.441938783385208867e-01
9.911880812394815443e-01 8.729971325991663367e-01
9.838677921720878627e-01 8.890946443790287423e-01
9.300263525810825715e-01 8.019777133168332073e-01
9.405782780383151742e-01 8.492486790895372728e-01
9.008508304194752236e-01 8.675903393379394979e-01
9.668628007544015635e-01 8.751155008891470244e-01
9.879585622562304659e-01 8.393703920853411438e-01
9.370605105022824510e-01 8.608193168788831340e-01
9.748060718024462723e-01 8.091738877948199127e-01
9.242568793681267270e-01 8.817675008960296212e-01
9.894665793845021096e-01 8.578209412908470721e-01
9.952739060914488345e-01 8.365055955877696015e-01
9.164296606200645900e-01 8.678153840178722822e-01
9.071232128614311607e-01 8.650242708026363303e-01
9.113240299454907767e-01 8.213541907748318494e-01
9.661700364580643186e-01 8.931042269708819870e-01
9.996259831498737203e-01 8.476545514959593630e-01
9.516578235649034712e-01 8.426032415924521457e-01
9.650847335419560080e-01 8.353664181789405285e-01
9.579383555308608189e-01 8.797427648178440807e-01
9.218320414463678780e-01 8.951022762827837154e-01
9.506753469489032105e-01 8.075784544607005344e-01
9.941402034693704870e-01 8.169981362623122134e-01
9.459224754237317567e-01 8.562220788623118306e-01
9.776105861183792545e-01 8.801519323507386305e-01
9.677320567123108841e-01 8.007131010610629707e-01
9.248849667591658719e-01 8.059474321310373668e-01
9.289475587023368064e-01 8.460443744345228501e-01
9.380999188598793115e-01 8.117218224177170649e-01
9.288130996231224179e-01 8.040851047107330229e-01
9.879222452334353033e-01 8.548894959929831394e-01
9.506630866653891232e-01 8.389137671466061486e-01
9.734501323435325038e-01 8.867673989344020402e-01
9.031912475201201440e-01 8.839001686695689974e-01
9.290631052508701027e-01 8.726111273083869690e-01
9.453834157662843740e-01 8.693760519442111923e-01
9.045664676390715586e-01 8.323635246377870667e-01
9.494561517369463077e-01 8.071596568499839197e-01
9.618463763217701690e-01 8.541060419670554182e-01
9.293523628733765252e-01 8.574859086481907422e-01
9.767080349501031655e-01 8.369068848792847737e-01
9.658345218949366817e-01 8.598925270493954498e-01
9.268051212529796468e-01 8.751932253482483937e-01
9.063304527217761475e-01 8.859399467489628144e-01
9.120280490797062489e-01 8.031078232537564032e-01
9.856614630779984010e-01 8.186950953713280077e-01
9.881655027342464148e-01 8.476323703730292980e-01
9.429238261766540452e-01 8.275347239614987416e-01
9.886445260336284013e-01 8.456618146634179434e-01
9.791449769758775457e-01 8.755890692980942136e-01
9.403249965428789325e-01 8.163040756684026844e-01
9.190883441789059471e-01 8.689688733468978743e-01
9.603272433790355223e-01 8.363209487874503356e-01
9.436461374594056206e-01 8.349462178684904368e-01
9.667787231552013028e-01 8.361224731583952741e-01
9.273321532005316392e-01 8.157395783664677102e-01
9.065901881750406677e-01 8.202532249519407515e-01
9.881373148645401505e-01 8.933223624664187179e-01
9.953099507809639590e-01 8.195755739352615921e-01
9.863344565035699896e-01 8.832390450241044411e-01
9.500906844813696850e-01 8.964626046832979700e-01
9.383914014724232810e-01 8.369873572398406347e-01
9.635968127241236747e-01 8.580332909568819666e-01
9.413064954156238340e-01 8.165868600420035373e-01
9.226129600463126579e-01 8.557237106224153678e-01
9.620913298240438838e-01 8.386362441504464638e-01
9.984661618670528371e-01 8.682189567465414815e-01
9.151891718803264464e-01 8.389229461252827313e-01
9.348212826023452049e-01 8.508795447655226329e-01
9.542663938494735376e-01 8.051778665594898632e-01
9.382145026655634990e-01 8.129133328406654702e-01
9.565111131056109883e-01 8.824087679179390964e-01
9.378584107628331612e-01 8.528841601458355681e-01
9.064589037389495507e-01 8.176008127542302439e-01
9.609269390257637600e-01 8.444143042439012925e-01
9.690313486662369691e-01 8.423525020297462085e-01
9.170656870524204196e-01 8.891305235323344602e-01
9.084432991008870584e-01 8.084785063172033048e-01
9.375890728774521898e-01 8.928182169526444056e-01
9.936588300808382179e-01 8.476091034553900894e-01
9.044140422643298649e-01 8.483432358628425485e-01
9.389672365725632019e-01 8.007536521820146636e-01
9.297348208342901543e-01 8.483437950266040639e-01
9.314038609315666850e-01 8.822537481131276227e-01
9.308127483913514189e-01 8.003358335313940364e-01
9.906116851346682406e-01 8.009020365522181439e-01
9.853191531979045292e-01 8.889402732197581036e-01
9.789338472751973885e-01 8.191062920171690021e-01
9.035310703063278437e-01 8.266937903145038513e-01
9.569372495181390770e-01 8.382665469048858897e-01
9.527428333669851757e-01 8.050830074170194361e-01
9.172854932704023190e-01 8.596022357957006088e-01
9.573131712148226224e-01 8.658987593742719646e-01
9.648738480925483918e-01 8.025575303271108574e-01
9.624696616016386042e-01 8.726179494900740963e-01
9.744744104579203814e-01 8.368533388214149937e-01
9.489420366049767797e-01 8.042546727511201698e-01
9.774656486927020271e-01 8.679595942492596139e-01
9.879385445013580958e-01 8.298453857433897296e-01
9.661752713841755824e-01 8.969940258896385021e-01
9.996151972324827106e-01 8.990437799950439235e-01
9.874186110791449700e-01 8.267324747827634601e-01
9.797561574438120591e-01 8.128836720847157915e-01
9.827210865864176581e-01 8.034903566686647514e-01
9.210955625910285383e-01 8.681814714481584927e-01
9.227702560177482027e-01 8.191312647552051462e-01
9.594833434444489662e-01 8.670787399714805499e-01
9.943380303449116386e-01 8.378010442088416054e-01
9.140984868033288357e-01 8.596103227497065014e-01
9.598228305070766186e-01 8.914099977910420192e-01
9.923419868860898774e-01 8.480066556565118985e-01
9.184672042882399134e-01 8.881491475796357005e-01
9.897700360181673762e-01 8.472575739640216819e-01
9.389603293772973425e-01 8.056257575916703217e-01
9.514198386296853771e-01 8.293321947744013434e-01
9.349192306982830880e-01 8.144118172049332749e-01
9.965973444571414319e-01 8.283967480632887792e-01
9.156478164636874251e-01 8.021060602690612829e-01
9.766210286322323242e-01 8.220591235432777033e-01
9.394782884161761993e-01 8.713316386851550632e-01
9.044471064446572006e-01 8.435920175648079500e-01
9.701005085139930983e-01 8.471437145097413524e-01
9.102827077244783904e-01 8.049883286542224292e-01
9.016314132812928150e-01 8.378924427431366784e-01
9.557588285756952740e-01 8.024123905291628001e-01
9.592666419633569808e-01 8.443199478820859749e-01
9.908362073664027658e-01 8.935895851024896475e-01
9.167353967210343235e-01 8.792661012404057175e-01
9.454333490225587111e-01 8.035683842341547756e-01
9.554172204034249161e-01 8.285281275363514109e-01
9.245183874164668580e-01 8.546704874641307681e-01
9.043996196438426338e-01 8.864394866679917717e-01
9.483964849355965843e-01 8.675129045151799279e-01
9.537626195230894943e-01 8.277210445000104944e-01
9.855270075909591254e-01 8.511496299364169627e-01
9.820477219297969462e-01 8.067725920805098871e-01
9.762448845662501373e-01 8.692803024710076265e-01
9.168833845704088548e-01 8.816880823166723946e-01
9.519280470423785445e-01 8.727145737089888611e-01
