5.173739685131319155e-02 1.834584856392540431e-02
7.993284457585497771e-02 8.724641190114934552e-02
9.697684069658456252e-02 2.365943377424661875e-02
4.086542803288817360e-02 6.453888262049412017e-02
3.221924126315943437e-02 7.929334466995596742e-02
2.240886798651336997e-04 2.347142054829653990e-02
7.203970930951131280e-02 2.012200974377809093e-02
2.924501381404923106e-02 2.552032930106185038e-02
8.910980898690967766e-02 6.963007618780292507e-02
2.649892224958783071e-02 1.487324849712812203e-02
8.823267157602754374e-02 7.190024551588014567e-03
1.139073148126212853e-02 9.770162666847104216e-02
1.409161301224448604e-02 9.484143497682517854e-02
3.179376578962145317e-02 9.936956645749694950e-02
1.144583888274464112e-02 4.239265962943894461e-02
8.549405114057251343e-02 2.488694990568185439e-02
7.653136933471371695e-02 5.334716549571250077e-02
7.785840603723648279e-02 2.418136728991582274e-02
6.143115045879110614e-02 3.133247518446180546e-02
3.701906022097700699e-02 8.425669466514040806e-02
4.742285459237860490e-02 5.993161326116180909e-02
2.113471492719443123e-02 5.601319039138752398e-02
6.570389174835511437e-02 4.941553076238047737e-02
