[0.0517374  0.01834585] 0
[0.07993284 0.08724641] 0
[0.09697684 0.02365943] 0
[0.04086543 0.06453888] 0
[0.03221924 0.07929334] 0
[0.00022409 0.02347142] 0
[0.07203971 0.02012201] 0
[0.02924501 0.02552033] 0
[0.08910981 0.06963008] 0
[0.02649892 0.01487325] 0
[0.08823267 0.00719002] 0
[0.01139073 0.09770163] 0
[0.01409161 0.09484143] 0
[0.03179377 0.09936957] 0
[0.01144584 0.04239266] 0
[0.08549405 0.02488695] 0
[0.07653137 0.05334717] 0
[0.07785841 0.02418137] 0
[0.06143115 0.03133248] 0
[0.03701906 0.08425669] 0
[0.04742285 0.05993161] 0
[0.02113471 0.05601319] 0
[0.06570389 0.04941553] 0
