4.560904873452212294e-02 1.612055396447846789e-01
4.419468683682969967e-02 1.927591665284729139e-01
2.441953630170216188e-02 1.356413424778202259e-01
9.882080881325534805e-03 1.945903041265117928e-01
3.345220200528846444e-02 1.311348425902065795e-01
9.739116166401166896e-02 1.780582590057454562e-01
6.917499087895852272e-02 1.805750113844764027e-01
1.125888406182740803e-02 1.292396899092608242e-01
9.774347137971052535e-02 1.653303800380416799e-01
4.405351078632956108e-02 1.763306790436942606e-01
3.289167032870352059e-02 1.615562064983836477e-01
8.667146912038020679e-02 1.151665319453339942e-01
1.558493466017812912e-02 1.259464271504233679e-01
6.734903307528335159e-02 1.832787370221414802e-01
8.566290032452257563e-02 1.278604618434941997e-01
8.809813113270352491e-02 1.375088847974949013e-01
9.298219067962069928e-03 1.990752535722726257e-01
9.222894478296939091e-02 1.347325152456094743e-01
2.220849970062599432e-02 1.399276370504485278e-01
4.252463684956742096e-02 1.525189302795412205e-01
2.856374268708039565e-02 1.262217032730176269e-01
5.090455154895767720e-02 1.033422988396718312e-01
2.042435968225109200e-02 1.587192234899262866e-01
4.661705937191817917e-02 1.211517602189843279e-01
7.658449267469547017e-02 1.869398957017296414e-01
1.972321839173785119e-02 1.502917387899116441e-01
3.417897647154644059e-02 1.922654111541650668e-01
6.577229591827082888e-02 1.629190260227123543e-01
7.324835766009518689e-02 1.458732376086345761e-01
2.269018519108789711e-02 1.331935897680170955e-01
2.818576512733539374e-02 1.970764309051524776e-01
2.190919643224020774e-02 1.466258295565308067e-01
3.658450233056642631e-02 1.269083819387218925e-01
4.789396984519300737e-02 1.033381707814816641e-01
2.206485548706460520e-02 1.232084759877235536e-01
9.902291013165842593e-02 1.624345646452489689e-01
2.052801518923896840e-02 1.927729145759738971e-01
7.119661457595360954e-02 1.191029544832252762e-01
2.110798984685691160e-02 1.194699540421745310e-01
5.854688569025823242e-02 1.663784562877047568e-01
6.953659227928921105e-02 1.962142388571811447e-01
3.375931884813854200e-02 1.575833057882175536e-01
9.169300083317544203e-02 1.274297497745305874e-01
4.350823254633096049e-02 1.605819424211145652e-01
2.907693856850379621e-02 1.865027103032069755e-01
4.052828176655409731e-02 1.906467225852223057e-01
