[0.04560905 0.16120554] 0
[0.04419469 0.19275917] 0
[0.02441954 0.13564134] 0
[0.00988208 0.1945903 ] 0
[0.0334522  0.13113484] 0
[0.09739116 0.17805826] 0
[0.06917499 0.18057501] 0
[0.01125888 0.12923969] 0
[0.09774347 0.16533038] 0
[0.04405351 0.17633068] 0
[0.03289167 0.16155621] 0
[0.08667147 0.11516653] 0
[0.01558493 0.12594643] 0
[0.06734903 0.18327874] 0
[0.0856629  0.12786046] 0
[0.08809813 0.13750888] 0
[0.00929822 0.19907525] 0
[0.09222894 0.13473252] 0
[0.0222085  0.13992764] 0
[0.04252464 0.15251893] 0
[0.02856374 0.1262217 ] 0
[0.05090455 0.1033423 ] 0
[0.02042436 0.15871922] 0
[0.04661706 0.12115176] 0
[0.07658449 0.1869399 ] 0
[0.01972322 0.15029174] 0
[0.03417898 0.19226541] 0
[0.0657723  0.16291903] 0
[0.07324836 0.14587324] 0
[0.02269019 0.13319359] 0
[0.02818577 0.19707643] 0
[0.0219092  0.14662583] 0
[0.0365845  0.12690838] 0
[0.04789397 0.10333817] 0
[0.02206486 0.12320848] 0
[0.09902291 0.16243456] 0
[0.02052802 0.19277291] 0
[0.07119661 0.11910295] 0
[0.02110799 0.11946995] 0
[0.05854689 0.16637846] 0
[0.06953659 0.19621424] 0
[0.03375932 0.15758331] 0
[0.091693   0.12742975] 0
[0.04350823 0.16058194] 0
[0.02907694 0.18650271] 0
[0.04052828 0.19064672] 0
