6.054712093109793081e-02 2.243356567875373075e-01
1.259546135142471102e-02 2.548860990107254532e-01
6.898501699203751780e-03 2.985687302357927786e-01
3.808031420384559024e-02 2.505847176759540273e-01
7.784571538058773776e-02 2.843258943560444396e-01
9.165447213640035007e-02 2.340933966734277671e-01
3.089147348977376584e-02 2.368084275543770323e-01
1.379980962665453698e-02 2.348085120778197199e-01
3.216315624678036528e-02 2.997304543011269362e-01
8.964179404899373649e-02 2.436274571757789387e-01
8.601248353200870167e-02 2.566018229008358853e-01
8.376506586563087220e-02 2.550238888842751850e-01
4.445991126521819936e-02 2.393047163567783020e-01
4.490011744493083157e-02 2.146639153324636506e-01
9.319282686508068014e-02 2.749611562157434630e-01
1.919045709101063757e-02 2.968752541848569404e-01
7.122863438548432402e-02 2.910531760052893491e-01
5.067817735879143193e-02 2.906476292395846484e-01
4.898275173030774976e-02 2.824632050806654693e-01
2.442836451093288730e-02 2.393494201375915287e-01
6.903994093448539981e-02 2.495934052987339724e-01
6.781013833575888494e-02 2.615121994893369606e-01
6.111842338625295135e-02 2.348033531335994573e-01
5.093093431719664110e-02 2.352771369962253223e-01
6.252486219506492304e-02 2.916209236451802744e-01
8.204813658333398596e-02 2.852404003990897108e-01
8.983736189429680774e-02 2.110556911382600598e-01
9.337017835117322750e-02 2.287352615107586806e-01
9.559145843627980810e-02 2.815388767186642327e-01
8.891929137441589859e-02 2.370099773201786997e-01
7.285734810310484644e-02 2.864581102757962072e-01
6.083904980735799217e-02 2.927595847898131765e-01
2.051389326399999380e-02 2.309322794288791725e-01
7.703161739008623776e-02 2.290388675430999887e-01
5.215102667235926859e-02 2.330655553218682341e-01
2.972099747026057948e-03 2.138635406235961933e-01
3.292428644444100883e-02 2.653186038371309619e-01
1.779542766614738980e-02 2.963865181242575364e-01
4.513291271306352215e-02 2.387042052837913264e-01
2.639213060706957492e-02 2.265041150574866879e-01
2.490805297529419260e-02 2.286471297925122270e-01
9.531671974051114660e-02 2.651751250707703456e-01
9.602300068870639471e-02 2.431077780492066909e-01
2.012253053131274338e-02 2.524842149600308172e-01
2.149852980943567360e-02 2.765369541885281945e-01
7.343648151387183187e-02 2.342718813815045653e-01
