[0.06054712 0.22433566] 0
[0.01259546 0.2548861 ] 0
[0.0068985  0.29856873] 0
[0.03808031 0.25058472] 0
[0.07784572 0.28432589] 0
[0.09165447 0.2340934 ] 0
[0.03089147 0.23680843] 0
[0.01379981 0.23480851] 0
[0.03216316 0.29973045] 0
[0.08964179 0.24362746] 0
[0.08601248 0.25660182] 0
[0.08376507 0.25502389] 0
[0.04445991 0.23930472] 0
[0.04490012 0.21466392] 0
[0.09319283 0.27496116] 0
[0.01919046 0.29687525] 0
[0.07122863 0.29105318] 0
[0.05067818 0.29064763] 0
[0.04898275 0.28246321] 0
[0.02442836 0.23934942] 0
[0.06903994 0.24959341] 0
[0.06781014 0.2615122 ] 0
[0.06111842 0.23480335] 0
[0.05093093 0.23527714] 0
[0.06252486 0.29162092] 0
[0.08204814 0.2852404 ] 0
[0.08983736 0.21105569] 0
[0.09337018 0.22873526] 0
[0.09559146 0.28153888] 0
[0.08891929 0.23700998] 0
[0.07285735 0.28645811] 0
[0.06083905 0.29275958] 0
[0.02051389 0.23093228] 0
[0.07703162 0.22903887] 0
[0.05215103 0.23306556] 0
[0.0029721  0.21386354] 0
[0.03292429 0.2653186 ] 0
[0.01779543 0.29638652] 0
[0.04513291 0.23870421] 0
[0.02639213 0.22650412] 0
[0.02490805 0.22864713] 0
[0.09531672 0.26517513] 0
[0.096023   0.24310778] 0
[0.02012253 0.25248421] 0
[0.02149853 0.27653695] 0
[0.07343648 0.23427188] 0
