1.471278172102370996e-01 8.025418136187101315e-02
1.847422850861673016e-01 4.234964393715467956e-02
1.927723408560512164e-01 8.402930109090844812e-02
1.607094061043295441e-01 2.593578483758485209e-02
1.491403552109811237e-01 3.594057524278915228e-02
1.712459538961412786e-01 5.987175924129128912e-02
1.306610514447460458e-01 2.454899225264794982e-02
1.066397344215684884e-01 5.369949737518386890e-02
1.234044115015141552e-01 4.503417216315708238e-02
1.012106107764402241e-01 3.010060195114427906e-02
1.477993282859432211e-01 2.300894942817055533e-02
1.039439933567658514e-01 2.323997536423250132e-02
1.013572290155007050e-01 4.489912157749376131e-02
1.746335950001837167e-01 6.719797825160400695e-02
1.815629275587773983e-01 5.212526853467314147e-02
1.720230575394926520e-01 3.436168811437290138e-02
1.854183888936558056e-01 2.826215342298599165e-02
1.533764805381350183e-01 3.613109820498783264e-03
1.245785047044156713e-01 7.407504791748920070e-02
1.707380418783454590e-01 9.316602289221853628e-02
1.475611869676687893e-01 7.285418957704825615e-02
1.189508869161851612e-01 9.285090944547258474e-02
