[0.14712782 0.08025418] 0
[0.18474229 0.04234964] 0
[0.19277234 0.0840293 ] 0
[0.16070941 0.02593578] 0
[0.14914036 0.03594058] 0
[0.17124595 0.05987176] 0
[0.13066105 0.02454899] 0
[0.10663973 0.0536995 ] 0
[0.12340441 0.04503417] 0
[0.10121061 0.0301006 ] 0
[0.14779933 0.02300895] 0
[0.10394399 0.02323998] 0
[0.10135723 0.04489912] 0
[0.1746336  0.06719798] 0
[0.18156293 0.05212527] 0
[0.17202306 0.03436169] 0
[0.18541839 0.02826215] 0
[0.15337648 0.00361311] 0
[0.1245785  0.07407505] 0
[0.17073804 0.09316602] 0
[0.14756119 0.07285419] 0
[0.11895089 0.09285091] 0
