1.642546904463177970e-01 1.967515351558488668e-01
1.375582668888690741e-01 1.708044052850055117e-01
1.676691109836231375e-01 1.093332723909080650e-01
1.914896091522834409e-01 1.125215972579025614e-01
1.190555573094407710e-01 1.824885650107735957e-01
1.987554998833471198e-01 1.660366307305917166e-01
1.016853764190904091e-01 1.533829115213979355e-01
1.260750354184110578e-01 1.763256827747616828e-01
1.943002673975402494e-01 1.823924334898830990e-01
1.899929285533598911e-01 1.620929080585715720e-01
1.149544855979824504e-01 1.571462402683887483e-01
1.401954558562560071e-01 1.126209095391046411e-01
1.951572433858844713e-01 1.263068629471731930e-01
1.819164861847771819e-01 1.007827227312724228e-01
1.982176663464518818e-01 1.924553465431577681e-01
1.714165071205647761e-01 1.437927663606232143e-01
1.200818897186387568e-01 1.256428322091097671e-01
1.506566691051910434e-01 1.662965327958658701e-01
1.134228611617005278e-01 1.509300484037695567e-01
1.311842907097199307e-01 1.259654541112712467e-01
1.927247732604085440e-01 1.449062982824166346e-01
1.785059190448974875e-01 1.208206767168559237e-01
1.114705959399692192e-01 1.736130567807463443e-01
1.270881677586637726e-01 1.353702134154206593e-01
1.030087420859144842e-01 1.571415451719562206e-01
1.622052212806999183e-01 1.278901199398981836e-01
1.572350903649314402e-01 1.522951343897681609e-01
1.445722535265038244e-01 1.726987935981900701e-01
1.471516937647470158e-01 1.526108761653734991e-01
1.755925155215187772e-01 1.873153991295027909e-01
1.880127199240235192e-01 1.404239390063904969e-01
1.084551634035610945e-01 1.370156452789348389e-01
1.568008203539332235e-01 1.595042994881001874e-01
1.266093014465743405e-01 1.154324757735415430e-01
1.670141371762003946e-01 1.506197654310313938e-01
