[0.16425469 0.19675154] 0
[0.13755827 0.17080441] 0
[0.16766911 0.10933327] 0
[0.19148961 0.1125216 ] 0
[0.11905556 0.18248857] 0
[0.1987555  0.16603663] 0
[0.10168538 0.15338291] 0
[0.12607504 0.17632568] 0
[0.19430027 0.18239243] 0
[0.18999293 0.16209291] 0
[0.11495449 0.15714624] 0
[0.14019546 0.11262091] 0
[0.19515724 0.12630686] 0
[0.18191649 0.10078272] 0
[0.19821767 0.19245535] 0
[0.17141651 0.14379277] 0
[0.12008189 0.12564283] 0
[0.15065667 0.16629653] 0
[0.11342286 0.15093005] 0
[0.13118429 0.12596545] 0
[0.19272477 0.1449063 ] 0
[0.17850592 0.12082068] 0
[0.1114706  0.17361306] 0
[0.12708817 0.13537021] 0
[0.10300874 0.15714155] 0
[0.16220522 0.12789012] 0
[0.15723509 0.15229513] 0
[0.14457225 0.17269879] 0
[0.14715169 0.15261088] 0
[0.17559252 0.1873154 ] 0
[0.18801272 0.14042394] 0
[0.10845516 0.13701565] 0
[0.15680082 0.1595043 ] 0
[0.1266093  0.11543248] 0
[0.16701414 0.15061977] 0
