1.421972004559036162e-01 2.086165678864818629e-01
1.856312174175898944e-01 2.772439255530694813e-01
1.487637252890054163e-01 2.306148937280524391e-01
1.007263669611911938e-01 2.509339311820574236e-01
1.047292399553076958e-01 2.679693999494504597e-01
1.840231820078463421e-01 2.420439310717229509e-01
1.744546753334656752e-01 2.985216648517931559e-01
1.393077556660278771e-01 2.096976058535464649e-01
1.853801274557176360e-01 2.328370807351591854e-01
1.223441480948914833e-01 2.528287748384696609e-01
1.942496075207426620e-01 2.583897573575840712e-01
1.241535005227927257e-01 2.909978889169400618e-01
1.989633837355482271e-01 2.851149781786429527e-01
1.236951217083599452e-01 2.646990856418248161e-01
1.138228641104124944e-01 2.127376114658753314e-01
1.649067972906645974e-01 2.229497277897370955e-01
1.987981644902108158e-01 2.127254158423101948e-01
1.444437461995156657e-01 2.881377636610802373e-01
1.083309280854533457e-01 2.681340116797971129e-01
1.259327223031495580e-01 2.226997523314915850e-01
1.725177468979557927e-01 2.960147444788691629e-01
1.899505267653313623e-01 2.486479433903550085e-01
1.306251476660772459e-01 2.760102002958725320e-01
1.153396864344932160e-01 2.207640584445413889e-01
1.350266769882198514e-01 2.508674925052612470e-01
1.553113692425459047e-01 2.959220252876187396e-01
1.734374169007418809e-01 2.932431701011442016e-01
1.042584153798685742e-01 2.765136028718618855e-01
1.598948959984207718e-01 2.877565732342605154e-01
1.119613851166388896e-01 2.091243294282836285e-01
1.971706088958486980e-01 2.893320757608240923e-01
1.040976664563789678e-01 2.225022122883965614e-01
1.840691142654167223e-01 2.413677039241452493e-01
1.430495260861782136e-01 2.262686116486925525e-01
1.101923716796913144e-01 2.859601426823371595e-01
1.946118717991032754e-01 2.301523367111530938e-01
1.363641991003233800e-01 2.078688636784287724e-01
1.768894541619658312e-01 2.065654677746147083e-01
1.107500708931189459e-01 2.990499655079520980e-01
1.141787791448922729e-01 2.357771315080621211e-01
1.203899195982077730e-01 2.970580626470380459e-01
1.528861454235774242e-01 2.372403121669658388e-01
1.190744514106196750e-01 2.759061399832770101e-01
1.840965115392515505e-01 2.282291726158597878e-01
1.311659617608086914e-01 2.580825437360581565e-01
1.457330881104484943e-01 2.975253287315204331e-01
1.256540390383481531e-01 2.633156939101264360e-01
1.211384035870610720e-01 2.406654727551095219e-01
1.454592476318677385e-01 2.050098382484006887e-01
1.711027046975226451e-01 2.770932894997844009e-01
1.664120176441641341e-01 2.324617993895840562e-01
1.142635696655102118e-01 2.781757150223168051e-01
1.797856342434033805e-01 2.456642401916533935e-01
1.211946816757905054e-01 2.107100285380496540e-01
1.254423673504614367e-01 2.732235132412133560e-01
