[0.1421972  0.20861657] 0
[0.18563122 0.27724393] 0
[0.14876373 0.23061489] 0
[0.10072637 0.25093393] 0
[0.10472924 0.2679694 ] 0
[0.18402318 0.24204393] 0
[0.17445468 0.29852166] 0
[0.13930776 0.20969761] 0
[0.18538013 0.23283708] 0
[0.12234415 0.25282877] 0
[0.19424961 0.25838976] 0
[0.1241535  0.29099789] 0
[0.19896338 0.28511498] 0
[0.12369512 0.26469909] 0
[0.11382286 0.21273761] 0
[0.1649068  0.22294973] 0
[0.19879816 0.21272542] 0
[0.14444375 0.28813776] 0
[0.10833093 0.26813401] 0
[0.12593272 0.22269975] 0
[0.17251775 0.29601474] 0
[0.18995053 0.24864794] 0
[0.13062515 0.2760102 ] 0
[0.11533969 0.22076406] 0
[0.13502668 0.25086749] 0
[0.15531137 0.29592203] 0
[0.17343742 0.29324317] 0
[0.10425842 0.2765136 ] 0
[0.1598949  0.28775657] 0
[0.11196139 0.20912433] 0
[0.19717061 0.28933208] 0
[0.10409767 0.22250221] 0
[0.18406911 0.2413677 ] 0
[0.14304953 0.22626861] 0
[0.11019237 0.28596014] 0
[0.19461187 0.23015234] 0
[0.1363642  0.20786886] 0
[0.17688945 0.20656547] 0
[0.11075007 0.29904997] 0
[0.11417878 0.23577713] 0
[0.12038992 0.29705806] 0
[0.15288615 0.23724031] 0
[0.11907445 0.27590614] 0
[0.18409651 0.22822917] 0
[0.13116596 0.25808254] 0
[0.14573309 0.29752533] 0
[0.12565404 0.26331569] 0
[0.1211384  0.24066547] 0
[0.14545925 0.20500984] 0
[0.1711027  0.27709329] 0
[0.16641202 0.2324618 ] 0
[0.11426357 0.27817572] 0
[0.17978563 0.24566424] 0
[0.12119468 0.21071003] 0
[0.12544237 0.27322351] 0
