2.098191323383564733e-01 7.277787610731301093e-02
2.608425769788199622e-01 3.600406166762193383e-02
2.750321276564327011e-01 6.735648819993411696e-02
2.793237560260091179e-01 3.939782822464388268e-02
2.892792941717938215e-01 6.660580353363299011e-02
2.085403747431466004e-01 8.941978502731118272e-02
2.662560521222824828e-01 6.967319731994481291e-02
2.935233323620317636e-01 5.303904475676635144e-02
2.562705370560204865e-01 9.426325761331799669e-02
2.069208532709457815e-01 6.203304752495875096e-02
2.620844042028109278e-01 7.741359521023849499e-02
2.037335037649534719e-01 3.000446880042373365e-02
2.337085563598085836e-01 3.348645032156560841e-02
2.326143725132431284e-01 8.663059646022996940e-02
2.795807233219091970e-01 7.430875867840447402e-02
2.862251170563199221e-01 6.780567382249991226e-02
2.139822956935568676e-01 6.865552579448774839e-02
2.216909111757203177e-01 8.385809369095187371e-02
2.106359208499546387e-01 7.264642791177211567e-02
2.798050159251633806e-01 1.161012979255982014e-02
2.922999140106729010e-01 2.676135615931019007e-02
2.029040204940275594e-01 2.143763549374377853e-02
