[0.20981913 0.07277788] 0
[0.26084258 0.03600406] 0
[0.27503213 0.06735649] 0
[0.27932376 0.03939783] 0
[0.28927929 0.0666058 ] 0
[0.20854037 0.08941979] 0
[0.26625605 0.0696732 ] 0
[0.29352333 0.05303904] 0
[0.25627054 0.09426326] 0
[0.20692085 0.06203305] 0
[0.2620844 0.0774136] 0
[0.2037335  0.03000447] 0
[0.23370856 0.03348645] 0
[0.23261437 0.0866306 ] 0
[0.27958072 0.07430876] 0
[0.28622512 0.06780567] 0
[0.2139823  0.06865553] 0
[0.22169091 0.08385809] 0
[0.21063592 0.07264643] 0
[0.27980502 0.01161013] 0
[0.29229991 0.02676136] 0
[0.20290402 0.02143764] 0
