2.181680058402144240e-01 1.604178207710366122e-01
2.435451787130197832e-01 1.164477458454399317e-01
2.563124335583045199e-01 1.203770800022527787e-01
2.380429717336978723e-01 1.266502824427526708e-01
2.546622039939617221e-01 1.290256605305020177e-01
2.727406858333663586e-01 1.469500813444843956e-01
2.762149307821450961e-01 1.841370048851022068e-01
2.243758414421214709e-01 1.367856237372503392e-01
2.021176554756936583e-01 1.161934915857119055e-01
2.992653697133274004e-01 1.260697237432418794e-01
2.265909739754717322e-01 1.429480499527173709e-01
2.415390295834958234e-01 1.202630344528494710e-01
2.923777558311045910e-01 1.819975303080837437e-01
2.431336680113282966e-01 1.333536700594318836e-01
2.040821539682718955e-01 1.182854822691260521e-01
2.622342755237755396e-01 1.037350556688757530e-01
2.588031158729576786e-01 1.546343703511516843e-01
2.439000027347758004e-01 1.458272902914482527e-01
2.552160207533928915e-01 1.446018977607846923e-01
2.127980969909786246e-01 1.951894412172244797e-01
2.851720847106614665e-01 1.264602118532796027e-01
2.640035187978704290e-01 1.751485918565947042e-01
2.065200619361908796e-01 1.185028710716327094e-01
2.475342693275097150e-01 1.972337991095500787e-01
2.755625124072486054e-01 1.082097626601992157e-01
2.389061885228532245e-01 1.776751706216553872e-01
2.957767856611736024e-01 1.921221877633170205e-01
2.361970527459129610e-01 1.322511789356661804e-01
2.764011922248299502e-01 1.502144573038813880e-01
2.982258221631235440e-01 1.929865950200334579e-01
