[0.21816801 0.16041782] 0
[0.24354518 0.11644775] 0
[0.25631243 0.12037708] 0
[0.23804297 0.12665028] 0
[0.2546622  0.12902566] 0
[0.27274069 0.14695008] 0
[0.27621493 0.184137  ] 0
[0.22437584 0.13678562] 0
[0.20211766 0.11619349] 0
[0.29926537 0.12606972] 0
[0.22659097 0.14294805] 0
[0.24153903 0.12026303] 0
[0.29237776 0.18199753] 0
[0.24313367 0.13335367] 0
[0.20408215 0.11828548] 0
[0.26223428 0.10373506] 0
[0.25880312 0.15463437] 0
[0.2439     0.14582729] 0
[0.25521602 0.1446019 ] 0
[0.2127981  0.19518944] 0
[0.28517208 0.12646021] 0
[0.26400352 0.17514859] 0
[0.20652006 0.11850287] 0
[0.24753427 0.1972338 ] 0
[0.27556251 0.10820976] 0
[0.23890619 0.17767517] 0
[0.29577679 0.19212219] 0
[0.23619705 0.13225118] 0
[0.27640119 0.15021446] 0
[0.29822582 0.1929866 ] 0
