[0.23665056 0.26382817] 0
[0.25941232 0.26288128] 0
[0.23298784 0.29792149] 0
[0.29325597 0.29803484] 0
[0.2503237  0.26830136] 0
[0.20661413 0.2672629 ] 0
[0.21027458 0.2470148 ] 0
[0.28816499 0.21851174] 0
[0.26751252 0.27317021] 0
[0.24494321 0.27361286] 0
[0.2584845  0.21601524] 0
[0.28346506 0.24773501] 0
[0.27910871 0.25994066] 0
[0.20285479 0.27873801] 0
[0.22360858 0.2586337 ] 0
[0.24590849 0.27506951] 0
[0.26451463 0.26756865] 0
[0.27880351 0.28106595] 0
[0.21836035 0.24027956] 0
[0.25610327 0.2612039 ] 0
[0.23501072 0.22007094] 0
[0.26483027 0.26575073] 0
[0.27618654 0.27731175] 0
[0.25212443 0.23060078] 0
[0.25333136 0.28105418] 0
[0.23166706 0.28749916] 0
[0.20900276 0.25290694] 0
[0.21003735 0.28513963] 0
[0.2671447  0.27848182] 0
[0.29761109 0.29673303] 0
[0.28532077 0.28963324] 0
[0.26741079 0.2405433 ] 0
[0.27571231 0.24032825] 0
[0.21106707 0.21099059] 0
[0.26838101 0.20965913] 0
[0.21168673 0.27378823] 0
[0.21332058 0.28594632] 0
[0.21567557 0.28866849] 0
[0.23996178 0.29821683] 0
[0.28110625 0.20232362] 0
[0.27888349 0.20945148] 0
[0.28210697 0.29991816] 0
[0.25165065 0.22359677] 0
[0.24468546 0.27935191] 0
[0.27445188 0.24325051] 0
[0.22958696 0.27443139] 0
