2.484515146253020168e-01 8.044106436746537026e-02
2.812059082885102201e-01 4.242201947119039751e-02
2.916040020088006557e-01 4.309983205632905712e-02
2.494583709806104110e-01 6.351791706304898977e-03
2.513113515602007908e-01 4.197004045259566940e-02
2.472781179572705601e-01 1.840375305887809176e-02
2.476078555420558880e-01 4.268947750850483891e-02
2.717216029560258761e-01 9.679961336059805799e-03
2.874904638050547190e-01 2.169868879330622002e-02
2.680061610846653508e-01 4.025438810363080044e-02
2.707215722007526026e-01 7.347168285715688363e-04
2.200734782717967963e-01 6.301758639891801017e-02
2.708016183000095944e-01 1.936530723983739821e-02
2.941401297825465000e-01 6.964004367716715438e-02
2.175931915663509852e-01 1.278130060852203376e-02
2.992389989467972300e-01 2.525859772027244654e-02
2.210424501297120203e-01 1.305834978857076112e-02
2.803488435641187104e-01 4.645562685375856371e-02
2.270754855505940917e-01 4.311935752014250944e-02
2.574922710355651012e-01 9.515338522888497352e-02
2.287250617818478160e-01 1.695957351653007428e-02
2.860018404596215702e-01 1.593859614069439989e-02
2.093024977483121662e-01 3.321406146631900036e-04
2.573948705498634859e-01 3.646639323419489931e-02
2.516539247661861434e-01 2.237034233071655276e-02
2.791784471851952998e-01 5.396080588672991230e-02
2.888963977827949670e-01 1.803125537992320004e-02
2.789892993929343756e-01 1.039214341632183070e-02
