[0.24845151 0.08044106] 0
[0.28120591 0.04242202] 0
[0.291604   0.04309983] 0
[0.24945837 0.00635179] 0
[0.25131135 0.04197004] 0
[0.24727812 0.01840375] 0
[0.24760786 0.04268948] 0
[0.2717216  0.00967996] 0
[0.28749046 0.02169869] 0
[0.26800616 0.04025439] 0
[0.27072157 0.00073472] 0
[0.22007348 0.06301759] 0
[0.27080162 0.01936531] 0
[0.29414013 0.06964004] 0
[0.21759319 0.0127813 ] 0
[0.299239  0.0252586] 0
[0.22104245 0.01305835] 0
[0.28034884 0.04645563] 0
[0.22707549 0.04311936] 0
[0.25749227 0.09515339] 0
[0.22872506 0.01695957] 0
[0.28600184 0.0159386 ] 0
[0.2093025  0.00033214] 0
[0.25739487 0.03646639] 0
[0.25165392 0.02237034] 0
[0.27917845 0.05396081] 0
[0.2888964  0.01803126] 0
[0.2789893  0.01039214] 0
