3.373986555210203298e-01 3.963444343340902232e-02
3.881457959004162572e-01 2.823559752702081704e-02
3.703526701182240921e-01 2.027528788920518465e-02
3.218086026789347409e-01 2.670583023944406165e-02
3.519169742489498542e-01 6.213709234144415561e-02
3.417381845470742752e-01 3.924085843569463661e-02
3.786563156530229346e-01 2.669501671479307392e-02
3.208183584247116249e-01 1.287652551596152328e-02
3.572433560315430023e-01 2.139793100285503069e-03
3.717738740469970771e-01 1.615211531959498403e-02
3.992648495541193387e-01 1.159416889989844934e-02
3.599660310864615798e-01 5.874096869954437139e-03
3.980435162585143627e-01 5.174197036983971265e-02
3.755717662064466666e-01 3.845289575566585016e-02
3.904811693284072627e-01 1.969183641682326069e-02
3.849666330599463282e-01 3.749796910359703972e-02
3.724868186622217747e-01 7.692020591946341357e-02
3.484831396117140656e-01 1.672415969897284027e-03
3.775408220594383968e-01 2.139951623520400248e-02
3.165159094635385806e-01 2.121205280678278848e-02
3.420941729744744197e-01 2.262094545360393560e-02
3.911599428643268150e-01 8.499208909281918967e-02
3.649304632784201030e-01 1.036716569871148907e-02
3.470133313690100807e-01 3.376191237970060932e-02
3.339419151472348135e-01 6.527350088834976694e-02
3.954741162955214828e-01 4.548549534280571516e-02
3.762782878111981533e-01 9.617051999504661053e-03
3.604268390593011184e-01 5.012746925869937531e-02
3.636293525138127869e-01 8.535372672333174648e-03
3.504536947572658434e-01 5.317583938765414742e-02
3.912441301524438031e-01 3.016158737890342612e-02
3.692306540400558390e-01 4.772420018797157715e-03
3.111637766912145331e-01 8.228810332100287839e-02
3.750511179574924636e-01 6.430648173825168068e-02
3.550215410609395827e-01 2.662377067046534096e-02
3.514431853738140821e-01 7.805714825082285535e-02
3.270679891523248228e-01 1.332860553482412280e-02
3.684134591155505123e-01 7.664270044331877862e-02
3.808761242466872088e-01 2.366256669823157965e-02
3.912193704001298844e-01 1.642341032908667398e-02
3.582942293390200539e-01 5.242352032044951538e-02
3.583400153470089888e-01 7.785394498307396383e-03
3.825264257907030618e-01 6.316588020839247752e-02
3.327915655246295734e-01 6.192842114133392806e-02
3.487711262878065988e-01 5.862214930638591504e-02
3.597772783137216379e-01 7.809368627609528102e-02
3.623003946415697119e-01 6.380435258410582788e-02
3.949449194050138057e-01 4.766823076598727948e-02
3.923233708760227589e-01 7.011026125153596578e-02
3.025273360101135567e-01 1.534913692365097448e-02
3.607431841545745144e-01 4.794667877034196335e-02
3.071401341096566262e-01 9.021628138218197590e-02
3.286675500799525196e-01 4.812687714369351388e-02
3.879310875928069224e-01 6.441221611341502173e-03
3.252009048547181425e-01 2.481933878187839171e-02
3.624621657899206317e-01 1.397595921354846671e-02
3.487726467543378894e-01 1.597248911588056153e-02
3.482407471794098930e-01 1.166023697600387932e-02
3.713169081515994008e-01 6.586662352106641138e-02
3.437324907552320452e-01 1.148738280123898226e-02
3.506923031623091491e-01 8.021002663828480372e-02
3.922247110883421706e-01 4.862358572430001968e-02
3.328895512677926272e-01 1.224456309664181952e-02
3.779094907389229929e-01 3.073441151062386578e-02
3.252141890560477089e-01 2.041494582316047413e-02
3.279469204074771382e-01 3.898846029804622915e-02
3.102279144023125657e-01 2.216194879158472908e-02
3.518506701865988240e-01 8.837929751589979066e-03
3.987695598748713932e-01 8.049856899524200637e-02
3.468903827715268395e-01 7.702602503217303997e-03
3.405348763541638513e-01 2.522237819384709478e-03
3.936384505087261454e-01 1.115551863078989570e-04
3.819059098649369988e-01 2.181632513785161653e-02
3.576616513686566856e-01 4.986920807411560075e-03
3.771856183467935386e-01 6.582584600880897474e-02
3.398883611516721470e-01 4.287363391429216408e-02
3.782029950040730060e-01 9.482424013903506532e-03
3.789297317816159305e-01 6.236313319284036982e-03
3.810510977913857955e-01 2.396924697174213081e-02
3.070258479804731655e-01 6.347314119526932530e-02
3.971254181173373698e-01 1.043028385688066217e-02
3.660098730604787187e-01 1.011397706155547915e-03
3.254967344168491761e-01 5.100808364251636917e-02
3.565344346292791400e-01 1.901568516677409892e-02
3.186412684329067435e-01 3.886323973300387369e-02
3.368106786547909182e-01 8.108089150227884567e-02
3.527649118976475817e-01 1.691357640299642751e-02
3.571494920001602735e-01 1.043706849200759512e-02
3.909269098306450974e-01 5.005319368494716425e-02
3.737570369644980794e-01 3.828913785882147314e-02
