4.566725163635038665e-01 3.591885235460279269e-03
4.127568865125317843e-01 1.073998827621824859e-03
4.660174877997620424e-01 2.595305813411880047e-02
4.918331857955966502e-01 5.075247865291673821e-02
4.023110685614024740e-01 1.881927499004260040e-02
4.822957950406674965e-01 1.342052488734685189e-02
4.458391838461288059e-01 3.118876151855853873e-03
4.403174409836903558e-01 2.667576126190729369e-04
4.223959023969019455e-01 7.011647306187696049e-03
4.917681221289305071e-01 7.440686835357648854e-02
4.270514848551908438e-01 1.556579139562280778e-02
4.477149536353858261e-01 7.077843390218707675e-02
4.952102883233139297e-01 5.484978063202142207e-02
4.077276728145029505e-01 2.453193060368352718e-02
4.323521945363091312e-01 2.554055695729123832e-02
4.745216501004188014e-01 1.537963342993281524e-02
4.915786608303424066e-01 4.098150226950050823e-02
4.291297672983965250e-01 5.061882354481453405e-02
4.989874230802777144e-01 3.135927253960590910e-02
4.999692369149835169e-01 5.142449658812442426e-02
4.636549716129529930e-01 9.596928066395074564e-02
4.150234135564262461e-01 1.649867299359669692e-02
4.193155011318778214e-01 2.205913321164393315e-02
4.689309653116940924e-01 2.810433829626013402e-02
4.679931096324400630e-01 2.915252857375399964e-02
4.550598446983199485e-01 6.595844600161396287e-02
4.091931429763170924e-01 1.866354163905659114e-02
4.280760177395272481e-01 9.628372223581005418e-02
4.976515405884350263e-01 6.836774715525167911e-02
4.723324445483619294e-01 1.925666358266736600e-02
4.716959242220264414e-01 1.144769115315769081e-02
4.215633069572679026e-01 7.036110441174492358e-02
4.961724122463999631e-01 7.656113458220453749e-02
4.121143538447443744e-01 7.153645125979821162e-02
4.224461319864727948e-01 8.079577909841573202e-02
4.710876666012477343e-01 4.429757045992133158e-03
4.013044626887425914e-01 8.366900679031341603e-03
4.446274616363791177e-01 5.591624296988084719e-02
4.279695350178951974e-01 6.296279755970102254e-02
4.817908715132434017e-01 5.204025526969247029e-03
4.150265429177221188e-01 3.105385356778184169e-02
4.863390801478301162e-01 8.379549225702162540e-02
4.207114266713599116e-01 1.688121465678132926e-02
4.416234850345192031e-01 9.171791430909773113e-02
4.182776442348324908e-01 4.666702231646002730e-04
4.243394805536622738e-01 6.908873439639762193e-02
4.567162625908053331e-01 4.855835119206064476e-03
4.820068980841510919e-01 1.811853834804716401e-02
4.958937949904481668e-01 6.983490459376012760e-02
4.506188301192052270e-01 8.242088626953802954e-03
4.374423068202540343e-01 1.140189676755171133e-02
4.294530275303174438e-01 9.522755215724260092e-02
4.324145616891218458e-01 7.840076152349573224e-02
4.069338556576466148e-01 1.997909981811740732e-02
4.989393993472906463e-01 5.336756224658678605e-03
4.842004481278016637e-01 8.279729978808436641e-04
4.996772932093387909e-01 2.004433239755581964e-02
4.977182060106857819e-01 3.815339692886041134e-02
4.471456876509559697e-01 4.185413888418693107e-02
4.567214676258400941e-01 6.605995709863141108e-02
4.101205569900064352e-01 1.265036004113545554e-02
4.631143036229591892e-01 8.540846125330847638e-03
4.822844648772715570e-01 2.008186314158494357e-02
4.053777509456133465e-01 4.091966803496549510e-03
4.806644735849075478e-01 4.758258330729220331e-02
4.491536159706348008e-01 2.256138151024333904e-02
4.776160449874311542e-01 5.904740483481918378e-02
4.871234632054164404e-01 9.961395434942127425e-02
4.534215904042023793e-01 3.155390081230352584e-02
4.406767378921723211e-01 6.988083126719168980e-03
4.179880290466587711e-01 5.361907361354961710e-02
4.233913374909492600e-01 3.648179332689363563e-02
4.087610804230937811e-01 4.481883183650697822e-03
4.670422890950048922e-01 1.231888154620006115e-02
4.604181946661282110e-01 1.860860159731497765e-03
4.665924642138096767e-01 7.449555877779463764e-02
4.016424737220201102e-01 5.977221835690346707e-02
4.660727652882313832e-01 6.689694150079819601e-02
4.257814989566960362e-01 1.461817936882681135e-02
4.590311269650463322e-01 3.673072927481485506e-02
4.133106507275135511e-01 9.652183675125197704e-02
4.276329353401394640e-01 1.000537489453365292e-02
4.069230273843577050e-01 4.623015490929582860e-02
4.950449103884523305e-01 7.425368763729485455e-02
4.210685047762962596e-01 2.813533034768909979e-02
4.178867891193887019e-01 4.757406262008569142e-02
4.807032968634356029e-01 6.048166504642614461e-02
4.413474691847989462e-01 5.367287407172417757e-02
4.719205901279314164e-01 5.771325665549319195e-02
4.719389351399979615e-01 1.458094714054958274e-02
4.288676929513122182e-01 7.025473976959481504e-02
4.496255015335834937e-01 1.510243830503746332e-02
4.167323535971397819e-01 2.663514232378438873e-02
4.424555994897306777e-01 5.667447952582878312e-02
4.991221297533234846e-01 4.774873094730794354e-02
4.104990832291945946e-01 8.757243018310054139e-02
4.450222288883072252e-01 8.657047890877112017e-02
4.165023510732552836e-01 2.068418753532000331e-02
4.640444047762379842e-01 7.731855808665320795e-02
4.414371522344940901e-01 4.498459454316101891e-02
4.371872026800414091e-01 6.449759227652265836e-02
4.216564981300771064e-01 4.023662053331357458e-02
4.256894872488317660e-01 8.578843678346531609e-02
4.856199289485007009e-01 6.452814428727007834e-02
4.054053646077179218e-01 3.011084563702708106e-02
4.377539016531136751e-01 3.441452864605276663e-02
4.018698713798913302e-01 3.796098406068398878e-02
4.895215004342631238e-01 2.971778994947424368e-02
4.363557103054578334e-01 3.429573355669177093e-02
4.213719721084743242e-01 8.832641115445637181e-02
4.862948124753876944e-01 7.823092552861798943e-02
4.557224699712380533e-01 5.819726004158065624e-02
4.094444263479629642e-01 7.500612992403454804e-02
4.343152971614114843e-01 9.624493936183532716e-02
4.260128734392230054e-01 2.441003687786735821e-02
4.920807382924968221e-01 7.464970644929000421e-02
4.464064513205908136e-01 5.500619627600250583e-02
4.658415530726279785e-01 5.232385452593067698e-02
4.275813264951756620e-01 1.662669852359954792e-02
4.770595972524068196e-01 4.228316360382317063e-02
4.721051196008073658e-01 5.153901694177620563e-02
4.784345977688457818e-01 9.873974349926195604e-02
4.822980699149114203e-01 8.975852439204205779e-02
4.362846146563068572e-01 6.671034882592986881e-02
4.799619940689734410e-01 5.416492508742075385e-02
4.625867097595938726e-01 7.415647781053567866e-02
4.026550892678623650e-01 6.120046878831222892e-02
4.103062933922414501e-01 3.597721745331140808e-02
4.935269986374462015e-01 6.745459137741174893e-02
4.186151770280767681e-01 6.032126712527778600e-02
4.569235222211762704e-01 4.756666705126960659e-02
4.490326781534788037e-01 2.933081204651827312e-03
4.556525698817123771e-01 4.786704771927609292e-02
4.426628693125762570e-01 9.731810195498277749e-02
4.126681355156607278e-01 2.550278056472465860e-02
4.587531230066692056e-01 9.001097144966663244e-02
4.087289859008846893e-01 2.433529214744775682e-02
4.038292292888047141e-01 6.723319927853863009e-02
4.231185858321896420e-01 6.275716088452371055e-03
4.246276534201366970e-01 8.164014891411301711e-02
4.686993427178637872e-01 8.938481350408522541e-02
4.542217565267278601e-01 6.098382513985571574e-02
4.217617797748153263e-01 6.954171406344331063e-02
4.503974629740129521e-01 4.792929415580585162e-02
4.717217773984792029e-01 5.181291319629093006e-02
4.875576194573246203e-01 6.963793338793494714e-02
4.293468433013938323e-01 3.070965419901229565e-02
4.466140389933268562e-01 2.672305484248443941e-02
4.213020051200762062e-01 4.631884516414362662e-02
4.953413373825582555e-01 6.130397743019108669e-02
4.076355024643535385e-01 7.436665278172056859e-02
4.206365613136271997e-01 3.038861819789767660e-03
4.336221641175948549e-01 4.818410849404926311e-02
4.604990414774145502e-01 7.323096129651705810e-02
4.608091166714464726e-01 7.770715256347204836e-05
4.571770155572457695e-01 5.506818561360968256e-02
4.732259585550493974e-01 8.596563672086221519e-03
4.307081800235106339e-01 4.723761548186791726e-02
4.966271118844397536e-01 8.242087175831308565e-02
4.318656860386035357e-01 3.883151006099225255e-02
4.937354576995026667e-01 9.083492644971385976e-02
4.562669436927563882e-01 5.546938819238741991e-02
4.396849471922362196e-01 4.438449692571871941e-02
4.547722176739020794e-01 7.625043173649206918e-02
4.582811604961436469e-01 7.283870531610116272e-02
4.382240664353937998e-01 6.092158493986460366e-02
4.607863380600158987e-01 3.213686832970150120e-02
4.112167103832541915e-01 7.742620086113760625e-02
4.554510541649218758e-01 9.508832917060278112e-02
4.667895267994287556e-01 8.129826209334178877e-02
4.359419207534455110e-01 6.064313638896637326e-02
4.512282225438520311e-01 5.358553483647487958e-02
4.246880610424264013e-01 1.324644328131993620e-02
4.075769247247896798e-01 9.863561899693001900e-02
4.171883954863397914e-01 4.428263683397801187e-02
4.231333206381108769e-01 4.626791485927664316e-02
4.973885975747464605e-01 1.531549315490626784e-02
4.402686175018766801e-01 1.015330644140544081e-02
4.607664913649113791e-01 5.177290365668509031e-02
4.501442089028644400e-01 6.903239305665963277e-02
4.464295188604383569e-01 9.692275410166646676e-02
4.089886028046189059e-01 6.648060362649187149e-02
4.184058528809794786e-01 9.244340272871368058e-02
4.348716772695084831e-01 6.669531498441691464e-02
4.202400566687488070e-01 1.361317171985854113e-02
4.585986645941031448e-01 3.943239156645429733e-02
4.861616276617840016e-01 8.389239038716533869e-02
4.832517307977935994e-01 8.236117668903233935e-02
4.815078080593255816e-01 2.145127490643178314e-02
4.137467097718433573e-01 9.202776640549512055e-02
4.001691113213700635e-01 6.016664717946179630e-03
4.273786505553874848e-01 4.101562411323056434e-02
4.573275404226906926e-01 1.463758344432650182e-02
4.357297647629492787e-01 8.635392302591138325e-03
4.976395427006078398e-01 8.173685546978880223e-02
4.264754715109122518e-01 5.334507055576975798e-03
4.423984265424797391e-01 9.436308318414132756e-03
4.497096054992779646e-01 6.574796741670138611e-02
4.774798833886509941e-01 6.909368833415291400e-02
4.097606806671564295e-01 6.801449747891737119e-02
4.783618248312077603e-01 6.192201080928251555e-02
4.045632773868022558e-01 1.926887942343824545e-02
4.004476413241498944e-01 4.188877898189141691e-03
4.615446165070215545e-01 8.440129270172355702e-02
4.679588822795929248e-01 2.017738344819089424e-02
4.592159553440794406e-01 8.327718683961851664e-02
4.131853015156754516e-01 7.199739766059187751e-02
4.024422670344132147e-01 8.034085559192188919e-03
4.271265790663506534e-01 4.691900763742848368e-02
4.776553360429304229e-01 5.756816820598575912e-02
4.621941560129995130e-01 2.152375806308523543e-02
4.031748397819459040e-01 7.535884710141099729e-02
4.860306749045946728e-01 4.450174476243776156e-02
4.080852521338072525e-01 3.628668102783233484e-02
4.091981737888721327e-01 4.869858548129177289e-02
4.257933663735037899e-01 7.466540361758629285e-02
4.431584838121702674e-01 4.230467456145964311e-02
