[0.45667252 0.00359189] 0
[0.40231107 0.01881927] 0
[0.4223959  0.00701165] 0
[0.49521029 0.05484978] 0
[0.49157866 0.0409815 ] 0
[0.46365497 0.09596928] 0
[0.46799311 0.02915253] 0
[0.49765154 0.06836775] 0
[0.49617241 0.07656113] 0
[0.40130446 0.0083669 ] 0
[0.41502654 0.03105385] 0
[0.41827764 0.00046667] 0
[0.49589379 0.0698349 ] 0
[0.43241456 0.07840076] 0
[0.49967729 0.02004433] 0
[0.41012056 0.01265036] 0
[0.48066447 0.04758258] 0
[0.45342159 0.0315539 ] 0
[0.40876108 0.00448188] 0
[0.40164247 0.05977222] 0
[0.41331065 0.09652184] 0
[0.4210685  0.02813533] 0
[0.47192059 0.05771326] 0
[0.41673235 0.02663514] 0
[0.44502223 0.08657048] 0
[0.4371872  0.06449759] 0
[0.40540536 0.03011085] 0
[0.43635571 0.03429573] 0
[0.40944443 0.07500613] 0
[0.44640645 0.0550062 ] 0
[0.47210512 0.05153902] 0
[0.47996199 0.05416493] 0
[0.493527   0.06745459] 0
[0.45565257 0.04786705] 0
[0.40872899 0.02433529] 0
[0.46869934 0.08938481] 0
[0.47172178 0.05181291] 0
[0.42130201 0.04631885] 0
[0.43362216 0.04818411] 0
[0.47322596 0.00859656] 0
[0.49373546 0.09083493] 0
[0.45828116 0.07283871] 0
[0.45545105 0.09508833] 0
[0.42468806 0.01324644] 0
[0.4973886  0.01531549] 0
[0.44642952 0.09692275] 0
[0.42024006 0.01361317] 0
[0.48150781 0.02145127] 0
[0.45732754 0.01463758] 0
[0.44239843 0.00943631] 0
[0.47836182 0.06192201] 0
[0.46795888 0.02017738] 0
[0.42712658 0.04691901] 0
[0.48603067 0.04450174] 0
[0.44315848 0.04230467] 0
[0.41275689 0.001074  ] 0
[0.4822958  0.01342052] 0
[0.49176812 0.07440687] 0
[0.40772767 0.02453193] 0
[0.42912977 0.05061882] 0
[0.41502341 0.01649867] 0
[0.45505984 0.06595845] 0
[0.47233244 0.01925666] 0
[0.41211435 0.07153645] 0
[0.44462746 0.05591624] 0
[0.48633908 0.08379549] 0
[0.42433948 0.06908873] 0
[0.45061883 0.00824209] 0
[0.40693386 0.0199791 ] 0
[0.49771821 0.0381534 ] 0
[0.4631143  0.00854085] 0
[0.44915362 0.02256138] 0
[0.44067674 0.00698808] 0
[0.46704229 0.01231888] 0
[0.46607277 0.06689694] 0
[0.42763294 0.01000537] 0
[0.41788679 0.04757406] 0
[0.47193894 0.01458095] 0
[0.4424556  0.05667448] 0
[0.41650235 0.02068419] 0
[0.4216565  0.04023662] 0
[0.4377539  0.03441453] 0
[0.42137197 0.08832641] 0
[0.4343153  0.09624494] 0
[0.46584155 0.05232385] 0
[0.4784346  0.09873974] 0
[0.46258671 0.07415648] 0
[0.41861518 0.06032127] 0
[0.44266287 0.0973181 ] 0
[0.40382923 0.0672332 ] 0
[0.45422176 0.06098383] 0
[0.48755762 0.06963793] 0
[0.49534134 0.06130398] 0
[0.46049904 0.07323096] 0
[0.43070818 0.04723762] 0
[0.45626694 0.05546939] 0
[0.43822407 0.06092158] 0
[0.46678953 0.08129826] 0
[0.40757692 0.09863562] 0
[0.44026862 0.01015331] 0
[0.4089886 0.0664806] 0
[0.45859866 0.03943239] 0
[0.41374671 0.09202777] 0
[0.43572976 0.00863539] 0
[0.44970961 0.06574797] 0
[0.40456328 0.01926888] 0
[0.45921596 0.08327719] 0
[0.47765534 0.05756817] 0
[0.40808525 0.03628668] 0
[0.46601749 0.02595306] 0
[0.44583918 0.00311888] 0
[0.42705148 0.01556579] 0
[0.43235219 0.02554056] 0
[0.49898742 0.03135927] 0
[0.4193155  0.02205913] 0
[0.40919314 0.01866354] 0
[0.47169592 0.01144769] 0
[0.42244613 0.08079578] 0
[0.42796954 0.0629628 ] 0
[0.42071143 0.01688121] 0
[0.45671626 0.00485584] 0
[0.43744231 0.0114019 ] 0
[0.4989394  0.00533676] 0
[0.44714569 0.04185414] 0
[0.48228446 0.02008186] 0
[0.47761604 0.0590474 ] 0
[0.41798803 0.05361907] 0
[0.46041819 0.00186086] 0
[0.4257815  0.01461818] 0
[0.40692303 0.04623015] 0
[0.4807033  0.06048167] 0
[0.42886769 0.07025474] 0
[0.49912213 0.04774873] 0
[0.4640444  0.07731856] 0
[0.42568949 0.08578844] 0
[0.40186987 0.03796098] 0
[0.48629481 0.07823093] 0
[0.42601287 0.02441004] 0
[0.42758133 0.0166267 ] 0
[0.48229807 0.08975852] 0
[0.40265509 0.06120047] 0
[0.45692352 0.04756667] 0
[0.41266814 0.02550278] 0
[0.42311859 0.00627572] 0
[0.42176178 0.06954171] 0
[0.42934684 0.03070965] 0
[0.4076355  0.07436665] 0
[4.60809117e-01 7.77071526e-05] 0
[0.49662711 0.08242087] 0
[0.43968495 0.0443845 ] 0
[0.46078634 0.03213687] 0
[0.43594192 0.06064314] 0
[0.4171884  0.04428264] 0
[0.46076649 0.0517729 ] 0
[0.41840585 0.0924434 ] 0
[0.48616163 0.08389239] 0
[0.40016911 0.00601666] 0
[0.49763954 0.08173686] 0
[0.47747988 0.06909369] 0
[0.40044764 0.00418888] 0
[0.4131853 0.0719974] 0
[0.46219416 0.02152376] 0
[0.40919817 0.04869859] 0
[0.49183319 0.05075248] 0
[4.40317441e-01 2.66757613e-04] 0
[0.44771495 0.07077843] 0
[0.47452165 0.01537963] 0
[0.49996924 0.0514245 ] 0
[0.46893097 0.02810434] 0
[0.42807602 0.09628372] 0
[0.42156331 0.0703611 ] 0
[0.47108767 0.00442976] 0
[0.48179087 0.00520403] 0
[0.44162349 0.09171791] 0
[0.4820069  0.01811854] 0
[0.42945303 0.09522755] 0
[0.48420045 0.00082797] 0
[0.45672147 0.06605996] 0
[0.40537775 0.00409197] 0
[0.48712346 0.09961395] 0
[0.42339134 0.03648179] 0
[0.46659246 0.07449556] 0
[0.45903113 0.03673073] 0
[0.49504491 0.07425369] 0
[0.44134747 0.05367287] 0
[0.4496255  0.01510244] 0
[0.41049908 0.08757243] 0
[0.44143715 0.04498459] 0
[0.48561993 0.06452814] 0
[0.4895215  0.02971779] 0
[0.45572247 0.05819726] 0
[0.49208074 0.07464971] 0
[0.4770596  0.04228316] 0
[0.43628461 0.06671035] 0
[0.41030629 0.03597722] 0
[0.44903268 0.00293308] 0
[0.45875312 0.09001097] 0
[0.42462765 0.08164015] 0
[0.45039746 0.04792929] 0
[0.44661404 0.02672305] 0
[0.42063656 0.00303886] 0
[0.45717702 0.05506819] 0
[0.43186569 0.03883151] 0
[0.45477222 0.07625043] 0
[0.41121671 0.0774262 ] 0
[0.45122822 0.05358553] 0
[0.42313332 0.04626791] 0
[0.45014421 0.06903239] 0
[0.43487168 0.06669531] 0
[0.48325173 0.08236118] 0
[0.42737865 0.04101562] 0
[0.42647547 0.00533451] 0
[0.40976068 0.0680145 ] 0
[0.46154462 0.08440129] 0
[0.40244227 0.00803409] 0
[0.40317484 0.07535885] 0
[0.42579337 0.0746654 ] 0
