4.854968961704104746e-01 1.095930144136465501e-01
4.914972872291363259e-01 1.524255612248039404e-01
4.728410988301664508e-01 1.763986110716100897e-01
4.844350450460208624e-01 1.046410901016858186e-01
4.983059964476516113e-01 1.408796550104179923e-01
4.268999949702658725e-01 1.208618897572923956e-01
4.509476273337245100e-01 1.044923562187177191e-01
4.797647892305919592e-01 1.278033880373582731e-01
4.887632957601047434e-01 1.890300880813586271e-01
4.830069838742566124e-01 1.088314735286234347e-01
4.753600228118781690e-01 1.405804013067442626e-01
4.961985665862189698e-01 1.292520430635594741e-01
4.337147559824977017e-01 1.645908389456368082e-01
4.893970961897812222e-01 1.316565282339771936e-01
4.444894500872088594e-01 1.380104471622468076e-01
4.924505440217626928e-01 1.084014834330613991e-01
4.026550582827750913e-01 1.428991607089973304e-01
4.880622490841464711e-01 1.543430723679838357e-01
4.283043340644144825e-01 1.523554490151058372e-01
4.233760974328042437e-01 1.195047996837221016e-01
4.928376081587838575e-01 1.013139694063816265e-01
4.532936311030703602e-01 1.008502330379588974e-01
4.918646286326208705e-01 1.172440229275408807e-01
4.620224351469752744e-01 1.039098697085965028e-01
4.241539277012963405e-01 1.092708519137467887e-01
4.996831147496485492e-01 1.032354119457447317e-01
4.834618888951800475e-01 1.577284967779422620e-01
4.830009709426262288e-01 1.081352195154655776e-01
4.048314496113223360e-01 1.065686775301187689e-01
4.864002290450130106e-01 1.567417845616326244e-01
4.081578593068360683e-01 1.343858094765502942e-01
4.564412231537859355e-01 1.020097911791367495e-01
4.015880689687940097e-01 1.189133223059423566e-01
4.701389096852232607e-01 1.272818341420157706e-01
4.673936076821255670e-01 1.009665392714515220e-01
4.509898785351216244e-01 1.108912311752175417e-01
4.932265935894275533e-01 1.271347505289954494e-01
4.362919588133695181e-01 1.084578745063472516e-01
4.145200467530195665e-01 1.435580409233269128e-01
4.864356876599355006e-01 1.694547661212813805e-01
