[0.4854969  0.10959301] 0
[0.49149729 0.15242556] 0
[0.4728411  0.17639861] 0
[0.48443505 0.10464109] 0
[0.498306   0.14087966] 0
[0.42689999 0.12086189] 0
[0.45094763 0.10449236] 0
[0.47976479 0.12780339] 0
[0.4887633  0.18903009] 0
[0.48300698 0.10883147] 0
[0.47536002 0.1405804 ] 0
[0.49619857 0.12925204] 0
[0.43371476 0.16459084] 0
[0.4893971  0.13165653] 0
[0.44448945 0.13801045] 0
[0.49245054 0.10840148] 0
[0.40265506 0.14289916] 0
[0.48806225 0.15434307] 0
[0.42830433 0.15235545] 0
[0.4233761 0.1195048] 0
[0.49283761 0.10131397] 0
[0.45329363 0.10085023] 0
[0.49186463 0.11724402] 0
[0.46202244 0.10390987] 0
[0.42415393 0.10927085] 0
[0.49968311 0.10323541] 0
[0.48346189 0.1577285 ] 0
[0.48300097 0.10813522] 0
[0.40483145 0.10656868] 0
[0.48640023 0.15674178] 0
[0.40815786 0.13438581] 0
[0.45644122 0.10200979] 0
[0.40158807 0.11891332] 0
[0.47013891 0.12728183] 0
[0.46739361 0.10096654] 0
[0.45098988 0.11089123] 0
[0.49322659 0.12713475] 0
[0.43629196 0.10845787] 0
[0.41452005 0.14355804] 0
[0.48643569 0.16945477] 0
