  1 0.952336 2.185730 0.668095 4.265181 -0.991576 -4.292030 0.768463 -0.521147 -0.882173 
  2 3.199131 -1.544127 -0.455097 -0.263818 -1.771233 -0.798390 -0.100651 0.105262 0.029398 
  3 3.075083 -0.441309 -1.913580 4.089628 -1.227209 -3.839006 -1.299485 -0.847008 0.468063 
  4 1.466720 1.236179 -1.947506 -0.513191 0.348919 0.609989 -1.143197 0.412620 1.128697 
  5 3.306883 -0.339156 -1.961474 -1.062648 -1.973639 -0.381877 0.703741 -1.456098 -1.314205 
  6 2.281597 1.505240 -2.468138 -0.148480 0.241840 0.023264 -0.727113 -0.691266 0.188638 
  7 3.092292 -0.935762 -1.566149 2.495902 -0.101370 -3.143630 -1.375414 -1.293362 0.236301 
  8 2.854986 0.141475 -2.135483 -0.676683 -0.620106 -0.136826 0.287253 -1.085941 -1.029877 
  9 2.799083 0.176811 -2.171632 1.098571 -0.629443 -0.396157 -0.641768 -0.738597 0.528793 
 10 1.892133 0.387859 -1.685030 -0.354908 -0.789266 -0.370935 -0.591268 -0.219969 0.720116 
