4.910387736255628077e-02 4.893996165821828948e-02
3.337721863400577860e-02 8.971474215897046189e-02
6.322758187099175586e-02 7.146962504333265187e-02
2.470048741106578571e-02 4.784277728401603591e-02
1.799774331739989464e-02 8.466564041084012615e-02
2.154804357594031217e-02 5.262399318712773777e-02
4.635714483561348409e-02 4.538525944952825908e-02
3.728144064939031832e-02 4.199454234354882409e-02
3.624204231908412233e-02 3.152263876038285950e-02
6.860972447827518028e-02 2.946737659649867336e-02
9.236323961639186786e-02 8.294841839191413602e-02
7.176343751656633074e-02 7.331634186136454234e-02
6.504425845607320067e-02 8.831663133336831173e-04
3.605029420422667386e-02 2.339992374237770401e-02
9.907530376150375240e-02 9.682023009529777680e-02
4.655515543584975990e-02 5.817918290765811129e-02
8.409023842894514100e-02 6.306547320797772915e-03
9.514591183807430408e-02 5.645035983682172853e-02
3.151667554712767050e-02 2.054403380026720294e-02
6.375346687510974331e-02 2.408484418036871411e-03
3.774774445609307971e-02 8.471801027692515973e-03
7.342559422351047083e-02 4.119892864166413426e-02
9.166419148472160217e-03 3.337046508886370999e-02
7.489801324276945671e-02 9.879811377081415547e-02
8.888512254290675818e-02 7.969903238405123824e-02
5.070017466094345338e-02 6.012273223895203689e-02
7.762479612510864158e-03 5.965272262714294005e-02
7.064321383205596216e-02 5.275535314357437944e-02
4.599907513001566528e-02 2.156663629792887615e-02
2.987639314298617954e-02 9.984021402839798887e-02
9.383951043819965809e-02 1.394524707204286562e-02
2.217249085853933988e-02 2.882185896485622845e-02
5.564945757253980663e-02 1.025125003085047837e-03
7.975640860888122408e-02 4.521283402659126427e-02
3.241235302800671292e-02 2.118022849149470144e-03
2.039151476342793146e-02 6.252710977311592977e-02
7.610819509851207698e-02 9.455882616365701709e-02
4.358645994703225224e-02 7.634158727278922418e-02
3.627033416995317783e-02 9.849850800824416774e-02
9.348831473365043498e-02 8.895209583362923000e-02
9.988634126192991181e-02 3.371391583429733663e-02
8.306066473865847399e-02 7.520154241787774252e-02
3.618054251081459505e-02 4.954290468242111833e-02
9.037952476978550198e-02 7.814335714988662751e-02
3.923302739069700618e-02 8.265606281514759068e-02
7.711558082781533319e-02 4.471889762679409630e-02
2.192179914825409526e-02 7.253713224903723944e-02
8.211101149882904515e-02 8.294346358068988012e-02
2.096571735998686847e-02 5.722731121009971833e-02
3.712506991009079105e-02 6.132403248245815730e-02
8.634888263880569070e-02 3.477480006862915252e-02
1.216038214905190706e-02 2.091452708954333328e-03
3.990861972105963495e-02 4.901404845839568702e-02
8.077778075949404446e-02 5.689602189931630694e-02
8.761658811972883321e-03 2.191594168148902622e-02
7.506966085206767669e-02 6.142069142569195339e-02
4.147881020156063414e-03 3.269869614097037358e-02
9.383690254317222923e-02 6.810458003849895192e-02
2.197223122263047834e-02 4.442749199238482660e-03
8.925547921265608586e-02 8.655037597718734377e-02
2.427254792748889667e-02 8.916627311416136514e-02
3.341276818579230756e-02 6.477704691771335455e-04
3.172816824924096224e-03 3.371494006889841355e-02
7.411350796220816939e-02 8.602500746436109180e-02
7.427264676986333747e-02 9.197344612200897274e-02
2.598879077208604560e-02 3.225620769491382989e-02
5.829479847871621434e-02 6.722301680930853340e-02
9.918239725326449818e-02 3.572900314349369832e-02
7.942985462664919893e-02 8.008811202978938226e-02
3.563037906764521257e-02 2.638965410173316206e-02
4.720048903650142513e-02 6.457195826601691557e-02
8.075525866738764158e-02 4.754307657938866560e-02
8.519432923770331456e-05 7.375850776211878568e-02
1.338272843005183788e-02 5.365833756027998946e-02
9.653085082150064666e-02 6.541974146094248210e-02
4.599839349105172559e-02 4.515695282947534972e-02
8.571927664287470883e-02 7.988412527727650758e-02
5.017698481552956835e-02 1.485217333621624558e-02
2.615081728430002084e-02 7.792698309054285621e-02
9.867804590675460785e-02 5.263814236238073541e-02
8.384656299994242001e-02 8.271570413201395633e-02
4.531593850031989668e-03 3.343165747830489920e-02
8.455547061264423458e-02 7.830316771097134421e-02
2.208888898186300853e-02 5.170127816708958157e-02
5.536153093109774659e-02 2.398544760412674171e-02
6.929908592412348245e-02 9.864959460496164345e-02
6.789879971667711622e-02 2.972030499293976114e-02
6.090105643243803879e-02 4.914999567163758076e-02
6.438339073257626222e-02 3.971074815712904993e-03
