4.473795202259167603e-02 1.255638376432491876e-01
3.592802586360299699e-02 1.501235412211115450e-01
5.329804577795693721e-02 1.010469212862314392e-01
9.052205217902797862e-02 1.759528638900792197e-01
2.072584147219180828e-02 1.761975001691690190e-01
4.057184631977317490e-02 1.062225582667841728e-01
3.506106132548980625e-02 1.504455621200284920e-01
5.294259435359216504e-02 1.049248458085030866e-01
5.723798984533412515e-02 1.022773636233104133e-01
6.127233869323589488e-02 1.034787800783213974e-01
2.650772822829872144e-02 1.803299159244907413e-01
6.079249960853383428e-02 1.513496930786218386e-01
4.215755524579734015e-02 1.601357598420857231e-01
7.324172424990382790e-02 1.943343095939677745e-01
7.130636060927886266e-02 1.980264344677558075e-01
9.975553629292993607e-02 1.733123508015040337e-01
2.883800675649306200e-02 1.454435720813513078e-01
6.007890895788781105e-02 1.587827437259097807e-01
4.858661996789337412e-02 1.311367439932760726e-01
8.791043128978459631e-02 1.385661956219602364e-01
1.603873458709703659e-02 1.262484495769086446e-01
8.763189818738331693e-02 1.429921500470819062e-01
9.575235647345858858e-02 1.261160311771323539e-01
7.871340495949874505e-02 1.119718698434882254e-01
9.435991771301266429e-02 1.387132244259778324e-01
2.657726858376918688e-02 1.369203043565278277e-01
5.711410287406926134e-02 1.531316681265829927e-01
4.539758247972114358e-02 1.454745503546407692e-01
6.885790520458834330e-02 1.288663098628583525e-01
5.497632765497173502e-02 1.203279622151059713e-01
4.521597038721592021e-02 1.037690007954580329e-01
9.600803133234314668e-02 1.149971668236795530e-01
1.291788801848947621e-02 1.110580182614157307e-01
8.397924143711599232e-02 1.262119526322967034e-01
7.191895814572335510e-02 1.021551322464183675e-01
8.584023890741754315e-02 1.558545989047825930e-01
6.518346127308038973e-02 1.467403550791958056e-01
8.436455431365985635e-02 1.485927502858063187e-01
5.388238809515633054e-02 1.774402239524607572e-01
9.041511705594479364e-02 1.313097599951711936e-01
6.938767230009712517e-02 1.034280987071984348e-01
5.093932991104788144e-02 1.424825960501070465e-01
5.023990107277864769e-02 1.668442429889081535e-01
2.455041301931315534e-02 1.255095442398427019e-01
4.335492264327045486e-02 1.827788397826128897e-01
8.365545583339217828e-02 1.554089744387863459e-01
1.729399939698827993e-02 1.796264893785745886e-01
2.907104450894915093e-02 1.789837608246713507e-01
2.297654641973245759e-02 1.258386649693635506e-01
4.981709215929719381e-02 1.608228875752923948e-01
2.855660384797154006e-02 1.801111117486698388e-01
9.040909025983773217e-02 1.282364918291677980e-01
1.835905484088606876e-02 1.564332745214475628e-01
6.374668342647138441e-02 1.419526101898634929e-01
4.200512580351334346e-02 1.644430511820934027e-01
8.614248381335054550e-02 1.512153377639017526e-01
8.951152165612658029e-02 1.443601433218220376e-01
3.927548212023590501e-02 1.157183916851912409e-01
9.789263258787544997e-02 1.098198298491113722e-01
6.241360703797882437e-02 1.344380399697156503e-01
8.525635260241382074e-02 1.513177721202814130e-01
4.525046851656111535e-03 1.142325354712707408e-01
8.854192062978960553e-02 1.384624864249829057e-01
3.079453615810545664e-02 1.017186536712406109e-01
8.629283295237033524e-02 1.292590637577184787e-01
3.695651749186135149e-02 1.722595720264663011e-01
3.770617603112047522e-02 1.828558071784200656e-01
9.466228755224659341e-02 1.433556147992099683e-01
9.944333999487781073e-02 1.828026487817256962e-01
2.747228022385250767e-02 1.097726485741092328e-01
8.462386277553102243e-02 1.170196050759838569e-01
7.444331630296108226e-02 1.406698703707743581e-01
1.853906322925913397e-02 1.031584581906394571e-01
5.060788167768459633e-02 1.476988684078757441e-01
8.609298267946918770e-02 1.144223988529466107e-01
2.600784089132357479e-02 1.563793248306220018e-01
6.480353933634674934e-02 1.714131024785301716e-01
8.614571603837273273e-02 1.497375789310120553e-01
7.537732384145623410e-02 1.209641306105100067e-01
9.424201153896294425e-02 1.535748152875392736e-01
6.791989281660304467e-02 1.316019051190819578e-01
2.108672727666849323e-02 1.542719888083966262e-01
7.417488397383742438e-02 1.908157371081679876e-01
7.261879555330930103e-02 1.532338806031563749e-01
6.770508390991980541e-02 1.460975700387236453e-01
7.272075316657167221e-02 1.086355942902873239e-01
7.988314541872443275e-02 1.245304580848182741e-01
9.525038159479748412e-02 1.123221698503681643e-01
2.572585759789958182e-02 1.258559890643279333e-01
9.631266644593095005e-02 1.332816648645602786e-01
8.715822922307325804e-02 1.820840022835660266e-01
1.319731990866057636e-02 1.309465130440165548e-01
2.398493600741991028e-02 1.422987188036561879e-01
7.826055620485383724e-02 1.078811028480287648e-01
7.311801923038907525e-02 1.272310222556229387e-01
3.154761777302883541e-02 1.797358354901544553e-01
9.872465198091517902e-02 1.938741709820167303e-01
7.645973844191966684e-02 1.881457464555318371e-01
7.877000870735373361e-02 1.170312415985863552e-01
9.055708224689040797e-03 1.646535212992258912e-01
5.308259759427413904e-02 1.446744916865551345e-01
1.355632804229034427e-02 1.946161634502143190e-01
