[0.04473795 0.12556384] 0
[0.02072584 0.1761975 ] 0
[0.05723799 0.10227736] 0
[0.04215756 0.16013576] 0
[0.02883801 0.14544357] 0
[0.01603873 0.12624845] 0
[0.09435992 0.13871322] 0
[0.06885791 0.12886631] 0
[0.01291789 0.11105802] 0
[0.06518346 0.14674036] 0
[0.06938767 0.1034281 ] 0
[0.04335492 0.18277884] 0
[0.02297655 0.12583866] 0
[0.01835905 0.15643327] 0
[0.08951152 0.14436014] 0
[0.08525635 0.15131777] 0
[0.08629283 0.12925906] 0
[0.09944334 0.18280265] 0
[0.01853906 0.10315846] 0
[0.06480354 0.1714131 ] 0
[0.06791989 0.13160191] 0
[0.06770508 0.14609757] 0
[0.02572586 0.12585599] 0
[0.02398494 0.14229872] 0
[0.09872465 0.19387417] 0
[0.0530826  0.14467449] 0
[0.09052205 0.17595286] 0
[0.05294259 0.10492485] 0
[0.0607925  0.15134969] 0
[0.09975554 0.17331235] 0
[0.08791043 0.1385662 ] 0
[0.0787134  0.11197187] 0
[0.04539758 0.14547455] 0
[0.09600803 0.11499717] 0
[0.08584024 0.1558546 ] 0
[0.09041512 0.13130976] 0
[0.02455041 0.12550954] 0
[0.02907104 0.17898376] 0
[0.09040909 0.12823649] 0
[0.08614248 0.15121534] 0
[0.06241361 0.13443804] 0
[0.03079454 0.10171865] 0
[0.09466229 0.14335561] 0
[0.07444332 0.14066987] 0
[0.02600784 0.15637932] 0
[0.09424201 0.15357482] 0
[0.0726188  0.15323388] 0
[0.09525038 0.11232217] 0
[0.01319732 0.13094651] 0
[0.03154762 0.17973584] 0
[0.00905571 0.16465352] 0
[0.05329805 0.10104692] 0
[0.03506106 0.15044556] 0
[0.02650773 0.18032992] 0
[0.07130636 0.19802643] 0
[0.04858662 0.13113674] 0
[0.09575236 0.12611603] 0
[0.0571141  0.15313167] 0
[0.04521597 0.103769  ] 0
[0.07191896 0.10215513] 0
[0.05388239 0.17744022] 0
[0.0502399  0.16684424] 0
[0.017294   0.17962649] 0
[0.0285566  0.18011111] 0
[0.04200513 0.16444305] 0
[0.09789263 0.10981983] 0
[0.08854192 0.13846249] 0
[0.03770618 0.18285581] 0
[0.08462386 0.11701961] 0
[0.08609298 0.1144224 ] 0
[0.07537732 0.12096413] 0
[0.07417488 0.19081574] 0
[0.07988315 0.12453046] 0
[0.08715823 0.182084  ] 0
[0.07311802 0.12723102] 0
[0.07877001 0.11703124] 0
[0.03592803 0.15012354] 0
[0.04057185 0.10622256] 0
[0.06127234 0.10347878] 0
[0.07324172 0.19433431] 0
[0.06007891 0.15878274] 0
[0.0876319  0.14299215] 0
[0.02657727 0.1369203 ] 0
[0.05497633 0.12032796] 0
[0.08397924 0.12621195] 0
[0.08436455 0.14859275] 0
[0.05093933 0.1424826 ] 0
[0.08365546 0.15540897] 0
[0.04981709 0.16082289] 0
[0.06374668 0.14195261] 0
[0.03927548 0.11571839] 0
[0.00452505 0.11423254] 0
[0.03695652 0.17225957] 0
[0.02747228 0.10977265] 0
[0.05060788 0.14769887] 0
[0.08614572 0.14973758] 0
[0.02108673 0.15427199] 0
[0.07272075 0.10863559] 0
[0.09631267 0.13328166] 0
[0.07826056 0.1078811 ] 0
[0.07645974 0.18814575] 0
[0.01355633 0.19461616] 0
