1.654619318810957029e-02 2.976338636606493671e-01
2.467940956244352169e-02 2.892039042615058841e-01
4.639428909427090186e-02 2.640769728585361520e-01
5.799942110135281048e-02 2.847605088913321980e-01
5.954600541558729976e-02 2.794587604890373944e-01
5.428983747203608434e-02 2.961830551994086846e-01
6.148192822137188429e-02 2.917832146221387424e-01
4.178787103876424602e-03 2.566686533182889196e-01
4.243931542543533109e-02 2.997008229088616860e-01
2.544918974393228783e-02 2.747778043663527958e-01
1.309953162774535329e-02 2.685452115310172916e-01
3.245169973660799734e-02 2.977833914565162221e-01
1.324867140351526640e-02 2.795519800710889458e-01
1.669923832824782295e-02 2.965210424267932243e-01
1.736405420794473464e-02 2.722131603538651134e-01
3.406778955323042091e-03 2.587157840595508684e-01
8.396186508599257081e-02 2.009407326015436868e-01
6.906578325829371146e-02 2.005807573305075919e-01
9.909656737507688273e-02 2.094656482301074651e-01
4.469503076033087829e-02 2.258338875463653528e-01
8.098638111551037522e-02 2.313285089613732748e-01
9.886170932925530952e-02 2.233224628325441719e-01
5.507562873020577232e-02 2.515712804742430975e-01
8.777777808769243739e-02 2.549643426018757264e-01
4.915610729896269238e-02 2.004877512473783041e-01
1.967439961557382322e-02 2.047814648676526128e-01
8.586413309039930830e-02 2.628135714107227572e-01
9.965564527676235018e-02 2.268355783381927615e-01
4.356259179295818296e-02 2.109303957818266795e-01
6.807591593186557155e-02 2.111466191889525001e-01
6.173736759085957093e-02 2.284861956755951384e-01
8.417512815943806181e-02 2.089371953452795749e-01
9.194201013012442969e-02 2.704934372627857964e-01
8.568690133681489129e-02 2.354184138023605599e-01
9.949901067003130706e-02 2.316414516202997542e-01
9.203495176015713541e-02 2.230049124031551200e-01
8.545393682613089403e-02 2.415689805812483437e-01
8.005816903752849267e-02 2.165452262371177494e-01
5.303919493281517017e-02 2.012729054133182427e-01
7.036524877070771122e-02 2.259390513935960465e-01
7.193263852515818790e-02 2.762764788068046151e-01
2.525880408789282772e-02 2.321994083748987747e-01
7.547882225622393193e-02 2.113764905881470868e-01
1.997925069264905318e-02 2.069814245369855643e-01
5.024156423940062677e-02 2.225586712601899109e-01
8.645909893352821118e-02 2.955370154655899695e-01
