6.670505124763692617e-02 3.364192170747446475e-01
7.927391511027559456e-02 3.444953049975577608e-01
8.854013752065359455e-02 3.175340041714646011e-01
3.800202005078012757e-02 3.009856678040282452e-01
6.968938024589199642e-02 3.155618863642416505e-01
4.574856112171221678e-02 3.174963195428814888e-01
8.093363451165069833e-02 3.172775038252516611e-01
8.230410845330815572e-02 3.242839963461999764e-01
8.171430329638618151e-02 3.365710042048335460e-01
3.977999935450948765e-02 3.095069851540767081e-01
2.594385377983432495e-02 3.134226312461552144e-01
3.811434871862551255e-02 3.270633926430469574e-01
8.370542317557749801e-02 3.346601291063356909e-01
3.678027397667116283e-02 3.344763259697549618e-01
4.686425714720054980e-02 3.260569780256847849e-01
6.567531770077983388e-02 3.456578381849338966e-01
8.689057717650028323e-02 3.326205292219436283e-01
7.233566775037891805e-02 3.289718371588877810e-01
3.170110897126843241e-02 3.150447998744123623e-01
8.672343024862227967e-02 3.462435247911258562e-01
7.566703001563557240e-02 3.395471043057913807e-01
1.305818336850661510e-02 3.081259193590176748e-01
7.291211945196163224e-02 3.198065368310704093e-01
7.799176352688941272e-02 3.720680621271713062e-01
8.227847253287601248e-02 3.412315767433105052e-01
7.114769849302005067e-02 3.221470701371440537e-01
6.883268075700799127e-02 3.309298288649508146e-01
9.504040998178309163e-02 3.363222255186860687e-01
4.815239045327002199e-02 3.235662155684455588e-01
8.252647572775650975e-02 3.074059177760309902e-01
5.781953614557189258e-02 3.488668646931085138e-01
