[0.06670505 0.33641922] 0
[0.07927392 0.3444953 ] 0
[0.08854014 0.317534  ] 0
[0.03800202 0.30098567] 0
[0.06968938 0.31556189] 0
[0.04574856 0.31749632] 0
[0.08093363 0.3172775 ] 0
[0.08230411 0.324284  ] 0
[0.0817143 0.336571 ] 0
[0.03978    0.30950699] 0
[0.02594385 0.31342263] 0
[0.03811435 0.32706339] 0
[0.08370542 0.33466013] 0
[0.03678027 0.33447633] 0
[0.04686426 0.32605698] 0
[0.06567532 0.34565784] 0
[0.08689058 0.33262053] 0
[0.07233567 0.32897184] 0
[0.03170111 0.3150448 ] 0
[0.08672343 0.34624352] 0
[0.07566703 0.3395471 ] 0
[0.01305818 0.30812592] 0
[0.07291212 0.31980654] 0
[0.07799176 0.37206806] 0
[0.08227847 0.34123158] 0
[0.0711477  0.32214707] 0
[0.06883268 0.33092983] 0
[0.09504041 0.33632223] 0
[0.04815239 0.32356622] 0
[0.08252648 0.30740592] 0
[0.05781954 0.34886686] 0
