[0.18027109 0.01319683] 0
[0.11916275 0.09202379] 0
[0.10859463 0.05156606] 0
[0.10005518 0.05089102] 0
[0.10550241 0.06576977] 0
[0.11557187 0.07029665] 0
[0.12047483 0.09766326] 0
[0.14630305 0.09556184] 0
[0.1540548  0.00051538] 0
[0.15534904 0.09806545] 0
[0.16527952 0.07170035] 0
[0.1396692  0.06566417] 0
[0.18262768 0.09880078] 0
[0.11937024 0.00994778] 0
[0.13364596 0.03906018] 0
[0.12084751 0.06315193] 0
[0.18270111 0.05930241] 0
[0.12898419 0.07577909] 0
[0.12814108 0.02100211] 0
[0.17138554 0.03214463] 0
[0.15741372 0.08052767] 0
[0.12863103 0.08401479] 0
[0.10862339 0.0947391 ] 0
[0.10363923 0.08858792] 0
[0.18954648 0.02536477] 0
[0.14721381 0.09234735] 0
[0.1467417  0.07065292] 0
[0.10299612 0.0970858 ] 0
[0.18229139 0.08911522] 0
[0.15436833 0.09095803] 0
[0.19287661 0.07464673] 0
[0.19867694 0.08025218] 0
[0.11673169 0.0864943 ] 0
[0.114315   0.07618108] 0
[0.16437673 0.03921771] 0
[0.15269518 0.08936181] 0
[0.1318796  0.08805374] 0
[0.13014879 0.06889766] 0
[0.11706977 0.04473277] 0
[0.11347002 0.06466745] 0
[0.17633083 0.05675097] 0
[0.15625634 0.08731537] 0
[0.19597685 0.03934417] 0
[0.14680191 0.03396234] 0
[0.18554909 0.02324772] 0
[0.19506272 0.08392601] 0
[0.15849226 0.04839119] 0
[0.14910539 0.08768033] 0
[0.12221367 0.07633673] 0
[0.11789958 0.00824626] 0
[0.15591453 0.05088197] 0
[0.14294075 0.04183137] 0
[0.10447486 0.03336348] 0
[0.18059019 0.00901107] 0
[0.10051992 0.08470656] 0
[0.18810763 0.07100604] 0
[0.18752876 0.08685851] 0
[0.10737781 0.00506024] 0
[0.10434367 0.0984246 ] 0
[0.14930458 0.09621782] 0
[0.17082227 0.03504097] 0
[0.1669452  0.06684596] 0
[0.14669775 0.09651375] 0
[0.17848633 0.04403276] 0
[0.11650308 0.07208921] 0
[0.16475971 0.08269194] 0
[0.16228874 0.06165892] 0
[0.17316843 0.07152284] 0
[0.11562899 0.03124994] 0
[0.16359782 0.04588513] 0
[0.15746308 0.05172611] 0
[0.18600324 0.07831015] 0
[0.10829166 0.09931259] 0
[0.18455503 0.09291442] 0
[0.14925464 0.08371863] 0
[0.14751921 0.07973289] 0
[0.14028435 0.07673366] 0
[0.14490177 0.01198443] 0
[0.14939262 0.06661689] 0
[0.13838841 0.04663695] 0
[0.1105084  0.09535744] 0
[0.18133395 0.06282339] 0
[0.15861872 0.05582914] 0
[0.10383567 0.01967196] 0
[0.14410654 0.02762634] 0
[0.12069997 0.06557146] 0
[0.19396229 0.08150565] 0
[0.10370455 0.03258834] 0
[0.11064353 0.08977339] 0
[0.10700286 0.01804047] 0
[0.180361   0.09367444] 0
[0.13257    0.07866043] 0
[0.16336733 0.06817336] 0
[0.15365238 0.07092173] 0
[0.18620923 0.09919878] 0
[0.18357922 0.08161878] 0
[0.11231496 0.02949486] 0
[0.13092996 0.09929047] 0
[0.15578843 0.03649393] 0
[0.13952349 0.06836326] 0
[0.12485383 0.09129628] 0
[0.15040597 0.00895494] 0
[0.1869665 0.030422 ] 0
[0.17688616 0.07972341] 0
[0.19373257 0.08111518] 0
[0.15196475 0.08456974] 0
[0.11108637 0.00680274] 0
[0.10460586 0.0680336 ] 0
[0.11134961 0.09556406] 0
[0.15231026 0.09625272] 0
[0.12642803 0.05000747] 0
[0.16748757 0.07503931] 0
[0.15462292 0.08642585] 0
[0.11929135 0.04387884] 0
[0.15748614 0.05499656] 0
[0.15924628 0.07234391] 0
[0.1130954  0.02775203] 0
[0.12626757 0.04623006] 0
