[0.15163223 0.11542427] 0
[0.11598904 0.17649529] 0
[0.14077623 0.1772934 ] 0
[0.17381849 0.12837755] 0
[0.12135135 0.13182458] 0
[0.15117598 0.11067861] 0
[0.17541253 0.10290419] 0
[0.17035073 0.19345969] 0
[0.1691272  0.11644009] 0
[0.19116102 0.10035211] 0
[0.12819952 0.13082002] 0
[0.11192718 0.14026622] 0
[0.1746042  0.11102982] 0
[0.15972923 0.1568006 ] 0
[0.16049253 0.1232391 ] 0
[0.16893331 0.12869578] 0
[0.19233626 0.18597046] 0
[0.10901074 0.16764048] 0
[0.13181362 0.10921346] 0
[0.10976156 0.14130132] 0
[0.17779086 0.1215526 ] 0
[0.15353201 0.18901944] 0
[0.17390162 0.19465002] 0
[0.11983577 0.18283288] 0
[0.16421546 0.18620211] 0
[0.18375107 0.14210675] 0
[0.15182196 0.14381384] 0
[0.12455075 0.13047031] 0
[0.16462059 0.13170947] 0
[0.17572449 0.14274326] 0
[0.18185867 0.14907517] 0
[0.10052955 0.10098264] 0
[0.12577057 0.13415989] 0
[0.15322914 0.1482387 ] 0
[0.17095193 0.16864376] 0
[0.11311271 0.11350385] 0
[0.13899439 0.14388736] 0
[0.12791642 0.12940501] 0
[0.14993781 0.19399934] 0
[0.12873712 0.18539962] 0
[0.13159363 0.18109572] 0
[0.1934385  0.16832757] 0
[0.1522146  0.15817055] 0
[0.18668702 0.14767852] 0
[0.17031532 0.15498019] 0
[0.16927529 0.16643498] 0
[0.15717773 0.15703633] 0
[0.11603374 0.12165788] 0
[0.15099623 0.18389719] 0
[0.19827428 0.19870467] 0
[0.17800617 0.121927  ] 0
[0.19701949 0.11209554] 0
[0.10432944 0.16594774] 0
[0.13612134 0.12199653] 0
[0.11800753 0.19040493] 0
[0.11211892 0.19596094] 0
[0.17361862 0.10922659] 0
[0.14382875 0.1870142 ] 0
[0.12555363 0.13136328] 0
[0.11241122 0.18763938] 0
[0.19576094 0.14800031] 0
[0.14175235 0.18043363] 0
[0.17509687 0.14628933] 0
[0.14074875 0.16285113] 0
[0.13261062 0.17431439] 0
[0.18302474 0.10946247] 0
[0.16452638 0.10526593] 0
[0.18501819 0.10346656] 0
[0.15923129 0.13002253] 0
[0.18823306 0.13425386] 0
[0.13362483 0.10955694] 0
[0.13584913 0.16006425] 0
[0.13052885 0.19943739] 0
[0.18797809 0.147813  ] 0
[0.13385629 0.18922026] 0
[0.18286138 0.15926827] 0
[0.18124037 0.15918328] 0
[0.18198818 0.15607798] 0
[0.10066091 0.11745082] 0
[0.12693394 0.13508114] 0
[0.14541658 0.17840965] 0
[0.101316   0.16940347] 0
[0.19348658 0.10815144] 0
[0.16911311 0.10880742] 0
[0.12931676 0.14305176] 0
[0.11074625 0.13600071] 0
[0.16792636 0.14281158] 0
[0.11054737 0.15974012] 0
[0.12772643 0.15682944] 0
[0.10225951 0.17136745] 0
[0.18971547 0.15729974] 0
[0.18856464 0.13711994] 0
[0.19416914 0.16918193] 0
[0.18587118 0.19905323] 0
[0.11574105 0.14294878] 0
[0.1132618  0.13756437] 0
[0.15211715 0.15386334] 0
[0.17172748 0.15914503] 0
[0.11515559 0.1720509 ] 0
[0.17235011 0.1547872 ] 0
[0.10998112 0.13420701] 0
[0.15110862 0.11692932] 0
[0.10706692 0.16216493] 0
[0.18826319 0.12057345] 0
[0.16501532 0.10850263] 0
[0.14734283 0.11136399] 0
[0.19302902 0.1001798 ] 0
[0.11031974 0.13678729] 0
[0.18360962 0.17580138] 0
[0.16451998 0.15981393] 0
[0.16703819 0.15670998] 0
[0.19813066 0.15238398] 0
[0.14513622 0.13164451] 0
[0.19917293 0.11856096] 0
[0.10956565 0.10563109] 0
[0.19256907 0.15317295] 0
[0.12188051 0.10006783] 0
[0.13452382 0.17052698] 0
[0.12706781 0.15996332] 0
[0.17737356 0.13645802] 0
[0.13094348 0.1660251 ] 0
[0.11755914 0.1685115 ] 0
[0.16083399 0.12401097] 0
[0.16083594 0.11407262] 0
[0.17979029 0.19289088] 0
[0.17644126 0.19729279] 0
[0.11462524 0.1055811 ] 0
[0.18442839 0.14934633] 0
[0.14011422 0.19114831] 0
[0.16054914 0.18095644] 0
[0.1595644  0.17379301] 0
[0.17108721 0.11176336] 0
[0.15636453 0.14521196] 0
[0.15113663 0.16735844] 0
[0.11959966 0.16730475] 0
[0.11190959 0.12930962] 0
[0.1718726  0.16859401] 0
[0.18804261 0.11079114] 0
[0.13345036 0.10583392] 0
[0.14011415 0.17963402] 0
[0.17626587 0.18502768] 0
[0.19919353 0.1899854 ] 0
[0.18495118 0.14731922] 0
[0.10702835 0.18918907] 0
[0.17317677 0.17497135] 0
[0.19434736 0.12259767] 0
[0.15167148 0.12993595] 0
[0.17934454 0.15473819] 0
[0.10047837 0.1046175 ] 0
[0.1870628  0.11106432] 0
[0.15552321 0.15423996] 0
[0.13463805 0.17020022] 0
[0.16179405 0.13046833] 0
[0.10163882 0.14834921] 0
[0.17358254 0.14798689] 0
[0.11752    0.13993906] 0
[0.19207567 0.18843715] 0
[0.11660073 0.10012939] 0
[0.11487192 0.1589802 ] 0
[0.18766158 0.17648734] 0
[0.1104737  0.17361367] 0
[0.12687874 0.17651623] 0
[0.15547697 0.12436188] 0
[0.16700514 0.11692714] 0
[0.16751703 0.14685108] 0
[0.19776314 0.19548312] 0
[0.16925638 0.13853337] 0
[0.19820371 0.10195388] 0
[0.11860849 0.11809235] 0
[0.15590904 0.16078485] 0
[0.18384163 0.10702399] 0
[0.13213123 0.15790912] 0
[0.18059091 0.19618093] 0
[0.15666464 0.11249613] 0
[0.18004044 0.18939544] 0
[0.14454195 0.10174042] 0
[0.12812773 0.18916492] 0
[0.16310621 0.19137537] 0
[0.19531582 0.18346872] 0
[0.14558255 0.1121846 ] 0
[0.15938008 0.16684844] 0
[0.18409923 0.15072799] 0
[0.18950435 0.18675303] 0
[0.1734628  0.11386217] 0
[0.10634265 0.11712517] 0
[0.1312624  0.11324933] 0
[0.12803569 0.15042542] 0
[0.13728543 0.15074401] 0
[0.19394474 0.19118964] 0
[0.18156921 0.16135472] 0
[0.19874679 0.12865057] 0
[0.19529653 0.19341123] 0
[0.12023262 0.15062514] 0
