[0.18211474 0.24830305] 0
[0.19599987 0.26640889] 0
[0.13258906 0.235286  ] 0
[0.13172232 0.22576824] 0
[0.17650642 0.21704026] 0
[0.15340478 0.26670477] 0
[0.15688315 0.25401885] 0
[0.11623011 0.2520783 ] 0
[0.11000217 0.28888105] 0
[0.18058236 0.22493655] 0
[0.16399106 0.20377597] 0
[0.12556873 0.24688064] 0
[0.19405818 0.28692575] 0
[0.18528916 0.21364903] 0
[0.11606861 0.20213945] 0
[0.15936312 0.23590558] 0
[0.15154367 0.2881828 ] 0
[0.14758051 0.24346494] 0
[0.16710193 0.29769191] 0
[0.16345805 0.20154296] 0
[0.19913709 0.21614165] 0
[0.17576189 0.21645356] 0
[0.18562283 0.29424266] 0
[0.19992545 0.2297337 ] 0
[0.10470613 0.22322471] 0
[0.15479209 0.24224815] 0
[0.18993078 0.24173981] 0
[0.19235227 0.22200952] 0
[0.19834162 0.22122816] 0
[0.18562394 0.2557079 ] 0
[0.13853454 0.24190993] 0
[0.15592708 0.24702848] 0
[0.13419862 0.29171453] 0
[0.15430753 0.2736693 ] 0
[0.18912177 0.20556533] 0
[0.1527909  0.20289656] 0
[0.18073622 0.20563199] 0
[0.19068639 0.21246778] 0
[0.11608646 0.2143601 ] 0
[0.15147032 0.21992796] 0
[0.11529825 0.21505268] 0
[0.16734372 0.26211513] 0
[0.18568799 0.24723607] 0
[0.19501597 0.234677  ] 0
[0.15655954 0.2088297 ] 0
[0.10844208 0.22124449] 0
[0.17207859 0.24987787] 0
[0.19347702 0.23059144] 0
[0.1209796  0.27286828] 0
[0.18292821 0.25831117] 0
[0.17895207 0.23406414] 0
[0.14503044 0.29450756] 0
[0.13002303 0.24702722] 0
[0.12500215 0.26121153] 0
[0.17410338 0.25720228] 0
[0.17797742 0.22645522] 0
[0.14059724 0.2324217 ] 0
[0.18684187 0.23027884] 0
[0.1836927  0.24258181] 0
[0.13581133 0.26081904] 0
[0.17683258 0.25625573] 0
[0.12622398 0.25722013] 0
[0.14732051 0.2142003 ] 0
[0.1848023 0.2222838] 0
[0.1106375  0.21625174] 0
[0.16349639 0.22788615] 0
[0.10104074 0.21587853] 0
[0.14373446 0.2758865 ] 0
[0.16788063 0.26030994] 0
[0.16201873 0.26825848] 0
[0.16128523 0.2441865 ] 0
[0.17350375 0.24626898] 0
[0.19996506 0.21265171] 0
[0.17317583 0.2506732 ] 0
[0.1594198  0.20573801] 0
[0.16442075 0.23167858] 0
[0.16424789 0.22622941] 0
[0.1654076  0.28787726] 0
[0.13510923 0.20263763] 0
[0.15457399 0.20348634] 0
[0.10185729 0.26944529] 0
[0.16577856 0.23345855] 0
[0.11998865 0.25642624] 0
[0.10468246 0.24331507] 0
[0.10243651 0.20397432] 0
[0.14849371 0.27653071] 0
[0.18739858 0.26574728] 0
[0.15391609 0.20240297] 0
[0.19815191 0.26024976] 0
[0.19029392 0.27458711] 0
[0.15676703 0.20269546] 0
[0.16735566 0.21184831] 0
[0.15570485 0.21016733] 0
[0.14744175 0.24759464] 0
[0.16388721 0.24969867] 0
[0.17960079 0.2225238 ] 0
[0.19135791 0.24181268] 0
[0.16819099 0.2248166 ] 0
[0.19873228 0.21603242] 0
[0.12192106 0.22501177] 0
[0.13788082 0.25149221] 0
[0.19754771 0.27832697] 0
[0.10360456 0.22511827] 0
[0.18821688 0.20607298] 0
[0.12785947 0.22423836] 0
[0.18825414 0.20038277] 0
[0.17666574 0.27223708] 0
[0.1582786  0.23597037] 0
[0.17908113 0.25336229] 0
[0.14497225 0.21717688] 0
[0.19499719 0.24469124] 0
