1.636164768010099912e-01 4.136674097272022843e-01
1.777135842566418544e-01 4.156256953086023276e-01
1.940540740265329633e-01 4.071188842925585472e-01
1.450450335555728554e-01 4.004913400700534920e-01
1.888208141139818830e-01 4.044707012635507803e-01
1.683985135153488466e-01 4.090314582887021877e-01
1.514045218576778318e-01 4.214937204681762362e-01
1.596051295583986729e-01 4.044265430748140155e-01
1.577250280152103779e-01 4.098831393554120406e-01
1.771262641556997641e-01 4.022485370977148533e-01
1.909961093050176473e-01 4.192939134078982888e-01
1.916323375523831807e-01 4.096509076455174814e-01
1.491570296986611810e-01 4.027039284130000674e-01
1.962236246455958399e-01 4.125353109850470879e-01
1.417263176715642947e-01 4.014945702966893348e-01
1.585418852082272068e-01 4.075660355890004527e-01
1.933024988674197919e-01 4.249124879908560137e-01
1.669747801814214228e-01 4.016542205879740646e-01
1.985644277983916739e-01 4.295183874263081569e-01
1.889304310237187590e-01 4.097860614895990072e-01
1.888598857682389776e-01 4.010662143657371947e-01
1.974094756153212948e-01 4.048171140178541960e-01
1.770471599468469437e-01 4.199221572600378427e-01
