[0.16361648 0.41366741] 0
[0.17771358 0.4156257 ] 0
[0.19405407 0.40711888] 0
[0.14504503 0.40049134] 0
[0.18882081 0.4044707 ] 0
[0.16839851 0.40903146] 0
[0.15140452 0.42149372] 0
[0.15960513 0.40442654] 0
[0.15772503 0.40988314] 0
[0.17712626 0.40224854] 0
[0.19099611 0.41929391] 0
[0.19163234 0.40965091] 0
[0.14915703 0.40270393] 0
[0.19622362 0.41253531] 0
[0.14172632 0.40149457] 0
[0.15854189 0.40756604] 0
[0.1933025  0.42491249] 0
[0.16697478 0.40165422] 0
[0.19856443 0.42951839] 0
[0.18893043 0.40978606] 0
[0.18885989 0.40106621] 0
[0.19740948 0.40481711] 0
[0.17704716 0.41992216] 0
