2.335638972061846452e-01 5.687400289702448930e-02
2.790202627619045028e-01 9.155457619557527682e-02
2.557304597861712603e-01 7.900452021592979657e-02
2.731416479283882426e-01 1.680052552699484725e-03
2.033686814522711606e-01 7.438195353525672848e-02
2.019576365130518192e-01 9.339308065967100170e-02
2.569060008942010143e-01 8.321805956240269087e-02
2.446938966569907059e-01 4.792678948433221064e-02
2.286402759006692098e-01 5.424611781486471385e-02
2.218074696067366958e-01 4.825764243280133980e-02
2.810039803448436402e-01 6.057086437508535370e-02
2.891665550382416239e-01 9.524806009990205435e-02
2.432835466160385152e-01 6.064162055540117668e-02
2.376376425794508029e-01 8.428856308238841244e-02
2.087049059967867048e-01 3.964561768252078400e-02
2.627674791771096863e-01 7.568748046884643532e-02
2.054653397828152261e-01 9.562737820410999179e-02
2.870938992481750218e-01 8.434048685437262050e-02
2.553568212723328346e-01 4.862356357727642964e-02
2.793484604193887111e-01 7.830945983841608449e-02
2.435073199761356166e-01 6.043603774116518279e-02
2.329033400302754075e-01 9.592655370669112003e-02
2.537226180580184343e-01 8.539041936039465375e-02
2.278725056400959237e-01 3.219292793814876319e-02
2.210912921056813474e-01 6.841113198990822486e-02
2.788211358442436172e-01 3.101446085759612670e-02
2.944854103977825877e-01 8.408451417164802821e-02
2.368223032837323272e-01 4.118202147243954503e-02
2.536582496799525410e-01 4.859994937763789657e-03
2.063069387775265939e-01 9.433746277807980585e-02
2.854802693418688753e-01 1.080337651699664336e-02
2.873168113633489673e-01 5.404053299052252735e-02
2.665942906923297606e-01 7.439949483106123029e-02
2.538642260295895237e-01 9.241691424652204168e-02
2.296576280443208273e-01 2.406553465060068397e-02
2.840662843531271409e-01 8.726040223979691923e-02
2.129216216929747940e-01 7.422448128793668332e-03
2.811999274450295294e-01 9.903516260294287221e-02
2.997854958549796001e-01 7.804804475222026916e-02
2.081122380816176065e-01 8.477496911980131333e-02
2.840208941459876901e-01 6.176294934646925361e-02
2.365640176137416839e-01 9.494878879484991430e-02
2.618016287228906447e-01 8.406767373555390499e-02
2.404357144999922369e-01 8.145602153250064426e-02
2.196929894625305746e-01 7.962730228442893576e-02
2.145874133775235726e-01 1.321653795150795618e-02
2.389518165893514401e-01 7.899106897433388896e-02
2.830787603728497359e-01 9.420592455044102254e-02
2.319469527531886066e-01 3.234578045796893120e-02
2.260881642655379054e-01 9.493003339482147807e-02
2.779215119366981734e-01 8.148649724918377579e-02
2.778318445483752286e-01 8.751812146410875570e-02
2.196217305257114338e-01 5.739727858849658082e-02
2.794967102319238506e-01 9.546594908039141014e-02
2.818960951259074643e-01 9.100945436453333759e-02
2.594319848845628718e-01 7.915293830206193704e-02
2.677543998028738548e-01 9.334329238645255877e-02
2.590856559333329368e-01 1.388115308216020249e-02
2.430628553015052873e-01 7.659759645962915808e-02
2.529285121680057702e-01 8.940602253614626793e-02
2.667293792280389653e-01 6.940569474037183717e-02
2.423595399383856042e-01 9.066631874134667424e-02
2.859783211027616678e-01 7.507269928457233066e-02
2.752076899238812269e-01 5.254970596877850397e-02
2.320173323128038034e-01 4.085473205576656275e-02
2.392875470858785159e-01 2.794763786985110521e-02
2.266586108460121318e-01 9.025830596825124008e-02
2.238691737211110921e-01 6.949122329452295244e-02
2.829171324857532310e-01 8.960061240681782557e-02
2.074779595419786182e-01 9.250725051462721504e-02
2.654783865235975093e-01 9.923658271092289374e-02
2.775188065056080067e-01 7.225675020832555973e-02
2.496479052114415897e-01 8.808667346456205971e-02
2.917373973928284459e-01 7.040208171785422575e-02
2.300520361146997095e-01 7.816300802785997037e-02
2.290361736049095764e-01 7.232614526174008240e-02
2.275311190148249785e-01 8.968903917690240757e-02
2.787297265727233242e-01 9.077629170398376912e-02
