[0.2335639 0.056874 ] 0
[0.27902026 0.09155458] 0
[0.25573046 0.07900452] 0
[0.27314165 0.00168005] 0
[0.20336868 0.07438195] 0
[0.20195764 0.09339308] 0
[0.256906   0.08321806] 0
[0.2446939  0.04792679] 0
[0.22864028 0.05424612] 0
[0.22180747 0.04825764] 0
[0.28100398 0.06057086] 0
[0.28916656 0.09524806] 0
[0.24328355 0.06064162] 0
[0.23763764 0.08428856] 0
[0.20870491 0.03964562] 0
[0.26276748 0.07568748] 0
[0.20546534 0.09562738] 0
[0.2870939  0.08434049] 0
[0.25535682 0.04862356] 0
[0.27934846 0.07830946] 0
[0.24350732 0.06043604] 0
[0.23290334 0.09592655] 0
[0.25372262 0.08539042] 0
[0.22787251 0.03219293] 0
[0.22109129 0.06841113] 0
[0.27882114 0.03101446] 0
[0.29448541 0.08408451] 0
[0.2368223  0.04118202] 0
[0.25365825 0.00485999] 0
[0.20630694 0.09433746] 0
[0.28548027 0.01080338] 0
[0.28731681 0.05404053] 0
[0.26659429 0.07439949] 0
[0.25386423 0.09241691] 0
[0.22965763 0.02406553] 0
[0.28406628 0.0872604 ] 0
[0.21292162 0.00742245] 0
[0.28119993 0.09903516] 0
[0.2997855  0.07804804] 0
[0.20811224 0.08477497] 0
[0.28402089 0.06176295] 0
[0.23656402 0.09494879] 0
[0.26180163 0.08406767] 0
[0.24043571 0.08145602] 0
[0.21969299 0.0796273 ] 0
[0.21458741 0.01321654] 0
[0.23895182 0.07899107] 0
[0.28307876 0.09420592] 0
[0.23194695 0.03234578] 0
[0.22608816 0.09493003] 0
[0.27792151 0.0814865 ] 0
[0.27783184 0.08751812] 0
[0.21962173 0.05739728] 0
[0.27949671 0.09546595] 0
[0.2818961  0.09100945] 0
[0.25943198 0.07915294] 0
[0.2677544  0.09334329] 0
[0.25908566 0.01388115] 0
[0.24306286 0.0765976 ] 0
[0.25292851 0.08940602] 0
[0.26672938 0.06940569] 0
[0.24235954 0.09066632] 0
[0.28597832 0.0750727 ] 0
[0.27520769 0.05254971] 0
[0.23201733 0.04085473] 0
[0.23928755 0.02794764] 0
[0.22665861 0.09025831] 0
[0.22386917 0.06949122] 0
[0.28291713 0.08960061] 0
[0.20747796 0.09250725] 0
[0.26547839 0.09923658] 0
[0.27751881 0.07225675] 0
[0.24964791 0.08808667] 0
[0.2917374  0.07040208] 0
[0.23005204 0.07816301] 0
[0.22903617 0.07232615] 0
[0.22753112 0.08968904] 0
[0.27872973 0.09077629] 0
