[0.29933255 0.18084893] 0
[0.27164602 0.16719806] 0
[0.28866652 0.12150635] 0
[0.25649012 0.19586906] 0
[0.27922691 0.14373352] 0
[0.2043178  0.16442625] 0
[0.28740005 0.14455445] 0
[0.22330732 0.19390349] 0
[0.29980493 0.1960004 ] 0
[0.20699754 0.17474982] 0
[0.29592782 0.19755141] 0
[0.20346589 0.17762143] 0
[0.2454222  0.10930906] 0
[0.22726748 0.19443956] 0
[0.28278878 0.16868788] 0
[0.23740404 0.10881143] 0
[0.25569585 0.18967431] 0
[0.2656159  0.13375659] 0
[0.20807983 0.17597951] 0
[0.23538212 0.11503158] 0
[0.21987232 0.11793185] 0
[0.2226598  0.17837789] 0
[0.23166422 0.14881738] 0
[0.29481975 0.13180083] 0
[0.29860131 0.13239232] 0
[0.25458201 0.19743318] 0
[0.29691642 0.140776  ] 0
[0.29451482 0.16365186] 0
[0.27369226 0.15730239] 0
[0.25112874 0.18023197] 0
[0.25146831 0.12532671] 0
[0.22069389 0.15125794] 0
[0.2972309  0.18752248] 0
[0.26751928 0.13404369] 0
[0.2801274  0.15903534] 0
[0.25815545 0.16955666] 0
[0.29875433 0.16678471] 0
[0.26546159 0.18381388] 0
[0.231255   0.17612263] 0
[0.20885024 0.17606485] 0
[0.25389951 0.1976408 ] 0
[0.28869817 0.13027431] 0
[0.20206499 0.17431542] 0
[0.23626573 0.14720988] 0
[0.20087807 0.17418773] 0
[0.29886533 0.19634582] 0
[0.23988738 0.14664225] 0
[0.29698601 0.13277088] 0
[0.24586822 0.19575958] 0
[0.20569009 0.1094449 ] 0
[0.21679492 0.16065575] 0
[0.22268073 0.11924964] 0
[0.27261956 0.16058654] 0
[0.22194794 0.12379309] 0
[0.20291683 0.11980526] 0
[0.24955231 0.18203765] 0
[0.20103967 0.13099475] 0
[0.29363649 0.16901403] 0
[0.27790045 0.17583609] 0
[0.27603241 0.15052448] 0
[0.27345836 0.12559463] 0
[0.21256793 0.11642488] 0
[0.21903038 0.13514098] 0
[0.21081981 0.14974001] 0
[0.2175969  0.16201749] 0
[0.23540071 0.15742756] 0
[0.22538426 0.14137631] 0
[0.23293304 0.13804765] 0
[0.24671099 0.18078128] 0
[0.26331876 0.1994361 ] 0
[0.243218   0.16522998] 0
[0.26707921 0.11430506] 0
[0.24787787 0.12247739] 0
[0.24957022 0.17340531] 0
[0.27494303 0.15697199] 0
[0.25067292 0.18737965] 0
[0.28728392 0.19224445] 0
[0.26438391 0.16431802] 0
[0.20130141 0.14755944] 0
[0.23262694 0.18199369] 0
[0.20267761 0.13129952] 0
[0.21164957 0.11962017] 0
[0.22827502 0.19890754] 0
[0.2991105 0.1325523] 0
[0.27505826 0.15788716] 0
[0.25903692 0.12070547] 0
[0.275065  0.1227576] 0
[0.28676655 0.12538546] 0
[0.2787169  0.13029833] 0
[0.29859371 0.18582118] 0
[0.25684783 0.19874391] 0
[0.2576556  0.19639665] 0
[0.21074241 0.11775507] 0
[0.24473958 0.1704295 ] 0
[0.24190101 0.14778308] 0
[0.20735521 0.19008247] 0
[0.23017745 0.11064926] 0
[0.25787515 0.11705185] 0
[0.25401427 0.16915646] 0
[0.24134735 0.14991   ] 0
[0.22743162 0.15835074] 0
[0.26707415 0.134109  ] 0
[0.21081963 0.10894326] 0
[0.29440888 0.10240997] 0
[0.26803619 0.11755428] 0
[0.29833089 0.16158221] 0
[0.20971691 0.14367016] 0
[0.27039305 0.16308458] 0
[0.26004086 0.19127764] 0
[0.28141054 0.1584924 ] 0
[0.20047796 0.10605499] 0
[0.27046607 0.19717621] 0
[0.23819403 0.18207139] 0
[0.23216075 0.16306153] 0
[0.24352167 0.19524061] 0
[0.28413155 0.12983786] 0
[0.27127687 0.14798442] 0
[0.2167706  0.17292896] 0
[0.27260802 0.12654689] 0
[0.29951325 0.17257484] 0
[0.27511313 0.16881142] 0
[0.21367563 0.13752401] 0
[0.25529418 0.13772833] 0
[0.2406747  0.16089415] 0
[0.23036531 0.18589494] 0
[0.27432838 0.12363978] 0
[0.24341025 0.16390922] 0
[0.28186525 0.17838654] 0
[0.28775894 0.12997094] 0
[0.23093604 0.18620141] 0
[0.25035487 0.18965779] 0
[0.22110999 0.17573058] 0
[0.28526916 0.1974787 ] 0
[0.23397069 0.10469836] 0
[0.29791218 0.14205433] 0
[0.26598967 0.18238412] 0
[0.28185974 0.17505763] 0
[0.25025747 0.18031942] 0
[0.21095021 0.18552048] 0
[0.29630182 0.11489025] 0
[0.29634693 0.11095685] 0
[0.2546413  0.17996083] 0
[0.28363505 0.14916153] 0
[0.27330885 0.11340383] 0
[0.27322958 0.18969074] 0
[0.24302782 0.14975209] 0
[0.24183653 0.16731457] 0
[0.21858823 0.11014698] 0
[0.22792684 0.14023772] 0
[0.21990207 0.14911732] 0
[0.28578192 0.17890547] 0
[0.20589904 0.15544589] 0
[0.25680617 0.11089317] 0
[0.26409251 0.13374196] 0
[0.2316849  0.19426696] 0
[0.27798615 0.10117216] 0
[0.27526801 0.16718898] 0
[0.24488683 0.15444194] 0
[0.29295621 0.18026864] 0
[0.23417364 0.17715097] 0
[0.26267732 0.1770301 ] 0
[0.26117611 0.19859841] 0
[0.231905   0.19137106] 0
[0.29668685 0.1546664 ] 0
[0.23446277 0.15638299] 0
[0.22494664 0.19421085] 0
[0.24644903 0.16432053] 0
[0.21723271 0.18533359] 0
[0.20980219 0.10264084] 0
[0.20629968 0.15533869] 0
[0.20807306 0.13815716] 0
[0.26079422 0.15823598] 0
[0.28622377 0.16066429] 0
[0.22279901 0.13928688] 0
[0.20955977 0.14847278] 0
[0.24712958 0.1946465 ] 0
[0.22415636 0.12828331] 0
[0.20698726 0.18850735] 0
[0.22993567 0.13191604] 0
[0.27660409 0.16192067] 0
[0.29907093 0.15746275] 0
[0.25024177 0.16391724] 0
[0.28940531 0.16065528] 0
[0.22853737 0.12831385] 0
[0.25612613 0.16931642] 0
[0.27812706 0.19295461] 0
[0.2567235  0.14205189] 0
[0.22281719 0.16274619] 0
[0.26266789 0.17157934] 0
[0.29332808 0.15927889] 0
[0.28856603 0.12322666] 0
[0.2920481 0.1835175] 0
[0.29726815 0.15574332] 0
[0.22816939 0.14241683] 0
[0.24660396 0.12340605] 0
[0.26117791 0.18910978] 0
[0.26654635 0.13333431] 0
[0.24539111 0.15151215] 0
[0.20293239 0.18973673] 0
[0.26773676 0.13529245] 0
[0.25055047 0.19648665] 0
[0.25450281 0.14650875] 0
[0.27907371 0.13059834] 0
[0.27660093 0.15520536] 0
[0.29564102 0.15741608] 0
[0.2073955  0.19425606] 0
[0.25053177 0.1535886 ] 0
[0.21669782 0.10608608] 0
[0.2823451  0.16588165] 0
[0.24681521 0.16574875] 0
[0.25839885 0.16860872] 0
[0.29162442 0.19796799] 0
[0.26317573 0.19528404] 0
[0.26532336 0.15149788] 0
[0.29225485 0.13396578] 0
[0.25811239 0.1220776 ] 0
[0.24131027 0.18453238] 0
[0.28028535 0.10439178] 0
[0.26213882 0.15692391] 0
[0.21956161 0.10134893] 0
[0.20526553 0.18852564] 0
[0.29463487 0.13264457] 0
[0.2722949 0.1637773] 0
[0.2897019 0.1503972] 0
[0.29499727 0.15451475] 0
[0.21003587 0.10933062] 0
[0.22060644 0.16645722] 0
[0.27462211 0.10291178] 0
[0.22235704 0.15765975] 0
[0.21445741 0.15421391] 0
[0.26978057 0.12934921] 0
[0.24457446 0.18963821] 0
[0.26027196 0.15591449] 0
[0.21778692 0.14005853] 0
[0.2366968  0.12542076] 0
[0.25894543 0.15818128] 0
[0.24121339 0.15605033] 0
[0.21148311 0.11300626] 0
[0.25920402 0.17492124] 0
[0.21893113 0.18547558] 0
[0.26547325 0.12005518] 0
[0.20391959 0.13947087] 0
[0.24576072 0.1771615 ] 0
[0.27214516 0.12395459] 0
[0.21929072 0.1872698 ] 0
[0.25570035 0.17080016] 0
[0.22259197 0.148748  ] 0
[0.2827878  0.14726954] 0
[0.24949417 0.19855342] 0
[0.25435903 0.18268203] 0
[0.28840682 0.16512942] 0
[0.28469993 0.15299833] 0
[0.29350187 0.15647565] 0
[0.25732297 0.18386803] 0
[0.23917215 0.1998681 ] 0
[0.28587246 0.16521709] 0
[0.23213666 0.13096002] 0
[0.22542796 0.16729315] 0
[0.28917705 0.1707954 ] 0
[0.24105845 0.16062159] 0
[0.29423964 0.19100197] 0
[0.27424226 0.12408572] 0
[0.26043964 0.1622685 ] 0
[0.21063837 0.12308653] 0
[0.25966126 0.14445362] 0
[0.29616828 0.14435961] 0
[0.23219501 0.1737028 ] 0
[0.25517528 0.19684137] 0
[0.23399045 0.15349039] 0
[0.21161188 0.16104437] 0
[0.23664353 0.13958154] 0
[0.28435063 0.15601295] 0
[0.21178723 0.1653524 ] 0
[0.25345159 0.16425513] 0
[0.29891871 0.18890338] 0
[0.29842336 0.14847008] 0
[0.27272475 0.16912937] 0
[0.28317802 0.15523624] 0
[0.27555826 0.16263537] 0
[0.29233682 0.16491431] 0
[0.27668138 0.18868314] 0
[0.25145085 0.19804258] 0
[0.22771784 0.17134438] 0
[0.21091247 0.12649072] 0
[0.29035167 0.11913968] 0
[0.28037634 0.16869371] 0
[0.23208793 0.13472147] 0
[0.23323291 0.17896966] 0
[0.26595602 0.17748402] 0
[0.22531989 0.16852288] 0
[0.28621079 0.18457363] 0
[0.23327211 0.12096777] 0
[0.26236626 0.14164443] 0
[0.24891554 0.15455996] 0
[0.2742274  0.12951772] 0
[0.27410122 0.17555448] 0
[0.27877871 0.18307285] 0
[0.25343764 0.11477148] 0
[0.26855635 0.18513832] 0
[0.29030329 0.18550624] 0
[0.23786748 0.14395975] 0
[0.21698068 0.11348979] 0
[0.22065183 0.16748328] 0
[0.21071877 0.14582549] 0
[0.24796844 0.18213086] 0
