2.979181184009740968e-01 2.194551510796213800e-01
2.655534900441137713e-01 2.849322388442009357e-01
2.216635785791755131e-01 2.887456043256548810e-01
2.810466736566720747e-01 2.237546838498607749e-01
2.718693325936922256e-01 2.604199214098360526e-01
2.092624827559811940e-01 2.391811864673055177e-01
2.231684866994615990e-01 2.793927739623769946e-01
2.331624295150823700e-01 2.096473753438457821e-01
2.518607385401821497e-01 2.670359269623676091e-01
2.993627373531180247e-01 2.313894088914578151e-01
2.833186237446194133e-01 2.454353015154170370e-01
2.637869701395614830e-01 2.114398409682440305e-01
2.561090763203415221e-01 2.132552642193172865e-01
2.561366506463665926e-01 2.412031875416507098e-01
2.966259677121584337e-01 2.234086321422156796e-01
2.987772690163377765e-01 2.236833604299427736e-01
2.848088664243418333e-01 2.153333086861118351e-01
2.627992119415626937e-01 2.790227896679786657e-01
2.805545462292870496e-01 2.459394614973122173e-01
2.829842927617777781e-01 2.387976751069009751e-01
2.157525642897492602e-01 2.810062697080454863e-01
2.238920789764201613e-01 2.939891798282976976e-01
2.963237032579028041e-01 2.523156949200007215e-01
2.191788259823660989e-01 2.331856822163103915e-01
2.678396379032824681e-01 2.220944293413461834e-01
2.448030830122319701e-01 2.422052438035859345e-01
2.068361622464543470e-01 2.949774238252893532e-01
2.664235115598794779e-01 2.324742526970726697e-01
2.375882083497835029e-01 2.111222162596153584e-01
2.797420095669826412e-01 2.811398612035427291e-01
2.100642198587445164e-01 2.039802556070059170e-01
2.954605998846291381e-01 2.535424158356376911e-01
2.402282741356076001e-01 2.219455555239986944e-01
2.560329167535370654e-01 2.280698336529387305e-01
2.642370589566674921e-01 2.494033978128346596e-01
2.649234663771163900e-01 2.832735598655976017e-01
2.832284174844088565e-01 2.717031326674138603e-01
2.550421839965837378e-01 2.057156626214707851e-01
2.692406412264342630e-01 2.031826642733175758e-01
2.768750035701105783e-01 2.623043346246100582e-01
2.338077453319813981e-01 2.581530703289608430e-01
2.872513061154408076e-01 2.218627132901904719e-01
2.863042987876998069e-01 2.535166606238068443e-01
2.555022069491762471e-01 2.926643648970025935e-01
2.744767805082482526e-01 2.796415803102785813e-01
2.479885599171897104e-01 2.154871627958133418e-01
2.677330272843869707e-01 2.136858086440986682e-01
2.945050774555419415e-01 2.035738897099926559e-01
2.744694626901157952e-01 2.023164988815490672e-01
2.928448942349999862e-01 2.569368497485210456e-01
2.390441798141540453e-01 2.688816277085162021e-01
2.730062653111361981e-01 2.462655675278269118e-01
2.262400945901874572e-01 2.772418745378854577e-01
2.615686890283557831e-01 2.988135759974324679e-01
2.541607938302045677e-01 2.368450330932892756e-01
2.643286048280867329e-01 2.754419595708421098e-01
2.994942637742280533e-01 2.445769736664491489e-01
2.684468040315245441e-01 2.576018369934430230e-01
2.541660732920987265e-01 2.048295799140836260e-01
2.942092030941444447e-01 2.241750054534014380e-01
2.474066845587015173e-01 2.208097423402249349e-01
2.456806012862690070e-01 2.680719789223285909e-01
2.868160658363527737e-01 2.706623677236212888e-01
2.852760070718554641e-01 2.186726773956276793e-01
2.936549285482915606e-01 2.108022468481628720e-01
2.421187344362951133e-01 2.544885785655601751e-01
2.113414374359154357e-01 2.956743734424633896e-01
2.875753433700221073e-01 2.500061006528332963e-01
2.913973029889039279e-01 2.227251958492129369e-01
2.902741315352176943e-01 2.507304816962803717e-01
2.490953974807104676e-01 2.108072885394005336e-01
2.852086306412923711e-01 2.553040664022545592e-01
2.388669967723557330e-01 2.846116007914974433e-01
2.231181343439171960e-01 2.070142599507174830e-01
2.533610201852591892e-01 2.142727766422082014e-01
2.540448865077408747e-01 2.208828459749360429e-01
2.494113840893405487e-01 2.001472435952687257e-01
2.566379086920300701e-01 2.805317394283883825e-01
2.606731159063252479e-01 2.392640644730778532e-01
2.863701699723406602e-01 2.606596372550342156e-01
2.272587647056407700e-01 2.388077020916850035e-01
2.491291841748136671e-01 2.001401957535387244e-01
2.756652153575721576e-01 2.927015407419147897e-01
2.150329482573531403e-01 2.543324894006496195e-01
2.594124756057759607e-01 2.579125896164750631e-01
2.887713275011613012e-01 2.248861899482595406e-01
2.794863029528246168e-01 2.568242253903752492e-01
2.984551962714167006e-01 2.037166574550904607e-01
2.904864659226945589e-01 2.603627045639407278e-01
2.298901728172469960e-01 2.715497634339382738e-01
2.921781788048631867e-01 2.701355691885079513e-01
2.414544334741224318e-01 2.082933670697665052e-01
2.242629400119316441e-01 2.456334326411698243e-01
2.849088435307754463e-01 2.022735958947212698e-01
2.652308450916231464e-01 2.092797570709959143e-01
2.715328691323890542e-01 2.649936788320432779e-01
2.192804070766800062e-01 2.549738971644169849e-01
2.618528559573088943e-01 2.850445135956120590e-01
2.952945266041482331e-01 2.381832453033693731e-01
2.410457272170730136e-01 2.619820356970917752e-01
2.889990097541140224e-01 2.983129500549653312e-01
2.744358605603605117e-01 2.358137534539584412e-01
2.299482633378323038e-01 2.895466287186980736e-01
2.794184923240711771e-01 2.474415286246249290e-01
2.390320076535220606e-01 2.343015619995537091e-01
2.123336981439163940e-01 2.165378264194146030e-01
2.991301936478385493e-01 2.232332298330879372e-01
2.247582826811627688e-01 2.419118859568322455e-01
2.774989048407925929e-01 2.012258874677319842e-01
2.956154679274897723e-01 2.744200814669556232e-01
2.362501552945516226e-01 2.398913515758797077e-01
2.635245176971259817e-01 2.051260651357978415e-01
2.793386400202753639e-01 2.655128969787546866e-01
2.829042958254646689e-01 2.240928497404787445e-01
2.925601469458228299e-01 2.169252632099106792e-01
2.361189960002006982e-01 2.214053729687247563e-01
2.963657043681486303e-01 2.593065222848890405e-01
2.538043814166176526e-01 2.073354874061034137e-01
2.321488087363712260e-01 2.082632243816556206e-01
2.791610098083259772e-01 2.906274603230144526e-01
2.123358473088102216e-01 2.655778905165350756e-01
2.016577153805563793e-01 2.197676194120325166e-01
2.831132524859468758e-01 2.081514237920008559e-01
2.344662495358723064e-01 2.247507146337715256e-01
2.345493481070897723e-01 2.645134342914048919e-01
2.222748271625717420e-01 2.389425179266395083e-01
2.519392882041302517e-01 2.213727161691918799e-01
2.443068671496282929e-01 2.610589118050673507e-01
2.342419842438632771e-01 2.658879308881900161e-01
2.691915358624114019e-01 2.483973654908546991e-01
2.410969161634102242e-01 2.252834473764563639e-01
2.409423956065191996e-01 2.318379411993928274e-01
2.296108214737374031e-01 2.546543418522273505e-01
2.703303958730050582e-01 2.680682173603908813e-01
2.693174950730886641e-01 2.566952671868400482e-01
2.511734213807959581e-01 2.316998397093487094e-01
2.260622088220300419e-01 2.321969316641702141e-01
2.228452920437737350e-01 2.417627500591975342e-01
2.961878037999938762e-01 2.681108451234771595e-01
2.631807640612964794e-01 2.101012006010432864e-01
2.640651244562726707e-01 2.175904245645913226e-01
2.065019087313215707e-01 2.214322420908232947e-01
2.318622192380731528e-01 2.577271542968867513e-01
2.784784912995816319e-01 2.463611598395599733e-01
2.170235636692548487e-01 2.254492520147815260e-01
2.126239854898538395e-01 2.390575528969800523e-01
2.307022821112013622e-01 2.728521592672576990e-01
2.229037293786461649e-01 2.696422478691479774e-01
2.654942063906598482e-01 2.195320294750447154e-01
2.906636460890003049e-01 2.101733898770673237e-01
2.466565676591555567e-01 2.350853406181742655e-01
2.500188309403509335e-01 2.927100631464168434e-01
2.988065639308610799e-01 2.266826420170607037e-01
2.400595820607198672e-01 2.257803456343379089e-01
2.864690868140898905e-01 2.014695878594480183e-01
2.805543960293372385e-01 2.062289714988547740e-01
2.946174736836794650e-01 2.914715604913014069e-01
2.283474647671828173e-01 2.210959301457958992e-01
2.746676263183220890e-01 2.006862966634089251e-01
2.731716296870891902e-01 2.154787834290648740e-01
2.015650158707128492e-01 2.231746172179857324e-01
2.438590773249514343e-01 2.883572313501281403e-01
2.687173235627964285e-01 2.055516222320270536e-01
2.355617700639980883e-01 2.805492967317684272e-01
2.892179612253175658e-01 2.086130439347364252e-01
2.643165853187492975e-01 2.857112169483455588e-01
2.751143112153975889e-01 2.450305509493213019e-01
2.707065308791142266e-01 2.004820366802173293e-01
2.458607025012000125e-01 2.386641792793142147e-01
2.427743891096626472e-01 2.854767895293392477e-01
2.291195816244650518e-01 2.006859446734572117e-01
2.848274112740032948e-01 2.166844039179320336e-01
2.363955636578112252e-01 2.648407357198390155e-01
2.528626405438767488e-01 2.751553071741591472e-01
2.465994320656221261e-01 2.278168524341586398e-01
2.622887477977404735e-01 2.745127385124227493e-01
2.609311176821488831e-01 2.126316016919917729e-01
2.851950687889793223e-01 2.090452642153895479e-01
2.963126486000846049e-01 2.413834951235072634e-01
2.754760874708368501e-01 2.681671600669376376e-01
2.534770106855266936e-01 2.915724461594707551e-01
2.968984412690165997e-01 2.642399923387372951e-01
2.110431185441973834e-01 2.232072960675303697e-01
2.419981072810681866e-01 2.461079347738787670e-01
2.331781995003201491e-01 2.642015271783375030e-01
2.777241555695841302e-01 2.290939341438569810e-01
2.298184891627419457e-01 2.746861919511276451e-01
2.807502639380285991e-01 2.849652780567235033e-01
2.512791583061111944e-01 2.400192936466917781e-01
2.568885893138060927e-01 2.799384303438758881e-01
2.273424746348166048e-01 2.049576423743467990e-01
2.573927359455431274e-01 2.182081384986306882e-01
2.986136867384825422e-01 2.038476199305262748e-01
2.006044230648084681e-01 2.123250604888574644e-01
2.109674937012042673e-01 2.044703164218445723e-01
2.269118687767665565e-01 2.283545165293002221e-01
2.978186286307908937e-01 2.427887185732935660e-01
2.511803182142497426e-01 2.843052586018726680e-01
2.080830984091641689e-01 2.129530131579834284e-01
2.877312541116804900e-01 2.099967915761183634e-01
2.024899850407083091e-01 2.696066221255668527e-01
2.568593861314909521e-01 2.015650046357087277e-01
2.267476236051809146e-01 2.233129860970652636e-01
2.300188524184499372e-01 2.230552073751309039e-01
2.748922179030328095e-01 2.613347197768247088e-01
2.870154543199046060e-01 2.103946006370262523e-01
2.468428580028262931e-01 2.971860703569240703e-01
2.385874610092530435e-01 2.911756818278277148e-01
2.494098202270956799e-01 2.504591696849762794e-01
2.389838972965655506e-01 2.263885805174902788e-01
2.865397843212366125e-01 2.385735435684930850e-01
2.738165853170815289e-01 2.287081612330486013e-01
2.471872010619636795e-01 2.699297255604777845e-01
2.031211301248105894e-01 2.646876246379568087e-01
2.974461744608336011e-01 2.383992739005073580e-01
2.689944518261875306e-01 2.326491313557597085e-01
2.510697558641471483e-01 2.776088542451330965e-01
2.335625463597395535e-01 2.828601324887021207e-01
2.095400663328402246e-01 2.000528221253415062e-01
2.413636358729566167e-01 2.042159848547838163e-01
2.764844825057483635e-01 2.798938408435366898e-01
2.689152856393897117e-01 2.181926159058088788e-01
2.519931828352043324e-01 2.819196251767275285e-01
2.953336069716573364e-01 2.419095926237582184e-01
2.494333843362040448e-01 2.273756559395143928e-01
2.755672953258321289e-01 2.046873121806500051e-01
2.879101747821762869e-01 2.393577504532795053e-01
2.521503278948133975e-01 2.083721288165432117e-01
2.773910136386424363e-01 2.514525490907774663e-01
2.701658939841947715e-01 2.365212757794901699e-01
2.989116238735970432e-01 2.550592188413517425e-01
2.809402235518386193e-01 2.532168076859040440e-01
2.591577983201537316e-01 2.254038256024709919e-01
2.377888270896868494e-01 2.764349271407151587e-01
2.557223988007563120e-01 2.649439146204906614e-01
2.912753842392386550e-01 2.527043002691480300e-01
2.149857587702398432e-01 2.014118375471642686e-01
2.802815570957110092e-01 2.462894087695862155e-01
2.778251767130083261e-01 2.293214980927729962e-01
2.862411380969635544e-01 2.322897209005188035e-01
2.352990228512123472e-01 2.455809622804859815e-01
2.126771096730538102e-01 2.108304402263102562e-01
2.274398636313824662e-01 2.475667908566341613e-01
2.528462174609147906e-01 2.792458342924661885e-01
2.960701330933100950e-01 2.315722725147657812e-01
2.772119457137061649e-01 2.802520682775762051e-01
2.791814732966473867e-01 2.923858978818392740e-01
2.957891907314114666e-01 2.474505035808859943e-01
2.131341569428921168e-01 2.162545491810094755e-01
2.690311717682827286e-01 2.484124237185871276e-01
2.467647625040602088e-01 2.474905629482083980e-01
2.977468031253998060e-01 2.241211842766351325e-01
2.883848482740068997e-01 2.412349899051911828e-01
2.141110747465495567e-01 2.127364502188923423e-01
2.893265595851015060e-01 2.395915738933744876e-01
2.638274055268871043e-01 2.229003792859609590e-01
2.783005085155914604e-01 2.232279419422162348e-01
2.089529647368661425e-01 2.636237523390620452e-01
2.512361148863859195e-01 2.816387142357212325e-01
2.409637593576958725e-01 2.810729906250461485e-01
2.002566890596346183e-01 2.056672700640303497e-01
2.584642980246612542e-01 2.492321534256466409e-01
2.363064947715526887e-01 2.649955178052840199e-01
2.456990817357070922e-01 2.993297731764026359e-01
2.650497008145743516e-01 2.223940902319843649e-01
2.178458530547361383e-01 2.311917133638788369e-01
2.992244010180659664e-01 2.316526241230100203e-01
2.984201147237470764e-01 2.548298238854128650e-01
2.533092694195266947e-01 2.953146575799007745e-01
2.820855739627368686e-01 2.947850293283235668e-01
2.358139934516201852e-01 2.490556623113668322e-01
2.299980050380205365e-01 2.241704120533689615e-01
2.575213997180513248e-01 2.985950468017423698e-01
2.142649905411833089e-01 2.157123838866994159e-01
2.786788170265005471e-01 2.531355309927399988e-01
2.737198125255113079e-01 2.303974999126836842e-01
2.660105840753166917e-01 2.295707089352909680e-01
2.923840573938306098e-01 2.199028075026866202e-01
2.356203901702826342e-01 2.578777626081202312e-01
2.774201228124248964e-01 2.175244451898811493e-01
2.206853399761647960e-01 2.144868133717288683e-01
2.151981666948905025e-01 2.037975238361763863e-01
2.447066332538272437e-01 2.314114768914574405e-01
2.838335366095658396e-01 2.704383512695992531e-01
