[0.29791812 0.21945515] 0
[0.28480887 0.21533331] 0
[0.24022827 0.22194556] 0
[0.27446946 0.2023165 ] 0
[0.29365493 0.21080225] 0
[0.22725876 0.2388077 ] 0
[0.21928041 0.2549739 ] 0
[0.27933864 0.2655129 ] 0
[0.23424198 0.26588793] 0
[0.21702356 0.22544925] 0
[0.20156502 0.22317462] 0
[0.26093112 0.2126316 ] 0
[0.29861369 0.20384762] 0
[0.24940982 0.25045917] 0
[0.24943338 0.22737566] 0
[0.23529902 0.24558096] 0
[0.27830051 0.22322794] 0
[0.2575214  0.29859505] 0
[0.20926248 0.23918119] 0
[0.22389208 0.29398918] 0
[0.25504218 0.20571566] 0
[0.26156869 0.29881358] 0
[0.29027413 0.25073048] 0
[0.28877133 0.22488619] 0
[0.27443586 0.23581375] 0
[0.25380438 0.20733549] 0
[0.2703304  0.26806822] 0
[0.29066365 0.21017339] 0
[0.26431659 0.28571122] 0
[0.29689844 0.26423999] 0
[0.25118032 0.28430526] 0
[0.20312113 0.26468762] 0
[0.27016589 0.23652128] 0
[0.27721195 0.28025207] 0
[0.2584643  0.24923215] 0
[0.29238406 0.21990281] 0
[0.28331862 0.2454353 ] 0
[0.20683616 0.29497742] 0
[0.2863043  0.25351666] 0
[0.25416607 0.20482958] 0
[0.25336102 0.21427278] 0
[0.29217818 0.27013557] 0
[0.29913019 0.22323323] 0
[0.28311325 0.20815142] 0
[0.2961878  0.26811085] 0
[0.28646909 0.20146959] 0
[0.22911958 0.20068594] 0
[0.22981849 0.27468619] 0
[0.22674762 0.22331299] 0
[0.20954007 0.20005282] 0
[0.2557224  0.26494391] 0
[0.24676476 0.24749056] 0
[0.2992244  0.23165262] 0
[0.24470663 0.23141148] 0
[0.29877727 0.22368336] 0
[0.2954606  0.25354242] 0
[0.29450508 0.20357389] 0
[0.28527601 0.21867268] 0
[0.28637017 0.26065964] 0
[0.27153287 0.26499368] 0
[0.26352452 0.20512607] 0
[0.24430687 0.26105891] 0
[0.27847849 0.24636116] 0
[0.27317163 0.21547878] 0
[0.26228875 0.27451274] 0
[0.25739274 0.21820814] 0
[0.23858746 0.29117568] 0
[0.29533361 0.24190959] 0
[0.28624114 0.23228972] 0
[0.26382741 0.22290038] 0
[0.22999801 0.22417041] 0
[0.27186933 0.26041992] 0
[0.21575256 0.28100627] 0
[0.28322842 0.27170313] 0
[0.22624009 0.27724187] 0
[0.2913973 0.2227252] 0
[0.25941248 0.25791259] 0
[0.28899901 0.29831295] 0
[0.2963657  0.25930652] 0
[0.22961082 0.25465434] 0
[0.26549421 0.21953203] 0
[0.28921796 0.20861304] 0
[0.25347701 0.29157245] 0
[0.29781863 0.24278872] 0
[0.2471872  0.26992973] 0
[0.27739101 0.25145255] 0
[0.29607013 0.23157227] 0
[0.20025669 0.20566727] 0
[0.26601058 0.22957071] 0
[0.29936274 0.23138941] 0
[0.24480308 0.24220524] 0
[0.28725131 0.22186271] 0
[0.2684468  0.25760184] 0
[0.22311813 0.20701426] 0
[0.22989017 0.27154976] 0
[0.2123337  0.21653783] 0
[0.20165772 0.21976762] 0
[0.22284529 0.24176275] 0
[0.24005958 0.22578035] 0
[0.24277439 0.28547679] 0
[0.27772416 0.22909393] 0
[0.25685939 0.201565  ] 0
[0.23356255 0.28286013] 0
[0.23778883 0.27643493] 0
[0.26903117 0.24841242] 0
[0.21784585 0.23119171] 0
[0.21519817 0.20379752] 0
[0.29662597 0.22340863] 0
[0.21006422 0.20398026] 0
[0.26773303 0.21368581] 0
[0.28681607 0.27066237] 0
[0.26067312 0.23926406] 0
[0.26523085 0.20927976] 0
[0.23625016 0.23989135] 0
[0.25193929 0.22137272] 0
[0.23186222 0.25772715] 0
[0.27466763 0.2006863 ] 0
[0.24659943 0.22781685] 0
[0.22734247 0.20495764] 0
[0.24684286 0.29718607] 0
[0.25199318 0.28191963] 0
[0.27782518 0.2293215 ] 0
[0.28932656 0.23959157] 0
[0.23581399 0.24905566] 0
[0.28104667 0.22375468] 0
[0.28298429 0.23879768] 0
[0.26492347 0.28327356] 0
[0.27300627 0.24626557] 0
[0.28757534 0.2500061 ] 0
[0.21503295 0.25433249] 0
[0.24104573 0.26198204] 0
[0.236119   0.22140537] 0
[0.2409424  0.23183794] 0
[0.22290373 0.26964225] 0
[0.23556177 0.2805493 ] 0
[0.27547609 0.26816716] 0
[0.22691187 0.22835452] 0
[0.27381659 0.22870816] 0
[0.25215033 0.20837213] 0
[0.25284622 0.27924583] 0
[0.24096376 0.28107299] 0
[0.27371981 0.2303975 ] 0
[0.25186074 0.26703593] 0
[0.26783964 0.22209443] 0
[0.23380775 0.25815307] 0
[0.29949426 0.24457697] 0
[0.238867  0.2846116] 0
[0.29048647 0.2603627 ] 0
[0.23903201 0.23430156] 0
[0.21233585 0.26557789] 0
[0.22606221 0.23219693] 0
[0.29880656 0.22668264] 0
[0.2458607  0.23866418] 0
[0.2331782  0.26420153] 0
[0.20248999 0.26960662] 0
[0.25106976 0.27760885] 0
[0.2591578  0.22540383] 0
[0.21313416 0.21625455] 0
[0.2650497  0.22239409] 0
[0.22068534 0.21448681] 0
[0.25613665 0.24120319] 0
[0.27974201 0.28113986] 0
[0.24798856 0.21548716] 0
[0.2456806  0.26807198] 0
[0.25663791 0.28053174] 0
[0.28490884 0.2022736 ] 0
[0.29561547 0.27442008] 0
[0.22227483 0.23894252] 0
[0.20650191 0.22143224] 0
[0.22834746 0.22109593] 0
[0.25286264 0.27515531] 0
[0.25688859 0.27993843] 0
[0.28701545 0.2103946 ] 0
[0.26891529 0.21819262] 0
[0.28028156 0.24628941] 0
[0.21411107 0.21273645] 0
[0.28208557 0.29478503] 0
[0.22166358 0.2887456 ] 0
[0.28055455 0.24593946] 0
[0.26423706 0.2494034 ] 0
[0.23904418 0.26888163] 0
[0.21134144 0.29567437] 0
[0.27566522 0.29270154] 0
[0.29529453 0.23818325] 0
[0.29256015 0.21692526] 0
[0.24109692 0.22528345] 0
[0.23070228 0.27285216] 0
[0.26871732 0.20555162] 0
[0.29631265 0.2413835 ] 0
[0.21096749 0.20447032] 0
[0.28653978 0.23857354] 0
[0.28791017 0.23935775] 0
[0.22743986 0.24756679] 0
[0.25123611 0.28163871] 0
[0.27867882 0.25313553] 0
[0.23316243 0.20964738] 0
[0.21917883 0.23318568] 0
[0.276875   0.26230433] 0
[0.2643286  0.27544196] 0
[0.28520863 0.25530407] 0
[0.2984552  0.20371666] 0
[0.27941849 0.24744153] 0
[0.27916101 0.29062746] 0
[0.25117342 0.23169984] 0
[0.25001883 0.29271006] 0
[0.27070653 0.20048204] 0
[0.24199811 0.24610793] 0
[0.28773125 0.20999679] 0
[0.26899445 0.23264913] 0
[0.28094022 0.25321681] 0
[0.29578919 0.2474505 ] 0
[0.24569908 0.29932977] 0
[0.27742012 0.21752445] 0
[0.25610908 0.21325526] 0
[0.23758821 0.21112222] 0
[0.27447678 0.27964158] 0
[0.24740668 0.22080974] 0
[0.24941138 0.20014724] 0
[0.22426294 0.24563343] 0
[0.2774989  0.20122589] 0
[0.23454935 0.26451343] 0
[0.26406512 0.21759042] 0
[0.29461747 0.29147156] 0
[0.23639556 0.26484074] 0
[0.25127916 0.24001929] 0
[0.27489222 0.26133472] 0
[0.27648448 0.27989384] 0
[0.21498576 0.20141184] 0
[0.28838485 0.24123499] 0
[0.25330927 0.29531466] 0
[0.26555349 0.28493224] 0
[0.26279921 0.27902279] 0
[0.25603292 0.22806983] 0
[0.29284489 0.25693685] 0
[0.24211873 0.25448858] 0
[0.24912918 0.2001402 ] 0
[0.26185286 0.28504451] 0
[0.2829043  0.22409285] 0
[0.26919154 0.24839737] 0
[0.21262399 0.23905755] 0
[0.24385908 0.28835723] 0
[0.28519507 0.20904526] 0
[0.20060442 0.21232506] 0
[0.2389839  0.22638858] 0
[0.2755673  0.20468731] 0
[0.21267711 0.21083044] 0
[0.20895296 0.26362375] 0
[0.21426499 0.21571238] 0
[0.22316849 0.27939277] 0
[0.2963237  0.25231569] 0
[0.26924064 0.20318266] 0
[0.25416079 0.23684503] 0
[0.2490954  0.21080729] 0
[0.2794863  0.25682423] 0
[0.22994826 0.28954663] 0
[0.23214881 0.20826322] 0
[0.2693175  0.25669527] 0
[0.24665657 0.23508534] 0
[0.27511431 0.24503055] 0
[0.21104312 0.2232073 ] 0
[0.2080831  0.21295301] 0
[0.29744617 0.23839927] 0
[0.29891162 0.25505922] 0
[0.27918147 0.2923859 ] 0
[0.23630649 0.26499552] 0
[0.23562039 0.25787776] 0
[0.26378697 0.21143984] 0
[0.26642351 0.23247425] 0
[0.25550221 0.29266436] 0
[0.2942092  0.22417501] 0
[0.25404489 0.22088285] 0
[0.24145443 0.20829337] 0
[0.22475828 0.24191189] 0
[0.23446625 0.22475071] 0
[0.26318076 0.2101012 ] 0
[0.2805544  0.20622897] 0
[0.28482741 0.2166844 ] 0
[0.28075026 0.28496528] 0
[0.23001885 0.22305521] 0
[0.24136364 0.20421598] 0
[0.29127538 0.2527043 ] 0
[0.2977468  0.22412118] 0
[0.29842011 0.25482982] 0
[0.28383354 0.27043835] 0
