2.048647420683249454e-01 3.911043684929955133e-01
2.415642484851018290e-01 3.990546175509300242e-01
2.113214339167970302e-01 3.853484438139408996e-01
2.653924036106807272e-01 3.755446575369930096e-01
2.900980236313001615e-01 3.070752439733748229e-01
2.948593883022274653e-01 3.220625909584617919e-01
2.411076760711506339e-01 3.266302993998973503e-01
2.073858363959467099e-01 3.249306632702190778e-01
2.952536631152815061e-01 3.265178620532400711e-01
2.821613236055626195e-01 3.687336145096301032e-01
2.271030911372748928e-01 3.036457420587316269e-01
2.952798451865690232e-01 3.345277013024041124e-01
2.505380039846722418e-01 3.141222231036406298e-01
2.393271957929696825e-01 3.501161077819172629e-01
2.494121951674226345e-01 3.230142637342759415e-01
2.774451783467846711e-01 3.599756683135342250e-01
2.572811045038633782e-01 3.528597230652972816e-01
2.527252351189844259e-01 3.636946023898062208e-01
2.920639580877026353e-01 3.052229442361444889e-01
2.667709289914419468e-01 3.045241840527634913e-01
2.203417505687714217e-01 3.241381576996386626e-01
2.914016170273437401e-01 3.361315953002804169e-01
2.807446742320386934e-01 3.568911034976507413e-01
2.041474161886335792e-01 3.015781897780460130e-01
2.894861865584597016e-01 3.305815417039486004e-01
2.410844768225405832e-01 3.171036481088687076e-01
2.960733148575736551e-01 3.326305078248140146e-01
2.794186921934924128e-01 3.608285921849998523e-01
2.906551551760827024e-01 3.215005297403508155e-01
2.714269526581630787e-01 3.019771960173880943e-01
2.617478582231498319e-01 3.257521418278406800e-01
2.485146294070726403e-01 3.300198074840500762e-01
2.920929096663612556e-01 3.122364464410319340e-01
2.444164183578795835e-01 3.733235244318018342e-01
2.943977747619501151e-01 3.161606375669698266e-01
2.586540747065126933e-01 3.015536206036414368e-01
2.831233302776876570e-01 3.811692867474073543e-01
2.234327036917932441e-01 3.271103202320719272e-01
2.348182714954587524e-01 3.081731913828285041e-01
2.059874663441581544e-01 3.366779934992812362e-01
2.899537627231089099e-01 3.155369714709909124e-01
2.604264684417205156e-01 3.869346595882465767e-01
2.985685118799843996e-01 3.373630351175729847e-01
2.841500795909521759e-01 3.064597809048283383e-01
2.830019234462208266e-01 3.202516636064244304e-01
2.959260719103820603e-01 3.166598473436939565e-01
2.578334042755634492e-01 3.290358338159522500e-01
2.623232092050583608e-01 3.305535654125883460e-01
2.009422644653576229e-01 3.186232686195399344e-01
2.792007271891117637e-01 3.157223217524069425e-01
2.971989642084142957e-01 3.138543767565519227e-01
2.793445438079975029e-01 3.193152412681439234e-01
2.305488165822742186e-01 3.820586188899917635e-01
2.850780082973204954e-01 3.391360873667441100e-01
2.926220949465668797e-01 3.328959132247588659e-01
2.397726320567094560e-01 3.666735370862747034e-01
2.114324272776061386e-01 3.094476947782704435e-01
2.755062247933652286e-01 3.094585254854929079e-01
2.677821464638804327e-01 3.170114530675656184e-01
2.659595723413366031e-01 3.403379902070060581e-01
2.831656778371592909e-01 3.744082867266223524e-01
2.747734645788604269e-01 3.619987058081777231e-01
