3.159290255512824941e-01 4.512283260764082815e-02
3.064637653311572674e-01 7.797790824101274998e-02
3.072910586914122111e-01 4.981046333464550502e-02
3.012786772810290836e-01 8.758679041090605688e-02
3.392949860577932908e-01 8.975776320803841024e-02
3.601505141968504020e-01 8.787826459876635354e-02
3.124629840886901100e-01 5.226601911590039728e-02
3.188733619554511289e-01 7.486853767014500782e-02
3.044104820715437532e-01 1.166553700450229103e-02
3.446361728511073697e-01 4.595333246052313303e-02
3.702028412328595142e-01 9.878253758201588353e-02
3.927413541488429249e-01 8.496521458971717511e-02
3.079047261821193371e-01 5.750934112746153293e-02
3.517397258711909558e-01 9.733264034973437839e-02
3.848873790442106646e-01 5.758456206895967711e-02
3.743805540139497623e-01 8.492658089890742223e-02
3.261383078499211496e-01 7.695825970719782916e-02
3.334433726357366456e-01 8.440230138203214105e-02
3.161165802575016670e-01 8.744607156192013564e-02
3.041056775948167146e-01 9.529738438418766666e-02
3.211656795780531426e-01 6.638479783658080002e-02
3.146942300576202056e-01 9.029709677160518977e-02
3.442093359965225363e-01 9.224778537871458628e-02
3.688502077539481672e-01 8.407014591835793027e-04
3.613319741204666924e-01 7.151532028864215906e-02
3.059288871111685015e-01 4.825754872225535008e-02
3.826671608745721986e-01 7.898105091595325478e-02
3.805170876675232350e-01 9.569120767414585060e-02
3.121051823815499948e-01 4.068221960013190808e-02
3.790541422470388166e-01 8.745648118027499196e-02
3.124648619892606005e-01 4.393707044980016407e-02
3.598578947188445509e-01 8.333779511744759949e-02
3.541761620758266949e-01 7.310602148348727125e-02
3.383926911098066315e-01 9.591595250093604141e-02
3.130855548985635450e-01 9.968610181748699395e-02
3.731983149205528871e-01 9.124931950487313870e-02
3.218331183090601399e-01 5.552039931407781737e-02
3.136447118520914734e-01 7.147255963304366411e-02
3.721175415117974339e-01 8.304209993496680653e-02
3.565609774724805003e-01 7.457540814883079072e-02
3.398520454196276575e-01 9.877125735728781164e-02
3.432397161023662546e-01 5.307223543170158653e-02
