3.488004520116316787e-01 1.668266646157434974e-01
3.060488472029687101e-01 1.423489642416203571e-01
3.524712268296510409e-01 1.952770648896004213e-01
3.391826539848590838e-01 1.663492208436292419e-01
3.336019397229731398e-01 1.438283885331298473e-01
3.878754850579781976e-01 1.172770608343584320e-01
3.880563882012206811e-01 1.319867266983377752e-01
3.355190133228400096e-01 1.446163267887682902e-01
3.943313106936982559e-01 1.980907222659222811e-01
3.826715594661918018e-01 1.990971228666537085e-01
3.132148109335432529e-01 1.974546212918387722e-01
3.806295149593245664e-01 1.986064743661669907e-01
3.486420969692520799e-01 1.182832417499308231e-01
3.349724921605166106e-01 1.482361732744242877e-01
3.419721348466258637e-01 1.226942853520772148e-01
3.045808422455342779e-01 1.923209697134682650e-01
3.060877594487841358e-01 1.699974877752855607e-01
3.843819847215587115e-01 1.565232477483733675e-01
3.457831081665876938e-01 1.915697250227889892e-01
3.777322465313435185e-01 1.616787733068840160e-01
3.042754403216840209e-01 1.865597559760459323e-01
3.523857254579114695e-01 1.997010627922765902e-01
3.776577037793185654e-01 1.998443309778621391e-01
3.303389147822766714e-01 1.262692996690968350e-01
3.899852103154081151e-01 1.872964427575653235e-01
3.499758700043003046e-01 1.568365626024139647e-01
3.620595338545448127e-01 1.114557649447576737e-01
3.475750899727050314e-01 1.468647499060710404e-01
3.022935847700489176e-01 1.497113808886409991e-01
3.792149219423062156e-01 1.913128470798510783e-01
3.536348921386851529e-01 1.632517779344817010e-01
3.607824498486292830e-01 1.449431651356050677e-01
3.288822520948391226e-01 1.924870003668411322e-01
3.264248870006857817e-01 1.672912183402086028e-01
3.774166656373103557e-01 1.990642776042245154e-01
3.423023545667321921e-01 1.435900413755830940e-01
3.269971278462435738e-01 1.489751476296797827e-01
3.209412712289372305e-01 1.826222671633182248e-01
3.643064495324511154e-01 1.687594083000645839e-01
3.745595548976011213e-01 1.753096095235463781e-01
3.742019561416664031e-01 1.489546184506348181e-01
3.858572797687088718e-01 1.613867713697210438e-01
3.264693078365701329e-01 1.936662182825865108e-01
3.588340158544121028e-01 1.805297443165126414e-01
3.724572227313145412e-01 1.499317160245830505e-01
3.289390845486030446e-01 1.818004701725731420e-01
3.665840532407161900e-01 1.618156401937841382e-01
3.373021487253443640e-01 1.340244873783290602e-01
3.110117428530768668e-01 1.778137139778386555e-01
3.763514497776918599e-01 1.890313322735294177e-01
3.798364629502444245e-01 1.471118789109362723e-01
3.727868308677761977e-01 1.380932820249765880e-01
3.992487763786385924e-01 1.728611739493036148e-01
3.313883555106771905e-01 1.652656312161610852e-01
3.411609874589479618e-01 1.112206132393927793e-01
3.159179136659069353e-01 1.184617183214364544e-01
3.615493825929031457e-01 1.768929637693575918e-01
3.495730192171837558e-01 1.673064514144286807e-01
3.731530441144647048e-01 1.698188581008776565e-01
3.669854944563132326e-01 1.598804054284758691e-01
3.211740775760397182e-01 1.697480108188897940e-01
3.870961212442772803e-01 1.783112960158035054e-01
3.033058618275545903e-01 1.793666313707388826e-01
3.451124070355423568e-01 1.520969524804427209e-01
3.669528246687668860e-01 1.734934423887573018e-01
3.842295438494295334e-01 1.840905200101060624e-01
3.250939293335626257e-01 1.916720198280397192e-01
3.490080809195700851e-01 1.523226144032650553e-01
3.654536574421709538e-01 1.941067870946751872e-01
3.431316217052512996e-01 1.519700924321895075e-01
3.349421091279635720e-01 1.852830305171642156e-01
3.926787261737810786e-01 1.061300189760301382e-01
3.920490477799986606e-01 1.196594443719913026e-01
3.277856545688456746e-01 1.196989934000972644e-01
3.679410272479612942e-01 1.349966120377334156e-01
3.574316574008956637e-01 1.435465083489444460e-01
3.059594317928440721e-01 1.738576210355841367e-01
3.249132352148957903e-01 1.540461481806390254e-01
3.609964473988706013e-01 1.704023150796622754e-01
3.593171931866441238e-01 1.680298016650016990e-01
3.746699754151412987e-01 1.724551813880453033e-01
3.164904854520894095e-01 1.812642123846165687e-01
3.370598315538717027e-01 1.912766761082407285e-01
3.600234687753803842e-01 1.808743388215640346e-01
3.358577432220211101e-01 1.078927412132223429e-01
3.251869268231172838e-01 1.876635736073129501e-01
3.461187489380318505e-01 1.980632827680633701e-01
3.704393581868163920e-01 1.455372628268225554e-01
3.883265717511775739e-01 1.534349372463642835e-01
3.296368553087445918e-01 1.481648514638319869e-01
3.070189243676701984e-01 1.363845974678963291e-01
3.593768529174632964e-01 1.159027850556622330e-01
3.730824228752136484e-01 1.670754183752580779e-01
3.353586950155948987e-01 1.800907677402669438e-01
3.078703568200301666e-01 1.583593953307995683e-01
3.829924767325566526e-01 1.046206819172594282e-01
3.191668463675225165e-01 1.883173920258540135e-01
3.647681345171777112e-01 1.689037246047442320e-01
3.495013855578885664e-01 1.457124444034120225e-01
3.607988568129877338e-01 1.349319414141685602e-01
3.795332090628567578e-01 1.602431359694922453e-01
3.402553690478885562e-01 1.980030027561314465e-01
3.825196707417823916e-01 1.750781128817371357e-01
3.044381875466536935e-01 1.516288748317257962e-01
3.905236222141683089e-01 1.235787430179882407e-01
3.291017700375512556e-01 1.575046684072875236e-01
3.193258004791997839e-01 1.780277592929521424e-01
3.298065575301796226e-01 1.862550123467406338e-01
3.536272852046074000e-01 1.571766980667656244e-01
3.361290334214635522e-01 1.422144078819288227e-01
3.511007361801428694e-01 1.034931013040992775e-01
3.063500078650559511e-01 1.959908173058244329e-01
3.514645053138094610e-01 1.923835742138759186e-01
3.047535974286568194e-01 1.714868396021454744e-01
3.347160891916003411e-01 1.124797711856230786e-01
3.664818321913432264e-01 1.428033553334356887e-01
3.029576737662219577e-01 1.934400567041162367e-01
3.132689942543717132e-01 1.752771860322422659e-01
3.071534465711644457e-01 1.621765397643541162e-01
3.115260887544931689e-01 1.747746142753019705e-01
3.247403388935971025e-01 1.373021259873090649e-01
3.095526321051839669e-01 1.195898843316037796e-01
3.823908381374615528e-01 1.896019956251270566e-01
3.279243968157173339e-01 1.733550491885685885e-01
3.635360515061747400e-01 1.286580230324039509e-01
3.789256927594956137e-01 1.143541436899909169e-01
3.384958665066670758e-01 1.987061432834065222e-01
3.731450861612641279e-01 1.725206551746543693e-01
3.345589822492919807e-01 1.814367156962404803e-01
3.020139619809137921e-01 1.191136440995898826e-01
3.998617120430011385e-01 1.980132199940435322e-01
3.373284290203744651e-01 1.876793897965028102e-01
3.358593393366256508e-01 1.793159857368136767e-01
3.991071457812873646e-01 1.896494408529848796e-01
3.048079253235490005e-01 1.550470193033472444e-01
3.424195076836233920e-01 1.714400016645447333e-01
3.588982790232709830e-01 1.799058657222797897e-01
3.012990765620680023e-01 1.640249791014873615e-01
3.427073029932800052e-01 1.697787782202106188e-01
3.323604054739240365e-01 1.843257429231071887e-01
3.538294740552296314e-01 1.588713679533411971e-01
3.117389373580204404e-01 1.993250839654507611e-01
3.614014467064636249e-01 1.897381303840905697e-01
3.007206494758891679e-01 1.406796375413728872e-01
3.241145127098480905e-01 1.316423851392656275e-01
3.185416601682236615e-01 1.855264343325081777e-01
3.545210275835861680e-01 1.718274232806473456e-01
3.275076744455040489e-01 1.753590872448752280e-01
3.580437623991509777e-01 1.833540265011736337e-01
3.260723003550174970e-01 1.911408061079554466e-01
3.435180202287894113e-01 1.007353878865547836e-01
3.228641476749048445e-01 1.644006809069986919e-01
3.286826257624040348e-01 1.949144648813230796e-01
3.353702749137278949e-01 1.973729606922819957e-01
3.633909334784654610e-01 1.025150168436649301e-01
3.349555654184095399e-01 1.994994442939510004e-01
3.113722066311758185e-01 1.404811752275522407e-01
3.727065618001756953e-01 1.667248469090604202e-01
3.065383464258082391e-01 1.709043156440850364e-01
3.182639665817161290e-01 1.382730622196177706e-01
3.558815043709850912e-01 1.793400308062471360e-01
3.159560746388987429e-01 1.029881398824764593e-01
3.292036053555278396e-01 1.847732034735112827e-01
3.314707788121802889e-01 1.780260741230786925e-01
3.798057446674927840e-01 1.066289608813576206e-01
3.381908813360087196e-01 1.939587293849961425e-01
3.500181289029029585e-01 1.253745347817488975e-01
3.345567599716767204e-01 1.604004117950770247e-01
3.016908401194004496e-01 1.851204053991689635e-01
3.200943787434696874e-01 1.769371564692441001e-01
3.793678042570085562e-01 1.801648143339920627e-01
3.487377656006691584e-01 1.583530167798362365e-01
3.581702308445626759e-01 1.962811344427863036e-01
3.974434595087679711e-01 1.894269893832267182e-01
3.922929817129226504e-01 1.879893206166885211e-01
3.421295181323510404e-01 1.692094246415905556e-01
3.353217904350361822e-01 1.757265129459037456e-01
3.313499470472410224e-01 1.230448273109615576e-01
3.294560503553491948e-01 1.780330261749855925e-01
3.457545146940343983e-01 1.527536255419504330e-01
3.067695877404931215e-01 1.451639233586739797e-01
3.492966770228846940e-01 1.972396789165825615e-01
3.799454132101091064e-01 1.039193589045958044e-01
3.604202407221706039e-01 1.048377338243159929e-01
3.399292117789455281e-01 1.386675016556887796e-01
3.403430956467311530e-01 1.210097266909814506e-01
3.247556375479196400e-01 1.634547553174833523e-01
3.927956752290325260e-01 1.986067253550802547e-01
3.734421561004168666e-01 1.545718736918896830e-01
3.167047262874285729e-01 1.025396558932016311e-01
3.464777800454458268e-01 1.878128031234348738e-01
3.873268200901321956e-01 1.570998439863301455e-01
3.190774544056522721e-01 1.343417704823198222e-01
3.403393730525021699e-01 1.748360812452409430e-01
3.397296871708119226e-01 1.836911419262201028e-01
3.373393792000594638e-01 1.833424895137316379e-01
3.431032597324921163e-01 1.901863373618931374e-01
3.257353266738338138e-01 1.464042997584325823e-01
3.091275592870118549e-01 1.502732920570779285e-01
3.650140239812639797e-01 1.600856286904938086e-01
3.086488822906968688e-01 1.892396618340882186e-01
3.216426898207826457e-01 1.032605356961749932e-01
3.974068297258084304e-01 1.416959894922447949e-01
3.865875840631319837e-01 1.816630945516289342e-01
3.647047589864174100e-01 1.283035225361701115e-01
3.118354937589075115e-01 1.849450314138861018e-01
3.282140564054323861e-01 1.172534310478824671e-01
3.527050020463553537e-01 1.876500688469921740e-01
3.270407934399613969e-01 1.963929240109899277e-01
3.683940293946116329e-01 1.736361422449747560e-01
3.693997475422264865e-01 1.342734532459344821e-01
3.600754568872776007e-01 1.330204021539256043e-01
3.916977156843921559e-01 1.115523007094487429e-01
3.597737112629265654e-01 1.167944915048576282e-01
3.930566106573368801e-01 1.681628667128153010e-01
3.246879696007013982e-01 1.596786856369282193e-01
3.517163397795974866e-01 1.942476779695890832e-01
3.212273922635844881e-01 1.945843174896386418e-01
3.328519012678615718e-01 1.797495132689217734e-01
3.526532445624694923e-01 1.370241199182587188e-01
3.844410253001190325e-01 1.893034962444571090e-01
3.248052310618865235e-01 1.766901466750078198e-01
3.376095155688754179e-01 1.074510025541145219e-01
3.344069981215120890e-01 1.728833989556439188e-01
3.666200807376049919e-01 1.619149280639975430e-01
3.092987348018575999e-01 1.839886956415445474e-01
3.753001285158282241e-01 1.866219227519322899e-01
3.516218539121135356e-01 1.212551397764495831e-01
3.080082868034865196e-01 1.115253210668694095e-01
3.035447650600977543e-01 1.892908024169500103e-01
3.562652430287643335e-01 1.889209222229850382e-01
3.620321201746934392e-01 1.918460176475348944e-01
3.305284648441099149e-01 1.945474335561314660e-01
3.401922876862718548e-01 1.488682221618094770e-01
3.226454426878075932e-01 1.927640071339961070e-01
3.058615362753025479e-01 1.170902594660731266e-01
3.021447430196770312e-01 1.824705575830490589e-01
3.266766763722703804e-01 1.177981710276960470e-01
3.271530772285579647e-01 1.301745418977967306e-01
3.817631578161178041e-01 1.340814522727269420e-01
3.799011475595148180e-01 1.161902643982418437e-01
3.194730838995750721e-01 1.476724345755457135e-01
3.392636490989793252e-01 1.679987209136531712e-01
3.549576716289492562e-01 1.863374874594814767e-01
3.042111657817397341e-01 1.256954072446271053e-01
3.183021957485805964e-01 1.996004376189924878e-01
3.067072060063341099e-01 1.991044985243366761e-01
3.646230592405927950e-01 1.288446110497355745e-01
3.561076297973848614e-01 1.304340199617082530e-01
3.723153263520485590e-01 1.616598525004239451e-01
3.878071906003786040e-01 1.466254087948889451e-01
3.928399896489629395e-01 1.661808717934350477e-01
3.449231521981632187e-01 1.584017255661885060e-01
3.659097231474214285e-01 1.960656836316273244e-01
3.003393743307163355e-01 1.467130950452197879e-01
3.831689069061208208e-01 1.698080449328563668e-01
3.482309048522755912e-01 1.355012254082047507e-01
3.339938398509314510e-01 1.617842574430591318e-01
