3.438869824027481759e-01 3.302279341323719475e-01
3.876832504610674413e-01 3.621401015355963371e-01
3.909834568487734474e-01 3.036493795607598245e-01
3.717112422579747499e-01 3.585906534281670943e-01
3.701752354052707528e-01 3.933460796585748764e-01
3.725739156217662273e-01 3.037286701249028997e-01
3.204750534512655347e-01 3.228116948557347432e-01
3.089798741368457446e-01 3.381884228361340949e-01
3.565430230876105444e-01 3.255175266928592159e-01
3.788843899867679887e-01 3.427906456599501550e-01
3.694057131248994486e-01 3.605957494971335775e-01
3.805677244527098657e-01 3.195069906290571304e-01
3.179064731366970098e-01 3.868544013937634807e-01
3.469405947202671148e-01 3.563263093111677104e-01
3.713212744251088715e-01 3.335284701435120569e-01
3.661853747929158520e-01 3.483617306085051157e-01
3.845675849765531895e-01 3.663775165892623753e-01
3.911197916269264496e-01 3.759798426723727216e-01
3.024637675976269979e-01 3.695137456192414960e-01
3.203352718727677795e-01 3.824719533846581698e-01
3.580211250717177940e-01 3.896918848593557971e-01
3.618909797626327363e-01 3.012979387441059309e-01
3.567462027560628357e-01 3.481979917280738634e-01
3.836704534041980308e-01 3.475664808112455262e-01
3.820653971065395282e-01 3.035684044279254867e-01
3.159631600223158920e-01 3.428508847041463747e-01
3.209930758164230014e-01 3.786641408092979999e-01
3.520299093745639096e-01 3.498206520236926687e-01
3.817677787042216275e-01 3.808748022863031601e-01
3.548566771209745174e-01 3.290133378090915883e-01
3.989958248983690448e-01 3.394776654161590357e-01
3.726217260723992952e-01 3.011561395448296152e-01
3.172656164259047284e-01 3.086416484348010747e-01
3.737363237141049233e-01 3.122518166850245525e-01
3.858109301090920651e-01 3.024076732587002714e-01
3.929621678092189985e-01 3.938815072890745062e-01
3.160692529342457591e-01 3.727415567966878562e-01
3.578048462293637044e-01 3.102631916744647000e-01
3.852779966521059363e-01 3.795163604780389943e-01
3.522944551553423009e-01 3.463102487770938764e-01
3.377578754192412935e-01 3.299468128082084784e-01
3.087079055938286576e-01 3.383386040146380003e-01
3.595927813461399225e-01 3.002784866811444298e-01
3.924902175928154380e-01 3.290342385960722260e-01
3.847545894830887159e-01 3.647912321114805123e-01
3.883042570222613454e-01 3.253745524203898176e-01
3.212890435528361066e-01 3.986093826550727304e-01
3.860491785161789813e-01 3.362290084023392134e-01
3.537708996829857511e-01 3.758064303001413808e-01
3.565863193375668483e-01 3.161416446199817321e-01
3.559033096066423485e-01 3.236802944543298866e-01
3.156562059756299332e-01 3.322819535901077037e-01
3.951575450227957642e-01 3.401052884132874654e-01
3.889961823454702872e-01 3.506093683365731906e-01
3.775973377495748240e-01 3.690273331306712645e-01
3.127319846737564024e-01 3.474948257878012758e-01
3.932608270532426120e-01 3.155674047397385995e-01
3.877052337015017835e-01 3.154092476957797153e-01
3.868847217717749087e-01 3.654373234847080321e-01
3.519369672421510664e-01 3.146812498139252012e-01
3.437342534941124073e-01 3.242855649807165341e-01
3.845270638989341516e-01 3.082170343684972891e-01
3.712832863347616530e-01 3.138143859180477224e-01
3.543153635170818161e-01 3.581581532017854563e-01
3.967167396407998980e-01 3.778890799638121023e-01
3.335378126720124903e-01 3.222651032390999037e-01
3.399078544899142851e-01 3.541554356767607770e-01
3.063278535177122452e-01 3.148089709590014551e-01
3.096442063226200747e-01 3.012285010356599568e-01
3.870288665861119637e-01 3.757558534134703976e-01
3.726530056798443846e-01 3.568015878871707569e-01
3.789097283327587662e-01 3.288469098685298242e-01
3.659210295763154486e-01 3.020585678372799121e-01
3.929796151659870063e-01 3.308680911145399084e-01
3.457995903554705874e-01 3.032866180970041348e-01
3.814241195758898417e-01 3.407708062226491585e-01
3.129221144121930864e-01 3.702822124035170526e-01
3.516061167907713059e-01 3.152487789385781114e-01
3.142500347464787791e-01 3.261872887755186134e-01
3.408406553740654932e-01 3.009213321231005711e-01
3.447205054485151798e-01 3.194052907658548324e-01
3.941531861914305823e-01 3.249457538641336574e-01
3.863375576627421926e-01 3.578198818276769888e-01
3.552230334135326739e-01 3.481203860150026697e-01
3.631682531730098251e-01 3.152130455641415363e-01
3.226145786138568394e-01 3.628652653695539354e-01
3.599160849054006683e-01 3.069522217918250750e-01
3.911451468252022945e-01 3.058373472502431967e-01
3.794135735575553392e-01 3.688198217448010463e-01
3.738099855490426560e-01 3.212708537731329694e-01
3.558381851169291621e-01 3.055158548864732038e-01
3.868926598063433531e-01 3.184194985179263915e-01
3.786802400693142223e-01 3.010673635751606736e-01
3.975049978111674931e-01 3.933301012573866551e-01
3.834291664938955790e-01 3.455453873912782692e-01
3.136732229876120215e-01 3.483903427591169555e-01
3.532148801602805754e-01 3.309172485391984053e-01
3.919137928514667135e-01 3.285214796250785496e-01
3.832294478804477711e-01 3.614337478195521758e-01
3.919579543641255048e-01 3.109946354343552932e-01
3.481771773589928953e-01 3.592985008841415584e-01
3.665828331464434653e-01 3.252813878671351189e-01
3.259090517103899742e-01 3.061373579193655825e-01
3.170919016546310254e-01 3.008613701365994708e-01
3.790875322574731587e-01 3.298395975991519902e-01
3.860751873583965765e-01 3.338482729563929108e-01
3.033647930408840399e-01 3.413719026227692299e-01
3.215187238895441113e-01 3.437675536933522680e-01
3.873044929208280251e-01 3.254816133422093749e-01
3.996437124873482571e-01 3.899737279024941827e-01
3.320047054716636636e-01 3.140431015275483295e-01
3.499317923143481224e-01 3.929112509710721568e-01
3.815030923938562690e-01 3.031907525770213274e-01
3.655134569486534479e-01 3.437056441334789825e-01
3.523385285277661483e-01 3.149177135661219706e-01
3.816116642883159993e-01 3.276086672234247987e-01
3.713574598851981934e-01 3.183844803946159763e-01
3.818774321244983727e-01 3.142071963138972635e-01
3.545768366604429289e-01 3.483869249003455071e-01
3.310618869790778462e-01 3.722612821711991926e-01
3.216419764287030691e-01 3.822409424062238603e-01
3.838498733020760945e-01 3.398867307851881625e-01
3.869483642545316626e-01 3.222509164111846958e-01
3.843965414024443916e-01 3.422808689582001462e-01
3.525987136479543649e-01 3.856908213795631757e-01
3.205914585587801846e-01 3.245095054676582769e-01
3.941526336976951539e-01 3.394498035045912521e-01
3.750234945029280453e-01 3.018406020779659249e-01
3.320512952825966924e-01 3.085763120213574906e-01
3.804136674061159296e-01 3.767220612109137279e-01
3.744302596845003883e-01 3.082403130820421944e-01
3.432126336935773514e-01 3.330577605584795209e-01
3.890449218677268228e-01 3.486514407824001793e-01
3.927882454672706469e-01 3.338482332564344790e-01
3.992546234780038894e-01 3.062449733193370882e-01
3.144902002498130567e-01 3.064704836048024461e-01
3.851332702311666689e-01 3.780853257528333788e-01
3.866630546128582702e-01 3.963000776446471418e-01
3.093604122219056896e-01 3.530686310143380524e-01
3.687304599636335722e-01 3.535157243057068799e-01
3.936464929331371376e-01 3.739876255933896609e-01
3.896207033549033971e-01 3.157910484660911843e-01
3.556856449830105849e-01 3.209848592637709608e-01
3.558348682545001695e-01 3.541706525311986153e-01
3.426012306563370191e-01 3.717440117017914436e-01
3.463262834224942743e-01 3.503115595665844406e-01
3.772704511710455177e-01 3.141803529124024275e-01
3.721484178466334392e-01 3.185277816386737904e-01
3.174632593454608798e-01 3.406264581582271744e-01
3.924888731650860718e-01 3.498251632868940586e-01
3.273037675387124312e-01 3.124628958987441529e-01
3.596892030925677997e-01 3.273180275759889901e-01
3.885468779792571881e-01 3.451973718143711567e-01
3.441679125170328257e-01 3.076165534132833113e-01
3.973565316930792179e-01 3.103925990791031597e-01
3.097441074720995724e-01 3.032329959783325313e-01
3.863133707840364917e-01 3.060636212402032541e-01
3.504230625063174953e-01 3.170364665606958399e-01
3.541750396699804293e-01 3.317930504181103579e-01
3.154551741390164699e-01 3.147697578510000871e-01
3.876934868099852216e-01 3.722582798924361502e-01
3.534834102335691064e-01 3.530774279615938038e-01
3.690817860052856281e-01 3.076110610080968755e-01
3.824253406128653721e-01 3.580776375246996768e-01
3.973214722653104491e-01 3.862392648974395382e-01
3.632153662899126889e-01 3.097057236188013318e-01
3.460492400566697047e-01 3.426821279650602570e-01
3.689601980595680342e-01 3.164873218110146880e-01
3.463651972891432784e-01 3.398633614565831906e-01
3.993495294616236091e-01 3.181498214178011819e-01
3.326918104944426302e-01 3.366951290445741041e-01
3.706021353099926974e-01 3.651295036489274892e-01
3.777948826613362066e-01 3.115787491327202119e-01
3.871180362258315188e-01 3.250258864870082531e-01
3.358867198256749731e-01 3.564946222753850313e-01
3.490533538069368058e-01 3.440979544544237045e-01
3.936697538486485515e-01 3.045307197263742993e-01
3.442764034083779512e-01 3.052746153841842114e-01
3.223196801068374806e-01 3.789913668685454540e-01
3.406642444055236196e-01 3.632021178717039223e-01
3.704679415810416820e-01 3.101213794644516741e-01
3.652051124552302963e-01 3.294422482260543350e-01
3.965379497105542272e-01 3.281006302665517294e-01
3.032100780801711970e-01 3.517514711871451150e-01
3.104128017099214709e-01 3.975246429645681867e-01
3.659010993042207671e-01 3.803083763750569335e-01
3.815606081618528878e-01 3.709000311497477331e-01
3.821953932407965993e-01 3.618283789261138583e-01
3.147395265690453026e-01 3.302245950023183774e-01
3.432734331855273879e-01 3.829485410232711939e-01
3.095128684958649568e-01 3.051328826202673872e-01
3.624888835594038961e-01 3.230872031509827158e-01
3.911747692768085538e-01 3.324768464073543095e-01
3.228246168688285733e-01 3.463783856564781605e-01
3.890066483589802449e-01 3.776849581900567632e-01
3.549733180869339977e-01 3.229082516583515750e-01
3.421801948609222155e-01 3.014241075484548338e-01
3.912483972754123851e-01 3.322364749674414641e-01
3.863719197813144657e-01 3.061753905577269119e-01
3.148443538856452451e-01 3.216784659683433745e-01
3.813448482092089975e-01 3.725893702666240870e-01
3.228591403393881731e-01 3.157322451724222656e-01
3.393894427649724044e-01 3.865854561798304223e-01
3.147019401382739612e-01 3.386762038004333397e-01
3.447833288522184070e-01 3.479203918298149345e-01
3.224954302183475896e-01 3.917959987082088591e-01
3.612417975645049184e-01 3.256794289642980789e-01
3.181312520125189613e-01 3.401393055316169756e-01
3.153661910855017347e-01 3.120770225702234058e-01
3.280640469616457611e-01 3.229818186111518830e-01
3.578414975811268217e-01 3.359765448264939169e-01
