[0.34388698 0.33022793] 0
[0.38456758 0.36637752] 0
[0.31726562 0.30864165] 0
[0.3537709  0.37580643] 0
[0.39671674 0.37788908] 0
[0.34472051 0.31940529] 0
[0.35321488 0.33091725] 0
[0.38150309 0.30319075] 0
[0.3320513  0.30857631] 0
[0.34260123 0.37174401] 0
[0.38769349 0.37225828] 0
[0.39366975 0.30453072] 0
[0.39117477 0.33247685] 0
[0.31536619 0.31207702] 0
[0.34694059 0.35632631] 0
[0.35485668 0.32901334] 0
[0.38830426 0.32537455] 0
[0.38452706 0.30821703] 0
[0.35160612 0.31524878] 0
[0.397505  0.3933301] 0
[0.39964371 0.38997373] 0
[0.32059146 0.32450951] 0
[0.3896207  0.31579105] 0
[0.35042306 0.31703647] 0
[0.38711804 0.32502589] 0
[0.34327343 0.38294854] 0
[0.32249543 0.391796  ] 0
[0.36940571 0.36059575] 0
[0.32099308 0.37866414] 0
[0.35959278 0.30027849] 0
[0.38688472 0.36543732] 0
[0.34579959 0.30328662] 0
[0.35583819 0.30551585] 0
[0.30336479 0.3413719 ] 0
[0.38694836 0.32225092] 0
[0.30936041 0.35306863] 0
[0.39735653 0.3103926 ] 0
[0.33269181 0.33669513] 0
[0.38156061 0.37090003] 0
[0.33938944 0.38658546] 0
[0.30897987 0.33818842] 0
[0.38367045 0.34756648] 0
[0.35229446 0.34631025] 0
[0.31273198 0.34749483] 0
[0.37890973 0.32884691] 0
[0.39114515 0.30583735] 0
[0.3170919  0.30086137] 0
[0.33106189 0.37226128] 0
[0.3144902  0.30647048] 0
[0.3596892  0.32731803] 0
[0.3689602  0.31648732] 0
[0.30321008 0.35175147] 0
[0.31484435 0.32167847] 0
[0.37017524 0.39334608] 0
[0.35802113 0.38969188] 0
[0.31606925 0.37274156] 0
[0.39515755 0.34010529] 0
[0.30964421 0.3012285 ] 0
[0.36316825 0.31521305] 0
[0.34817718 0.3592985 ] 0
[0.37135746 0.31838448] 0
[0.38904492 0.34865144] 0
[0.31746326 0.34062646] 0
[0.39732147 0.38623926] 0
[0.37046794 0.31012138] 0
[0.34218019 0.30142411] 0
[0.38768325 0.3621401 ] 0
[0.39111979 0.37597984] 0
[0.37373632 0.31225182] 0
[0.35658632 0.31614164] 0
[0.33353781 0.3222651 ] 0
[0.39415319 0.32494575] 0
[0.39191379 0.32852148] 0
[0.36551346 0.34370564] 0
[0.38041367 0.37672206] 0
[0.34632628 0.35031156] 0
[0.35348341 0.35307743] 0
[0.3442764  0.30527462] 0
[0.32282462 0.34637839] 0
[0.32806405 0.32298182] 0
[0.37132127 0.33352847] 0
[0.39899582 0.33947767] 0
[0.32128904 0.39860938] 0
[0.37128329 0.31381439] 0
[0.31425003 0.32618729] 0
[0.38342917 0.34554539] 0
[0.33200471 0.3140431 ] 0
[0.39415263 0.3394498 ] 0
[0.35568564 0.32098486] 0
[0.35417504 0.33179305] 0
[0.33588672 0.35649462] 0
[0.30951287 0.30513288] 0
[0.3612418  0.32567943] 0
[0.38056772 0.31950699] 0
[0.35202991 0.34982065] 0
[0.39249022 0.32903424] 0
[0.35193697 0.31468125] 0
[0.38142412 0.34077081] 0
[0.38689266 0.3184195 ] 0
[0.32151872 0.34376755] 0
[0.38439654 0.34228087] 0
[0.36873046 0.35351572] 0
[0.30974411 0.303233  ] 0
[0.37060214 0.3651295 ] 0
[0.38219539 0.36182838] 0
[0.31470194 0.3386762 ] 0
[0.35654302 0.32551753] 0
[0.3820654 0.3035684] 0
[0.33775788 0.32994681] 0
[0.39326083 0.3155674 ] 0
[0.36592103 0.30205857] 0
[0.37941357 0.36881982] 0
[0.37908753 0.3298396 ] 0
[0.32164198 0.38224094] 0
[0.38513327 0.37808533] 0
[0.38854688 0.34519737] 0
[0.3463652  0.33986336] 0
[0.3104128  0.39752464] 0
[0.38134485 0.37258937] 0
[0.37257392 0.30372867] 0
[0.36189098 0.30129794] 0
[0.35780485 0.31026319] 0
[0.38899618 0.35060937] 0
[0.38702887 0.37575585] 0
[0.32261458 0.36286527] 0
[0.36658283 0.32528139] 0
[0.38187743 0.3142072 ] 0
[0.39278825 0.33384823] 0
[0.39248887 0.34982516] 0
[0.36321537 0.30970572] 0
[0.36520511 0.32944225] 0
[0.3912484  0.33223647] 0
[0.39098346 0.30364938] 0
[0.30246377 0.36951375] 0
[0.38581093 0.30240767] 0
[0.35590331 0.32368029] 0
[0.33990785 0.35415544] 0
[0.38633756 0.35781988] 0
[0.38322945 0.36143375] 0
[0.35233853 0.31491771] 0
[0.37443026 0.30824031] 0
[0.37727045 0.31418035] 0
[0.36908179 0.30761106] 0
[0.32231968 0.37899137] 0
[0.38900665 0.37768496] 0
[0.3578415  0.33597654] 0
[0.36618537 0.34836173] 0
[0.37262173 0.30115614] 0
[0.38604918 0.33622901] 0
[0.35431536 0.35815815] 0
[0.34084066 0.30092133] 0
[0.31367322 0.34839034] 0
[0.34993179 0.39291125] 0
[0.37502349 0.3018406 ] 0
[0.35583487 0.35417065] 0
[0.31545517 0.31476976] 0
[0.34905335 0.34409795] 0
[0.36248888 0.3230872 ] 0
[0.31813125 0.34013931] 0
[0.31790647 0.3868544 ] 0
[0.38176778 0.3808748 ] 0
[0.38475459 0.36479123] 0
[0.34373425 0.32428556] 0
[0.31292211 0.37028221] 0
[0.37868024 0.30106736] 0
[0.38730449 0.32548161] 0
[0.35259871 0.38569082] 0
[0.39364649 0.37398763] 0
[0.38631337 0.30606362] 0
[0.37779488 0.31157875] 0
[0.31473953 0.3302246 ] 0
[0.34478333 0.34792039] 0
[0.37888439 0.34279065] 0
[0.31596316 0.34285088] 0
[0.30870791 0.3383386 ] 0
[0.38770523 0.31540925] 0
[0.39297962 0.33086809] 0
[0.37380999 0.32127085] 0
[0.38607519 0.33384827] 0
[0.38384987 0.33988673] 0
[0.38666305 0.39630008] 0
[0.34416791 0.30761655] 0
[0.39934953 0.31814982] 0
[0.3659011  0.38030838] 0
[0.32285914 0.31573225] 0
[0.32047505 0.32281169] 0
[0.3567462  0.34819799] 0
[0.385278   0.37951636] 0
[0.37759734 0.36902733] 0
[0.37265301 0.35680159] 0
[0.35991608 0.30695222] 0
[0.32590905 0.30613736] 0
[0.35457684 0.34838692] 0
[0.39925462 0.30624497] 0
[0.32730377 0.3124629 ] 0
[0.34604924 0.34268213] 0
[0.39653795 0.32810063] 0
[0.38637192 0.30617539] 0
[0.37171124 0.35859065] 0
[0.32033527 0.38247195] 0
[0.39296217 0.39388151] 0
[0.31565621 0.33228195] 0
[0.30632785 0.31480897] 0
[0.35522303 0.34812039] 0
[0.39195795 0.31099464] 0
[0.38161166 0.32760867] 0
[0.34321263 0.33305776] 0
[0.37214842 0.31852778] 0
[0.38242534 0.35807764] 0
[0.34066424 0.36320212] 0
[0.35497332 0.32290825] 0
