3.021046820067816441e-01 4.718663023350341823e-01
3.101860850082673871e-01 4.651190868097699882e-01
3.549260371901037381e-01 4.988107199000017533e-01
3.760846650626248344e-01 4.901926204476416138e-01
3.422411709888866227e-01 4.865737864005839075e-01
3.076518600697024652e-01 4.933999306043785338e-01
3.487202618737178517e-01 4.867558640100473899e-01
3.128745392645946310e-01 4.799716843442329295e-01
3.303657016497325571e-01 4.943743267027511101e-01
3.140780065589036107e-01 4.767111464709848367e-01
3.448253571111409288e-01 4.969074366544106724e-01
3.523217271068518341e-01 4.844610864765640512e-01
3.214624759875115423e-01 4.793282048262051398e-01
3.241418177076530460e-01 4.903520795014928435e-01
3.174399159690400873e-01 4.930988813000174997e-01
3.148189907853489178e-01 4.935216248891567403e-01
3.404205417590979721e-01 4.890231825965298262e-01
3.248054692555576439e-01 4.488621569095029296e-01
3.030767075763077800e-01 4.973489344290980552e-01
3.149191897247842764e-01 4.984998392991177307e-01
3.067255134170073783e-01 4.907921324220624881e-01
3.007318166735563070e-01 4.826819084347474531e-01
3.138961680177193569e-01 4.671657451838258646e-01
3.112175245263328893e-01 4.714245127010366354e-01
3.261708748519013268e-01 4.822312999852310655e-01
3.323740842683673424e-01 4.820226033862011761e-01
3.180903550262875745e-01 4.978804974102785663e-01
3.604717067751912474e-01 4.934842368490419684e-01
3.743390075285156771e-01 4.998861672904916786e-01
3.198758647576113168e-01 4.803082296632248394e-01
3.456371435956738791e-01 4.953551025119704576e-01
3.084171716363491855e-01 4.702725897920626008e-01
3.098982406034891390e-01 4.901323477059218447e-01
3.290316618623669864e-01 4.925179138540229928e-01
3.036165978644033148e-01 4.813004474240151764e-01
3.463827226324378561e-01 4.980994430382225113e-01
3.385286413200324640e-01 4.933857684695939216e-01
3.292669978840698786e-01 4.982607788437251606e-01
3.567641804057455346e-01 4.942185926343447555e-01
3.128170636840820196e-01 4.859170474916381655e-01
3.291292097400152494e-01 4.840082212832497732e-01
3.454372243929455522e-01 4.919679810904059591e-01
3.164914045016866684e-01 4.917390461700024140e-01
3.393917668546361233e-01 4.950248031496087830e-01
3.181778694700577725e-01 4.928760368325583174e-01
3.324959781491736432e-01 4.903301468356449644e-01
3.189584602658407375e-01 4.943752614888857755e-01
3.053025929617871892e-01 4.796015467687927414e-01
3.224808352420249768e-01 4.713047868959394648e-01
3.096264150300144236e-01 4.597587887583710620e-01
3.039711497472438184e-01 4.628911735799138283e-01
3.442187368643001566e-01 4.874167720815295035e-01
3.167612591086022000e-01 4.866940141262894315e-01
3.412379718604552359e-01 4.960236982078051748e-01
3.250461312921734125e-01 4.935124589365846304e-01
3.210242669941401061e-01 4.932330744990681137e-01
3.012434379937104501e-01 4.962683818191507834e-01
3.575418639188868153e-01 4.887853069637521641e-01
3.225766825051427089e-01 4.812035266884194806e-01
3.400680101210797890e-01 4.728578554274208146e-01
3.233694628479543143e-01 4.919184775444828128e-01
3.191360139883182567e-01 4.443358802181066047e-01
3.125762033341005219e-01 4.872250849519217941e-01
3.351251701993478438e-01 4.968868473370873229e-01
3.539521643275725382e-01 4.966395166148234730e-01
3.004823785174747242e-01 4.838354153428416904e-01
3.132772313702507638e-01 4.838458942431463350e-01
3.459671488644997517e-01 4.844165706610492061e-01
3.037278213469868371e-01 4.888397186650604853e-01
3.013786070593449384e-01 4.743587463835282070e-01
3.413957515379033580e-01 4.794689640979756251e-01
3.061008808035671214e-01 4.759429301209519014e-01
3.330341278816200123e-01 4.862261569660115135e-01
3.277432432450416711e-01 4.744807323031807744e-01
3.268149563128531776e-01 4.897165295669761997e-01
3.064186891781091049e-01 4.879248414983318183e-01
3.207366859395385239e-01 4.309354650952244015e-01
3.107230995652910943e-01 4.872439498753710629e-01
3.208365755064280789e-01 4.850986551451986206e-01
3.137260184071026803e-01 4.810404501307347647e-01
3.246914078882059407e-01 4.772393937891933335e-01
3.181244865697921975e-01 4.972892490374999364e-01
3.397095572111343831e-01 4.996582441839992894e-01
3.342882940651071833e-01 4.982432275223440121e-01
3.072758777067930991e-01 4.618905939124025584e-01
3.292674934075292548e-01 4.915357209183905951e-01
3.364227479734671622e-01 4.898033252829403494e-01
3.286665239606385569e-01 4.947509294957057602e-01
3.272199913312864306e-01 4.993143553332901052e-01
3.274982294553857587e-01 4.909273569996533415e-01
3.186165112964712831e-01 4.717481963547988655e-01
3.097132342951630646e-01 4.750275055879763508e-01
3.232677569389584837e-01 4.904607084563022967e-01
3.319462828829797818e-01 4.924509932657786804e-01
3.465207036245928629e-01 4.900774454957323445e-01
3.358873345893221840e-01 4.906647965756366636e-01
3.114336306374493324e-01 4.698625376852074709e-01
3.383553730259065695e-01 4.989509096328461069e-01
3.319520132796842660e-01 4.643602664016945880e-01
3.195558013805956943e-01 4.818279033520638799e-01
3.628846516490440988e-01 4.848786601541806296e-01
3.851363000104427448e-01 4.687084976570404793e-01
3.967107174824289761e-01 4.145554034015783151e-01
3.943000340242848178e-01 4.037297494275490783e-01
3.353750582231685984e-01 4.459769247532808789e-01
3.974963348646383121e-01 4.095178623972478560e-01
3.387678843523369010e-01 4.022987016018825246e-01
3.867404601938249642e-01 4.150470993843956569e-01
3.649585001888089320e-01 4.038898208230167763e-01
3.091739329596623342e-01 4.107005663908854798e-01
3.033245104734447750e-01 4.025673812240384564e-01
3.791661731124930101e-01 4.088731843567562363e-01
3.530420653495839334e-01 4.479156396585960986e-01
3.824072991484245287e-01 4.199310718561511946e-01
3.437354455810862630e-01 4.381773930164827302e-01
3.072760874628236993e-01 4.220156958325697594e-01
3.639860043340643614e-01 4.718405429207491730e-01
3.637368067638702129e-01 4.628527874122076446e-01
3.888491886437643874e-01 4.245404439167328459e-01
3.993710251645784526e-01 4.266622716237851165e-01
3.971389205952848278e-01 4.186065127300703792e-01
3.635302525074555757e-01 4.339633751631487568e-01
3.755203341064322631e-01 4.986474753338167587e-01
3.493944955686445475e-01 4.161790797781040885e-01
3.693694439782993499e-01 4.465962446241832362e-01
3.653199385821647716e-01 4.391257993430052742e-01
3.078597268182278190e-01 4.330304897627030858e-01
3.745748153480573106e-01 4.268013080743849330e-01
3.388301316232399940e-01 4.008680579293085744e-01
3.320931384354156024e-01 4.032499454596716881e-01
3.461186382788591365e-01 4.172423849787393890e-01
3.577446662226115293e-01 4.347810754036518510e-01
