3.730558898256330913e-01 5.519521346946631990e-01
3.914983329264926648e-01 5.258597923164642918e-01
3.495800852730044372e-01 5.137261188561197400e-01
3.545228212135532742e-01 5.202512543560694480e-01
3.756958884248263741e-01 5.440068154342037055e-01
3.778415007065639708e-01 5.286177356133159311e-01
3.521215669384700209e-01 5.185413684309256865e-01
3.493138143906016069e-01 5.156326814339943221e-01
3.852655887468129925e-01 5.254475551037158798e-01
3.454832100758793434e-01 5.271298547368663545e-01
3.684372902974236141e-01 5.394487292025990088e-01
3.712156122668049396e-01 5.521451359000212333e-01
3.508166894934879876e-01 5.234868730877162424e-01
3.979313486145690248e-01 5.283599323731440478e-01
3.494389107748379075e-01 5.377872269091392710e-01
3.395716348856312461e-01 5.037627190299125424e-01
3.945642258270916636e-01 5.348928326918960252e-01
3.772270380804668699e-01 5.329407953890767935e-01
3.501010133636307531e-01 5.394089560752982626e-01
3.221552646320576807e-01 5.077437782242566477e-01
3.911449560461678354e-01 5.640383217323831078e-01
3.909116597879498389e-01 5.588574202971846594e-01
3.613112124331839814e-01 5.093455521708157852e-01
3.883117028951917904e-01 5.182181534489558317e-01
3.282608375399641565e-01 5.342545665937044053e-01
3.857418600493193184e-01 5.326537588319291139e-01
3.898599175587171284e-01 5.708352244077243842e-01
3.458909615130223436e-01 5.343662586382171842e-01
3.417336964184292114e-01 5.095589059011426114e-01
3.580628271356240955e-01 5.574831878103827520e-01
3.669961510414161410e-01 5.268599324189064959e-01
3.685150283373738733e-01 5.179427540131089636e-01
3.819348716379147857e-01 5.742293931631620163e-01
3.582069494556128220e-01 5.248866452939114913e-01
3.778874866339171912e-01 5.215898581844846671e-01
3.559279485538114352e-01 5.022324402748329364e-01
3.602993813339308016e-01 5.210460675288361987e-01
3.044481966574917875e-01 5.009582030381349860e-01
3.641386389752989117e-01 5.667233584883863973e-01
3.878754084017503323e-01 5.450778342273767674e-01
3.736639876502207414e-01 5.141438867556734627e-01
3.881258603861602041e-01 5.342168705639678272e-01
3.535338209819986477e-01 5.204265576946801586e-01
3.892958268967482427e-01 5.536807414807747296e-01
3.601541985464075113e-01 5.084034325143272914e-01
3.907934283033804301e-01 5.259311966535276106e-01
3.670556664352188081e-01 5.579626127021413140e-01
3.825630241776307172e-01 5.411763494952470666e-01
3.556117183960921801e-01 5.164003741813915083e-01
3.014015720845247825e-01 5.052216195510601526e-01
3.775137925158229546e-01 5.350991730400150859e-01
3.654051723075474323e-01 5.088644974289846523e-01
3.525320156195624333e-01 5.015363218697979075e-01
3.397848285012271541e-01 5.266573589616685425e-01
3.590787584833133317e-01 5.213208574454306632e-01
3.410409940878593726e-01 5.216215813028388659e-01
3.869286189335051085e-01 5.409466516781700207e-01
3.918505560695547674e-01 5.345265074061986699e-01
3.296027388516212797e-01 5.026587032089619989e-01
3.838302339551377118e-01 5.407274853207286736e-01
3.581595415800319926e-01 5.061531290324361443e-01
3.723918629310132289e-01 5.483833922871139688e-01
3.863328727029108900e-01 5.409885771267441967e-01
3.854033362072417090e-01 5.437368584966915108e-01
3.246112044499227522e-01 5.236452003890983420e-01
3.999590872810291908e-01 5.757197234558830701e-01
3.954648575634471253e-01 5.193939858945261223e-01
3.434573000734566506e-01 5.101781744974036581e-01
3.703439152718272509e-01 5.235851780709555037e-01
3.898259754724708870e-01 5.246717534470743960e-01
3.431045796066810594e-01 5.269548126134049326e-01
3.457292490573806720e-01 5.449247273862491969e-01
3.605604339658860513e-01 5.365393382820637935e-01
3.657857568153172201e-01 5.565179857314168643e-01
3.620705248924002140e-01 5.296500920477122953e-01
3.391947359839337928e-01 5.095553595019010062e-01
3.584859222157581460e-01 5.426504263903211278e-01
3.567698760718323037e-01 5.485650702803015477e-01
3.645956689782540172e-01 5.391311271907422986e-01
3.552196488906229077e-01 5.386485102509115386e-01
3.730043429637884267e-01 5.416341792680742229e-01
3.805225447761068081e-01 5.295874726326400550e-01
3.601766861707542677e-01 5.079581142091722512e-01
3.858989965689175738e-01 5.288180493434775364e-01
3.287962016430117096e-01 5.022605810836644480e-01
3.827540691151594676e-01 5.165892132217292376e-01
3.796777518694592346e-01 5.332169872777912101e-01
3.994958912499038672e-01 5.508174522407028872e-01
3.428193105622274750e-01 5.122307147663525129e-01
3.740949593399094941e-01 5.226751119643185950e-01
3.289219094141822008e-01 5.071899103634294192e-01
3.822419811267787626e-01 5.727070783894157024e-01
3.476932641544038249e-01 5.186136042442220928e-01
3.588557419443429430e-01 5.189591228950971580e-01
3.937704790391140519e-01 5.280814427962274848e-01
3.371675972952328237e-01 5.045681600611897633e-01
3.820785670062830097e-01 5.439788460772432277e-01
3.209936395010225541e-01 5.170505562014545697e-01
3.610338023962139098e-01 5.060147011086217894e-01
3.946208809385295391e-01 5.474951031547976577e-01
3.902729610960374851e-01 5.468995667279279438e-01
3.363758501416002078e-01 5.052623043450623630e-01
3.691095720521267443e-01 5.347339343163944880e-01
3.838192110850188188e-01 5.497722110597921263e-01
3.123639316556225953e-01 5.014402722616480013e-01
3.611190994986440694e-01 5.121637738203717038e-01
3.118287170413113207e-01 5.086462769593329547e-01
3.242292117627020298e-01 5.067172367290092572e-01
3.871424634215006044e-01 5.328295539439928952e-01
3.629469257690058903e-01 5.229055001208890996e-01
3.925155762209975863e-01 5.676206749025305420e-01
3.532521292862008111e-01 5.190275516294219349e-01
3.512854809998059435e-01 5.220871017290147353e-01
3.638164231519050440e-01 5.713232531864163022e-01
3.734268100293924308e-01 5.420128888294397651e-01
3.909098560317274540e-01 5.738993012241422331e-01
3.160587652828321659e-01 5.022712413149883481e-01
3.803047017664186735e-01 5.557486804632025823e-01
3.820582757154559750e-01 5.364779709870657332e-01
3.533958202875968069e-01 5.169755260661379470e-01
3.340599040714943291e-01 5.208857970714149133e-01
3.266910303859269504e-01 5.010408063452778116e-01
3.414004357280634450e-01 5.030943138645070922e-01
3.703708508202973038e-01 5.037781022296980993e-01
3.921122566748421190e-01 5.422369721838656842e-01
3.734616708286820352e-01 5.361257996088111266e-01
3.823823968068804091e-01 5.557709950071558769e-01
3.882079898704760557e-01 5.153030497100854479e-01
3.794010631191833127e-01 5.482652423279299470e-01
3.877150955850538483e-01 5.377897335190365835e-01
3.296325721139553577e-01 5.121490171103548761e-01
3.939125704819329554e-01 5.429905969016068923e-01
3.957614823022986839e-01 5.876901011612090109e-01
3.329731191824114589e-01 5.088132011543207156e-01
3.187046594127479482e-01 5.120408598975442205e-01
3.238471935934003065e-01 5.245680507552468175e-01
3.931507360470568035e-01 5.478982007403558896e-01
3.814222061151455456e-01 5.517022080863894784e-01
3.768409215015548486e-01 5.143412298262237670e-01
3.489636450403197365e-01 5.319351785310204583e-01
3.419476441057112126e-01 5.025522691845552004e-01
3.822537665027824771e-01 5.324636740139264690e-01
3.890525966297972427e-01 5.457571596279051640e-01
3.830780914933972769e-01 5.024015607052240151e-01
3.813040376235983242e-01 5.329035959778513076e-01
3.902021036049397318e-01 5.698070023446317744e-01
3.290628484228724782e-01 5.378161877789990886e-01
3.425516325067115009e-01 5.224999382405846049e-01
3.839474975557398695e-01 5.513786971977361340e-01
3.600403942358598175e-01 5.372460399591667546e-01
3.973705780642914354e-01 5.376444550379562148e-01
3.198486601541523644e-01 5.086567289350971688e-01
3.908896205876687402e-01 5.584588104993420954e-01
3.815234431426029471e-01 5.587577624475765781e-01
3.950688975317909191e-01 5.301789141660816496e-01
3.666901224893038824e-01 5.505944658960053584e-01
3.826707749659407076e-01 5.393548407411502543e-01
3.956739789679959984e-01 5.561259113753698191e-01
3.570591558289207268e-01 5.277917082246181835e-01
3.357118561965038994e-01 5.096794573755665247e-01
3.782117777528805624e-01 5.722328100252527250e-01
3.850625855314186996e-01 5.309185406393337470e-01
3.340998910002502820e-01 5.230733600610921741e-01
3.862054057271818719e-01 5.242166093033425733e-01
3.812067993426237478e-01 5.308714460776813304e-01
3.813441540077041614e-01 5.260813366616484688e-01
3.928442973915020064e-01 5.265976512573752322e-01
3.785187006570863710e-01 5.331717696617428448e-01
3.342904991955543137e-01 5.397278226333297457e-01
3.822576919140336926e-01 5.523898090494006041e-01
3.541146230898000180e-01 5.217247285667092616e-01
3.847384862840192432e-01 5.531856481257495517e-01
3.111424011835534076e-01 5.086964350692682046e-01
3.886281745709034841e-01 5.792913726417183717e-01
3.417968384653425895e-01 5.283848118968053065e-01
3.685106644796208863e-01 5.033018699901414816e-01
3.646292328137349936e-01 5.029867994806116460e-01
3.906182397478616397e-01 5.399997949023174204e-01
3.484362795883949593e-01 5.130808686404229046e-01
3.494655994485217354e-01 5.137764344761137636e-01
3.921233643323941420e-01 5.352311467396008160e-01
3.502222861146109256e-01 5.230951375485713983e-01
3.746404157028961346e-01 5.351602838873544821e-01
3.997173096572765316e-01 5.741065061172421213e-01
3.746648473621826958e-01 5.282850218278181131e-01
3.624123142678183362e-01 5.289209305752851087e-01
3.914174556241087344e-01 5.523383531847063654e-01
3.877206690767275865e-01 5.236792882301049001e-01
3.964453778438894460e-01 5.832845778344581955e-01
3.544452953021123842e-01 5.131676387195596156e-01
3.819935995445363774e-01 5.267344194112939526e-01
3.980293910754433284e-01 5.477303680626636195e-01
3.744887920571170481e-01 5.131195415245457525e-01
3.992107957994441847e-01 5.263590347950211079e-01
3.581801620254408958e-01 5.189792477127218584e-01
3.913839947557737897e-01 5.223821641914045966e-01
3.148545222420372491e-01 5.278322190381701251e-01
3.582321263321774918e-01 5.168044197277448237e-01
3.300859147931762827e-01 5.378760719962127901e-01
3.190888267038501924e-01 5.086216197296081765e-01
3.142918952657596243e-01 5.015547120769889844e-01
3.659328717313012347e-01 5.091572547340259547e-01
3.842785443773329424e-01 5.451507200147194254e-01
3.163047350201032559e-01 5.041159381642350557e-01
3.149314927521015273e-01 5.159336967938616958e-01
3.919829809304724577e-01 5.242771696141046434e-01
3.746034495561746946e-01 5.360576981695057697e-01
3.914192577070513823e-01 5.454778104455217935e-01
3.320248002419452504e-01 5.506939747790174922e-01
3.717636333294601636e-01 5.218138260993585575e-01
3.554853626620205209e-01 5.031643098607812004e-01
3.942370097762210035e-01 5.802797923855131934e-01
3.804988315562383705e-01 5.119877884535164458e-01
3.546699636751933782e-01 5.405824491370635476e-01
3.474218730581530856e-01 5.158129546876286664e-01
3.704281024492288021e-01 5.416188795580741955e-01
3.891583472000457178e-01 5.248309211461640311e-01
3.131725251953232370e-01 5.119181570818656102e-01
3.756724065243010613e-01 5.398487254162642746e-01
3.848577529500332162e-01 5.574172394163442457e-01
3.730934105756719688e-01 5.330288613958388266e-01
3.932837662403231849e-01 5.359880717807710138e-01
3.645873942169673976e-01 5.025594298712391383e-01
3.207147528691363103e-01 5.211527952319827683e-01
3.693721972469729553e-01 5.174513056662040089e-01
3.771964386549606085e-01 5.181245410054804434e-01
3.787274444480285274e-01 5.566314755119241564e-01
3.889749913825616967e-01 5.481792181067951519e-01
3.739930976129893225e-01 5.145436545649200166e-01
3.961920562301444182e-01 5.396590310678293090e-01
3.914026213463729920e-01 5.332748521201988723e-01
3.344301269394667209e-01 5.021562128470977715e-01
3.003770596605235266e-01 5.037119067177594500e-01
3.897683473550296318e-01 5.350719474759149108e-01
3.646905329573053578e-01 5.243994877882525163e-01
3.809216411569701366e-01 5.300667248492627603e-01
3.162182385008047714e-01 5.016372776297677305e-01
3.522349134480350363e-01 5.021896042778107860e-01
3.865849773640705478e-01 5.531421056557005445e-01
3.469532500715600820e-01 5.184314451077021157e-01
3.946894985376986353e-01 5.751774469547951130e-01
3.552416918611414065e-01 5.190202563612553721e-01
3.954378046436796690e-01 5.506221285665309217e-01
3.501155241075215585e-01 5.154592238213462352e-01
3.686797037784234621e-01 5.250595104112245615e-01
3.396462769125471182e-01 5.071732676157152397e-01
3.967699031022246525e-01 5.468979918444877297e-01
3.837259549142281734e-01 5.521102406001884289e-01
3.882315447473597136e-01 5.454881339791213257e-01
3.879307583797423353e-01 5.359376742071886301e-01
3.162397651311817937e-01 5.139081708682007310e-01
3.643440480587352703e-01 5.074977008193662931e-01
3.191675942919124376e-01 5.282884962794125450e-01
3.903770335607070763e-01 5.172791807500038974e-01
3.302362472930863158e-01 5.070063131214825880e-01
3.574499746938069600e-01 5.189116202021291091e-01
3.584680497013234546e-01 5.224687507671049724e-01
3.891749451085599332e-01 5.398392843971169253e-01
3.495129964911898313e-01 5.243963176255366232e-01
3.580629011151025831e-01 5.176141610788719261e-01
3.265370166347939529e-01 5.153894191642762745e-01
3.840359017592604451e-01 5.398568934540328712e-01
3.065487136508053823e-01 5.062626529726987901e-01
3.756160974163206823e-01 5.341281798407850889e-01
3.489380453352881606e-01 5.042959519674050650e-01
3.250958909152217302e-01 5.028170265469295019e-01
3.262643781493800299e-01 5.106501022410543378e-01
3.344910336914543869e-01 5.069261023443650815e-01
3.998021160904969840e-01 5.487972427124401253e-01
3.597953617679195415e-01 5.082473799337783316e-01
3.886068363865299302e-01 5.774394461101539644e-01
3.780525456410750440e-01 5.339955611390138079e-01
3.688334659811032812e-01 5.069116427210997866e-01
3.683847262767429576e-01 5.320057734733412147e-01
