[0.37305589 0.55195213] 0
[0.39456423 0.53489283] 0
[0.38193487 0.57422939] 0
[0.35561172 0.51640037] 0
[0.3246112 0.5236452] 0
[0.37300434 0.54163418] 0
[0.38207857 0.54397885] 0
[0.35128548 0.5220871 ] 0
[0.37940106 0.54826524] 0
[0.38130404 0.5329036 ] 0
[0.37821178 0.57223281] 0
[0.36462923 0.5029868 ] 0
[0.37448879 0.51311954] 0
[0.3320248  0.55069397] 0
[0.3693722  0.51745131] 0
[0.3946895  0.57517745] 0
[0.35846805 0.52246875] 0
[0.36883347 0.50691164] 0
[0.39793135 0.52835993] 0
[0.35806283 0.55748319] 0
[0.39079343 0.5259312 ] 0
[0.37239186 0.54838339] 0
[0.35676988 0.54856507] 0
[0.35885574 0.51895912] 0
[0.36294693 0.5229055 ] 0
[0.37346167 0.5361258 ] 0
[0.38225377 0.53246367] 0
[0.39567398 0.55612591] 0
[0.38862817 0.57929137] 0
[0.3544453  0.51316764] 0
[0.39198298 0.52427717] 0
[0.39328377 0.53598807] 0
[0.35223491 0.5021896 ] 0
[0.39037703 0.51727918] 0
[0.35979536 0.50824738] 0
[0.36843729 0.53944873] 0
[0.38985992 0.57083522] 0
[0.35353382 0.52042656] 0
[0.32960274 0.5026587 ] 0
[0.36207052 0.52965009] 0
[0.32892191 0.50718991] 0
[0.31182872 0.50864628] 0
[0.34140044 0.50309431] 0
[0.37684092 0.51434123] 0
[0.3950689  0.53017891] 0
[0.35411462 0.52172473] 0
[0.39141746 0.55233835] 0
[0.38427854 0.54515072] 0
[0.37567241 0.53984873] 0
[0.36469053 0.52439949] 0
[0.31623977 0.51390817] 0
[0.32626438 0.5106501 ] 0
[0.37121561 0.55214514] 0
[0.34589096 0.53436626] 0
[0.38929583 0.55368074] 0
[0.38383023 0.54072749] 0
[0.33919474 0.50955536] 0
[0.38224198 0.57270708] 0
[0.32422921 0.50671724] 0
[0.37037085 0.5037781 ] 0
[0.34896365 0.53193518] 0
[0.36669012 0.55059447] 0
[0.38473849 0.55318565] 0
[0.38772067 0.52367929] 0
[0.31630474 0.50411594] 0
[0.38485775 0.55741724] 0
[0.38092164 0.53006672] 0
[0.36434405 0.5074977 ] 0
[0.33449103 0.5069261 ] 0
[0.37569589 0.54400682] 0
[0.39114496 0.56403832] 0
[0.36029938 0.52104607] 0
[0.35253202 0.50153632] 0
[0.37034392 0.52358518] 0
[0.3287962  0.50226058] 0
[0.39027296 0.54689957] 0
[0.31605877 0.50227124] 0
[0.39576148 0.5876901 ] 0
[0.3839475 0.5513787] 0
[0.3812068  0.53087145] 0
[0.39212336 0.53523115] 0
[0.31485452 0.52783222] 0
[0.38049883 0.51198779] 0
[0.3739931  0.51454365] 0
[0.3686797  0.52505951] 0
[0.32653702 0.51538942] 0
[0.39149833 0.52585979] 0
[0.37722704 0.5329408 ] 0
[0.35820695 0.52488665] 0
[0.30140157 0.50522162] 0
[0.39995909 0.57571972] 0
[0.38052254 0.52958747] 0
[0.32099364 0.51705056] 0
[0.36381642 0.57132325] 0
[0.3877151  0.53778973] 0
[0.3902021 0.569807 ] 0
[0.38506259 0.53091854] 0
[0.39061824 0.53999979] 0
[0.3992108  0.52635903] 0
[0.37176363 0.52181383] 0
[0.37719644 0.51812454] 0
[0.35524169 0.51902026] 0
[0.38917495 0.53983928] 0
[0.36838473 0.53200577] 0
[0.34943891 0.53778723] 0
[0.36699615 0.52685993] 0
[0.36705567 0.55796261] 0
[0.38633287 0.54098858] 0
[0.36459567 0.53913113] 0
[0.39377048 0.52808144] 0
[0.39251558 0.56762067] 0
[0.3823824 0.555771 ] 0
[0.3890526  0.54575716] 0
[0.35705916 0.52779171] 0
[0.34179684 0.52838481] 0
[0.3819936  0.52673442] 0
[0.37460345 0.5360577 ] 0
[0.36458739 0.50255943] 0
[0.38658498 0.55314211] 0
[0.33023625 0.50700631] 0
[0.38860684 0.57743945] 0
[0.33957163 0.50376272] 0
[0.36851503 0.51794275] 0
[0.38256302 0.54117635] 0
[0.38540334 0.54373686] 0
[0.35521965 0.53864851] 0
[0.3371676  0.50456816] 0
[0.35325213 0.51902755] 0
[0.38820799 0.51530305] 0
[0.38307809 0.50240156] 0
[0.33571186 0.50967946] 0
[0.36851066 0.50330187] 0
[0.39802939 0.54773037] 0
[0.39141926 0.54547781] 0
[0.32071475 0.5211528 ] 0
[0.34695325 0.51843145] 0
[0.35744997 0.51891162] 0
[0.37805255 0.53399556] 0
[0.38526559 0.52544756] 0
[0.32826084 0.53425457] 0
[0.37366399 0.51414389] 0
[0.38692862 0.54094665] 0
[0.36056043 0.53653934] 0
[0.34281931 0.51223071] 0
[0.31236393 0.50144027] 0
[0.3340599 0.5208858] 0
[0.39315074 0.5478982 ] 0
[0.39088962 0.55845881] 0
[0.3342905  0.53972782] 0
[0.37466485 0.52828502] 0
[0.3142919  0.50155471] 0
[0.38915835 0.52483092] 0
[0.30037706 0.50371191] 0
[0.38823154 0.54548813] 0
[0.34893805 0.50429595] 0
[0.3778415  0.52861774] 0
[0.39091166 0.55885742] 0
[0.3044482 0.5009582] 0
[0.33978483 0.52665736] 0
[0.38982598 0.52467175] 0
[0.38275407 0.51658921] 0
[0.33637585 0.5052623 ] 0
[0.3803047  0.55574868] 0
[0.33297312 0.5088132 ] 0
[0.36004039 0.53724604] 0
[0.38134415 0.52608134] 0
[0.35022229 0.52309514] 0
[0.35823213 0.51680442] 0
[0.35466996 0.54058245] 0
[0.39619206 0.53965903] 0
[0.33964628 0.50717327] 0
[0.3840359  0.53985689] 0
[0.34958009 0.51372612] 0
[0.35010101 0.53940896] 0
[0.37788749 0.52158986] 0
[0.37751379 0.53509917] 0
[0.39546486 0.51939399] 0
[0.36017669 0.50795811] 0
[0.3610338 0.5060147] 0
[0.37342681 0.54201289] 0
[0.32963257 0.51214902] 0
[0.32906285 0.53781619] 0
[0.33409989 0.52307336] 0
[0.34843628 0.51308087] 0
[0.35818016 0.51897925] 0
[0.35548536 0.50316431] 0
[0.37872744 0.55663148] 0
[0.3954378  0.55062213] 0
[0.349513   0.52439632] 0
[0.35452282 0.52025125] 0
[0.32215526 0.50774378] 0
[0.35592795 0.50223244] 0
[0.36540517 0.5088645 ] 0
[0.3434573  0.51017817] 0
[0.385899   0.52881805] 0
[0.39462088 0.5474951 ] 0
[0.39090986 0.5738993 ] 0
[0.39391257 0.5429906 ] 0
[0.34255163 0.52249994] 0
[0.38620541 0.52421661] 0
[0.3494656  0.51377643] 0
[0.39138399 0.52238216] 0
[0.39423701 0.58027979] 0
[0.38897499 0.54817922] 0
[0.35011552 0.51545922] 0
[0.3580629  0.51761416] 0
[0.35081669 0.52348687] 0
[0.3417337  0.50955891] 0
[0.3601542  0.50840343] 0
[0.35815954 0.50615313] 0
[0.35848592 0.54265043] 0
[0.34769326 0.5186136 ] 0
[0.38714246 0.53282955] 0
[0.39211226 0.54223697] 0
[0.34194764 0.50255227] 0
[0.38267077 0.53935484] 0
[0.3111424  0.50869644] 0
[0.39644538 0.58328458] 0
[0.31493149 0.5159337 ] 0
[0.37309341 0.53302886] 0
[0.31621824 0.50163728] 0
[0.31916759 0.5282885 ] 0
[0.39980212 0.54879724] 0
[0.34548321 0.52712985] 0
[0.38574186 0.53265376] 0
[0.38812586 0.53421687] 0
[0.39185056 0.53452651] 0
[0.36578576 0.55651799] 0
[0.37409496 0.52267511] 0
[0.3611191  0.51216377] 0
[0.32669103 0.50104081] 0
[0.38142221 0.55170221] 0
[0.38152344 0.55875776] 0
[0.38225769 0.55238981] 0
[0.36241231 0.52892093] 0
[0.36593287 0.50915725] 0
[0.31317253 0.51191816] 0
[0.38976835 0.53507195] 0
[0.38793076 0.53593767] 0
[0.32509589 0.50281703] 0
[0.35212157 0.51854137] 0
[0.36131121 0.50934555] 0
[0.36413864 0.56672336] 0
[0.35907876 0.52132086] 0
[0.34310458 0.52695481] 0
[0.37967775 0.53321699] 0
[0.36910957 0.53473393] 0
[0.38205828 0.53647797] 0
[0.31870466 0.51204086] 0
[0.39737058 0.53764446] 0
[0.3928443  0.52659765] 0
[0.37464042 0.53516028] 0
[0.33008591 0.53787607] 0
[0.34742187 0.51581295] 0
[0.39140262 0.53327485] 0
[0.3967699  0.54689799] 0
[0.30654871 0.50626265] 0
[0.34931381 0.51563268] 0
[0.3883117  0.51821815] 0
[0.38787541 0.54507783] 0
[0.34104099 0.52162158] 0
[0.34572925 0.54492473] 0
[0.39949589 0.55081745] 0
[0.38381921 0.54977221] 0
[0.35339582 0.51697553] 0
[0.32384719 0.52456805] 0
[0.31984866 0.50865673] 0
[0.3785187  0.53317177] 0
[0.39971731 0.57410651] 0
[0.31908883 0.50862162] 0
[0.3704281  0.54161888] 0
[0.33443013 0.50215621] 0
[0.38372595 0.55211024] 0
[0.3756161  0.53412818] 0
