4.100361916724894473e-01 1.779285177458338474e-01
4.465397133461279089e-01 1.889262167133849146e-01
4.391944084420504879e-01 1.930651010592391026e-01
4.699426798178655273e-01 1.302025058410144487e-01
4.052869298302452794e-01 1.502819011328855037e-01
4.906472724406215624e-01 1.477350800125876162e-01
4.049256567803866114e-01 1.804278187673499512e-01
4.657620822980127473e-01 1.494264346794094145e-01
4.057278587371717649e-01 1.659087982150979357e-01
4.469621878159206751e-01 1.536434701394578106e-01
4.960189746967913482e-01 1.387344094178272758e-01
4.885085667377154217e-01 1.575502209346967830e-01
4.610820404247265580e-01 1.685109681505125301e-01
4.548739282686880547e-01 1.748648631035847889e-01
4.691931420169794253e-01 1.349397255712167509e-01
4.501749007961038940e-01 1.844763698024133314e-01
4.030248519099108861e-01 1.344769929605957037e-01
4.606796794527125982e-01 1.746934457065748292e-01
4.730805524606773171e-01 1.929528037311023791e-01
4.229879214198080661e-01 1.938556068984900738e-01
4.150789594635815316e-01 1.555204508418157605e-01
4.781537932490382836e-01 1.772954539132756691e-01
4.024927759856676834e-01 1.009487035368907826e-01
4.057138841386926376e-01 1.368629986577842295e-01
4.267756192593576414e-01 1.807767777136711773e-01
4.915613626324945584e-01 1.819183747291960307e-01
4.915803479271859677e-01 1.645438589497305593e-01
4.852816788622058009e-01 1.848316479730341966e-01
4.525391827433825065e-01 1.859697333694854127e-01
4.151607713059185523e-01 1.584178015436382148e-01
4.341608905749843039e-01 1.973808965691691841e-01
4.200840057733330468e-01 1.645581024233891965e-01
4.053034208439795227e-01 1.093992630711641822e-01
4.120392003788448387e-01 1.544118025854691045e-01
4.232594168273468571e-01 1.647784974773809918e-01
4.770691190093506173e-01 1.750884914619894317e-01
4.071092418311689776e-01 1.917687257036259085e-01
4.445094576917102969e-01 1.365333633912270417e-01
4.484703337540031920e-01 1.877013402780408624e-01
4.018865725125064792e-01 1.510053925675744202e-01
4.362675519221360654e-01 1.398158181095534303e-01
4.932355231973608034e-01 1.960908483869426844e-01
4.962125868539631890e-01 1.672011569898640138e-01
4.835849209146698136e-01 1.964126812863546401e-01
4.433825983735353859e-01 1.495008394353491421e-01
4.056835525506302664e-01 1.932299652758372177e-01
4.138250855902864123e-01 1.588142343898523157e-01
4.698071228877610528e-01 1.696151461286281303e-01
4.522047871378487849e-01 1.365949221261871793e-01
4.098850166367952741e-01 1.858468861074858980e-01
4.559880655849004039e-01 1.872961531356077958e-01
4.231017916144878543e-01 1.852407967836457725e-01
4.047367867915064865e-01 1.607077650074423825e-01
4.526216871949813036e-01 1.567770702907365921e-01
4.022260221572245831e-01 1.084874525288443692e-01
4.847423559315212627e-01 1.789594441939390823e-01
4.844232404826812055e-01 1.730490431219562364e-01
4.860106939653704439e-01 1.709787880026748808e-01
4.856198576344584739e-01 1.920391654391289948e-01
4.024617259815597148e-01 1.735700872824110230e-01
4.874464644637431787e-01 1.914771208797325930e-01
4.785958666101663983e-01 1.172543007371467660e-01
4.102761228120618275e-01 1.054145851384739041e-01
4.029905724352924046e-01 1.881817088431973761e-01
4.424769024314111343e-01 1.319516485278507401e-01
4.013090583715950288e-01 1.857463149323959617e-01
4.375436435284826286e-01 1.032460307406951605e-01
4.802662392787022116e-01 1.941741364528925262e-01
4.784729034581932106e-01 1.608510123652768242e-01
4.045526652503723675e-01 1.960773373886868509e-01
4.001351566203478205e-01 1.606396742858017812e-01
4.234677570676130820e-01 1.185949819936686911e-01
4.923913741346531148e-01 1.950975300839620785e-01
4.287713000079922954e-01 1.767117606731476442e-01
4.331678828942259196e-01 1.621149693794526336e-01
4.095949690267506327e-01 1.915891833339519179e-01
4.324280742683221379e-01 1.961132182481068464e-01
4.013329452861392199e-01 1.627209031619099300e-01
4.068158369584380374e-01 1.834284268055009215e-01
4.541042767665259827e-01 1.184440754811187935e-01
4.640282681961596101e-01 1.604140855805437638e-01
4.526196789494846273e-01 1.544701055412317503e-01
4.859601598185530613e-01 1.566627718495393895e-01
4.059236332047097551e-01 1.941889077936420349e-01
4.762952701092185714e-01 1.647072843912472107e-01
4.601555711620999856e-01 1.855335166835049288e-01
4.094693981137179639e-01 1.565162722933697292e-01
4.977385797260568401e-01 1.730817828031655792e-01
4.641238853188092151e-01 1.900645309033128783e-01
4.624004060165556873e-01 1.909288917247460027e-01
4.252533459250220083e-01 1.984343469099182633e-01
4.001970616612698373e-01 1.835589214764651589e-01
4.003388680439736724e-01 1.928163744612133856e-01
4.721592426575940138e-01 1.700621530382952218e-01
4.450357205232471358e-01 1.417186120832688578e-01
4.819624722240532511e-01 1.795724933865564810e-01
4.215933703915977770e-01 1.604453366915369050e-01
4.271191505960486579e-01 1.936168340204852123e-01
4.309683549129280644e-01 1.998868080607414388e-01
4.049863058013974948e-01 1.235468534626326387e-01
4.199738239563406417e-01 1.680427956190375105e-01
4.389669181012080812e-01 1.940173912368481357e-01
4.317550516592006948e-01 1.413733436258181042e-01
4.271316771312364535e-01 1.432459022123941939e-01
4.005051304496280440e-01 1.614654973843390462e-01
4.133781244184348003e-01 1.777386779843698195e-01
4.218595498498961538e-01 1.427884336636144613e-01
4.308367787162935558e-01 1.193493998012261637e-01
4.018049981478291066e-01 1.621396370791375607e-01
4.218934448281033145e-01 1.930744528061686116e-01
4.995061242668352164e-01 1.103253743887416538e-01
4.324678232228794661e-01 1.985537896615248987e-01
4.574177768542319056e-01 1.151767068776854697e-01
4.472893575059553872e-01 1.898205767204414751e-01
4.305818307844795911e-01 1.729356957144533302e-01
4.877384379075388465e-01 1.572450332230514447e-01
4.817558295503704957e-01 1.648411321088766035e-01
4.585411543061322370e-01 1.994490985688759932e-01
4.051601437404538930e-01 1.736798906550088284e-01
4.500762048089637646e-01 1.801054144567305615e-01
4.018213241908312194e-01 1.442754947631786355e-01
4.304972805081733189e-01 1.634836895197384898e-01
4.175252811216324522e-01 1.925734040430706062e-01
4.477730568510500664e-01 1.440801486304958134e-01
4.115800995738381207e-01 1.514648219404133300e-01
4.400206347293009190e-01 1.820378954588370291e-01
4.102419829872898660e-01 1.959260005950878847e-01
4.347733650327599286e-01 1.734357463162428115e-01
4.935928430792073662e-01 1.557922458977190894e-01
4.256064558943295495e-01 1.797479016204064639e-01
4.672559218423733007e-01 1.580429372676638577e-01
4.121591683635710268e-01 1.263361181700914104e-01
