[0.41003619 0.17792852] 0
[0.40528693 0.1502819 ] 0
[0.40572786 0.1659088 ] 0
[0.46108204 0.16851097] 0
[0.40302485 0.13447699] 0
[0.41507896 0.15552045] 0
[0.42677562 0.18077678] 0
[0.45253918 0.18596973] 0
[0.40530342 0.10939926] 0
[0.40710924 0.19176873] 0
[0.43626755 0.13981582] 0
[0.4433826  0.14950084] 0
[0.45220479 0.13659492] 0
[0.40473679 0.16070777] 0
[0.48442324 0.17304904] 0
[0.48744646 0.19147712] 0
[0.4424769  0.13195165] 0
[0.4784729  0.16085101] 0
[0.49239137 0.19509753] 0
[0.43242807 0.19611322] 0
[0.46402827 0.16041409] 0
[0.47629527 0.16470728] 0
[0.46412389 0.19006453] 0
[0.40033887 0.19281637] 0
[0.42159337 0.16044534] 0
[0.41997382 0.1680428 ] 0
[0.40050513 0.1614655 ] 0
[0.401805   0.16213964] 0
[0.45741778 0.11517671] 0
[0.48175583 0.16484113] 0
[0.40182132 0.14427549] 0
[0.4115801  0.15146482] 0
[0.49359284 0.15579225] 0
[0.44653971 0.18892622] 0
[0.49064727 0.14773508] 0
[0.44696219 0.15364347] 0
[0.45487393 0.17486486] 0
[0.46067968 0.17469345] 0
[0.47815379 0.17729545] 0
[0.49156136 0.18191837] 0
[0.41516077 0.1584178 ] 0
[0.4120392 0.1544118] 0
[0.44450946 0.13653336] 0
[0.49323552 0.19609085] 0
[0.40568355 0.19322997] 0
[0.40988502 0.18584689] 0
[0.45262169 0.15677707] 0
[0.48601069 0.17097879] 0
[0.47859587 0.1172543 ] 0
[0.40130906 0.18574631] 0
[0.40455267 0.19607734] 0
[0.4287713  0.17671176] 0
[0.40133295 0.1627209 ] 0
[0.45261968 0.15447011] 0
[0.46015557 0.18553352] 0
[0.46240041 0.19092889] 0
[0.47215924 0.17006215] 0
[0.42711915 0.19361683] 0
[0.43896692 0.19401739] 0
[0.41337812 0.17773868] 0
[0.42189344 0.19307445] 0
[0.44728936 0.18982058] 0
[0.45854115 0.1994491 ] 0
[0.43049728 0.16348369] 0
[0.44002063 0.1820379 ] 0
[0.42560646 0.1797479 ] 0
[0.43919441 0.1930651 ] 0
[0.40492566 0.18042782] 0
[0.49601897 0.13873441] 0
[0.46919314 0.13493973] 0
[0.47308055 0.1929528 ] 0
[0.40249278 0.1009487 ] 0
[0.49158035 0.16454386] 0
[0.43416089 0.1973809 ] 0
[0.42325942 0.1647785 ] 0
[0.44847033 0.18770134] 0
[0.49621259 0.16720116] 0
[0.41382509 0.15881423] 0
[0.45598807 0.18729615] 0
[0.40222602 0.10848745] 0
[0.48561986 0.19203917] 0
[0.41027612 0.10541459] 0
[0.43754364 0.10324603] 0
[0.40013516 0.16063967] 0
[0.43316788 0.16211497] 0
[0.40681584 0.18342843] 0
[0.48596016 0.15666277] 0
[0.4094694  0.15651627] 0
[0.42525335 0.19843435] 0
[0.44503572 0.14171861] 0
[0.43096835 0.19988681] 0
[0.43175505 0.14137334] 0
[0.42185955 0.14278843] 0
[0.49950612 0.11032537] 0
[0.43058183 0.1729357 ] 0
[0.40516014 0.17367989] 0
[0.41752528 0.1925734 ] 0
[0.41024198 0.195926  ] 0
[0.46725592 0.15804294] 0
[0.46994268 0.13020251] 0
[0.46576208 0.14942643] 0
[0.48850857 0.15755022] 0
[0.4501749  0.18447637] 0
[0.42298792 0.19385561] 0
[0.40571388 0.136863  ] 0
[0.48528168 0.18483165] 0
[0.42008401 0.1645581 ] 0
[0.47706912 0.17508849] 0
[0.40188657 0.15100539] 0
[0.48358492 0.19641268] 0
[0.46980712 0.16961515] 0
[0.42310179 0.1852408 ] 0
[0.48474236 0.17895944] 0
[0.40246173 0.17357009] 0
[0.40299057 0.18818171] 0
[0.48026624 0.19417414] 0
[0.42346776 0.11859498] 0
[0.40959497 0.19158918] 0
[0.45410428 0.11844408] 0
[0.40592363 0.19418891] 0
[0.49773858 0.17308178] 0
[0.40019706 0.18355892] 0
[0.48196247 0.17957249] 0
[0.40498631 0.12354685] 0
[0.42713168 0.1432459 ] 0
[0.43083678 0.1193494 ] 0
[0.43246782 0.19855379] 0
[0.48773844 0.15724503] 0
[0.4500762  0.18010541] 0
[0.44777306 0.14408015] 0
[0.43477337 0.17343575] 0
[0.41215917 0.12633612] 0
