4.411816993080233118e-01 2.372810862632904749e-01
4.721131744426815824e-01 2.392792070414440364e-01
4.687815901818825348e-01 2.742450096099627310e-01
4.025820830329664979e-01 2.273315133842699343e-01
4.159986695738988605e-01 2.060721838613499557e-01
4.167576020010678173e-01 2.112059175694095958e-01
4.607404709179841462e-01 2.171184196521263043e-01
4.131607819176379426e-01 2.840783822450400065e-01
4.638254136715147524e-01 2.326930120789335033e-01
4.759775839749262882e-01 2.657175286124288105e-01
4.709139308779396460e-01 2.884865620668249919e-01
4.109285171627199973e-01 2.145056909530077549e-01
4.392158921732324250e-01 2.702777787939592002e-01
4.295665423352157397e-01 2.806811833691579827e-01
4.825681392850243445e-01 2.538986659161515669e-01
4.010574874150305003e-01 2.571003574454341356e-01
4.381145506492302721e-01 2.154821970113181273e-01
4.889056916377989004e-01 2.823492246312048759e-01
4.635637230244292750e-01 2.652557945449861565e-01
4.279943729402164720e-01 2.952117356174931428e-01
4.482342869197407653e-01 2.688314707581817564e-01
4.906278264964351044e-01 2.918121922708037941e-01
4.474140006934427261e-01 2.463265676195972587e-01
4.516077543649199555e-01 2.818423750624985957e-01
4.327827835708124571e-01 2.790016091565264977e-01
4.493869335552180821e-01 2.796154751712633391e-01
4.666061089080666413e-01 2.788365421404885858e-01
4.174855603293942119e-01 2.300177243288522300e-01
4.074233790195531668e-01 2.415683694241880786e-01
4.624517626368226386e-01 2.854935849396151859e-01
4.872187909712412668e-01 2.955400427407804398e-01
4.019245767937732472e-01 2.819402105848353157e-01
4.190722866866668506e-01 2.727784164740774120e-01
4.348064233188752015e-01 2.584959669907904711e-01
4.518153110235821890e-01 2.049374418000076414e-01
4.844057427844942199e-01 2.848923666735081461e-01
4.242682246701950377e-01 2.819957210945868153e-01
4.628816971133655755e-01 2.528880369683589868e-01
4.341805056721293465e-01 2.631417647913505409e-01
4.516704771034342203e-01 2.056596950543183033e-01
4.320712016053458449e-01 2.753476272664871494e-01
4.031080495309943279e-01 2.464278422702070037e-01
4.869717882367519124e-01 2.282714302122829109e-01
4.985733711928769796e-01 2.920437935471353330e-01
4.996493408571517358e-01 2.886164943633281466e-01
4.154160957144093502e-01 2.178461292622472512e-01
4.332639976332364196e-01 2.638992189520492637e-01
4.267309145738354959e-01 2.643453528360550919e-01
4.479551027869521640e-01 2.445333935476214360e-01
4.577829466165398431e-01 2.791685284759132801e-01
4.954126359932021773e-01 2.741814076009809753e-01
4.689755389270385266e-01 2.780909781352702836e-01
4.847800731484284142e-01 2.489756513729678988e-01
4.063578843115877026e-01 2.426207867235579685e-01
4.599495198356897130e-01 2.094001584433039520e-01
4.659245934542177725e-01 2.957881440367046144e-01
4.089871525102927730e-01 2.820004451282241975e-01
4.954044728806510922e-01 2.166180923761281407e-01
4.892921376878394124e-01 2.974043148851117646e-01
4.152660744052644182e-01 2.498033728276787269e-01
4.766143327262957197e-01 2.365677921575179976e-01
4.026847008573658515e-01 2.414358077468771180e-01
4.391752661891212273e-01 2.365818520357396704e-01
4.834045535938691907e-01 2.795004149925037762e-01
4.082073290950120059e-01 2.987307023954904883e-01
4.714603067542151860e-01 2.510889547535442579e-01
4.186459490213109147e-01 2.480822848922443202e-01
4.398355330641141037e-01 2.939630799616539947e-01
4.412153359648286477e-01 2.659202989910895987e-01
4.899092130580754434e-01 2.659212023401082980e-01
4.722820763695969593e-01 2.080268622797317168e-01
4.234814168314275373e-01 2.360498602259114009e-01
4.224008481006090165e-01 2.224345481082715681e-01
4.107534508807919593e-01 2.531438943708933520e-01
4.196576181246977066e-01 2.081067876347919288e-01
4.519581434576018797e-01 2.485414715970442612e-01
4.798107086571157254e-01 2.702839022318582196e-01
4.707067946612399911e-01 2.574665057116179989e-01
4.521587088521329401e-01 2.692761100368482041e-01
4.873471682454442178e-01 2.272288207773715818e-01
4.993718465095433046e-01 2.932301620835160438e-01
4.153991651578847755e-01 2.372273656247644302e-01
4.317266281671324757e-01 2.553545139076682791e-01
4.792463502825207167e-01 2.775027755802805252e-01
4.441961941064961894e-01 2.377905285291960213e-01
4.537737399967340379e-01 2.333343274068795381e-01
4.348924483975694089e-01 2.568871460997675937e-01
4.106582234727022551e-01 2.318445909293446738e-01
4.464974152346664615e-01 2.213810289656644170e-01
4.851551181042731420e-01 2.922876457651345516e-01
4.363236155596348365e-01 2.829701852377309312e-01
4.277370560297983904e-01 2.859238501319051329e-01
4.434521303690770466e-01 2.002991937993035543e-01
4.454076503626064332e-01 2.970977561046446169e-01
4.004191127627765301e-01 2.392648150230949344e-01
4.107306607643471108e-01 2.938240885391816271e-01
4.042371592288670490e-01 2.878462781907858981e-01
4.652430314976824244e-01 2.984548573858217257e-01
4.684916740466367746e-01 2.724480852169307021e-01
4.229919871287712296e-01 2.107577384098315854e-01
4.061481434101383292e-01 2.196474897596774611e-01
4.200192399909357110e-01 2.435360404896833308e-01
4.517788518572515288e-01 2.486533704801691669e-01
4.688812789719537522e-01 2.031048658573746668e-01
4.792139254714635754e-01 2.419367920625104529e-01
4.243682837739162217e-01 2.943165547649486125e-01
4.015536730449538183e-01 2.337402018825716632e-01
4.308805757098574385e-01 2.887624262449680068e-01
4.962564027142799539e-01 2.441968988244574978e-01
4.346474393605724296e-01 2.599236251166097689e-01
4.354042233811155627e-01 2.873651015442950651e-01
4.541984267390105634e-01 2.981441336569669032e-01
4.049208244503846865e-01 2.074030711426643470e-01
4.370713279505985538e-01 2.041519758132620543e-01
4.522933518608829861e-01 2.976851149948344100e-01
4.209659405792766096e-01 2.641054359965185339e-01
4.510195357541553762e-01 2.798955924448272015e-01
4.896814756426570714e-01 2.467932472824523327e-01
4.650050901619239285e-01 2.757498993164942958e-01
4.342789455545630339e-01 2.931847698903169430e-01
4.477864646305744767e-01 2.707041413293789223e-01
4.539628240133738446e-01 2.729680188754144421e-01
4.604344844255309210e-01 2.684985761427991502e-01
4.919158763988910055e-01 2.554631181525391370e-01
4.123800639687160707e-01 2.496051215139767077e-01
4.336178103793607574e-01 2.055359063722952684e-01
4.772596347681359319e-01 2.950138229579850613e-01
4.699904542383206429e-01 2.906691909054167633e-01
4.975991246257750467e-01 2.391180125142014501e-01
4.023239507533278303e-01 2.693148657182984351e-01
4.187192378975257423e-01 2.896995707628715055e-01
4.441528156943098660e-01 2.374592657848472732e-01
4.219280241854628244e-01 2.161593325431008517e-01
4.059522389918028273e-01 2.975173369067640738e-01
4.659204456294688268e-01 2.861147671281086269e-01
4.799604444132024028e-01 2.434217384975596588e-01
4.413050504192623791e-01 2.209354217736519965e-01
4.405440570897596331e-01 2.242655613448248375e-01
4.066490927988320458e-01 2.593798962249700968e-01
4.651523826597241396e-01 2.390609905244671096e-01
4.724761181914255426e-01 2.662240933084715211e-01
4.212039501164299704e-01 2.836126705118262592e-01
4.697214260401746944e-01 2.638019094610177251e-01
4.823839941005379495e-01 2.514432365245786172e-01
4.885594958160409673e-01 2.343053600345040288e-01
4.549016343612620750e-01 2.965211893776334984e-01
4.534589307125100888e-01 2.432842434403210408e-01
4.941037803789112837e-01 2.673430827463481041e-01
4.684900273629465373e-01 2.033128304802812314e-01
4.363124330142704177e-01 2.420806216641374631e-01
4.970905876897082076e-01 2.505663483689086757e-01
4.324205491690768510e-01 2.398434636965072198e-01
4.546282446659257181e-01 2.930175956609732957e-01
4.304129152998765195e-01 2.155628100055362317e-01
4.366177594730932254e-01 2.288859963362425143e-01
4.131800836368306196e-01 2.020092350829293115e-01
4.653987053831677989e-01 2.548188340664571117e-01
4.522284275017281474e-01 2.859177609531153852e-01
4.873159337393671020e-01 2.299019982197298972e-01
4.417069743172956642e-01 2.250180329908497423e-01
4.488244302319243095e-01 2.408023190712759720e-01
4.456180103843609963e-01 2.008952289084128262e-01
4.044895564231513196e-01 2.148360893862127086e-01
4.255830288243614978e-01 2.864656357960715383e-01
4.260363743055647356e-01 2.710629116895413304e-01
4.052999796771254992e-01 2.663148230464980060e-01
4.722356712087724118e-01 2.412493168233309504e-01
4.283502978964485175e-01 2.645544302815120430e-01
4.050118835619846425e-01 2.393478365241090144e-01
4.172287958393764429e-01 2.637522357838084641e-01
4.498019909839807706e-01 2.517032029198111864e-01
4.966961071082508505e-01 2.755376839446812554e-01
4.619758157735375237e-01 2.491554870804336685e-01
4.481402895558588284e-01 2.964221307121284177e-01
4.575570936007629097e-01 2.770383009070653269e-01
4.761682735112372500e-01 2.879960862674603161e-01
4.265739840655068948e-01 2.090335661905496356e-01
4.993961218380291722e-01 2.422760568328862218e-01
4.183135837936408086e-01 2.065667495161618572e-01
4.672082946909438261e-01 2.990538408673339976e-01
4.241767730276276849e-01 2.737642553647205990e-01
4.993767144738280317e-01 2.779893798391498971e-01
4.211269550335441370e-01 2.947991592475112665e-01
4.380390103121614143e-01 2.928055905592862329e-01
4.369575258819296537e-01 2.859533141524069899e-01
4.653446511407501873e-01 2.645703605364120303e-01
4.168406658745348325e-01 2.049213226524587150e-01
4.911842462888989513e-01 2.937043371920611268e-01
4.111908375030581819e-01 2.839613210204028904e-01
4.276389911584311809e-01 2.980966293402324552e-01
4.722004571397172557e-01 2.969951677499642617e-01
4.090870901043269225e-01 2.478130179833725188e-01
4.556487197592397620e-01 2.757142593749279391e-01
4.781459367065006849e-01 2.857612676113322481e-01
4.904232614073734120e-01 2.895035401678899278e-01
4.934740482632953285e-01 2.718634770407986623e-01
4.755084413822755485e-01 2.019558830815639527e-01
4.372092645581290293e-01 2.059551869130969437e-01
4.115144280668796561e-01 2.510659241176804723e-01
4.877192223105929481e-01 2.287324374786309511e-01
4.354294460956021906e-01 2.883801473472224486e-01
4.099458865965247556e-01 2.050350892701974237e-01
4.789920346340279522e-01 2.808574988487225754e-01
4.709146628050955852e-01 2.963844981417778079e-01
4.745440677592869250e-01 2.837871298502533390e-01
4.517349356255199178e-01 2.924016286446556867e-01
4.414532331243439245e-01 2.754967362358766159e-01
4.753874771165881308e-01 2.269495578477119802e-01
4.405328049370871302e-01 2.457304297956321992e-01
4.245863567774685876e-01 2.466198170877133000e-01
4.376811276364837022e-01 2.049727231011757578e-01
4.068178180457732163e-01 2.159657297804628007e-01
4.046736134547777031e-01 2.824739874790588301e-01
4.086880369292773540e-01 2.343769482325135656e-01
4.763448578509405507e-01 2.732914403448536422e-01
4.533827087511853038e-01 2.185032358982964273e-01
4.509337099940384785e-01 2.659503955203870174e-01
4.211855409829883268e-01 2.906805445087088935e-01
4.693576128166717654e-01 2.984772020640503176e-01
4.488247006993838495e-01 2.054429181077353506e-01
4.912958851265041837e-01 2.802548423396008515e-01
4.609068128572305634e-01 2.295617540621512909e-01
4.899209012981536326e-01 2.648752670143179611e-01
4.917480984435484426e-01 2.680502426165621843e-01
4.459536772320429887e-01 2.483080631866734223e-01
4.983591601745392397e-01 2.862478532930072261e-01
4.153978164501792580e-01 2.996237604339812566e-01
4.737275226640202952e-01 2.320688221707189469e-01
4.196253770681279693e-01 2.236797342700070912e-01
4.229294322176531118e-01 2.210893950541736319e-01
4.533397029927418442e-01 2.855640762323500836e-01
4.826381668827966487e-01 2.156359243282899019e-01
4.298066979930856291e-01 2.871580787695600101e-01
4.395463045260386004e-01 2.959986228509923212e-01
4.363109351022045890e-01 2.137629240149892806e-01
4.263664818054557215e-01 2.855933794424461714e-01
4.383618642643897223e-01 2.820403600233619690e-01
4.893750731226399475e-01 2.521232787022897326e-01
4.195686777136581891e-01 2.863991943656127304e-01
4.811476958827307637e-01 2.900670654292665795e-01
4.698663343107050694e-01 2.892194032392155223e-01
4.396573646663910484e-01 2.394522939220122826e-01
4.785602063052655231e-01 2.001171338795444399e-01
4.049516082641069770e-01 2.427104681686055865e-01
4.528512190529871972e-01 2.625070354691281249e-01
4.203940514847288035e-01 2.969652075487558829e-01
4.910063077475549376e-01 2.856408315781617802e-01
4.535417128080808102e-01 2.800965326352412577e-01
4.238179750853391381e-01 2.809651771289475297e-01
4.893542107692795962e-01 2.882932841473535568e-01
4.474062402466844057e-01 2.503758409728260581e-01
4.035025448357418831e-01 2.593357223801314171e-01
4.172695569816134431e-01 2.788561133349193311e-01
4.117015179330441033e-01 2.735987179572360040e-01
4.206185329315127452e-01 2.934432245443894804e-01
4.694348640303100395e-01 2.925165093270499228e-01
4.566496744007784159e-01 2.648722080445543581e-01
4.749186967051199915e-01 2.356019072268072390e-01
4.714472236363674296e-01 2.414819055983372376e-01
4.460815170611617253e-01 2.521538484330415053e-01
4.838971245215254458e-01 2.083230705792378790e-01
4.645079821854823932e-01 2.959456898856269169e-01
4.239118897292230015e-01 2.796594898137155227e-01
4.453231170249932758e-01 2.109869230400160667e-01
4.206339269652711321e-01 2.616633242546990146e-01
4.907529272150074062e-01 2.679356121085233466e-01
4.320109807806923330e-01 2.530480019530486624e-01
4.890243410889038023e-01 2.849934648571308404e-01
4.281412232605470436e-01 2.126114490785085964e-01
4.811522510678501452e-01 2.160558032562192865e-01
4.282646482294003576e-01 2.204634944332609647e-01
4.160885053461466088e-01 2.387311501587990048e-01
4.783082672655138423e-01 2.756171486866745846e-01
4.954897663326870982e-01 2.807560608702487359e-01
4.579586999324706253e-01 2.177885342489701836e-01
4.855463577132964614e-01 2.018550527071907297e-01
4.657509934376724559e-01 2.567369029812313630e-01
4.775782674640875469e-01 2.615062020988633829e-01
4.755108390067030455e-01 2.304844674121835357e-01
4.455297345448157587e-01 2.221083350922147814e-01
4.629122451746728317e-01 2.600956378562302995e-01
4.674709812552931276e-01 2.868969642417799060e-01
4.340803063740802381e-01 2.053179439875848222e-01
4.122020323950039700e-01 2.767119356713533262e-01
4.940541406441342764e-01 2.780840972296258484e-01
4.645762255104742833e-01 2.034777702105978747e-01
4.425239650487397536e-01 2.687948826329350505e-01
4.507068694467699643e-01 2.906551775064130649e-01
4.863684660083703593e-01 2.477368106797993019e-01
4.228581888683698997e-01 2.941840963166544864e-01
4.432733991465486745e-01 2.472670681491561662e-01
4.207735759535201625e-01 2.622941186893795740e-01
4.341624128247945080e-01 2.598701880032756595e-01
4.947937053401377239e-01 2.785746833562208202e-01
4.325562955262245435e-01 2.167026663513876850e-01
4.817093827448945542e-01 2.055196944060869169e-01
4.700049713989276068e-01 2.854959186617599398e-01
4.682234139505392911e-01 2.675479778813455445e-01
4.764611142584029846e-01 2.991581012277717555e-01
4.414628645326734713e-01 2.215520784444561797e-01
4.437197403733402212e-01 2.583428979238003853e-01
4.637278385799400438e-01 2.305369621578381434e-01
4.266272590584661573e-01 2.846886835996728093e-01
4.938893312450629569e-01 2.813250669053153352e-01
4.333936159052397263e-01 2.902634630806255056e-01
4.307937848053193797e-01 2.709206948953122307e-01
4.846191364654688916e-01 2.832225487807270570e-01
4.774222180510897529e-01 2.034901790854682646e-01
4.918258249865081200e-01 2.585665615131005901e-01
4.513202571384578032e-01 2.401625816107249567e-01
4.863305191364043489e-01 2.837025787669514854e-01
4.599806571978457548e-01 2.439583579539064129e-01
4.516601100231010246e-01 2.044071033271192273e-01
4.324991219522595354e-01 2.198815517099592109e-01
4.162642655725817820e-01 2.419160249088686543e-01
4.359794441750826088e-01 2.744931982207431398e-01
4.856131991121326319e-01 2.460873075924541742e-01
4.374000434604143894e-01 2.333906183934821577e-01
4.820749067385897146e-01 2.999119499003612410e-01
4.247561120887447528e-01 2.176646346405853860e-01
4.490171493522215340e-01 2.419281264598255876e-01
4.787870223442390882e-01 2.704358634070775924e-01
4.500235418112786823e-01 2.784869512842227390e-01
4.284250008946119403e-01 2.022886247060803055e-01
4.201102116169676548e-01 2.723391799897089127e-01
4.970869662790058929e-01 2.956837575212648561e-01
4.278829934894093912e-01 2.691144255649451367e-01
4.694289565754048987e-01 2.746521747085796106e-01
4.707341951118733103e-01 2.914302435187104412e-01
4.384347408758845210e-01 2.740197094603190608e-01
4.267320003521977156e-01 2.338091146113068786e-01
4.214353495410235739e-01 2.130233881787286787e-01
4.768233864245882137e-01 2.919305245410546146e-01
4.570874860190461408e-01 2.475609797051213645e-01
4.921432469224540918e-01 2.854243923502038927e-01
4.991904852193135289e-01 2.865122367860039043e-01
4.360696040407536778e-01 2.834676793998220368e-01
4.496120438683725573e-01 2.560868452736504985e-01
4.010176097154693475e-01 2.531598495052540532e-01
4.397191265667286242e-01 2.624813980872013897e-01
4.963070778133108485e-01 2.645858299613782494e-01
4.164745147916438794e-01 2.839470376876104818e-01
4.357341515596691028e-01 2.371020719619585659e-01
4.184850500636294046e-01 2.571830125124372479e-01
4.537771135883065243e-01 2.445478032595244655e-01
4.881505290875901570e-01 2.659013756049113941e-01
4.204018434210655686e-01 2.748439042389300702e-01
4.711444311088962000e-01 2.331898597147428753e-01
4.070087233699178353e-01 2.718230589327683688e-01
4.716766079797787281e-01 2.348142732835207247e-01
4.796333953265932704e-01 2.699201816113613317e-01
4.871394372956538432e-01 2.015240286252278357e-01
4.935401341365185934e-01 2.678080579781322301e-01
4.478318715783098369e-01 2.678847640689495657e-01
4.093846066472138778e-01 2.140778545127825228e-01
4.349353766815083344e-01 2.510643305585488205e-01
4.858531366320937295e-01 2.851742640844429078e-01
4.896216609735336012e-01 2.911997829160657969e-01
4.373161849100248300e-01 2.383589092309266744e-01
4.114131338072666288e-01 2.101200382827944912e-01
4.522540160751146177e-01 2.017331207795539094e-01
4.236661190165870172e-01 2.648522186499105979e-01
4.043741894310358131e-01 2.799042246096002939e-01
4.326488822615937035e-01 2.446662132258066447e-01
4.736412823070444977e-01 2.258703282772263066e-01
4.566235822713897718e-01 2.429552217976194417e-01
4.806274743658413007e-01 2.674992044181908613e-01
4.151164277438308958e-01 2.756819323575538938e-01
4.693908939420601834e-01 2.640497512269006641e-01
4.564166287870403682e-01 2.850223567053921103e-01
4.927504760127768835e-01 2.289010516027620290e-01
4.390449442268659075e-01 2.457110722490165045e-01
4.501422299266575888e-01 2.442608283766147248e-01
4.177879950828221056e-01 2.826720533642902433e-01
4.524559455165472199e-01 2.487330187800641246e-01
4.115718462218477258e-01 2.028821708274369251e-01
4.496275552806228148e-01 2.532276947139343037e-01
4.364049882818076265e-01 2.994436620868161092e-01
4.609337213437936231e-01 2.026539554040545366e-01
4.395942945804371949e-01 2.909715674049581091e-01
4.377980742375516821e-01 2.504306815812859521e-01
4.396663810587236321e-01 2.369888524550049780e-01
4.800351337042514377e-01 2.445032962562596057e-01
4.088767611818352465e-01 2.513795365669714843e-01
4.304265927949209036e-01 2.261155338402280890e-01
4.821429713792432237e-01 2.561452572085486379e-01
4.221549086718262012e-01 2.676681902909518462e-01
4.099369645279999919e-01 2.108837958365019916e-01
4.695558743914949318e-01 2.690359718608713591e-01
4.197178137799066899e-01 2.040185007840648879e-01
4.014183575235586998e-01 2.397240044137917692e-01
4.802326002191865117e-01 2.029263068712719442e-01
4.647079361668772224e-01 2.913907272797726655e-01
4.488818207715680186e-01 2.224083707770597995e-01
4.470354770147441092e-01 2.309985072202320744e-01
4.390326660572018702e-01 2.957104800096817532e-01
4.725213894852079988e-01 2.162885993340146196e-01
4.527051148790803281e-01 2.922061079027572505e-01
4.876007750843414090e-01 2.097592276873827821e-01
4.459461326598017084e-01 2.694792122498191334e-01
4.615544794503865234e-01 2.297042907334530815e-01
4.497119856820109840e-01 2.920582406583764890e-01
4.588424092636924079e-01 2.187868444777163190e-01
4.947195005443527638e-01 2.738932258497581707e-01
4.777386535957991454e-01 2.490246595735801094e-01
4.292118205072211756e-01 2.825504414162648414e-01
4.830008597304737417e-01 2.873073443072665656e-01
4.397152031556278984e-01 2.554834272950324836e-01
4.401888247327996329e-01 2.747299230549768989e-01
4.568820983987996742e-01 2.695449795179768460e-01
4.190128541992592104e-01 2.875301393338933753e-01
4.336031719595389022e-01 2.752529890984999339e-01
4.150251305210739816e-01 2.856494622804450767e-01
4.468831493675171629e-01 2.361139024686713661e-01
4.512638874394876431e-01 2.161484581737521116e-01
4.617454467567108645e-01 2.491080304516075650e-01
4.897844733402923478e-01 2.976212018776267509e-01
4.886091385302120393e-01 2.585934626469918451e-01
4.884483350794343037e-01 2.684249489957374335e-01
4.592993868163209314e-01 2.913574249926646487e-01
4.940320596502134620e-01 2.335655234768416744e-01
4.169901630202439424e-01 2.303086939147002687e-01
4.313553470595317685e-01 2.806141328256935297e-01
4.382702988359032936e-01 2.114376567791225459e-01
4.792203938103462568e-01 2.528168763322916623e-01
4.102785438065417734e-01 2.874884284266450707e-01
4.962672121037023376e-01 2.761404933723197730e-01
4.464240709146233277e-01 2.874736106301520877e-01
4.327681976932125085e-01 2.564794287721162691e-01
4.615055188942940312e-01 2.389598948575961668e-01
4.668591452302270350e-01 2.137858290094789560e-01
4.099720473621496497e-01 2.454797494573451311e-01
4.627866111854503917e-01 2.714695316225702593e-01
4.773140122322889756e-01 2.907794898019735452e-01
4.527625185879128322e-01 2.660707098747616683e-01
4.616872838605859952e-01 2.484417262523334613e-01
4.183182659526312186e-01 2.662196108236757897e-01
4.634736146301292603e-01 2.905043610461794379e-01
4.581867449910183021e-01 2.755701909096481272e-01
4.385754580645687684e-01 2.584034599322981851e-01
4.607832312512709638e-01 2.152890435806338876e-01
4.458594194855026727e-01 2.151236713498756170e-01
4.993860541570991907e-01 2.544938701431259109e-01
4.513060078194577329e-01 2.380677627761427773e-01
4.521633277933335693e-01 2.881008080378693048e-01
4.725234458120854408e-01 2.952274937501435104e-01
4.137039905677298846e-01 2.507967983337713314e-01
4.193843116428112028e-01 2.943598546783126046e-01
4.110708807658455255e-01 2.640119061816335599e-01
4.976193207399253748e-01 2.466858836666103172e-01
4.152047440346900431e-01 2.750796678587737465e-01
4.449304075788341750e-01 2.457290786875970801e-01
4.272285550197342241e-01 2.295576160018187595e-01
4.020085656149463560e-01 2.762554147344288280e-01
4.810896627736611086e-01 2.254055065504413924e-01
4.877165756813475195e-01 2.584670847593888432e-01
4.926821303747301317e-01 2.820645353112710696e-01
4.270658102030519543e-01 2.403511055085901793e-01
4.848297862805893144e-01 2.651453725917334303e-01
4.104493833628238275e-01 2.791952910382570763e-01
4.978149510753992479e-01 2.754207616962051630e-01
4.284355542142878059e-01 2.078968682537679635e-01
4.770600059131780979e-01 2.665761056280502861e-01
4.365069450290878228e-01 2.936701256327243770e-01
4.514070581551620776e-01 2.795552910035729033e-01
4.455834931532903775e-01 2.531702321087516694e-01
4.144320717802716936e-01 2.991029505698961088e-01
4.881237814937539055e-01 2.362785672416176097e-01
4.619201645560610525e-01 2.606331911399047407e-01
4.750313032887343301e-01 2.712495367820209058e-01
4.056415614092158117e-01 2.080517594316669272e-01
4.105824603182460786e-01 2.852929227847160187e-01
4.665805313318605041e-01 2.658391804160951111e-01
4.264686001774934954e-01 2.301151063552490939e-01
4.672856068223618098e-01 2.604066672596271337e-01
4.807014207986881615e-01 2.224021086632131661e-01
4.307300726881491126e-01 2.536847368141291192e-01
4.354701347761553709e-01 2.091634731411437520e-01
4.413138183769497735e-01 2.287572457891321465e-01
4.195214464513959962e-01 2.824668796880345223e-01
4.264114545610441787e-01 2.181970691513532568e-01
4.147021619740600129e-01 2.067932503302979952e-01
4.793104219664697796e-01 2.733948774540121418e-01
4.131069544838243957e-01 2.276797363040896915e-01
4.612918135469613601e-01 2.945727689987744924e-01
4.582569254942396864e-01 2.796876691786519542e-01
4.137652431391914409e-01 2.574366965542561614e-01
4.336028498068731363e-01 2.206551838483508665e-01
4.941732854117286688e-01 2.854772899908327721e-01
4.372599607065208449e-01 2.982657584409083018e-01
4.481684857397615351e-01 2.945806654909444156e-01
4.517089047561461124e-01 2.466477733386139848e-01
4.414587939972069441e-01 2.746108633560199186e-01
4.132218007407674198e-01 2.821224880307399707e-01
4.352532043426887709e-01 2.588957342694044317e-01
4.812257514483113674e-01 2.620913400625486389e-01
4.225459651547687767e-01 2.191619614227718615e-01
4.694002730353113439e-01 2.407414747467961913e-01
4.601413512044846832e-01 2.452812417148676483e-01
4.476007954408749989e-01 2.430109269346323875e-01
4.385230101237631573e-01 2.356655903612921987e-01
4.830757855122002620e-01 2.594638223904883190e-01
4.304098991417265596e-01 2.130793786288339708e-01
4.278616148011283871e-01 2.624239188472571316e-01
4.592955357043581044e-01 2.851801723754102125e-01
4.482793891542911080e-01 2.968140867602098720e-01
4.067850195044934725e-01 2.221873664150196548e-01
4.195175615935422542e-01 2.455368237335047166e-01
4.118219592372203142e-01 2.588775065107801199e-01
4.156340389235110289e-01 2.469963466600338109e-01
4.152640939207546955e-01 2.677650929649441625e-01
4.253899866025280252e-01 2.754038212400204966e-01
