[0.4411817  0.23728109] 0
[0.40820733 0.2987307 ] 0
[0.49759912 0.23911801] 0
[0.45564872 0.27571426] 0
[0.45664967 0.26487221] 0
[0.44901715 0.24192813] 0
[0.43042659 0.22611553] 0
[0.41107088 0.26401191] 0
[0.47211317 0.23927921] 0
[0.47146031 0.25108895] 0
[0.40232395 0.26931487] 0
[0.47814594 0.28576127] 0
[0.4749187  0.23560191] 0
[0.47878702 0.27043586] 0
[0.48214297 0.25614526] 0
[0.49761932 0.24668588] 0
[0.46878159 0.27424501] 0
[0.41864595 0.24808228] 0
[0.41871924 0.28969957] 0
[0.49042326 0.28950354] 0
[0.47144722 0.24148191] 0
[0.45002354 0.27848695] 0
[0.42215491 0.26766819] 0
[0.41520474 0.27507967] 0
[0.40258208 0.22733151] 0
[0.43983553 0.29396308] 0
[0.44415282 0.23745927] 0
[0.49347405 0.27186348] 0
[0.44608152 0.25215385] 0
[0.428425   0.20228862] 0
[0.40993696 0.2108838 ] 0
[0.44493041 0.24572908] 0
[0.41599867 0.20607218] 0
[0.44121534 0.2659203 ] 0
[0.42192802 0.21615933] 0
[0.47550844 0.20195588] 0
[0.48389712 0.20832307] 0
[0.42011021 0.27233918] 0
[0.46955587 0.26903597] 0
[0.42722856 0.22955762] 0
[0.4167576  0.21120592] 0
[0.48990921 0.2659212 ] 0
[0.40595224 0.29751734] 0
[0.43720926 0.20595519] 0
[0.46450798 0.29594569] 0
[0.49708697 0.29568376] 0
[0.41971781 0.2040185 ] 0
[0.40200857 0.27625541] 0
[0.46074047 0.21711842] 0
[0.47228208 0.20802686] 0
[0.46592045 0.28611477] 0
[0.41151443 0.25106592] 0
[0.42391189 0.27965949] 0
[0.42788299 0.26911443] 0
[0.40141836 0.239724  ] 0
[0.48108966 0.22540551] 0
[0.41316078 0.28407838] 0
[0.42348142 0.23604986] 0
[0.47996044 0.24342174] 0
[0.48771922 0.22873244] 0
[0.44532312 0.21098692] 0
[0.46942896 0.27465217] 0
[0.4802326  0.20292631] 0
[0.48771658 0.25846708] 0
[0.46382541 0.23269301] 0
[0.42240085 0.22243455] 0
[0.44130505 0.22093542] 0
[0.43542945 0.28838015] 0
[0.42063393 0.26166332] 0
[0.4707342  0.29143024] 0
[0.46470794 0.29139073] 0
[0.49268213 0.28206454] 0
[0.47597758 0.26571753] 0
[0.41075345 0.25314389] 0
[0.44054406 0.22426556] 0
[0.40994589 0.20503509] 0
[0.49075293 0.26793561] 0
[0.43843474 0.27401971] 0
[0.44888182 0.22240837] 0
[0.42706581 0.24035111] 0
[0.47091393 0.28848656] 0
[0.41965762 0.20810679] 0
[0.40664909 0.2593799 ] 0
[0.47899203 0.2808575 ] 0
[0.43201098 0.253048  ] 0
[0.426732   0.23380911] 0
[0.44703548 0.23099851] 0
[0.48482979 0.26514537] 0
[0.41092852 0.21450569] 0
[0.45195814 0.24854147] 0
[0.46515238 0.23906099] 0
[0.47091466 0.2963845 ] 0
[0.48902434 0.28499346] 0
[0.42143535 0.21302339] 0
[0.43903267 0.29571048] 0
[0.41044938 0.27919529] 0
[0.43921589 0.27027778] 0
[0.47981071 0.2702839 ] 0
[0.47247612 0.26622409] 0
[0.47454407 0.28378713] 0
[0.42814122 0.21261145] 0
[0.47682339 0.29193052] 0
[0.47252139 0.2162886 ] 0
[0.49781495 0.27542076] 0
[0.42956654 0.28068118] 0
[0.47070679 0.25746651] 0
[0.42120395 0.28361267] 0
[0.45173494 0.29240163] 0
[0.48115225 0.2160558 ] 0
[0.45708749 0.24756098] 0
[0.45270511 0.29220611] 0
[0.42843555 0.20789687] 0
[0.48256814 0.25389867] 0
[0.45215871 0.26927611] 0
[0.46972143 0.26380191] 0
[0.44145323 0.27549674] 0
[0.42826465 0.22046349] 0
[0.49214325 0.28542439] 0
[0.48760078 0.20975923] 0
[0.47706001 0.26657611] 0
[0.40105749 0.25710036] 0
[0.48734717 0.22722882] 0
[0.48238399 0.25144324] 0
[0.47538748 0.22694956] 0
[0.41608851 0.23873115] 0
[0.49919049 0.28651224] 0
[0.44594613 0.26947921] 0
[0.43650695 0.29367013] 0
[0.43811455 0.2154822 ] 0
[0.49937185 0.29323016] 0
[0.4885595  0.23430536] 0
[0.4405328  0.24573043] 0
[0.47830827 0.27561715] 0
[0.4360696  0.28346768] 0
[0.46155448 0.22970429] 0
[0.45140706 0.27955529] 0
[0.48890569 0.28234922] 0
[0.41539917 0.23722737] 0
[0.45490163 0.29652119] 0
[0.42458636 0.24661982] 0
[0.49548977 0.28075606] 0
[0.44961204 0.25608685] 0
[0.44971199 0.29205824] 0
[0.44558349 0.25317023] 0
[0.46356372 0.26525579] 0
[0.43172663 0.25535451] 0
[0.45345893 0.24328424] 0
[0.43768113 0.20497272] 0
[0.4579587  0.21778853] 0
[0.40101761 0.25315985] 0
[0.45884241 0.21878684] 0
[0.41443207 0.29910295] 0
[0.42799437 0.29521174] 0
[0.47924635 0.27750278] 0
[0.49410378 0.26734308] 0
[0.40681782 0.21596573] 0
[0.48554636 0.20185505] 0
[0.43971913 0.2624814 ] 0
[0.4947195  0.27389323] 0
[0.48812378 0.23627857] 0
[0.44823429 0.26883147] 0
[0.44419619 0.23779053] 0
[0.46849003 0.20331283] 0
[0.40467361 0.28247399] 0
[0.46575099 0.2567369 ] 0
[0.49630708 0.26458583] 0
[0.47773865 0.24902466] 0
[0.46192016 0.26063319] 0
[0.49062783 0.29181219] 0
[0.45377374 0.23333433] 0
[0.43631243 0.24208062] 0
[0.40868804 0.23437695] 0
[0.47757827 0.2615062 ] 0
[0.41647451 0.28394704] 0
[0.42921182 0.28255044] 0
[0.4750313  0.27124954] 0
[0.447414   0.24632657] 0
[0.43489245 0.25688715] 0
[0.49709059 0.25056635] 0
[0.47634486 0.27329144] 0
[0.47551084 0.23048447] 0
[0.43573415 0.23710207] 0
[0.48300086 0.28730734] 0
[0.40564156 0.20805176] 0
[0.45160775 0.28184238] 0
[0.41065822 0.23184459] 0
[0.43242055 0.23984346] 0
[0.45338271 0.21850324] 0
[0.44552973 0.22210834] 0
[0.41848505 0.25718301] 0
[0.4397152  0.25548343] 0
[0.41058246 0.28529292] 0
[0.43278278 0.27900161] 0
[0.44649742 0.22138103] 0
[0.45462824 0.2930176 ] 0
[0.45093371 0.2659504 ] 0
[0.46291225 0.26009564] 0
[0.45377711 0.2445478 ] 0
[0.44018882 0.27472992] 0
[0.46658053 0.26583918] 0
[0.44938693 0.27961548] 0
[0.48515512 0.29228765] 0
[0.43041292 0.21556281] 0
[0.42118554 0.29068054] 0
[0.46747098 0.28689696] 0
[0.48815053 0.26590138] 0
[0.4568821  0.26954498] 0
[0.4264686  0.23011511] 0
[0.46660611 0.27883654] 0
[0.43632362 0.28297019] 0
[0.43661776 0.228886  ] 0
[0.46935761 0.2984772 ] 0
[0.43408031 0.20531794] 0
[0.42040184 0.2748439 ] 0
[0.41901285 0.28753014] 0
[0.46728561 0.26040667] 0
[0.41748556 0.23001772] 0
[0.42773706 0.28592385] 0
[0.41318008 0.20200924] 0
[0.4488247  0.20544292] 0
[0.41220203 0.27671194] 0
[0.47114443 0.23318986] 0
[0.43360317 0.27525299] 0
[0.48070142 0.22240211] 0
[0.40742338 0.24156837] 0
[0.44345213 0.20029919] 0
[0.46539871 0.25481883] 0
[0.49129589 0.28025484] 0
[0.49405414 0.2780841 ] 0
[0.40700872 0.27182306] 0
[0.41502513 0.28564946] 0
[0.43073007 0.25368474] 0
[0.46245176 0.28549358] 0
[0.44540765 0.29709776] 0
[0.45222843 0.28591776] 0
[0.46090681 0.22956175] 0
[0.46457623 0.20347777] 0
[0.47167661 0.23481427] 0
[0.44688315 0.2361139 ] 0
[0.43547013 0.20916347] 0
[0.48721879 0.29554004] 0
[0.40041911 0.23926482] 0
[0.48731593 0.229902  ] 0
[0.4899209  0.26487527] 0
[0.44252397 0.26879488] 0
[0.4796334  0.26992018] 0
[0.45126389 0.21614846] 0
[0.44131382 0.22875725] 0
[0.40192458 0.28194021] 0
[0.41073066 0.29382409] 0
[0.44170697 0.22501803] 0
[0.4917481  0.26805024] 0
[0.45070687 0.29065518] 0
[0.48713944 0.20152403] 0
[0.46174545 0.24910803] 0
[0.41952145 0.28246688] 0
[0.41907229 0.27277842] 0
[0.40423716 0.28784628] 0
[0.44882443 0.24080232] 0
[0.44595368 0.24830806] 0
[0.48636847 0.24773681] 0
[0.49354013 0.26780806] 0
[0.48978447 0.2976212 ] 0
[0.42641145 0.21819707] 0
[0.43480642 0.25849597] 0
[0.46524303 0.29845486] 0
[0.44561801 0.20089523] 0
[0.49835916 0.28624785] 0
[0.42285819 0.2941841 ] 0
[0.44783187 0.26788476] 0
[0.48860914 0.25859346] 0
[0.41470216 0.20679325] 0
[0.45181531 0.20493744] 0
[0.46849167 0.27244809] 0
[0.40448956 0.21483609] 0
[0.41539782 0.29962376] 0
[0.4432734  0.24726707] 0
[0.40938461 0.21407785] 0
[0.48844834 0.26842495] 0
[0.47931042 0.27339488] 0
[0.48440574 0.28489237] 0
[0.42299199 0.21075774] 0
[0.42558303 0.28646564] 0
[0.47372752 0.23206882] 0
[0.42077358 0.26229412] 0
[0.43493538 0.25106433] 0
[0.45929939 0.29135742] 0
[0.41310695 0.22767974] 0
[0.42426822 0.28199572] 0
[0.40614814 0.21964749] 0
[0.42603637 0.27106291] 0
[0.41962538 0.22367973] 0
[0.43416241 0.25987019] 0
[0.48585314 0.28517426] 0
[0.49403206 0.23356552] 0
[0.46129181 0.29457277] 0
[0.4628817  0.25288804] 0
[0.42001924 0.24353604] 0
[0.40529998 0.26631482] 0
[0.42292943 0.2210894 ] 0
[0.49479371 0.27857468] 0
[0.48962166 0.29119978] 0
[0.41699016 0.23030869] 0
[0.45825693 0.27968767] 0
[0.43418051 0.26314176] 0
[0.45177885 0.24865337] 0
[0.47223567 0.24124932] 0
[0.4533397  0.28556408] 0
[0.4325563  0.21670267] 0
[0.43731618 0.23835891] 0
[0.43135535 0.28061413] 0
[0.41376524 0.2574367 ] 0
[0.45167048 0.2056597 ] 0
[0.46888128 0.20310487] 0
[0.4283503  0.26455443] 0
[0.48263817 0.21563592] 0
[0.48170938 0.20551969] 0
[0.41141313 0.21012004] 0
[0.4382703  0.21143766] 0
[0.43360285 0.22065518] 0
[0.4320712  0.27534763] 0
[0.47921393 0.24193679] 0
[0.40501188 0.23934784] 0
[0.4298067  0.28715808] 0
[0.47000497 0.28549592] 0
[0.45225402 0.20173312] 0
[0.47922039 0.25281688] 0
[0.49417329 0.28547729] 0
[0.40310805 0.24642784] 0
[0.42436828 0.29431655] 0
[0.4172288  0.26375224] 0
[0.4395463  0.29599862] 0
[0.46822341 0.26754798] 0
[0.42366612 0.26485222] 0
[0.41027854 0.28748843] 0
[0.43725996 0.29826576] 0
[0.48697179 0.22827143] 0
[0.40155367 0.2337402 ] 0
[0.44980199 0.2517032 ] 0
[0.43631094 0.21376292] 0
[0.47646111 0.2991581 ] 0
[0.40437419 0.27990422] 0
[0.49626721 0.27614049] 0
[0.44816849 0.29458067] 0
[0.49857337 0.29204379] 0
[0.43088058 0.28876243] 0
[0.49669611 0.27553768] 0
[0.42636648 0.28559338] 0
[0.44146286 0.22155208] 0
[0.43264888 0.24466621] 0
[0.44642407 0.28747361] 0
[0.4517089  0.24664777] 0
[0.49964934 0.28861649] 0
[0.4962564 0.2441969] 0
[0.46197582 0.24915549] 0
[0.43836186 0.28204036] 0
[0.44371974 0.2583429 ] 0
[0.47364128 0.22587033] 0
[0.4327682  0.25647943] 0
[0.44145879 0.27461086] 0
[0.4154161  0.21784613] 0
[0.43464744 0.25992363] 0
[0.44814029 0.29642213] 0
[0.48937507 0.25212328] 0
[0.46372784 0.23053696] 0
[0.45662358 0.24295522] 0
[0.46150552 0.23895989] 0
[0.4132218  0.28212249] 0
[0.433264   0.26389922] 0
[0.43540422 0.2873651 ] 0
[0.45755709 0.2770383 ] 0
[0.41956868 0.28639919] 0
[0.42662726 0.28468868] 0
[0.48062747 0.2674992 ] 0
[0.46685915 0.21378583] 0
[0.4352532  0.25889573] 0
[0.42673091 0.26434535] 0
[0.45419843 0.29814413] 0
[0.47616827 0.28799609] 0
[0.4811477  0.29006707] 0
[0.49388933 0.28132507] 0
[0.41511643 0.27568193] 0
[0.40997205 0.24547975] 0
[0.48122575 0.26209134] 0
[0.4479551  0.24453339] 0
[0.40492082 0.20740307] 0
[0.42657398 0.20903357] 0
[0.46986633 0.2892194 ] 0
[0.43339362 0.29026346] 0
[0.46939089 0.26404975] 0
[0.46278661 0.27146953] 0
[0.42254597 0.21916196] 0
[0.45778295 0.27916853] 0
[0.43707133 0.20415198] 0
[0.49939612 0.24227606] 0
[0.43965736 0.23945229] 0
[0.43079378 0.27092069] 0
[0.45641663 0.28502236] 0
[0.47731401 0.29077949] 0
[0.46940027 0.24074147] 0
[0.49541264 0.27418141] 0
[0.45229335 0.29768511] 0
[0.41831358 0.20656675] 0
[0.47856021 0.20011713] 0
[0.48461914 0.28322255] 0
[0.49275048 0.22890105] 0
[0.45276252 0.26607071] 0
[0.46014135 0.24528124] 0
[0.46897554 0.27809098] 0
[0.42096594 0.26410544] 0
[0.46720829 0.29905384] 0
[0.40495161 0.24271047] 0
[0.47742222 0.20349018] 0
[0.43904494 0.24571107] 0
[0.46168728 0.24844173] 0
[0.4476008  0.24301093] 0
[0.48478007 0.24897565] 0
[0.45101954 0.27989559] 0
[0.42417677 0.27376426] 0
[0.45285122 0.26250704] 0
[0.49182582 0.25856656] 0
[0.45014223 0.24426083] 0
[0.41831827 0.26621961] 0
[0.43852301 0.23566559] 0
[0.40635788 0.24262079] 0
[0.48968148 0.24679325] 0
[0.49937671 0.27798938] 0
[0.42039405 0.29696521] 0
[0.45132026 0.24016258] 0
[0.417788   0.28267205] 0
[0.46347361 0.29050436] 0
[0.48307579 0.25946382] 0
[0.45994952 0.20940016] 0
[0.46500509 0.2757499 ] 0
[0.42112696 0.29479916] 0
[0.49100631 0.28564083] 0
[0.48633052 0.28370258] 0
[0.45245595 0.24873302] 0
[0.45818674 0.27557019] 0
[0.4304099  0.21307938] 0
[0.46592459 0.29578814] 0
[0.43427895 0.29318477] 0
[0.43803901 0.29280559] 0
[0.45354171 0.28009653] 0
[0.45998066 0.24395836] 0
[0.41157185 0.20288217] 0
[0.43857546 0.25840346] 0
[0.42786161 0.26242392] 0
[0.40898715 0.28200045] 0
[0.44778646 0.27070414] 0
[0.43695753 0.28595331] 0
[0.42381798 0.28096518] 0
[0.45166011 0.2044071 ] 0
[0.44962756 0.25322769] 0
[0.46078323 0.21528904] 0
[0.45929554 0.28518017] 0
[0.49540447 0.21661809] 0
[0.45396282 0.27296802] 0
[0.46534465 0.26457036] 0
[0.48935421 0.28829328] 0
[0.43249912 0.21988155] 0
[0.43640499 0.29944366] 0
[0.44585942 0.21512367] 0
[0.44827939 0.29681409] 0
[0.48929214 0.29740431] 0
[0.46043448 0.26849858] 0
[0.41684067 0.20492132] 0
[0.44740624 0.25037584] 0
[0.41626427 0.24191602] 0
[0.46093372 0.20265396] 0
[0.49938605 0.25449387] 0
[0.40678502 0.22218737] 0
[0.41526607 0.24980337] 0
[0.49191588 0.25546312] 0
[0.49118425 0.29370434] 0
[0.40350254 0.25933572] 0
[0.43597944 0.2744932 ] 0
[0.43959429 0.29097157] 0
[0.45130601 0.23806776] 0
[0.41951756 0.24553682] 0
[0.47661433 0.23656779] 0
[0.41238006 0.24960512] 0
[0.41119084 0.28396132] 0
[0.41726956 0.27885611] 0
[0.4856132  0.24608731] 0
[0.43779807 0.25043068] 0
[0.45216333 0.28810081] 0
[0.41182196 0.25887751] 0
[0.4026847  0.24143581] 0
[0.43361781 0.20553591] 0
[0.42763899 0.29809663] 0
[0.41170152 0.27359872] 0
[0.43740004 0.23339062] 0
[0.43966638 0.23698885] 0
[0.47252345 0.29522749] 0
[0.41563404 0.24699635] 0
[0.43917527 0.23658185] 0
[0.47725963 0.29501382] 0
[0.47220046 0.29699517] 0
[0.42061853 0.29344322] 0
[0.48207491 0.29991195] 0
[0.48003513 0.2445033 ] 0
[0.41370399 0.2507968 ] 0
[0.41526409 0.26776509] 0
[0.48340455 0.27950041] 0
[0.46999045 0.29066919] 0
[0.40908709 0.24781302] 0
[0.46943486 0.29251651] 0
[0.42475611 0.21766463] 0
[0.40887676 0.25137954] 0
[0.41938431 0.29435985] 0
[0.42538999 0.27540382] 0
