4.989042196229355186e-01 3.589928486035598443e-01
4.148751398084084552e-01 3.072342678926979764e-01
4.732581373110508749e-01 3.298429586127071267e-01
4.587294313790681866e-01 3.392727811459999576e-01
4.518913380199486296e-01 3.069508957584014541e-01
4.753964808946860021e-01 3.371962351098834465e-01
4.523550594992933327e-01 3.819540061918512697e-01
4.002200603432723991e-01 3.583553202876499921e-01
4.925529799590089297e-01 3.977243132770371670e-01
4.829807278385933600e-01 3.382749156669978552e-01
4.348613207456615282e-01 3.911873031863922767e-01
4.606815708833389422e-01 3.238794711838833273e-01
4.185574188320968503e-01 3.720953305112520426e-01
4.152029385394778171e-01 3.327550984913417720e-01
4.994393769120226145e-01 3.429321364103924963e-01
4.274727472146583329e-01 3.191063874484070251e-01
4.112643878266949993e-01 3.892614717518841361e-01
4.328407680685837366e-01 3.012837020254754972e-01
4.855718053827457470e-01 3.527531427332137315e-01
4.391526200381882794e-01 3.817131535944094378e-01
4.908616348908622085e-01 3.953638338443763445e-01
4.953730306983927800e-01 3.953134624956817778e-01
4.812099220736817951e-01 3.128754387168139472e-01
4.761810595762228093e-01 3.219884557676183645e-01
4.597723768199237782e-01 3.301595501061685423e-01
4.336716232964866746e-01 3.167132161849057770e-01
4.365106508239005589e-01 3.798887486377594547e-01
4.163911451661823637e-01 3.362245700265592552e-01
4.646231868960294942e-01 3.741643055704544918e-01
4.047082820964559291e-01 3.106837293316029869e-01
4.304002817786130586e-01 3.796124705591018555e-01
4.939086454750242217e-01 3.044409697559120609e-01
4.644367139553940982e-01 3.598962632639933767e-01
4.450392929491308047e-01 3.927034374935010064e-01
4.566221039427946771e-01 3.201144392790991056e-01
4.248396579545462570e-01 3.343726536190916310e-01
4.056543097769645390e-01 3.034267793869984131e-01
4.924107291990232893e-01 3.079292552843432840e-01
4.521683250142982669e-01 3.049968556847055812e-01
4.616756830908971820e-01 3.767826134523414860e-01
4.523142384125857784e-01 3.408035022762533339e-01
4.546249659747949035e-01 3.761464287683277674e-01
4.898567582905974938e-01 3.819688438016486942e-01
4.974697406078956718e-01 3.443581438298301545e-01
4.866470666380031673e-01 3.567961632915266912e-01
4.633389687470954588e-01 3.459945823386301744e-01
4.996737509059381299e-01 3.889616423351583974e-01
4.899078586446057315e-01 3.506603838332325029e-01
4.879288418581177456e-01 3.186959278296124243e-01
4.537766246695702499e-01 3.947411730843935485e-01
4.441513181007008537e-01 3.647921702356587970e-01
4.224302351393575128e-01 3.897298701294239498e-01
4.685855235304106081e-01 3.191329779712303027e-01
4.978125059256894858e-01 3.583216420147484205e-01
4.336511765644245897e-01 3.202484480246405862e-01
4.482210845511996888e-01 3.471855664976382649e-01
4.807734816642400544e-01 3.556563851216832939e-01
4.922630759393932243e-01 3.566472057873235069e-01
4.770029281805794885e-01 3.302665651252600365e-01
4.283382695581267052e-01 3.725022234809214350e-01
4.702383353060844984e-01 3.265236641892892977e-01
4.597560954092043684e-01 3.399193807047761751e-01
4.059153517142802814e-01 3.911069652534155394e-01
4.253272918983856954e-01 3.031528796137738513e-01
4.550948675781867347e-01 3.566079307887757843e-01
4.891581967325869251e-01 3.450434944929216541e-01
4.397292643360697362e-01 3.056540142123496673e-01
4.316262536936758543e-01 3.243158342942140115e-01
4.108278961257749717e-01 3.498107670597066510e-01
4.335720056302595493e-01 3.994755313095409432e-01
4.957284925147749655e-01 3.610281366736806663e-01
4.481857053658465095e-01 3.921153435177897051e-01
4.725144614981448554e-01 3.451108176426212482e-01
4.716734055688982519e-01 3.613261294491871278e-01
4.591199928321165746e-01 3.275268118326938316e-01
4.869213893469777066e-01 3.686256575812913439e-01
4.303554659658612169e-01 3.433079751286347570e-01
4.819052027120722115e-01 3.405645678628326789e-01
4.541096129296359196e-01 3.154899345517933051e-01
4.940613821268717842e-01 3.339627170969864389e-01
4.571649077168601916e-01 3.655545055931554987e-01
4.834855155862030074e-01 3.932368150790706007e-01
4.228468364173233462e-01 3.453917927419338785e-01
4.162402510679058532e-01 3.602688977676872240e-01
4.445848373521887886e-01 3.657428471224536404e-01
4.720187503889394232e-01 3.347021279400504978e-01
4.167606151739544629e-01 3.611113421453678307e-01
4.164790165610390282e-01 3.141294681399505184e-01
4.644667855204423490e-01 3.465398702770727812e-01
4.171048528992279403e-01 3.225134521303845148e-01
4.333334751547635033e-01 3.267742168208033759e-01
4.614142696973669855e-01 3.239006292075761739e-01
4.661157134717435202e-01 3.713734383432417685e-01
4.801083455188988602e-01 3.010770300447657699e-01
4.211007190542117584e-01 3.198539871049943528e-01
4.987593536304218422e-01 3.361630975381826314e-01
4.718152755089751182e-01 3.643327952342962917e-01
4.562458684930292829e-01 3.875006314420297304e-01
4.705746995254984633e-01 3.119877980437504861e-01
4.844612168724347079e-01 3.969738237208646492e-01
4.343271530692409121e-01 3.666137023998957689e-01
4.198143997541816663e-01 3.047756579895086748e-01
4.622640593207337778e-01 3.616760375227553448e-01
4.701337083163154018e-01 3.089663283381097747e-01
4.611053560530001816e-01 3.259551441089806323e-01
4.567056870681945324e-01 3.363687027848156763e-01
4.504466679757284098e-01 3.406131776649423681e-01
4.406829151055757232e-01 3.109948023200911904e-01
4.818734995190203096e-01 3.572502582630467938e-01
4.851995854642250916e-01 3.439455602362150866e-01
4.742610473726174836e-01 3.578819471232294602e-01
4.956800005992310076e-01 3.609557387421895025e-01
4.086772297235275464e-01 3.535206672562886121e-01
4.993979885651899098e-01 3.676793769563227454e-01
4.050253892688236990e-01 3.354213944621267096e-01
4.364506890077604062e-01 3.465687457022977869e-01
4.386281204119394928e-01 3.050140921031075925e-01
4.778622018399349414e-01 3.112363365267187820e-01
4.326963847041199740e-01 3.201230371307801637e-01
4.374329365165638972e-01 3.273599989120257736e-01
4.711793472152264739e-01 3.690576054120572325e-01
4.990030996045181633e-01 3.481845805418901096e-01
4.733723707707849782e-01 3.414588675575986887e-01
4.786505055447201618e-01 3.069260303719127947e-01
4.860391942690545086e-01 3.529951932192496589e-01
4.428692119656196247e-01 3.051817484386278867e-01
4.946466887145413160e-01 3.633174689163932158e-01
4.196417294967871858e-01 3.472365598474306814e-01
4.226520837571776656e-01 3.664076740718015257e-01
4.688200351449015590e-01 3.129386149170184650e-01
4.775628670527724551e-01 3.800233920234806217e-01
4.525851862686383065e-01 3.993137426301261450e-01
4.939108565545389795e-01 3.532163708184970496e-01
4.908704827758862965e-01 3.194764008252569676e-01
4.562121160561402045e-01 3.669073631193446872e-01
4.442497212492007574e-01 3.600885749036530359e-01
4.910995893452168581e-01 3.661224682714626644e-01
4.072024207989969335e-01 3.348412295513839010e-01
4.842056518718764746e-01 3.306293791275095595e-01
4.078559666944966411e-01 3.025824409218003108e-01
4.507610742604540865e-01 3.386222887956581440e-01
4.355926159682830257e-01 3.641793602549061037e-01
4.010759696866562640e-01 3.064913580367523149e-01
4.940545517386895624e-01 3.559673787325242644e-01
4.086831633821939036e-01 3.105334578589051819e-01
4.963257565112852432e-01 3.949193807685830171e-01
4.963582069269770192e-01 3.425218749031883059e-01
4.366464424735757022e-01 3.715862794061651764e-01
4.721366394567172997e-01 3.525526776531307527e-01
4.959243447209197297e-01 3.119405459588865392e-01
4.869575582944143943e-01 3.099164641399396736e-01
4.888607266825344966e-01 3.392249030652841335e-01
4.002528310914208465e-01 3.484011669311612991e-01
4.730055894803901206e-01 3.424766908056872117e-01
4.991968988110041527e-01 3.591101917365274732e-01
4.331791538523566687e-01 3.388517591534590534e-01
4.877753678615667221e-01 3.026405722570708612e-01
4.327136486346569444e-01 3.505790059715810925e-01
4.684278930990878331e-01 3.635580036395796300e-01
4.894897332675338664e-01 3.961033879453045858e-01
4.810627574662027506e-01 3.271924731071582659e-01
4.218494876203151556e-01 3.044329757396623259e-01
4.648653348697320831e-01 3.412312979606357821e-01
4.756617782037745323e-01 3.551726674184562116e-01
4.998092766497945760e-01 3.001534082106007140e-01
4.271745658925168998e-01 3.496815230813440922e-01
4.564632689255959663e-01 3.797097518101320013e-01
4.982487291066503010e-01 3.959730884895390490e-01
4.931530095004537650e-01 3.878615791461266227e-01
4.585322880869242002e-01 3.326522520380221781e-01
4.283757153533228057e-01 3.009615047219625916e-01
4.148348362191237593e-01 3.818700612107261971e-01
4.521619689010966114e-01 3.149010042081887839e-01
4.718412252245905991e-01 3.154279056256469871e-01
4.272397259412323844e-01 3.687043180907378925e-01
4.287209661071470501e-01 3.111190079572676570e-01
4.484311031763088540e-01 3.475736496706924306e-01
4.023241135683178760e-01 3.283922164857041026e-01
4.378371007193321285e-01 3.258455023920264759e-01
4.738181115866714199e-01 3.134802052960394825e-01
4.954326507030212823e-01 3.229145034066512876e-01
4.913404409758424518e-01 3.202852299622219734e-01
4.804819721097678964e-01 3.845599219717805162e-01
4.649907150607529016e-01 3.421767929912669093e-01
4.501671947319090261e-01 3.464937077453770220e-01
4.505866930261414049e-01 3.320523659230776858e-01
4.876578469278429195e-01 3.075283103095933779e-01
4.574036478593048738e-01 3.838282393399778947e-01
4.234755654536508374e-01 3.365719729157304885e-01
4.961988645856720836e-01 3.788526934867003648e-01
4.272862531000327646e-01 3.156963511432375746e-01
4.508732749517309624e-01 3.000326343725864819e-01
4.823041532572893697e-01 3.606334999734659430e-01
4.638754206566194638e-01 3.891018347602105409e-01
4.005334227872171526e-01 3.682968049806153443e-01
4.714899377046025686e-01 3.028904686661896828e-01
4.401090436250821858e-01 3.309901553990232670e-01
4.915349484225998711e-01 3.402629633227305384e-01
4.510294983465372165e-01 3.711045704556412694e-01
4.286839396599227969e-01 3.015365311242780844e-01
4.367037608269841997e-01 3.550330969450468110e-01
4.602375749939622285e-01 3.148718227078720622e-01
4.496088668148713330e-01 3.671127473395104368e-01
4.881387768973395880e-01 3.347447395950123306e-01
4.728985599141742879e-01 3.212094594370260014e-01
4.487090330803659155e-01 3.556842700770536658e-01
4.013226754400521235e-01 3.684887066986287651e-01
4.763375396955245589e-01 3.730568249056834262e-01
4.810123135728731070e-01 3.918350400173347681e-01
4.220412530139588947e-01 3.261344121286796072e-01
4.224982180924412578e-01 3.156474206335727617e-01
4.517307394979624968e-01 3.180866991170763769e-01
4.053546246617127924e-01 3.894435308078626479e-01
4.843874924582239894e-01 3.652995390551858623e-01
4.460329474305070319e-01 3.476332688318914399e-01
4.378915684838161626e-01 3.854768924981876732e-01
4.738376037562354592e-01 3.273238742095123666e-01
4.530976583115598477e-01 3.551916684678390057e-01
4.235223289727360063e-01 3.686107008076081049e-01
4.862212511437563056e-01 3.330866333897151144e-01
4.220754775794725022e-01 3.519175207557528884e-01
4.796072036702240249e-01 3.115558555159161913e-01
4.176706100925489662e-01 3.408565526760985454e-01
4.494997237494766651e-01 3.579600114689186485e-01
4.688927897330993910e-01 3.375801339855313832e-01
4.762080116709314082e-01 3.287897148091020738e-01
4.790407622968654300e-01 3.966867416472247831e-01
4.266015706821549847e-01 3.354154655317524436e-01
4.787543128279190263e-01 3.271903761668281674e-01
4.435698202072849705e-01 3.770915036557645483e-01
4.473755489153972142e-01 3.356998329959451910e-01
4.115279482602380301e-01 3.810359489899926011e-01
4.355611290970123894e-01 3.188536010150335165e-01
4.025247164564419999e-01 3.764390057386307054e-01
4.783472925044210400e-01 3.224346827676246585e-01
4.195536805913425149e-01 3.335371299658346778e-01
4.383060352171657126e-01 3.226066023184377407e-01
4.379736323899702244e-01 3.596354618926787539e-01
4.859811719532622920e-01 3.038654343221194321e-01
4.016763962491358697e-01 3.643411339223466827e-01
4.189602632940402360e-01 3.419793315759061536e-01
4.769110109563119981e-01 3.121597655971069529e-01
4.823732726312626173e-01 3.257399589772795867e-01
4.112644540492266243e-01 3.200179046815091466e-01
4.470768944586950289e-01 3.822751084695436008e-01
4.089336580316986769e-01 3.089740359547166193e-01
4.843387773827692588e-01 3.761512446840958868e-01
4.036311485683105604e-01 3.171669971881218575e-01
4.245271851901625260e-01 3.266777507641882572e-01
4.686643117439492356e-01 3.213287234470499909e-01
4.079391471517075374e-01 3.760186057522897918e-01
4.084409563353978978e-01 3.513773602217184489e-01
4.275461425950917160e-01 3.873145164358150483e-01
4.951982494335910312e-01 3.349002655281628216e-01
4.516015165091454842e-01 3.560804464055455365e-01
4.939335688211557440e-01 3.713571782376304253e-01
4.381217225142509664e-01 3.822273998587518151e-01
4.676686631816356909e-01 3.984710267318096744e-01
4.473423970651262405e-01 3.791414468062688781e-01
4.653422379761368854e-01 3.064561012246168614e-01
4.358242845108453167e-01 3.327567170771773553e-01
4.449155769944259653e-01 3.366911640451612509e-01
4.240359383008482919e-01 3.804034224513345164e-01
4.300636359027456557e-01 3.063628402957651597e-01
4.498990258112132157e-01 3.040244435668205125e-01
4.970023289851392412e-01 3.688269431767235984e-01
4.215014782155042661e-01 3.524358039739131643e-01
4.636263498072173972e-01 3.390204928319088817e-01
4.813676543038043487e-01 3.861406032968627278e-01
4.234558355139889096e-01 3.694735691295044644e-01
4.661101219036343779e-01 3.981421291544868790e-01
4.993696932271211586e-01 3.851839591685563002e-01
4.613562875376985284e-01 3.541347772405613603e-01
4.570460647410828914e-01 3.659976824581921973e-01
4.442845909882576771e-01 3.195039005761919348e-01
4.267082241674792220e-01 3.389686124805075806e-01
4.472319623606594297e-01 3.201824172832168913e-01
4.224561677911066182e-01 3.330680958472245767e-01
4.940215643166754877e-01 3.754598814405843976e-01
4.943426317632174105e-01 3.372039280705351194e-01
4.363737227132731267e-01 3.721945701684913899e-01
4.060091421028603764e-01 3.774245054671008792e-01
4.002441366198860595e-01 3.665567866496841631e-01
4.581082643171023316e-01 3.093348907254960256e-01
4.690727267512595500e-01 3.821781539400399552e-01
4.216961000783471247e-01 3.733983479328327193e-01
4.731343299037762407e-01 3.914990505185877434e-01
4.159205929924287837e-01 3.800444485643175163e-01
4.277284509050304218e-01 3.588812453093949695e-01
4.753447697109057790e-01 3.793682416873599417e-01
4.793655305965868751e-01 3.808191101528923261e-01
4.043129222824328739e-01 3.293898093037401775e-01
4.345804665005265077e-01 3.582848502340387209e-01
4.502039129067136325e-01 3.007446637144516322e-01
4.720780715631024971e-01 3.981373204914288588e-01
4.610987979434770789e-01 3.253685538775106245e-01
4.229562706847791453e-01 3.723980714928979419e-01
4.821570444470461014e-01 3.095737742911689461e-01
4.897715163141957984e-01 3.270650356311592399e-01
4.253742250962880833e-01 3.009167007648734793e-01
4.758661240032226458e-01 3.032200767703387423e-01
4.298446243900829189e-01 3.524641361689710983e-01
4.299508857759838376e-01 3.170035486701753835e-01
4.193777561722857872e-01 3.147688147489180466e-01
4.564670111244409911e-01 3.589440724134206340e-01
4.296619374702931315e-01 3.036171412797686320e-01
4.066923692424155856e-01 3.133356226158426350e-01
4.126912100521186177e-01 3.384879908416312255e-01
4.682870890282665455e-01 3.186538658345032249e-01
4.728555831631933160e-01 3.207662235412845897e-01
4.656616403854432762e-01 3.407895441228295241e-01
4.688988348544101958e-01 3.979249908590125062e-01
4.966716173519736266e-01 3.168742901819897595e-01
4.928420043720952437e-01 3.466329422327771859e-01
4.765796126577211966e-01 3.730980923310350250e-01
4.717844823968424528e-01 3.265289351575777488e-01
4.386343935710961262e-01 3.936401578330321893e-01
4.065275260968581605e-01 3.030881571116879059e-01
4.248533700893771803e-01 3.155064715864810410e-01
4.930868826682172079e-01 3.143750688851968400e-01
4.468400844515417747e-01 3.927271302509339757e-01
4.368774289767577423e-01 3.280229400648207450e-01
4.445031442508173281e-01 3.364860715806747282e-01
4.919874611235358075e-01 3.152960994238221404e-01
4.397764214852092346e-01 3.693086261412268367e-01
4.383815262917795108e-01 3.707807226561881664e-01
4.656459440995893706e-01 3.298942803368574150e-01
4.788848858137583209e-01 3.011930977087407535e-01
4.787964008119884873e-01 3.021828591434636557e-01
4.790167353784228199e-01 3.408016409433207161e-01
4.110738928406185710e-01 3.916647304459548451e-01
4.354552727631369469e-01 3.410891275439710268e-01
4.816526184846682268e-01 3.049153990827607186e-01
4.493641807562710477e-01 3.773897544560108619e-01
4.508845871793332183e-01 3.125557128783943983e-01
4.622882489783087800e-01 3.271136766610319713e-01
4.341832014280800900e-01 3.939866062535823388e-01
4.888567098704785785e-01 3.595508680956549519e-01
4.740748525069022334e-01 3.326412841711919310e-01
4.026257928175087653e-01 3.621474756107499471e-01
4.767533728493879019e-01 3.071368536865340393e-01
4.849775728890091120e-01 3.365525290140877201e-01
4.493403988436550645e-01 3.633563518561829242e-01
4.374425324968850837e-01 3.209015586381600560e-01
4.819628055476966044e-01 3.041026706507811150e-01
4.147655178348406135e-01 3.089031622036142455e-01
4.197956391407922094e-01 3.326202804941347235e-01
4.315653196249821244e-01 3.777143207990452112e-01
4.932405920412524791e-01 3.557869953020455500e-01
4.135906591207715310e-01 3.642307399166964110e-01
4.806159023325473068e-01 3.137148847774821059e-01
4.827153992054255549e-01 3.749686610942191134e-01
4.700193966701032844e-01 3.932677447448026942e-01
4.419393614806691462e-01 3.404366469067757195e-01
4.544619388079956246e-01 3.325942378807723032e-01
4.411854313211230894e-01 3.237070940017868770e-01
4.763517093583999884e-01 3.448223462443751886e-01
4.335874171147098277e-01 3.067806098662481662e-01
4.091737977173498519e-01 3.734273069233016717e-01
4.546890080260188594e-01 3.296034782706227517e-01
4.591175429825627985e-01 3.474887629474477935e-01
4.260818500105840179e-01 3.502466327744017116e-01
4.864691350095105560e-01 3.473785832390097195e-01
4.705291480333156917e-01 3.450896223529915097e-01
4.479267199874525929e-01 3.039121796958075272e-01
4.339608665035061819e-01 3.642109348378660960e-01
4.709242132268404157e-01 3.091066650819905837e-01
4.195971118410926626e-01 3.814664794121416236e-01
4.760344974260083961e-01 3.311286279961048185e-01
4.856553691981412291e-01 3.610803176360384281e-01
4.248029826125718778e-01 3.141722569360752004e-01
4.275150505791024402e-01 3.206364832872389270e-01
4.637176448418773855e-01 3.490449440094879896e-01
4.408539450768012569e-01 3.095023657414834317e-01
4.892411473112376896e-01 3.634415706735117935e-01
4.858908238068054275e-01 3.425529271691890587e-01
4.457280830002825489e-01 3.982867637146018658e-01
4.520889807852581099e-01 3.098632015743260637e-01
4.352207095748357735e-01 3.110060335371854778e-01
4.632520673507951048e-01 3.955605590453062370e-01
4.853363742760021249e-01 3.280080062306203748e-01
4.419002695469416153e-01 3.248822827775292299e-01
4.312947712271384404e-01 3.402874774432116389e-01
4.052488136039030797e-01 3.299951918823501584e-01
4.221394001330309731e-01 3.128531963182302755e-01
4.503684858339833119e-01 3.538813857675374153e-01
4.902268139004960501e-01 3.475857728910956568e-01
4.266771256761152098e-01 3.292584749978128555e-01
4.688811273121277212e-01 3.239865787730086821e-01
4.583752331653562218e-01 3.515812731337403241e-01
4.825050852115906341e-01 3.449282104581941621e-01
4.456541757696131922e-01 3.976771234578099778e-01
4.995640487850085965e-01 3.205870980345929544e-01
4.915250264043065642e-01 3.293170247489164426e-01
4.202938023173665716e-01 3.376559277000327763e-01
4.301387453586880127e-01 3.994985665318607215e-01
4.447170361974678854e-01 3.141555640290698559e-01
4.729831189984564088e-01 3.493118568056542417e-01
4.648156714041122850e-01 3.318823497915794341e-01
4.889356186884484812e-01 3.595609792719605680e-01
4.706867716414445679e-01 3.243085915755142823e-01
4.863489022236496817e-01 3.290394685603825753e-01
4.231608546962953854e-01 3.330666433268535953e-01
4.164026888464403831e-01 3.656217294215615699e-01
4.634607004542355968e-01 3.624516886478487132e-01
4.067015486678942082e-01 3.371655588676898962e-01
4.098126469617597856e-01 3.298797190664728429e-01
4.937510484742583805e-01 3.822359983096308977e-01
4.740805188692774341e-01 3.855462825371337443e-01
4.739252938496109069e-01 3.061777012662296182e-01
4.186971227435722365e-01 3.703508328288420692e-01
4.629303414500612890e-01 3.902438670278701172e-01
4.623345217100306437e-01 3.548731999176588103e-01
4.424982598000779532e-01 3.305436223599151901e-01
4.016686938059185197e-01 3.954589166861429139e-01
4.779032828150280299e-01 3.240137287718141135e-01
4.901272109982871550e-01 3.569649060453767286e-01
4.196859201618116098e-01 3.152821880623489226e-01
4.958108028560200276e-01 3.857913693013989009e-01
4.558293027453541035e-01 3.227783502095831203e-01
4.829300477426007321e-01 3.481955512928971985e-01
4.995251982907205068e-01 3.013923009010134324e-01
4.632137888750772481e-01 3.192829987975653872e-01
4.814726912273119552e-01 3.245374647258973955e-01
4.166640228709337368e-01 3.213785590510878643e-01
4.522035938280881684e-01 3.234764830560402094e-01
4.855664115234852862e-01 3.038838322798567693e-01
4.510621028838152080e-01 3.017212746755502661e-01
4.733132212723097920e-01 3.358262465117569651e-01
4.166517322845285642e-01 3.006069835698845782e-01
4.274350756561563491e-01 3.381807222470493701e-01
4.318559770691206001e-01 3.167746710464948157e-01
4.563255368308877236e-01 3.156855500207468856e-01
4.178518712583222383e-01 3.447554722351460765e-01
4.738879281414835054e-01 3.878918076770560552e-01
4.966303276904852626e-01 3.454183544423806707e-01
4.430325409476158494e-01 3.397427809566380130e-01
4.118142963527245959e-01 3.988763142120195226e-01
4.634822322566353736e-01 3.432217864335322943e-01
4.760391374872520731e-01 3.012587499507158872e-01
4.422799921950728019e-01 3.976220206058797002e-01
4.749232962063873464e-01 3.132349814009557365e-01
4.605282664695119488e-01 3.218619251490897892e-01
4.498136614208443351e-01 3.469950822089404863e-01
4.531596103235404627e-01 3.759565183510271136e-01
4.772468209995859856e-01 3.337536769728814412e-01
4.917878031747206502e-01 3.432590606854818982e-01
4.889114031783046155e-01 3.975788636929181163e-01
4.416733938805942339e-01 3.031059741746475744e-01
4.154164793026309255e-01 3.888289452556693560e-01
