4.631267717257840366e-01 4.139253415981086204e-01
4.557510914881018338e-01 4.199272312566353915e-01
4.944125531465619061e-01 4.458291342968450643e-01
4.152291755061204848e-01 4.093243445139405079e-01
4.128699515349123494e-01 4.281934520343264050e-01
4.285820740130132922e-01 4.238298315354754875e-01
4.718622816029027778e-01 4.209611432541611742e-01
4.799345240423367742e-01 4.222645781653280861e-01
4.980853932446930865e-01 4.562191912571854635e-01
4.572520791083652947e-01 4.434220683780565331e-01
4.856888634292472751e-01 4.142599046940773078e-01
4.477252547840852026e-01 4.452739339787360473e-01
4.198963567312549161e-01 4.008085405163877568e-01
4.755401553452160979e-01 4.190208361517666624e-01
4.980306699750417510e-01 4.363891837383310213e-01
4.743878511289278954e-01 4.064044419436073641e-01
4.274464823688931547e-01 4.249869352002795253e-01
4.839161570623489728e-01 4.704056085590849201e-01
4.976584347334784275e-01 4.345686060421273256e-01
4.864728776350872863e-01 4.298667693919547839e-01
4.945930516885710393e-01 4.984635046078079168e-01
4.940790152645977984e-01 4.118659724031885627e-01
4.360145594336242159e-01 4.201685327610760190e-01
4.370644751744884871e-01 4.042652214627342477e-01
4.914717835455844064e-01 4.217167467655549284e-01
4.635542022965086217e-01 4.496146098492924681e-01
4.880132602319006141e-01 4.142662876249268988e-01
4.909819084635284603e-01 4.108609038419479553e-01
4.962882087672409459e-01 4.001445739245035327e-01
4.516370156672350755e-01 4.964976873643350275e-01
4.231060947817786855e-01 4.526551017497523199e-01
4.019137984261773600e-01 4.067988546455149623e-01
4.874324490851394409e-01 4.049605293283916052e-01
4.910022195745790130e-01 4.363740396946147460e-01
4.532699324278103292e-01 4.380255839059056244e-01
4.614684909804680490e-01 4.064001980284717708e-01
4.193728430777086125e-01 4.191461429307233866e-01
4.840229421435833790e-01 4.303330835866969739e-01
4.556363230457666225e-01 4.535914247375110175e-01
4.705041068512614277e-01 4.086326545230787866e-01
4.912924849288274887e-01 4.667089368027568241e-01
4.898045106571623508e-01 4.855081295868717839e-01
4.197382458371031744e-01 4.049060197861893973e-01
4.891643710158854463e-01 4.521323350006934971e-01
4.387296876415596181e-01 4.157697899960169918e-01
4.800141999347714572e-01 4.219891993049278422e-01
4.014963470105372134e-01 4.151978769001880565e-01
4.625350699446745817e-01 4.025979735813859373e-01
4.200922482173367056e-01 4.678763374931523833e-01
4.736600897143741773e-01 4.914177121875416554e-01
4.571223922780262017e-01 4.162641073648533641e-01
4.224526750312199708e-01 4.103301450641272385e-01
4.204722762076498199e-01 4.198366449676359524e-01
4.211086491195948911e-01 4.064285650166582498e-01
4.564293985586926894e-01 4.431989245702768754e-01
4.673594891760917136e-01 4.518102473706124833e-01
4.873727462305098568e-01 4.066109078223919537e-01
4.487793060397358147e-01 4.559983442969376410e-01
4.845210513681123543e-01 4.238195165568285350e-01
4.422057280165742066e-01 4.143956976271120918e-01
4.267354593053879763e-01 4.169323086880136198e-01
4.411966573708674400e-01 4.660389127728024050e-01
4.921269414798244979e-01 4.108370115812808310e-01
4.633781647009447835e-01 4.337973628985745678e-01
4.811539650901843768e-01 4.067504319466042073e-01
4.694536563972891430e-01 4.127034522280597084e-01
4.381354758869229760e-01 4.203923452541131756e-01
4.576126838582499357e-01 4.066308864917263510e-01
4.984534499397936802e-01 4.429006393765626548e-01
4.132479098780562077e-01 4.123521265715128781e-01
4.150833652473263635e-01 4.109432535778093087e-01
4.473523595238853012e-01 4.093186268276406969e-01
4.028707243069833410e-01 4.299985569219662018e-01
4.437751083429921639e-01 4.556278244828460555e-01
4.588509149891341066e-01 4.775855416743990389e-01
4.026127436800861492e-01 4.049660687339670662e-01
4.986790906190103900e-01 4.024102267400330168e-01
4.029413192305159042e-01 4.285369548787427707e-01
4.345507241132968157e-01 4.359938165602312288e-01
4.162484173243478081e-01 4.049273117289480806e-01
4.568633382358414097e-01 4.030961379289876301e-01
4.702397729363566592e-01 4.322316478501342374e-01
4.734249758452464540e-01 4.136032700205548585e-01
4.069961270705899081e-01 4.514737585750033810e-01
4.991668744572356209e-01 4.200282532678508707e-01
4.956510260573023241e-01 4.319811239432336247e-01
4.936856987763409421e-01 4.074978799282175101e-01
4.727545925004982275e-01 4.007815666485847750e-01
4.925097003317350230e-01 4.415890654979834351e-01
4.972949707050323132e-01 4.030135969457200318e-01
4.737885063848318312e-01 4.115447872152956932e-01
4.697041297337378740e-01 4.507196168891312027e-01
4.282137178535437849e-01 4.271333016828983142e-01
4.624097271759827210e-01 4.493847776112704362e-01
4.887366553811449132e-01 4.398769749260191819e-01
4.693238995936866997e-01 4.051564211410965122e-01
4.816445240836016994e-01 4.405370782325421231e-01
4.991394435394573836e-01 4.260009197609015419e-01
4.991617667382328705e-01 4.565294122247369746e-01
4.683672836282223306e-01 4.303954581228264242e-01
4.868518453273901203e-01 4.804428181246860330e-01
