4.997292292698286009e-01 6.310099619866029741e-01
4.720803498636513273e-01 6.013796037295522368e-01
4.443029741182374370e-01 6.044750514311196810e-01
4.908241768922598780e-01 6.210428986975760068e-01
4.955169661724502239e-01 6.103997443541102630e-01
4.815933216298838304e-01 6.055382916319109743e-01
4.831588079936673941e-01 6.052768209548688993e-01
4.997353286662859495e-01 6.121326173832533080e-01
4.970430816493345283e-01 6.209687482056599483e-01
4.892650303888023688e-01 6.185532198257115422e-01
4.495547478717356049e-01 6.066602192162443563e-01
4.805434942231181505e-01 6.207727534180597084e-01
4.796875621357945541e-01 6.140690714787602200e-01
4.956153115611425242e-01 6.239781953240589596e-01
4.958983471244339247e-01 6.209451863356328927e-01
4.916712942686317644e-01 6.307777265382512599e-01
4.840504218316130647e-01 6.221988868702337250e-01
4.738892903655055888e-01 6.086008799732089969e-01
4.726464935444252835e-01 6.145631014937139591e-01
4.812878580939611850e-01 6.109479760001634840e-01
4.914917305811719039e-01 6.008649196074954402e-01
4.852326361751333472e-01 6.049848320165622795e-01
4.791514940351417895e-01 6.063445758340173519e-01
4.995864049540542084e-01 6.139718918475487452e-01
4.659094509656103167e-01 6.381412121444085539e-01
4.931301847423349427e-01 6.227936697950251510e-01
4.906407249453849651e-01 6.163283797501910577e-01
4.934247531542483300e-01 6.274005027963116543e-01
4.673769353968609264e-01 6.159884219176122722e-01
4.682141462787915431e-01 6.037674859746207101e-01
4.990173214167573645e-01 6.042185595137954390e-01
4.957586613683303001e-01 6.180116860766963205e-01
4.538268698962412695e-01 6.036549660730887723e-01
4.863339383023114193e-01 6.249573731204022264e-01
4.659350326479622106e-01 6.001768959366640122e-01
4.944781849406339469e-01 6.144671474652061427e-01
4.732404170973397717e-01 6.273444510796170048e-01
4.695355831060312179e-01 6.209513978965953696e-01
4.830605869979578970e-01 6.349307886886906838e-01
4.799950689884077137e-01 6.010656555240146970e-01
4.886951842681674929e-01 6.105553525958822281e-01
4.537170983830708937e-01 6.049967058161423994e-01
4.758218049749604606e-01 6.063452823450559137e-01
4.919418350106948279e-01 6.058008923415411084e-01
4.565868656739812126e-01 6.148678840072416829e-01
4.810513990614093682e-01 6.168518424645722531e-01
4.631485876615050179e-01 6.040259516457801015e-01
4.993550620100474235e-01 6.280921161830783639e-01
4.795501431259118763e-01 6.360600910899816274e-01
4.824363004636154084e-01 6.228815106777443322e-01
4.994458807759267205e-01 6.147354157850908329e-01
4.744244966522873641e-01 6.048957179132825601e-01
4.800056197573847050e-01 6.069265240601421363e-01
4.927998476910607772e-01 6.136884997552846110e-01
4.986854757286591777e-01 6.184795437362835546e-01
4.899819034898812986e-01 6.113742143176318367e-01
4.984064761119240128e-01 6.235308826333250121e-01
4.876134502987025665e-01 6.178925219169743022e-01
4.999631145364046292e-01 6.094476827749882863e-01
4.919144935209121550e-01 6.165963692264216922e-01
4.956438022252608877e-01 6.006201791019423197e-01
4.940942690584617658e-01 6.040133568024549371e-01
4.947240392868283432e-01 6.122576299767478192e-01
4.354198010825836573e-01 6.029977528542211918e-01
4.921834456404646785e-01 6.218511983058543358e-01
4.993091241658493273e-01 6.276269361180532025e-01
4.912253417146484891e-01 6.144966687308714981e-01
4.702675365094881044e-01 6.224620888561153143e-01
4.799289197921112748e-01 6.036411596528378221e-01
4.781489910223054585e-01 6.112473282528545493e-01
4.876300525077251202e-01 6.050089611583070459e-01
4.648420581893586423e-01 6.101671752208959187e-01
4.991912173510034134e-01 6.080866699780252960e-01
4.847392034348091405e-01 6.509869637716847457e-01
4.782348924364843157e-01 6.160747863758919696e-01
4.919830923951013513e-01 6.254228043260410264e-01
4.974384834602845751e-01 6.108021944300370265e-01
4.815763522981467148e-01 6.223431500095445434e-01
4.990939502137618500e-01 6.004652965084448235e-01
4.469921968667557310e-01 6.034836489921421299e-01
4.575024844861956264e-01 6.467101831919443988e-01
4.877434327135664605e-01 6.269340066346293927e-01
4.994300618530336244e-01 6.288125603362493266e-01
4.542864253931171992e-01 6.082367815884461848e-01
4.598662921499787615e-01 6.108393008045703843e-01
4.944135384485193740e-01 6.086259730483881691e-01
4.877369141230859517e-01 6.108509498426035744e-01
4.679700279960695153e-01 6.005674639797451420e-01
4.878228727811682042e-01 6.145255291588418434e-01
4.989326740099276347e-01 6.014510789511429145e-01
4.908308524083478397e-01 6.046069073682734940e-01
4.935907691905777051e-01 6.321330593756850913e-01
4.856099643531732735e-01 6.183915796548934418e-01
4.770585391953073295e-01 6.081684408717150658e-01
4.689946744756466890e-01 6.085616237979054599e-01
4.985998230220916039e-01 6.187518181338911294e-01
4.845516550029541070e-01 6.154729544846052613e-01
4.804489513673216861e-01 6.287647005819545498e-01
4.492677444375886564e-01 6.296846334957312274e-01
4.667021746932005222e-01 6.229663353185644903e-01
4.846236435891001504e-01 6.206377355652697991e-01
4.916579225540381737e-01 6.262232977274129198e-01
4.679195808682629076e-01 6.215923388096082913e-01
4.445187803769861112e-01 6.131948383187403318e-01
4.904133063360718303e-01 6.086223281755007708e-01
4.980755463571235886e-01 6.144153499051835388e-01
4.491398936214229809e-01 6.054095489583527501e-01
4.780467701003033865e-01 6.026096946045117475e-01
4.646854902624404371e-01 6.014333568206622349e-01
4.702420388377080984e-01 6.028839740696647631e-01
4.970133428199471903e-01 6.126172507765825781e-01
4.997185744730234802e-01 6.071666176220759104e-01
4.898816455320988417e-01 6.104249219010692284e-01
4.670553463272283934e-01 6.094398998514383159e-01
4.793745420422051984e-01 6.162229993833565622e-01
4.568812917318711420e-01 6.033874176457760807e-01
4.425806249735300124e-01 6.257377058023902983e-01
4.938360492834983351e-01 6.363946092588842474e-01
4.714669443837830598e-01 6.207639279551580014e-01
4.574400495061379801e-01 6.098453747265667468e-01
4.814749576692213817e-01 6.031392457423260245e-01
4.876593117203656402e-01 6.039725866707210677e-01
4.746155142507761382e-01 6.017768063653795574e-01
4.141270302964378258e-01 6.064041739374643747e-01
4.971926415782852438e-01 6.207030171423013609e-01
4.568822343389343787e-01 6.067172175110759902e-01
4.804231454360861631e-01 6.086510463074230604e-01
4.929922276003658732e-01 6.011284473598691447e-01
4.867278287897111033e-01 6.320327819151028148e-01
4.648440877769612900e-01 6.164122391361721576e-01
4.841726272575438417e-01 6.074101317669440281e-01
4.204969302341746706e-01 6.056642535907043046e-01
4.835768519228582640e-01 6.016078613530300156e-01
4.996520914790441581e-01 6.062767057525264569e-01
4.971695831802887544e-01 6.423238322476403361e-01
4.738997554074461660e-01 6.018286545917566066e-01
4.856541358029174416e-01 6.120388017104491096e-01
4.920067865619419112e-01 6.222724969999394729e-01
4.836118482530292195e-01 6.008664970386099480e-01
4.930862795630732154e-01 6.288454221264113686e-01
4.732440350699206322e-01 6.108961349884782788e-01
4.817123609100858461e-01 6.114647048066881307e-01
4.899329991240723436e-01 6.105379996747809512e-01
4.933012243600644053e-01 6.208983483156726990e-01
4.910778151816553305e-01 6.325313946648534191e-01
4.854779206732525165e-01 6.171314705191885963e-01
4.509433702424751611e-01 6.048732577732327531e-01
4.709468173172557393e-01 6.048358725105004163e-01
4.957795806953228523e-01 6.222267283912591429e-01
4.745421650790022650e-01 6.125273347195537843e-01
4.684587318319484717e-01 6.170378105629393817e-01
4.425728787883248527e-01 6.062084571123580456e-01
