[0.49972923 0.63100996] 0
[0.44430297 0.60447505] 0
[0.49551697 0.61039974] 0
[0.48315881 0.60527682] 0
[0.49704308 0.62096875] 0
[0.44955475 0.60666022] 0
[0.47968756 0.61406907] 0
[0.49589835 0.62094519] 0
[0.48405042 0.62219889] 0
[0.47264649 0.6145631 ] 0
[0.49149173 0.60086492] 0
[0.47915149 0.60634458] 0
[0.46590945 0.63814121] 0
[0.49064072 0.61632838] 0
[0.46737694 0.61598842] 0
[0.49901732 0.60421856] 0
[0.45382687 0.60365497] 0
[0.46593503 0.6001769 ] 0
[0.47324042 0.62734445] 0
[0.48306059 0.63493079] 0
[0.48869518 0.61055535] 0
[0.4758218  0.60634528] 0
[0.45658687 0.61486788] 0
[0.46314859 0.60402595] 0
[0.47955014 0.63606009] 0
[0.49944588 0.61473542] 0
[0.48000562 0.60692652] 0
[0.49868548 0.61847954] 0
[0.49840648 0.62353088] 0
[0.49996311 0.60944768] 0
[0.4956438  0.60062018] 0
[0.49472404 0.61225763] 0
[0.49218345 0.6218512 ] 0
[0.49122534 0.61449667] 0
[0.47992892 0.60364116] 0
[0.48763005 0.60500896] 0
[0.49919122 0.60808667] 0
[0.47823489 0.61607479] 0
[0.49743848 0.61080219] 0
[0.49909395 0.6004653 ] 0
[0.45750248 0.64671018] 0
[0.49943006 0.62881256] 0
[0.45986629 0.6108393 ] 0
[0.48773691 0.61085095] 0
[0.48782287 0.61452553] 0
[0.49083085 0.60460691] 0
[0.48560996 0.61839158] 0
[0.46899467 0.60856162] 0
[0.48455166 0.61547295] 0
[0.44926774 0.62968463] 0
[0.48462364 0.62063774] 0
[0.46791958 0.62159234] 0
[0.49041331 0.60862233] 0
[0.44913989 0.60540955] 0
[0.46468549 0.60143336] 0
[0.49701334 0.61261725] 0
[0.48988165 0.61042492] 0
[0.47937454 0.616223  ] 0
[0.44258062 0.62573771] 0
[0.47146694 0.62076393] 0
[0.48147496 0.60313925] 0
[0.47461551 0.60177681] 0
[0.49719264 0.62070302] 0
[0.48042315 0.60865105] 0
[0.48672783 0.63203278] 0
[0.48417263 0.60741013] 0
[0.48357685 0.60160786] 0
[0.49716958 0.64232383] 0
[0.48565414 0.6120388 ] 0
[0.48361185 0.6008665 ] 0
[0.47324404 0.61089613] 0
[0.489933 0.610538] 0
[0.49107782 0.63253139] 0
[0.45094337 0.60487326] 0
[0.49577958 0.62222673] 0
[0.46845873 0.61703781] 0
[0.47208035 0.6013796 ] 0
[0.49082418 0.6210429 ] 0
[0.48159332 0.60553829] 0
[0.49973533 0.61213262] 0
[0.48926503 0.61855322] 0
[0.48054349 0.62077275] 0
[0.49561531 0.6239782 ] 0
[0.49167129 0.63077773] 0
[0.47388929 0.60860088] 0
[0.48128786 0.61094798] 0
[0.48523264 0.60498483] 0
[0.4995864  0.61397189] 0
[0.49313018 0.62279367] 0
[0.49342475 0.6274005 ] 0
[0.46821415 0.60376749] 0
[0.49575866 0.61801169] 0
[0.48633394 0.62495737] 0
[0.49447818 0.61446715] 0
[0.46953558 0.6209514 ] 0
[0.47999507 0.60106566] 0
[0.4537171  0.60499671] 0
[0.49194184 0.60580089] 0
[0.4810514  0.61685184] 0
[0.49935506 0.62809212] 0
[0.4824363  0.62288151] 0
[0.4744245  0.60489572] 0
[0.49279985 0.6136885 ] 0
[0.4899819  0.61137421] 0
[0.48761345 0.61789252] 0
[0.49191449 0.61659637] 0
[0.49409427 0.60401336] 0
[0.4354198  0.60299775] 0
[0.49930912 0.62762694] 0
[0.47026754 0.62246209] 0
[0.47814899 0.61124733] 0
[0.46484206 0.61016718] 0
[0.4847392  0.65098696] 0
[0.49198309 0.6254228 ] 0
[0.48157635 0.62234315] 0
[0.4469922  0.60348365] 0
[0.48774343 0.62693401] 0
[0.45428643 0.60823678] 0
[0.49441354 0.60862597] 0
[0.46797003 0.60056746] 0
[0.49893267 0.60145108] 0
[0.49359077 0.63213306] 0
[0.47705854 0.60816844] 0
[0.49859982 0.61875182] 0
[0.48044895 0.6287647 ] 0
[0.46670217 0.62296634] 0
[0.49165792 0.6262233 ] 0
[0.44451878 0.61319484] 0
[0.49807555 0.61441535] 0
[0.47804677 0.60260969] 0
[0.47024204 0.60288397] 0
[0.49971857 0.60716662] 0
[0.46705535 0.6094399 ] 0
[0.45688129 0.60338742] 0
[0.49383605 0.63639461] 0
[0.45744005 0.60984537] 0
[0.48765931 0.60397259] 0
[0.41412703 0.60640417] 0
[0.45688223 0.60671722] 0
[0.49299223 0.60112845] 0
[0.46484409 0.61641224] 0
[0.42049693 0.60566425] 0
[0.49965209 0.60627671] 0
[0.47389976 0.60182865] 0
[0.49200679 0.6222725 ] 0
[0.49308628 0.62884542] 0
[0.48171236 0.6114647 ] 0
[0.49330122 0.62089835] 0
[0.48547792 0.61713147] 0
[0.47094682 0.60483587] 0
[0.47454217 0.61252733] 0
[0.44257288 0.60620846] 0
