5.424457278344025912e-01 2.529471681137622219e-01
5.212857603543951113e-01 2.999043753008477364e-01
5.439373550372252897e-01 2.842286892747080129e-01
5.289415520228260004e-01 2.882082226872478836e-01
5.066315099116460718e-01 2.928616485278844328e-01
5.073684094993633487e-01 2.228165446880119582e-01
5.655491656701139291e-01 2.050311223878099331e-01
5.442706105273622530e-01 2.017861304122277599e-01
5.600359971649548907e-01 2.590571992204165896e-01
5.220739339429065762e-01 2.693106433108989894e-01
5.890245409210159711e-01 2.195809749802299649e-01
5.075234432125371731e-01 2.834379889107097594e-01
5.780862829949013904e-01 2.503816707769757066e-01
5.563987773196732434e-01 2.998880602142127150e-01
5.182939254573972754e-01 2.378173479781082456e-01
5.271812061792296999e-01 2.704010526791976732e-01
5.916460195410251366e-01 2.476618280945590556e-01
5.173685917689830882e-01 2.451594949816153224e-01
5.757350033664363487e-01 2.403692762330385535e-01
5.234945552446794714e-01 2.743475653685098492e-01
5.068661892401196134e-01 2.158027007566808708e-01
5.551267838712389269e-01 2.632982504714119765e-01
5.183515972937211558e-01 2.949998422186486113e-01
5.347155842595036068e-01 2.791429348703687863e-01
5.287837259837153692e-01 2.789662902645595466e-01
5.434990016162637438e-01 2.343035213898255475e-01
5.547916846291549575e-01 2.877632648396306614e-01
5.389107504025607565e-01 2.906373363996720971e-01
5.406882127880972000e-01 2.166284624510812773e-01
5.065738106416142195e-01 2.627101974098627890e-01
5.174489983336809651e-01 2.963196825774779830e-01
5.361913524220101035e-01 2.823890914291872223e-01
5.939302271122608445e-01 2.959767177864919829e-01
5.316332023852206046e-01 2.893604029288371349e-01
5.230934482476143899e-01 2.945078071312307588e-01
5.663334016378488434e-01 2.027945124056084181e-01
5.140650424150756681e-01 2.822962727540514472e-01
5.410382343513664427e-01 2.470846310220384257e-01
5.180284547995569477e-01 2.048852730257141597e-01
5.935676091425821088e-01 2.606938433673189337e-01
5.289744972936734069e-01 2.866431613480000529e-01
5.431551408112430535e-01 2.124194971265583876e-01
5.807831728917739467e-01 2.855166987474345164e-01
5.496040018570738095e-01 2.262487249190464900e-01
5.542462665634488861e-01 2.771391864197188526e-01
5.136090181619930028e-01 2.231143377825356156e-01
5.122645246121364515e-01 2.706900999212382142e-01
5.000141659942410888e-01 2.780887854089511557e-01
5.441957227836667910e-01 2.724308647415568663e-01
5.633475992434447965e-01 2.065449690041318842e-01
5.110019100747695830e-01 2.817687274346590276e-01
5.080901326987630195e-01 2.876758815455202067e-01
5.967945545276112096e-01 2.368946335348445231e-01
5.978811076183924156e-01 2.396711842191251718e-01
5.093824204368558872e-01 2.195786661766841175e-01
5.562209774838490217e-01 2.869365992373162366e-01
5.416648421678034175e-01 2.326601350565521420e-01
5.967518088874552706e-01 2.780243396953944734e-01
5.005857148652198552e-01 2.980502278902790736e-01
5.799518877712092069e-01 2.977155112585254115e-01
5.873978529164171070e-01 2.714173756270877869e-01
5.331928484415527913e-01 2.630171261495054535e-01
5.269220049566127884e-01 2.824012735048706535e-01
5.100119230328176156e-01 2.133379559855689556e-01
5.219361867580973868e-01 2.282671097030430640e-01
5.368183185753704345e-01 2.567479161126473564e-01
5.334499830747806426e-01 2.451038789461326695e-01
5.240574505764399316e-01 2.571041520391125768e-01
5.013652665988352908e-01 2.736920281850244163e-01
5.589980598325570149e-01 2.426569678893736870e-01
5.067397649697692463e-01 2.513454228144027525e-01
5.445874275286628485e-01 2.592359888337377738e-01
5.019000975391156860e-01 2.252732066112622111e-01
5.169123563722900494e-01 2.705248797113707360e-01
5.897063753899495220e-01 2.824765873913616110e-01
5.856473848408546568e-01 2.935890830381227001e-01
5.829403364742182792e-01 2.632785354558734303e-01
5.981601591186851419e-01 2.679365319796536138e-01
5.174490886303315662e-01 2.123164828093278833e-01
5.151944319246881676e-01 2.975992333263124401e-01
5.181819352533805212e-01 2.008173968508837337e-01
5.031640824487247921e-01 2.863606911268189448e-01
5.064431494247093601e-01 2.699817580038186837e-01
5.008298718941260885e-01 2.900112649133620435e-01
5.204409188474283798e-01 2.745310365982035483e-01
5.223582070684137380e-01 2.809659399106330113e-01
5.785953748993929446e-01 2.203747295323052746e-01
5.197250224136461538e-01 2.493816533025517146e-01
5.500151432841928756e-01 2.783772161173432291e-01
5.300917324182480295e-01 2.164992644529126209e-01
5.386836506457099993e-01 2.769153707097037342e-01
5.936787351700655302e-01 2.943863889875603101e-01
5.349263836303247421e-01 2.537501818635743978e-01
5.826412151256263883e-01 2.731566406355159793e-01
5.775648180974637391e-01 2.874008026796028847e-01
5.330810883727310490e-01 2.819821503299454468e-01
5.237764841524576998e-01 2.248223044681649241e-01
5.112848875828102102e-01 2.956780254262331709e-01
5.889568139363724475e-01 2.354921061799122861e-01
5.063285457037743909e-01 2.844535256762716902e-01
5.159543691882564342e-01 2.233267915139295068e-01
5.139389863107957090e-01 2.527190536874360793e-01
5.741870464915310723e-01 2.664187428792844647e-01
5.425846179152362669e-01 2.733932259801641895e-01
5.593246853724269663e-01 2.507103385995647082e-01
5.303960143462705945e-01 2.682180056108802724e-01
5.128567978666963567e-01 2.983859237135985110e-01
5.486876361915173916e-01 2.420923752750019919e-01
5.491263516504303333e-01 2.569041122074544603e-01
5.997207940738394916e-01 2.722988117426670684e-01
5.301282463202025008e-01 2.895687814828291073e-01
5.172840932319597851e-01 2.759469216703939187e-01
5.701528020629499371e-01 2.746226764489324568e-01
5.781709973191542229e-01 2.608202777928946281e-01
5.419862251222662408e-01 2.979581716297171612e-01
5.011798123925719217e-01 2.354259362538023426e-01
5.059423732635472959e-01 2.955190832296332726e-01
5.992377951942774450e-01 2.793341008268069858e-01
5.503273624125337715e-01 2.853755887736517116e-01
5.173201402076403888e-01 2.942380817990411512e-01
5.593949318994343445e-01 2.714603125922561699e-01
5.017834937037579657e-01 2.588000713770505778e-01
5.001902617821947228e-01 2.720069118981243150e-01
5.279439341991544188e-01 2.967129830122225420e-01
5.434466437459248844e-01 2.730827952044468376e-01
5.085594806664247569e-01 2.780745441360132908e-01
5.236635474742680207e-01 2.519949125390030797e-01
5.568609832096801382e-01 2.990424357145596290e-01
5.741881472235481620e-01 2.972704344402703480e-01
5.873377955989965704e-01 2.496286038503860993e-01
5.658311883681220733e-01 2.974555878922392482e-01
5.868727572419013550e-01 2.633622355738081122e-01
5.176613082414229794e-01 2.691421775659694759e-01
5.231688078543401677e-01 2.310324094541962858e-01
5.023566743751811670e-01 2.452515675761312575e-01
5.685032252705863876e-01 2.200309242388366893e-01
5.430348085124361290e-01 2.245213822626615230e-01
5.478232629930881448e-01 2.371337726583200578e-01
5.153555426976595966e-01 2.760968904225872267e-01
5.278011475897826932e-01 2.891243490173007746e-01
5.476480974969145654e-01 2.290679165482705226e-01
5.358183494982828865e-01 2.792476880595129995e-01
5.733863990680427847e-01 2.720265168143599088e-01
5.180893647988149553e-01 2.406816849704746797e-01
5.559204513971010009e-01 2.770150999062821473e-01
5.120459232563197016e-01 2.772020538222935704e-01
5.239949080871054710e-01 2.887017366329621693e-01
5.506997950006161657e-01 2.464637478487744504e-01
5.483227424372171255e-01 2.409428176590744097e-01
5.896819232288673662e-01 2.714816969605189367e-01
5.631858882104799902e-01 2.780744201753179712e-01
5.318332755037401549e-01 2.349089840481936586e-01
5.540004552503872137e-01 2.467185421376137944e-01
5.217982464643259322e-01 2.042762184144981119e-01
5.182069978136880639e-01 2.584437087108998332e-01
5.126012883801205344e-01 2.796252689007551195e-01
5.871018436303168109e-01 2.975676742547515019e-01
5.771532588953866005e-01 2.039980603069583287e-01
5.856434363524742892e-01 2.952583130752385876e-01
5.957558098616345665e-01 2.681580775478638601e-01
5.732624137368479422e-01 2.526091133741972250e-01
5.317125604479617795e-01 2.864193107618738798e-01
5.400271411389179210e-01 2.858930218527897527e-01
5.113654073913789233e-01 2.308791796625661308e-01
5.534233676244459943e-01 2.908338546101988942e-01
5.467657426358096817e-01 2.357465599911057197e-01
5.570646753234068660e-01 2.399548238595102245e-01
5.167847149086887137e-01 2.229949023788752593e-01
5.897632179841572064e-01 2.772005206741162686e-01
5.294998820665023365e-01 2.832885938102701062e-01
5.174590309071158689e-01 2.720224904387071874e-01
5.225101298970667996e-01 2.999205148092533579e-01
5.056007649210135790e-01 2.535288679453927552e-01
5.685482794295725339e-01 2.685755882427083296e-01
5.065632975063373289e-01 2.144786584751645908e-01
5.392217186692656039e-01 2.703916539625887405e-01
5.296163415282588716e-01 2.705945900045774177e-01
5.341642670671636894e-01 2.662770057353350817e-01
5.453154190143271185e-01 2.363093325104239084e-01
5.967528424810268906e-01 2.732440557220304211e-01
5.798101381064020288e-01 2.328621200172579231e-01
5.208377703477076182e-01 2.648809534057979809e-01
5.729967180082243816e-01 2.588163669876478723e-01
5.142305076241936446e-01 2.616205174009973433e-01
5.751718672909708063e-01 2.414735058355462205e-01
5.223778311867436353e-01 2.291849164654529980e-01
5.530769313870744774e-01 2.358118359259058772e-01
5.759620844784872906e-01 2.626851907780034523e-01
5.267757142332155640e-01 2.210012499381026063e-01
5.180067870653948248e-01 2.549181958519822766e-01
5.248288937606758742e-01 2.992435367295055437e-01
5.613503603098342065e-01 2.297481473247235118e-01
5.017188988226858326e-01 2.965341003612016468e-01
5.283834384078738289e-01 2.784119765311465211e-01
5.839648210864732958e-01 2.482128653803049034e-01
5.713620960387674197e-01 2.588069519548309438e-01
5.914158138502765283e-01 2.967750111274741753e-01
5.068418535516155954e-01 2.131506557067671115e-01
5.404093436451311572e-01 2.242310866512755851e-01
5.294342980397658271e-01 2.783503155699729170e-01
5.052416541541514539e-01 2.978801222943815441e-01
5.904592537902566551e-01 2.926116291003688641e-01
5.450757593691574199e-01 2.920083846905253688e-01
5.914289611499440324e-01 2.436654791604786485e-01
5.652204033046266396e-01 2.311614337005521158e-01
5.717747622717105349e-01 2.899754916338466160e-01
5.982803022276520499e-01 2.914788606002381433e-01
5.299801888078505829e-01 2.433648026400702657e-01
5.641154105020149689e-01 2.687269899172305965e-01
5.431220524614093215e-01 2.492374853950707625e-01
5.771890802867605252e-01 2.554658928725079825e-01
5.323568701515587476e-01 2.447036900495697664e-01
5.895214239984599702e-01 2.638292005221647973e-01
5.270032244502981245e-01 2.805122892211135976e-01
5.486613931845319980e-01 2.873974108290777152e-01
5.611973407078846288e-01 2.552939377774648411e-01
5.322811742039268434e-01 2.977276097180355796e-01
5.038773695338353287e-01 2.865301242069607235e-01
5.856101601645904431e-01 2.602822973733158185e-01
5.997208815803558579e-01 2.009958107720409004e-01
5.052819796045681100e-01 2.886642873874530335e-01
5.692447671847564727e-01 2.554903253794669205e-01
5.604603221786623735e-01 2.924605494769851877e-01
5.586758470313071268e-01 2.368973272258926011e-01
5.309407658559334164e-01 2.876878027915889535e-01
5.483458962705897166e-01 2.375552040584404112e-01
5.781061715459564487e-01 2.718461348116656406e-01
5.502951211297827383e-01 2.822414214705587510e-01
5.700108737580120710e-01 2.558183758216723280e-01
5.804714686966256920e-01 2.687053033643305722e-01
5.411948016806348294e-01 2.662449575421190762e-01
5.927184575753976503e-01 2.199437544174201731e-01
5.563677418374297634e-01 2.928601215586573714e-01
5.733882401530806527e-01 2.647354494621682042e-01
5.668701532881516014e-01 2.385161972648217610e-01
5.016625660017730581e-01 2.344571384238471334e-01
5.067378765091228310e-01 2.701429206581857922e-01
5.372373835905327466e-01 2.285415581586932865e-01
5.590829149921429098e-01 2.887856747844723682e-01
5.360733181764700817e-01 2.805111195409898950e-01
5.378053385066954295e-01 2.409440812669091936e-01
5.751363684707317958e-01 2.821277409464536534e-01
5.021767147219502458e-01 2.848904086633209931e-01
5.390080027872798940e-01 2.476607666406163144e-01
5.408682636379019693e-01 2.691468134000728485e-01
5.636851213538183192e-01 2.067138793668219232e-01
5.306288605772098155e-01 2.348425358399811036e-01
5.009557054559314881e-01 2.514581417219471926e-01
5.395284996807497846e-01 2.968040030493334092e-01
5.460917233241772140e-01 2.556626069509281840e-01
5.304698741451782107e-01 2.536672320767201505e-01
5.504612548197346245e-01 2.957079901911930375e-01
5.617756355593644946e-01 2.832407170140092689e-01
5.679860497673230313e-01 2.466787785438596392e-01
5.048024994023719847e-01 2.909587637800916671e-01
5.205989637590843211e-01 2.093208447980652587e-01
5.348477488005618508e-01 2.881598588563968888e-01
5.869858502518340293e-01 2.621169440997168643e-01
5.394120776189327282e-01 2.439370664262803801e-01
5.331648323881178486e-01 2.599164858093069297e-01
5.182134422136539520e-01 2.353315200248017325e-01
5.341217669179272320e-01 2.002676202594153576e-01
5.089232886968860781e-01 2.905260176535499062e-01
5.283277861326163283e-01 2.872606759202450677e-01
5.967655749756904937e-01 2.656952374415719742e-01
5.173397216191271131e-01 2.895803112779453681e-01
5.642921247359299342e-01 2.893774433151984349e-01
5.391164078789905112e-01 2.368943259591728689e-01
5.112445112707649786e-01 2.772329731044682610e-01
5.118206942343974664e-01 2.150578824505414988e-01
5.578835429767443621e-01 2.857098212973882556e-01
5.676854169100150616e-01 2.356217227941363457e-01
5.127029902312603138e-01 2.107071591272159650e-01
5.352385561348491638e-01 2.580753216885161572e-01
5.112879215266714628e-01 2.762602042075357200e-01
5.892591507267630480e-01 2.719032901272185332e-01
5.752093434132270477e-01 2.840989843477214061e-01
5.059549446926219218e-01 2.912159697333444597e-01
5.558688182281963375e-01 2.764106378947603360e-01
5.980375416583001424e-01 2.644703567472458938e-01
5.110883940810968529e-01 2.854624414695571266e-01
5.008753902143256997e-01 2.377544445911249360e-01
5.331552737497596839e-01 2.936459924395077303e-01
5.278433573484478947e-01 2.598976798675490252e-01
5.871702385211418074e-01 2.655696635880517853e-01
5.034697048784614326e-01 2.966266854546424359e-01
5.203320357279340724e-01 2.517808437481210415e-01
5.141625338629800535e-01 2.322265321161440521e-01
5.671197310904488864e-01 2.842878147881422457e-01
5.422140982900456319e-01 2.357587762998660796e-01
5.317303517264888590e-01 2.860422899036779154e-01
5.837394407930578399e-01 2.509805699056049666e-01
5.260973399238533244e-01 2.582456267788917903e-01
5.998888204736794183e-01 2.829461666832127076e-01
5.378895868170719963e-01 2.199621125627654050e-01
5.048735319162478419e-01 2.536261872668883477e-01
5.577150121541756267e-01 2.942002784008477811e-01
5.651709584859044844e-01 2.993779750814621887e-01
5.581994804178853631e-01 2.632285265661145068e-01
5.118651389771018412e-01 2.818493563085202047e-01
5.241581189543929042e-01 2.711109322607840322e-01
5.696176407290024502e-01 2.800283997845385842e-01
5.012706823227732755e-01 2.913520636393995278e-01
5.794034937505184724e-01 2.696374580876078064e-01
5.800291178212335641e-01 2.900778950733793327e-01
5.581633305468226558e-01 2.304889951187820696e-01
5.394195442314188016e-01 2.984803643350759650e-01
5.875418220369305056e-01 2.197165233332872281e-01
5.568119309794804517e-01 2.941535883014876895e-01
5.176599724866344232e-01 2.042736070794382575e-01
5.394080109256454980e-01 2.927357855212777693e-01
5.660913404895429046e-01 2.374574183997731902e-01
5.032980989454826082e-01 2.896075383326752739e-01
5.305246217649464135e-01 2.897475606669347448e-01
5.372059694352973036e-01 2.565433206744256456e-01
5.282569666887408921e-01 2.674750331786769908e-01
5.382745909674607754e-01 2.754273935777525883e-01
5.013260023638645979e-01 2.780079132895506566e-01
5.360984250770964854e-01 2.948848540104991311e-01
5.288679139809762120e-01 2.513640361817178759e-01
5.196013543295066039e-01 2.609806987543067391e-01
5.261278618474800606e-01 2.402100795345655238e-01
5.427422007416686789e-01 2.057660444727325844e-01
5.556998347608258504e-01 2.446585769081929262e-01
5.508646573814486302e-01 2.651324821331900727e-01
5.215701794162482807e-01 2.810526306604589908e-01
5.075795512945817656e-01 2.918709819278809681e-01
5.698862860549531728e-01 2.456637490158976589e-01
5.811313104056820000e-01 2.985505635408427505e-01
5.127550320028291253e-01 2.324375237354514012e-01
5.132993013913335067e-01 2.392503878204403633e-01
5.235455150300325489e-01 2.558127241256557549e-01
5.317054158928249397e-01 2.730061687159576200e-01
5.306886410273854437e-01 2.850323030736984786e-01
5.117176310058705324e-01 2.121354232666470274e-01
5.115869731930057229e-01 2.855292505223622213e-01
5.011953707579113182e-01 2.753344547157349220e-01
5.043545983433107560e-01 2.625698730115681445e-01
5.160343237010783790e-01 2.665142309936422982e-01
5.628843966007032185e-01 2.961175944485340272e-01
5.259933497470589137e-01 2.852822669394248223e-01
5.101201818185989723e-01 2.962897645910118616e-01
5.185307409444048776e-01 2.239441768911988595e-01
5.647530142288315069e-01 2.829316765846097703e-01
5.846955095811176006e-01 2.342793320480404118e-01
5.717407755158422367e-01 2.816531025526735621e-01
5.317713787102404943e-01 2.340097111799665230e-01
5.871393216290747841e-01 2.848422882111522059e-01
5.741120232999500361e-01 2.754992716634541150e-01
5.166384416701679250e-01 2.041245787961336322e-01
5.970144148992538868e-01 2.927467513507177044e-01
5.341696762485418359e-01 2.118499676400463771e-01
5.208393376572483247e-01 2.115577249876783028e-01
5.060176162330185523e-01 2.565679289812708985e-01
5.739030675579308571e-01 2.791685869563886868e-01
5.296791528648664427e-01 2.773641537974576021e-01
5.953914370036885728e-01 2.159683801634580680e-01
5.646780731634475359e-01 2.704530405344738320e-01
5.151153579442079300e-01 2.068618867476201828e-01
5.311124397619504389e-01 2.742074863001646712e-01
5.242835770940603712e-01 2.531891859522738542e-01
5.273620530480191970e-01 2.908013918598968961e-01
5.020296450521015696e-01 2.535120186142508225e-01
5.691236654922706695e-01 2.796418848066635210e-01
5.052073984934518647e-01 2.720888683831765853e-01
5.012703023162545790e-01 2.853822291511278197e-01
5.050778350308582354e-01 2.355992978556109563e-01
5.142610032814447507e-01 2.613886060911292941e-01
5.109507287129544384e-01 2.497650744226686259e-01
5.155312162149326971e-01 2.801727995880567978e-01
5.791753355322066810e-01 2.618283494413680690e-01
5.114248046073376353e-01 2.758149372554986045e-01
5.695362580912336492e-01 2.958500828002291749e-01
5.118547149549929065e-01 2.918729046872188260e-01
5.959842612870570600e-01 2.814354509044374453e-01
5.792919604314361592e-01 2.970051682634003987e-01
5.153586329517331199e-01 2.886464135777987439e-01
5.136934440622488163e-01 2.982552725081655254e-01
5.382465190691210211e-01 2.833972844587788198e-01
5.152011981954877085e-01 2.208650391150892012e-01
5.744795460336448167e-01 2.840973842702151919e-01
5.484792841916271700e-01 2.388691014124637857e-01
5.621406621732707443e-01 2.834947283721345190e-01
5.109608360788353565e-01 2.936303996512141801e-01
5.035019223457012361e-01 2.243629860341145865e-01
5.437038363504144156e-01 2.578537893202788589e-01
5.594826182385668201e-01 2.801286686368647527e-01
5.886421706701771006e-01 2.044478112655220559e-01
5.228454991899498250e-01 2.360353236754584305e-01
5.006203513426088492e-01 2.204430659375176682e-01
5.362125521187486310e-01 2.933293218638059474e-01
5.784129627701257714e-01 2.368446138874685247e-01
5.011354236197534950e-01 2.689889523147471762e-01
