[0.54244573 0.25294717] 0
[0.59164602 0.24766183] 0
[0.59393023 0.29597672] 0
[0.54419572 0.27243086] 0
[0.52193619 0.22826711] 0
[0.51818194 0.2008174 ] 0
[0.52377648 0.2248223 ] 0
[0.5701528  0.27462268] 0
[0.57418815 0.29727043] 0
[0.55592045 0.2770151 ] 0
[0.57326241 0.25260911] 0
[0.52961634 0.27059459] 0
[0.5017189 0.2965341] 0
[0.56411541 0.26872699] 0
[0.53094077 0.2876878 ] 0
[0.53780534 0.24094408] 0
[0.53484775 0.28815986] 0
[0.51270299 0.21070716] 0
[0.56711973 0.28428781] 0
[0.58002912 0.2900779 ] 0
[0.51960135 0.2609807 ] 0
[0.50119537 0.27533445] 0
[0.52083934 0.21155772] 0
[0.51095073 0.24976507] 0
[0.50350192 0.22436299] 0
[0.50736841 0.22281654] 0
[0.55512678 0.26329825] 0
[0.54103823 0.24708463] 0
[0.59788111 0.23967118] 0
[0.55899806 0.24265697] 0
[0.52235821 0.28096594] 0
[0.51393899 0.25271905] 0
[0.5992378 0.2793341] 0
[0.52316881 0.23103241] 0
[0.58968192 0.2714817 ] 0
[0.54676574 0.23574656] 0
[0.52083777 0.26488095] 0
[0.50684185 0.21315066] 0
[0.52700322 0.28051229] 0
[0.58047147 0.2687053 ] 0
[0.56368512 0.20671388] 0
[0.53412177 0.20026762] 0
[0.50595494 0.29121597] 0
[0.59988882 0.28294617] 0
[0.51765997 0.20427361] 0
[0.52157018 0.28105263] 0
[0.51012018 0.29628976] 0
[0.56467807 0.27045304] 0
[0.51185471 0.2918729 ] 0
[0.50062035 0.22044307] 0
[0.51829393 0.23781735] 0
[0.517449   0.29631968] 0
[0.51226452 0.2706901 ] 0
[0.526922   0.28240127] 0
[0.51744909 0.21231648] 0
[0.57756482 0.2874008 ] 0
[0.53012825 0.28956878] 0
[0.52366355 0.25199491] 0
[0.5733864  0.27202652] 0
[0.58564344 0.29525831] 0
[0.5065633  0.21447866] 0
[0.52482889 0.29924354] 0
[0.5982803  0.29147886] 0
[0.56046032 0.29246055] 0
[0.55908291 0.28878567] 0
[0.5048025  0.29095876] 0
[0.55788354 0.28570982] 0
[0.52033204 0.25178084] 0
[0.50127068 0.29135206] 0
[0.53609843 0.29488485] 0
[0.51171763 0.21213542] 0
[0.59701441 0.29274675] 0
[0.50507784 0.2355993 ] 0
[0.56214066 0.28349473] 0
[0.54427061 0.20178613] 0
[0.53471558 0.27914293] 0
[0.59356761 0.26069384] 0
[0.55622098 0.2869366 ] 0
[0.54458743 0.25923599] 0
[0.51972502 0.24938165] 0
[0.54258462 0.27339323] 0
[0.51732014 0.29423808] 0
[0.56850323 0.22003092] 0
[0.53183328 0.23490898] 0
[0.51678471 0.2229949 ] 0
[0.51423051 0.26162052] 0
[0.5294343  0.27835032] 0
[0.56119734 0.25529394] 0
[0.59271846 0.21994375] 0
[0.50095571 0.25145814] 0
[0.52832779 0.28726068] 0
[0.59803754 0.26447036] 0
[0.50487353 0.25362619] 0
[0.56609134 0.23745742] 0
[0.56988629 0.24566375] 0
[0.56475301 0.28293168] 0
[0.53111244 0.27420749] 0
[0.57929196 0.29700517] 0
[0.57841296 0.23684461] 0
[0.50663151 0.29286165] 0
[0.50686619 0.2158027 ] 0
[0.51406504 0.28229627] 0
[0.59679455 0.23689463] 0
[0.50136527 0.27369203] 0
[0.52044092 0.27453104] 0
[0.51595437 0.22332679] 0
[0.50594237 0.29551908] 0
[0.51766131 0.26914218] 0
[0.54832274 0.24094282] 0
[0.55342337 0.29083385] 0
[0.57981014 0.23286212] 0
[0.59141581 0.29677501] 0
[0.58952142 0.2638292 ] 0
[0.57001087 0.25581838] 0
[0.54086826 0.26914681] 0
[0.51821344 0.23533152] 0
[0.57520934 0.28409898] 0
[0.52609734 0.25824563] 0
[0.55681193 0.29415359] 0
[0.55086466 0.26513248] 0
[0.52599335 0.28528227] 0
[0.59539144 0.21596838] 0
[0.56953626 0.29585008] 0
[0.5228455  0.23603532] 0
[0.52207393 0.26931064] 0
[0.543499   0.23430352] 0
[0.54315514 0.2124195 ] 0
[0.59675181 0.27802434] 0
[0.51691236 0.27052488] 0
[0.53009173 0.21649926] 0
[0.53039601 0.26821801] 0
[0.50178349 0.25880007] 0
[0.54782326 0.23713377] 0
[0.52179825 0.20427622] 0
[0.52949988 0.28328859] 0
[0.52237783 0.22918492] 0
[0.59045925 0.29261163] 0
[0.50387737 0.28653012] 0
[0.57338824 0.26473545] 0
[0.54609172 0.25566261] 0
[0.51733972 0.28958031] 0
[0.50087539 0.23775444] 0
[0.56517096 0.29937798] 0
[0.53052462 0.28974756] 0
[0.51275503 0.23243752] 0
[0.57174078 0.2816531 ] 0
[0.52736205 0.29080139] 0
[0.51369344 0.29825527] 0
[0.54393736 0.28422869] 0
[0.575735   0.24036928] 0
[0.52309345 0.29450781] 0
[0.51100191 0.28176873] 0
[0.53344998 0.24510388] 0
[0.50644315 0.26998176] 0
[0.58895681 0.23549211] 0
[0.54198623 0.29795817] 0
[0.56583119 0.29745559] 0
[0.52399491 0.28870174] 0
[0.54002714 0.28589302] 0
[0.54531542 0.23630933] 0
[0.58396482 0.24821287] 0
[0.57718908 0.25546589] 0
[0.57810617 0.27184613] 0
[0.50217671 0.28489041] 0
[0.53941208 0.24393707] 0
[0.51128792 0.2762602 ] 0
[0.53173035 0.28604229] 0
[0.53941954 0.29848036] 0
[0.5427422  0.20576604] 0
[0.51603432 0.26651423] 0
[0.57390307 0.27916859] 0
[0.57917534 0.26182835] 0
[0.55948262 0.28012867] 0
[0.50752344 0.28343799] 0
[0.53891075 0.29063734] 0
[0.549604   0.22624872] 0
[0.57995189 0.29771551] 0
[0.58564738 0.29358908] 0
[0.59367874 0.29438639] 0
[0.54868764 0.24209238] 0
[0.52794393 0.29671298] 0
[0.52780115 0.28912435] 0
[0.51260129 0.27962527] 0
[0.52251013 0.29992051] 0
[0.57596208 0.26268519] 0
[0.59142896 0.24366548] 0
[0.59972088 0.20099581] 0
[0.50166257 0.23445714] 0
[0.55046125 0.29570799] 0
[0.53911641 0.23689433] 0
[0.52784336 0.25989768] 0
[0.51186514 0.28184936] 0
[0.52825697 0.26747503] 0
[0.52354552 0.25581272] 0
[0.58713932 0.28484229] 0
[0.56912367 0.27964188] 0
[0.5152012  0.22086504] 0
[0.560036  0.2590572] 0
[0.52878373 0.27896629] 0
[0.5289745  0.28664316] 0
[0.54166484 0.23266014] 0
[0.5019001  0.22527321] 0
[0.55001514 0.27837722] 0
[0.55932469 0.25071034] 0
[0.55939493 0.27146031] 0
[0.54303481 0.22452138] 0
[0.55400046 0.24671854] 0
[0.58976322 0.27720052] 0
[0.57517187 0.24147351] 0
[0.50524165 0.29788012] 0
[0.53228117 0.29772761] 0
[0.55636774 0.29286012] 0
[0.5395285 0.296804 ] 0
[0.59676557 0.26569524] 0
[0.51108839 0.28546244] 0
[0.55771501 0.29420028] 0
[0.5032981  0.28960754] 0
[0.58113131 0.29855056] 0
[0.58469551 0.23427933] 0
[0.52428358 0.25318919] 0
[0.51535863 0.28864641] 0
[0.50113542 0.26898895] 0
[0.55639878 0.29988806] 0
[0.50657381 0.2627102 ] 0
[0.51360902 0.22311434] 0
[0.53319285 0.26301713] 0
[0.59816016 0.26793653] 0
[0.58264122 0.27315664] 0
[0.59972079 0.27229881] 0
[0.50855948 0.27807454] 0
[0.53581835 0.27924769] 0
[0.57715326 0.20399806] 0
[0.56854828 0.26857559] 0
[0.51800679 0.2549182 ] 0
[0.57177476 0.28997549] 0
[0.56924477 0.25549033] 0
[0.53723738 0.22854156] 0
[0.56798605 0.24667878] 0
[0.51182069 0.21505788] 0
[0.5034697  0.29662669] 0
[0.56961764 0.2800284 ] 0
[0.501326   0.27800791] 0
[0.53068864 0.2850323 ] 0
[0.51663844 0.20412458] 0
[0.5012703  0.28538223] 0
[0.54847928 0.2388691 ] 0
[0.56554917 0.20503112] 0
[0.5183516  0.29499984] 0
[0.51802845 0.20488527] 0
[0.50938242 0.21957867] 0
[0.50673976 0.25134542] 0
[0.57859537 0.22037473] 0
[0.57418705 0.26641874] 0
[0.55032736 0.28537559] 0
[0.50235667 0.24525157] 0
[0.56318589 0.27807442] 0
[0.55706468 0.23995482] 0
[0.57299672 0.25881637] 0
[0.54040934 0.22423109] 0
[0.54866139 0.28739741] 0
[0.5411948  0.26624496] 0
[0.53062886 0.23484254] 0
[0.50892329 0.29052602] 0
[0.55586882 0.27641064] 0
[0.53788959 0.21996211] 0
[0.53940801 0.29273579] 0
[0.50757955 0.29187098] 0
[0.51853074 0.22394418] 0
[0.51511536 0.20686189] 0
[0.59598426 0.28143545] 0
[0.53621255 0.29332932] 0
[0.52718121 0.27040105] 0
[0.53619135 0.28238909] 0
[0.50001417 0.27808879] 0
[0.51001192 0.21333796] 0
[0.51519443 0.29759923] 0
[0.53308109 0.28198215] 0
[0.51728409 0.27594692] 0
[0.55686098 0.29904244] 0
[0.51808936 0.24068168] 0
[0.59575581 0.26815808] 0
[0.53922172 0.27039165] 0
[0.56135036 0.22974815] 0
[0.52998019 0.2433648 ] 0
[0.55867585 0.23689733] 0
[0.53607332 0.28051112] 0
[0.52059896 0.20932084] 0
[0.56768542 0.23562172] 0
[0.51416253 0.23222653] 0
[0.57940349 0.26963746] 0
[0.52886791 0.25136404] 0
[0.51158697 0.28552925] 0
[0.53416968 0.21184997] 0
[0.514261   0.26138861] 0
[0.51096084 0.2936304 ] 0
[0.57808628 0.25038167] 0
[0.54068821 0.21662846] 0
[0.55424627 0.27713919] 0
[0.58739785 0.27141738] 0
[0.58294034 0.26327854] 0
[0.53492638 0.25375018] 0
[0.54912635 0.25690411] 0
[0.54344664 0.2730828 ] 0
[0.5476481  0.22906792] 0
[0.58710184 0.29756767] 0
[0.50560076 0.25352887] 0
[0.52677571 0.22100125] 0
[0.5652204  0.23116143] 0
[0.50528198 0.28866429] 0
[0.50673788 0.27014292] 0
[0.56177564 0.28324072] 0
[0.51124451 0.27723297] 0
[0.58717024 0.26556966] 0
[0.52415812 0.27111093] 0
[0.53827459 0.27542739] 0
[0.53170542 0.27300617] 0
[0.57411202 0.27549927] 0
[0.5052074  0.27208887] 0
[0.57447955 0.28409738] 0
[0.52128576 0.29990438] 0
[0.51736859 0.24515949] 0
[0.5316332 0.2893604] 0
[0.5633476  0.20654497] 0
[0.53681832 0.25674792] 0
[0.50316408 0.28636069] 0
[0.51128489 0.29567803] 0
[0.578171   0.26082028] 0
[0.5873378 0.2496286] 0
[0.51204592 0.27720205] 0
[0.53171256 0.28641931] 0
[0.53416427 0.26627701] 0
[0.52838344 0.27841198] 0
[0.54312205 0.24923749] 0
[0.5483459 0.2375552] 0
[0.57513637 0.28212774] 0
[0.58698585 0.26211694] 0
[0.53523856 0.25807532] 0
[0.5422141  0.23575878] 0
[0.55816333 0.230489  ] 0
[0.52612786 0.24021008] 0
[0.5043546  0.26256987] 0
[0.50601762 0.25656793] 0
[0.51553122 0.2801728 ] 0
[0.54370384 0.25785379] 0
[0.58902454 0.21958097] 0
[0.55479168 0.28776326] 0
[0.58078317 0.2855167 ] 0
[0.50058571 0.29805023] 0
[0.58970638 0.28247659] 0
[0.53868365 0.27691537] 0
[0.5128568  0.29838592] 0
[0.50019026 0.27200691] 0
[0.51535554 0.27609689] 0
[0.518207   0.25844371] 0
[0.51745903 0.27202249] 0
[0.55307693 0.23581184] 0
[0.54507576 0.29200838] 0
[0.58561016 0.2602823 ] 0
[0.56687015 0.2385162 ] 0
[0.53046987 0.25366723] 0
[0.56429212 0.28937744] 0
[0.53315527 0.29364599] 0
[0.55819948 0.26322853] 0
[0.53720597 0.25654332] 0
[0.5132993  0.23925039] 0
[0.53177138 0.23400971] 0
[0.50202965 0.25351202] 0
[0.53824652 0.28339728] 0
[0.52894155 0.28820822] 0
[0.52349456 0.27434757] 0
[0.5663334  0.20279451] 0
[0.50809013 0.28767588] 0
[0.52405745 0.25710415] 0
[0.50082987 0.29001126] 0
[0.50632855 0.28445353] 0
[0.50117981 0.23542594] 0
[0.58687276 0.26336224] 0
[0.5506998  0.24646375] 0
[0.51136541 0.23087918] 0
[0.59675284 0.27324406] 0
[0.5713621  0.25880695] 0
[0.53235687 0.24470369] 0
[0.55029512 0.28224142] 0
[0.539008   0.24766077] 0
[0.53316483 0.25991649] 0
[0.58925915 0.27190329] 0
[0.58373944 0.25098057] 0
[0.58754182 0.21971652] 0
[0.55569983 0.24465858] 0
[0.5628844  0.29611759] 0
[0.52967915 0.27736415] 0
[0.5114248  0.27581494] 0
[0.58864217 0.20444781] 0
