5.916744716076395294e-01 3.503452671758200965e-01
5.022375016689115679e-01 3.966628266712585171e-01
5.833139233422416359e-01 3.932634276526154604e-01
5.738550837089645418e-01 3.620624872881533785e-01
5.488167453869731149e-01 3.466051315015402090e-01
5.093155120197263575e-01 3.218179759143539043e-01
5.959896183086562660e-01 3.230699084693141598e-01
5.521168828324281019e-01 3.012596114561622018e-01
5.584581967503507993e-01 3.204513898056821630e-01
5.718217514265968582e-01 3.507704810349348001e-01
5.887203376935064014e-01 3.272880795552878808e-01
5.582827723082821603e-01 3.980619295520946288e-01
5.200247505066794007e-01 3.506137214075816244e-01
5.216356310985594824e-01 3.494825450843742076e-01
5.314396334912204756e-01 3.561999959435043217e-01
5.993622561871160270e-01 3.994515473703089126e-01
5.437384119161136065e-01 3.597138265074941166e-01
5.926726740730113852e-01 3.044327987010173597e-01
5.771143541449262893e-01 3.614209554205964903e-01
5.166150697317081208e-01 3.006146855922841588e-01
5.339565521012041849e-01 3.512626509687257204e-01
5.913141898703540011e-01 3.116949469409306395e-01
5.521374055056650354e-01 3.988208874225575573e-01
5.857836997484892061e-01 3.244575182603856578e-01
5.832646191904564681e-01 3.909661971838838679e-01
5.892842257743250434e-01 3.802242743852137230e-01
5.639955266336829087e-01 3.756829880473758765e-01
5.432845000422440451e-01 3.323556511006295899e-01
5.977833167029557027e-01 3.001860415451897413e-01
5.402168341551946140e-01 3.608942511691385913e-01
5.566625996800731446e-01 3.777788471177837004e-01
5.250964535242492737e-01 3.222318379217664619e-01
5.881575529471539943e-01 3.944190529871932083e-01
5.110965636391894273e-01 3.114415207255497586e-01
5.066882013517268746e-01 3.180277731794957097e-01
5.062928113854880952e-01 3.854030318190270754e-01
5.361857730345954698e-01 3.893352040019372184e-01
5.170346694901590823e-01 3.205465830807594507e-01
5.682061762410287598e-01 3.442844260787276123e-01
5.724289490948262227e-01 3.874887707313726670e-01
5.075783849323372010e-01 3.154824369687090346e-01
5.421752664802061972e-01 3.076660694078409142e-01
5.964710786650370133e-01 3.712188715964117036e-01
5.162456542553628402e-01 3.666187817679840144e-01
5.628515422412376790e-01 3.480405151040893430e-01
5.421794650806567306e-01 3.024883420731508954e-01
5.662041709120960720e-01 3.032729673501891599e-01
5.791175193631089568e-01 3.086377936224192764e-01
5.977154856646273995e-01 3.180248652852705193e-01
5.412985115699022742e-01 3.369397246715862826e-01
5.681561589513969279e-01 3.316872359113527957e-01
5.608610190658586125e-01 3.832010167164289216e-01
5.060606584975095856e-01 3.625778855121203903e-01
5.406961534486559584e-01 3.988290985687688028e-01
5.054854657726486344e-01 3.813060373919286983e-01
5.102644893389265413e-01 3.676125086957998112e-01
5.689073674871721886e-01 3.398444587790125926e-01
5.233019789997899185e-01 3.340623542684714176e-01
5.681191199257488167e-01 3.831385999396200726e-01
5.648168053011760614e-01 3.168430718030372795e-01
5.884087065727452437e-01 3.173546509970534002e-01
5.597051232933508702e-01 3.900930507897465427e-01
5.979132696032121164e-01 3.796390794211125796e-01
5.365017917839768335e-01 3.892337976769797425e-01
5.821222352919592780e-01 3.488152385360745456e-01
5.849569945723780418e-01 3.856472620933356077e-01
5.812894521222069510e-01 3.316136252269355489e-01
5.666216090327439447e-01 3.860469857342430644e-01
5.588884124803971121e-01 3.338051612888188191e-01
5.918692009341600668e-01 3.321520149549215262e-01
5.006195211135379131e-01 3.583224264604917275e-01
5.175717441153668830e-01 3.771676079814863525e-01
5.119695399709590644e-01 3.344713163501355502e-01
5.547447625710726360e-01 3.534918104391307492e-01
5.221570795024983447e-01 3.151320707305819147e-01
5.236231123371288820e-01 3.882223370818220221e-01
5.905772309189935010e-01 3.303988184380266535e-01
5.023233803214995907e-01 3.800413220304455497e-01
5.585731499308683734e-01 3.467372874462190668e-01
5.680194802533956588e-01 3.330461314535256290e-01
5.149339387837293947e-01 3.669137765483393987e-01
5.458090983572625454e-01 3.919679656845968529e-01
5.184003475694338725e-01 3.862202773045584347e-01
5.413562930604849388e-01 3.717261679287860443e-01
5.952515952951136224e-01 3.302923884729597193e-01
5.925913205350004098e-01 3.839570868193613040e-01
5.467457657267005278e-01 3.790518629275290707e-01
5.251822692457772668e-01 3.777804231163189863e-01
5.850699148771151270e-01 3.361092674330445340e-01
5.219171348521363107e-01 3.114566366179544743e-01
5.489624861881631235e-01 3.375278279236477719e-01
5.026367068689272521e-01 3.322661755567752340e-01
5.137732275937595405e-01 3.132171324581243255e-01
5.170430661141353079e-01 3.524678691433965061e-01
5.599167271108663746e-01 3.563762963244651027e-01
5.809557498897006678e-01 3.352038096872542172e-01
5.045067845225676972e-01 3.772911260633535768e-01
5.268454716365100765e-01 3.360294115783974966e-01
5.351618515615017557e-01 3.561983179797824639e-01
5.844602234623484938e-01 3.591402122689876242e-01
5.570670054374178282e-01 3.472490780716742664e-01
5.596248437924702390e-01 3.031770975070374741e-01
5.827971084784101530e-01 3.340805062924852575e-01
5.640015639504372125e-01 3.409808156305592086e-01
5.205436371610545621e-01 3.429485688789528086e-01
5.609401055319818141e-01 3.987806495836552778e-01
5.179443630894758899e-01 3.446672142031685371e-01
5.048537824996970347e-01 3.345137580019337253e-01
5.882565662420562447e-01 3.802157649141449380e-01
5.874894540553751154e-01 3.451013500799495759e-01
5.585862807869467206e-01 3.138149714729474016e-01
5.519652246989027455e-01 3.087330274463843116e-01
5.228823392259190905e-01 3.064628015648235837e-01
5.337513033826247755e-01 3.681220325823450490e-01
5.171851554663016159e-01 3.431110756026710673e-01
5.452286330099141987e-01 3.678440346500174152e-01
5.779744917848907981e-01 3.610015837874417932e-01
5.729776246754356706e-01 3.535597295625948489e-01
5.626670790124873589e-01 3.928755551890591446e-01
5.867030007473702513e-01 3.600294061233465515e-01
5.124071651205996947e-01 3.669032133763991399e-01
5.371824894532952754e-01 3.704077575431255487e-01
5.896605882602565796e-01 3.806662612744302066e-01
5.190734528326149677e-01 3.976459218338065371e-01
5.022146055499803197e-01 3.862009185442039638e-01
5.008386489329279545e-01 3.921293171866029881e-01
5.594155339795943149e-01 3.579179609811066753e-01
5.856886695013743260e-01 3.813938157543819707e-01
5.064999597306383272e-01 3.574680335674637610e-01
5.984156603286227005e-01 3.246296235197057012e-01
5.223272873224609203e-01 3.154810016834670994e-01
5.409889523599009653e-01 3.914517389819332505e-01
5.717596864550033020e-01 3.436797137178726480e-01
5.816606153803562940e-01 3.511949413906546025e-01
5.524059092852703357e-01 3.354325076624410373e-01
5.857569529993034152e-01 3.911137737375030565e-01
5.921623028144302747e-01 3.792320065848786004e-01
5.299681781180182183e-01 3.927078389352924859e-01
5.670689879921950727e-01 3.468789859571559386e-01
5.751754787567158189e-01 3.650351170683963642e-01
5.698485197581971695e-01 3.000063620633542927e-01
5.974464595349483487e-01 3.659257548061867760e-01
5.345078728472271168e-01 3.362621943158664028e-01
5.904190823373277608e-01 3.341436751761793222e-01
5.820982267068492977e-01 3.462098781875733722e-01
5.153678566641211045e-01 3.236455379676360655e-01
5.622305469569605085e-01 3.244805048580893247e-01
5.890365996870537968e-01 3.803716291154812801e-01
5.500785773871463835e-01 3.446314150527745035e-01
5.183864572514584879e-01 3.144631679142738112e-01
5.760191937606236046e-01 3.893396721510251623e-01
5.176019713224556673e-01 3.852558238191073903e-01
5.483664270190125034e-01 3.123184586882319924e-01
5.379700892739623930e-01 3.524976969263889925e-01
5.080799382606164816e-01 3.093944123083270381e-01
5.792083806306586036e-01 3.420455022715184756e-01
5.977828652973449231e-01 3.927415473312430572e-01
5.681201766328912717e-01 3.638253693072103223e-01
5.469697739437344719e-01 3.015611772660251044e-01
5.866558076238035380e-01 3.404627994645073596e-01
5.178710809154591921e-01 3.556846836542738588e-01
5.969544768509401633e-01 3.607822392295684244e-01
5.690960763686678803e-01 3.110040217548027952e-01
5.236741919716919602e-01 3.629516898455531493e-01
5.467089842813301903e-01 3.011739440621556962e-01
5.302789987457285914e-01 3.021046968662957632e-01
5.551513651237297564e-01 3.873123679651437890e-01
5.834687843142930541e-01 3.510502192090165230e-01
5.322876411189493284e-01 3.508461881166727303e-01
5.706114282859935383e-01 3.511840106200542211e-01
5.893728317147384210e-01 3.938745883819046445e-01
5.448802522572344653e-01 3.336159105103816414e-01
5.735147898842399838e-01 3.413082884834502395e-01
5.641324576360440268e-01 3.250765410753241880e-01
5.892635636510403785e-01 3.890652320872579617e-01
5.168778752619462846e-01 3.677164196860606138e-01
5.230455814341622434e-01 3.595537998949113745e-01
5.364756676735891183e-01 3.296808171997766546e-01
5.355167639193051388e-01 3.900795627891682216e-01
5.517850734375457922e-01 3.539485210093789025e-01
5.152938262510040612e-01 3.282012363214547035e-01
5.772016897631174759e-01 3.957374908426333215e-01
5.817677811643625629e-01 3.416999949063622699e-01
5.124858030203359727e-01 3.168641272495811290e-01
5.649157308268748512e-01 3.433228258308020919e-01
5.128515387278529403e-01 3.091510190675225145e-01
5.020115428909731614e-01 3.283873017967985919e-01
5.886560636735232999e-01 3.555180854205197694e-01
5.328614349307059239e-01 3.425257960190550288e-01
5.248615316780401718e-01 3.862218212019283281e-01
5.645542250225062952e-01 3.373845811808178774e-01
5.206334559672103346e-01 3.097700652198869253e-01
5.690026304731498064e-01 3.888813334092335872e-01
5.247267054548125920e-01 3.416089116144703230e-01
5.827881514375102823e-01 3.315169718639669472e-01
5.939081075418646272e-01 3.702876518553702700e-01
5.838677184187605063e-01 3.225157590028218113e-01
5.285377979145720051e-01 3.903831059406237536e-01
5.713437888266548192e-01 3.728232266760345692e-01
5.523600893700267855e-01 3.023089467602783076e-01
5.009135797725358108e-01 3.223575657571991493e-01
5.900473887610767632e-01 3.525920165099564185e-01
5.955404339729417629e-01 3.081783688363710638e-01
5.997334323177794246e-01 3.865103941261541776e-01
5.959469886051901311e-01 3.000442496823386151e-01
5.610165423447255328e-01 3.007811652496560351e-01
5.593383013515201840e-01 3.172123999942021988e-01
5.892204219365788642e-01 3.629762559896221874e-01
5.444932543407761116e-01 3.543179488231189556e-01
5.662348223435194061e-01 3.435560334165230212e-01
5.344521037463720869e-01 3.540636872787432110e-01
5.247278711128208206e-01 3.503485899336991061e-01
5.523832605868786993e-01 3.315574139921252383e-01
5.693912074625532282e-01 3.910437645384434724e-01
5.853209219548494158e-01 3.610816294407381832e-01
5.979747976416290856e-01 3.824486841415402627e-01
5.425697078081288538e-01 3.236824948746848118e-01
5.682132001836990298e-01 3.545766344854572871e-01
5.304848763522393984e-01 3.874030647643759151e-01
5.734909120646223268e-01 3.375445494650451406e-01
5.733291534115833032e-01 3.661009551603672807e-01
5.508172838189910880e-01 3.565301341772340593e-01
5.213209653412548272e-01 3.860545348025409274e-01
5.989770491933108509e-01 3.371977666078353475e-01
5.822909637964209795e-01 3.088322244942075523e-01
5.360653016034857554e-01 3.319361160377691800e-01
5.091536122150028820e-01 3.906679855566511095e-01
5.258128409609040821e-01 3.184610191019582870e-01
5.021318353500880960e-01 3.473796715495242049e-01
5.782843334581433403e-01 3.362039543281810650e-01
5.782217733016176142e-01 3.668995013745840472e-01
5.593110176586568727e-01 3.109282906033106197e-01
5.677411650510325591e-01 3.233000180416820135e-01
5.940031185128386015e-01 3.012783521629033290e-01
5.676537720730607806e-01 3.869885861135403116e-01
5.041208008493920367e-01 3.746561941816552443e-01
5.834004092758700022e-01 3.369457863652267626e-01
5.777911672927539266e-01 3.085072982141344178e-01
5.975578488655449716e-01 3.120135809998302312e-01
5.181156358411915797e-01 3.504187582407379264e-01
5.781838739890819978e-01 3.747042562968396218e-01
5.468625581382557943e-01 3.311011923508470067e-01
5.760568649101351912e-01 3.381704467742709941e-01
5.422639652322989168e-01 3.786335145526401602e-01
5.114224130949660552e-01 3.245187558807094419e-01
5.373410397532485394e-01 3.760537144625736294e-01
5.897833294266410231e-01 3.846937981399499717e-01
5.251148688236345619e-01 3.102229539781626855e-01
5.907351342349503875e-01 3.871711368133157749e-01
5.691946486050637466e-01 3.723191453361242020e-01
5.295043241408609047e-01 3.628968344022418524e-01
5.430123372759312339e-01 3.543857196330875703e-01
5.098072615803240781e-01 3.779104752342786200e-01
5.456245200483390567e-01 3.539285219358368484e-01
5.464235123081614409e-01 3.286421210772952906e-01
5.927183682514949314e-01 3.379545381674058935e-01
5.826737621748742102e-01 3.826425443072809518e-01
5.402874097843936019e-01 3.643780850069589516e-01
5.821341496885431566e-01 3.592062335845329635e-01
5.700517529581827780e-01 3.322214575523006475e-01
5.758149813531673322e-01 3.754120270128703529e-01
5.857494816612173194e-01 3.873512774882841847e-01
5.004302350152450840e-01 3.126538756143264486e-01
5.478748798078779680e-01 3.608719177569172376e-01
5.637299676260113523e-01 3.196445482906502544e-01
5.109625506149099161e-01 3.399282108273361525e-01
5.322899750623535375e-01 3.090138593612353768e-01
5.581840217433871043e-01 3.907157816740032263e-01
5.334272378398143832e-01 3.777233861415760785e-01
5.539905843676361519e-01 3.348367017361543185e-01
5.070235269255047861e-01 3.861790377326511647e-01
5.476946407453973098e-01 3.157054026130703406e-01
5.728659267690973111e-01 3.222020614436762465e-01
5.289431645464286458e-01 3.835819319713631992e-01
5.078995479421181125e-01 3.524625302183867492e-01
5.164831844794205429e-01 3.030224594264193105e-01
5.466936726945593739e-01 3.173354041275234794e-01
5.242399154804632255e-01 3.790548308419685042e-01
5.326194059307334250e-01 3.249615189995876396e-01
5.901754022926678500e-01 3.827574691582202870e-01
5.133585229913777415e-01 3.671163328452930474e-01
5.889565898983825099e-01 3.621769607624895637e-01
5.521697519136643528e-01 3.341412345848592258e-01
5.709078390846150652e-01 3.987111267847612828e-01
5.639270111659536733e-01 3.990264672706985705e-01
5.743334696890890489e-01 3.806198463315262348e-01
5.596541988477806706e-01 3.939021427187651136e-01
5.666951944259394081e-01 3.386626195475868073e-01
5.984657070795431633e-01 3.591195242628641426e-01
5.586186377537225578e-01 3.019865639349161301e-01
5.069155610272362278e-01 3.446228801866928482e-01
5.431635742022109525e-01 3.967480422788341454e-01
5.066906464734097781e-01 3.276537642272505102e-01
5.401931117324649811e-01 3.238974250399470067e-01
5.811789414716789226e-01 3.285187784798770383e-01
5.625281262347070488e-01 3.381197435441396504e-01
5.999515260568808461e-01 3.802428009859082358e-01
5.215053809672671736e-01 3.724018790442136795e-01
5.664703218971002263e-01 3.352781478990410902e-01
5.914576249008515196e-01 3.166077765369673669e-01
5.265560143659006043e-01 3.723264066577390285e-01
5.926582618585730655e-01 3.475798336623281970e-01
5.624581246273514523e-01 3.646553354268314284e-01
5.661608377957475513e-01 3.934687612814554147e-01
5.175416148685472173e-01 3.752481596049448420e-01
5.984716592552100645e-01 3.186610496094177125e-01
5.850122666343668953e-01 3.970092448685645370e-01
5.244727708184648840e-01 3.874332145145726880e-01
5.802792433649064385e-01 3.556774022489450071e-01
5.062528337677874024e-01 3.817859433563999816e-01
5.760785417895630811e-01 3.817959499606032869e-01
5.298067481804678014e-01 3.332939411336667823e-01
5.742850063702047425e-01 3.257934608891249750e-01
5.178424731246651369e-01 3.369269171481432124e-01
5.099768884155364557e-01 3.826986171565717743e-01
5.198991362677835015e-01 3.479173769956696027e-01
5.648349719770476840e-01 3.945791378915108893e-01
5.794040817445089697e-01 3.647278398437993618e-01
5.487000534276800234e-01 3.202752361439288875e-01
5.783345604769181136e-01 3.584808788673492508e-01
5.060266786047613596e-01 3.210047781145088930e-01
5.383259129092742290e-01 3.354109501790029646e-01
5.917585500847706292e-01 3.935857486474779732e-01
5.665447895400352873e-01 3.180400450248389577e-01
5.789075433698127604e-01 3.544805023265626409e-01
5.319941545525190829e-01 3.762091284558847226e-01
5.138665234528659864e-01 3.344404464254695508e-01
5.639360115353440062e-01 3.413497827755805902e-01
5.964690765622820967e-01 3.546145641273871219e-01
5.617076709162828196e-01 3.057845655329448631e-01
5.307749372727915693e-01 3.109818573616369708e-01
5.399903441561478834e-01 3.197339782317260015e-01
5.590828567036701946e-01 3.707866642631956755e-01
5.636521046659095369e-01 3.845685231604252796e-01
5.808980938600015742e-01 3.762767077716004382e-01
5.299136296623241371e-01 3.374574863961726789e-01
5.892315449221582346e-01 3.461596282958007142e-01
5.508794862293949768e-01 3.052627073650444611e-01
5.565552049001307733e-01 3.362811548443615517e-01
5.829875400166412147e-01 3.392643059272106854e-01
5.179627831770302615e-01 3.396031943594691738e-01
5.826719419527638388e-01 3.442403075548961522e-01
5.189261236535759325e-01 3.138917205822115974e-01
5.111739047797030366e-01 3.702078417803508770e-01
5.588034129364636282e-01 3.721197516776171832e-01
5.713097862753834244e-01 3.719164920633216687e-01
5.585683622347297206e-01 3.777333007818879373e-01
5.487664423472095043e-01 3.316143020713872014e-01
5.915223245812819552e-01 3.008518847037802701e-01
5.930056013642510671e-01 3.358208097572105144e-01
5.322078048301589481e-01 3.635448063203798874e-01
5.475626326937745869e-01 3.272301588263825112e-01
5.431207469942748167e-01 3.221459057257600178e-01
5.436365953958677277e-01 3.502431693208959418e-01
5.008536455492665906e-01 3.791218886619889261e-01
5.646580265634635332e-01 3.149545993708544045e-01
5.846780723298840021e-01 3.193615276880297227e-01
5.332519467143456149e-01 3.160233632650173985e-01
5.566308843041966048e-01 3.828343841363336941e-01
5.048632099681624741e-01 3.686061199253404808e-01
5.640310625741115080e-01 3.249094662439366843e-01
5.627837216089660588e-01 3.830490909656876219e-01
5.475759625320676394e-01 3.904584916698308206e-01
5.116700595918760586e-01 3.874037667489384495e-01
5.290828205460322842e-01 3.250327747929210309e-01
5.253677575407302847e-01 3.735383631732431819e-01
5.492466338334632825e-01 3.380142548674995862e-01
5.428443808260053904e-01 3.101169103576827402e-01
5.147759413533932182e-01 3.134254800221822901e-01
5.042466154394507072e-01 3.063777053630410974e-01
5.585511312033544229e-01 3.884753776547220649e-01
5.264116931354819728e-01 3.158141274978481516e-01
5.026120307398882492e-01 3.153241872762314602e-01
5.241584072113103510e-01 3.273306717894152174e-01
5.017066348625449645e-01 3.427625093930066758e-01
5.209208180596750504e-01 3.882449934704888528e-01
5.316973205214562403e-01 3.963497130687076431e-01
5.186250545815785928e-01 3.488334159691835468e-01
5.852071527961526520e-01 3.765199769095019522e-01
5.099741111665293536e-01 3.231452998532173826e-01
5.721930795862987251e-01 3.630638766823673924e-01
5.165615472938892561e-01 3.459694274458756102e-01
5.153832211625823945e-01 3.464416069133129938e-01
5.253598449667562509e-01 3.843221172763088833e-01
5.646113740206315512e-01 3.486650365033798771e-01
5.493668639377545793e-01 3.332250927442880206e-01
5.720322908182848831e-01 3.452355148656010009e-01
5.973400955829035741e-01 3.030658907930331436e-01
5.866588569565384104e-01 3.130298516768243444e-01
5.014551730574735577e-01 3.235218484647591763e-01
5.955980216863600019e-01 3.100474344999160636e-01
5.761716098990876667e-01 3.394969344774175779e-01
5.105559307245185474e-01 3.166503607933406905e-01
5.633393173454742664e-01 3.187933954273852732e-01
5.575597849488298507e-01 3.405603280204025918e-01
5.644786550516300849e-01 3.749386680233613989e-01
5.628458139624489265e-01 3.109705353613329559e-01
5.387493611726361653e-01 3.334402418073466601e-01
5.290542529739860056e-01 3.181755536862458933e-01
5.786463274301308912e-01 3.848995597612380193e-01
5.465268540963870159e-01 3.295221545791016671e-01
5.601741427093999137e-01 3.606140299834361684e-01
5.911280856383447357e-01 3.106744200727287741e-01
5.392362978547448060e-01 3.783766755073832977e-01
5.058273254854521728e-01 3.020045001039912136e-01
5.443798586337618151e-01 3.779141383130180665e-01
5.538550885065839369e-01 3.893037721687157560e-01
5.392443078592978889e-01 3.419755130230455742e-01
5.006372722101321004e-01 3.623385614957945200e-01
5.237346662921021911e-01 3.810152666416600775e-01
5.237824302719330527e-01 3.050874551179539318e-01
5.502030894889768931e-01 3.181317740501952707e-01
5.004566413537681058e-01 3.735882020125928515e-01
5.585140968691617580e-01 3.519372080898551247e-01
5.182563525036338881e-01 3.221196581484532806e-01
5.400571532961535581e-01 3.416150805035340632e-01
5.867837677125546936e-01 3.817081771183240546e-01
5.283674085123850617e-01 3.003644792572778277e-01
5.132953258262097362e-01 3.398101740028516837e-01
5.000259467062988517e-01 3.506681592240100676e-01
5.831068156399469293e-01 3.403176668693764229e-01
5.627483177347727406e-01 3.392628733107970751e-01
5.660333929260989994e-01 3.445291704701725077e-01
5.658632277941730848e-01 3.780048099437433584e-01
5.250028038930912855e-01 3.007910747220656211e-01
5.302184820838826695e-01 3.906291981524172563e-01
5.269849624042588498e-01 3.951099332482974069e-01
5.939107779794436937e-01 3.502217528396162627e-01
5.979211448831500686e-01 3.064844781543425434e-01
5.109533120346626545e-01 3.413293481458707368e-01
5.784451849907169541e-01 3.793019653289559368e-01
5.016634382909379575e-01 3.550089769858604249e-01
5.822980173474343601e-01 3.213188219526769140e-01
5.537464078556709746e-01 3.873600212426349665e-01
5.261051215145896576e-01 3.383777294399427094e-01
5.243126754773452802e-01 3.318143894553183260e-01
5.730589873241250798e-01 3.457131909173466466e-01
5.895365244731904930e-01 3.702439417382883402e-01
5.166128450537681438e-01 3.789020086875190541e-01
5.836916588968422692e-01 3.881431070143149253e-01
5.976137699164929540e-01 3.487648874476161343e-01
5.571173369973202449e-01 3.060378395041127852e-01
5.160265955949603356e-01 3.580281579743790354e-01
5.566460813377851480e-01 3.302962493849767034e-01
5.705286871072863253e-01 3.165613501809829144e-01
5.222465224137113893e-01 3.180613351024931257e-01
5.616811146370851437e-01 3.345124133953852885e-01
5.264037333171678323e-01 3.870944013646460125e-01
5.547559115204145908e-01 3.165349589818944320e-01
5.791182193393704658e-01 3.576378566962068462e-01
5.803893720108688203e-01 3.700311397636386057e-01
5.766101989827433494e-01 3.164763749789079039e-01
5.512520773722404677e-01 3.431670211137046178e-01
5.717043416696961922e-01 3.482354236927680535e-01
5.061362231417536606e-01 3.371602299115656898e-01
5.739014091152015995e-01 3.504701394161062189e-01
5.269456586459630998e-01 3.724195844051637061e-01
5.331182349999245007e-01 3.677796113806486855e-01
5.897010039857594199e-01 3.440086108076992888e-01
5.157903547853451842e-01 3.266327183710789894e-01
5.205531902183052617e-01 3.335033241055193609e-01
5.910880994073064443e-01 3.458539184348723983e-01
5.255582681328585526e-01 3.904858892730924680e-01
5.349120563936058392e-01 3.634158295844698849e-01
5.882917883890848021e-01 3.677923454249575896e-01
5.625839798513100343e-01 3.656024039722919894e-01
5.538556021718921141e-01 3.552993492444954660e-01
5.740089843459028618e-01 3.643685933717060732e-01
5.571670178396350703e-01 3.392109838059816362e-01
5.569388979146391305e-01 3.280500557631301772e-01
5.397264579102357684e-01 3.264681689718393343e-01
5.353566568924875702e-01 3.914100384436302593e-01
5.395250909295865593e-01 3.660931877442628601e-01
5.177023107928634404e-01 3.081833212305921665e-01
5.924520589811136384e-01 3.101636856069899251e-01
5.249612175338572717e-01 3.140979706312495567e-01
5.236635585793928405e-01 3.082882370643483805e-01
5.502987065286122359e-01 3.450413511018932677e-01
5.300472777190115004e-01 3.706116235042223872e-01
5.712803162788890887e-01 3.406847866505417488e-01
5.203841015385741731e-01 3.657047465171338052e-01
5.266201575158866444e-01 3.413662450913669266e-01
5.516069721230576484e-01 3.809391897542037109e-01
5.400758072270580579e-01 3.532598923943480185e-01
5.167931303210395733e-01 3.321615352548591971e-01
5.039170838921576134e-01 3.461267271133772194e-01
5.305063971946956114e-01 3.958062853704525930e-01
5.912649303236735543e-01 3.961028555642301940e-01
5.347780091721633378e-01 3.755547428874194127e-01
5.182839976179794972e-01 3.674005012634462553e-01
5.373924316255372924e-01 3.926897872203891637e-01
5.154100908226182387e-01 3.636071022835581368e-01
5.186284343782439077e-01 3.883293586232517969e-01
5.638863937969590401e-01 3.912668748674816288e-01
5.037757788344416898e-01 3.384059778248932893e-01
5.529814487138390300e-01 3.352192582574171631e-01
5.151054172750443305e-01 3.443597124463720904e-01
5.417124643963937558e-01 3.140403077466833448e-01
5.238891911801157875e-01 3.109511181895505683e-01
5.605586870402834432e-01 3.443850131349650012e-01
5.316927463155021183e-01 3.480383978861146810e-01
5.077791762002862308e-01 3.596410707968643039e-01
5.956564535745556555e-01 3.239376698537470567e-01
5.032245593117838922e-01 3.505664554191298410e-01
5.422572563003540402e-01 3.450204131466741986e-01
5.528852096745046074e-01 3.945251721067886685e-01
5.097099186507800805e-01 3.071479111399207929e-01
5.438070406752626429e-01 3.754077238623012569e-01
5.221797774187235675e-01 3.299990771722396410e-01
5.699850130173748086e-01 3.736178769209944628e-01
5.831166338319629938e-01 3.852707038413041296e-01
5.977430040069563466e-01 3.577226503123529522e-01
5.880953586400170519e-01 3.913846095440492445e-01
5.053050212753392723e-01 3.638319792350457882e-01
5.088838843047960303e-01 3.676484433604962354e-01
5.725456634327190653e-01 3.450826313457446282e-01
5.648527019466381693e-01 3.860207714640482290e-01
5.942009302035153873e-01 3.678623172775728478e-01
5.655676870890192776e-01 3.511358150277140155e-01
5.762555607407762182e-01 3.377031878391605346e-01
5.881725354773498227e-01 3.780454399897866247e-01
5.505867485841845488e-01 3.998780806616764605e-01
5.122439003232440724e-01 3.517332593706608002e-01
5.235880095162038783e-01 3.198465307772366262e-01
5.924122603917164609e-01 3.400618202738194817e-01
5.521835388405020861e-01 3.226603517111434893e-01
5.882720621059783772e-01 3.695793878166050983e-01
5.763785371798912927e-01 3.383802313052639565e-01
5.529411436382003497e-01 3.043490645521020888e-01
5.857436659924678546e-01 3.851896849325016636e-01
5.038920051203135131e-01 3.552199181362691305e-01
5.938968482080925204e-01 3.680490500345860450e-01
5.807529586359418960e-01 3.194072764753845828e-01
5.999309090340131378e-01 3.322316257081657787e-01
5.808685227829650799e-01 3.010884316355728618e-01
5.568809828469387657e-01 3.397388577691055067e-01
5.068582635942977532e-01 3.748702683286436188e-01
5.648988534230948710e-01 3.358505128854045729e-01
5.894432091512245009e-01 3.951580460008377038e-01
5.040187271495482069e-01 3.906182444202674908e-01
5.453345264170925688e-01 3.917892159868348045e-01
5.923745160965702139e-01 3.188403855735878478e-01
5.493746594662285432e-01 3.162573261748035658e-01
5.094947994295015992e-01 3.399725060040997282e-01
5.056352893534742377e-01 3.960638958477620819e-01
5.253375912380582324e-01 3.661616543645199728e-01
5.400163429543403115e-01 3.141073432124496523e-01
5.993321141834953014e-01 3.338284314406128606e-01
5.964936565645346800e-01 3.875644287466349924e-01
5.685130171301023827e-01 3.393889378210531160e-01
5.324727604251160429e-01 3.668124406949187510e-01
5.271618535222697410e-01 3.879545801648533465e-01
5.585698558398073388e-01 3.850942715647395209e-01
5.535776155572977864e-01 3.118402320964621111e-01
5.775720413706707523e-01 3.395448195198738084e-01
5.128262782448053114e-01 3.305779474689029551e-01
5.540885846074472543e-01 3.590326733253351166e-01
5.335368792387683579e-01 3.260606259455420264e-01
5.361465224190429257e-01 3.493300028760044640e-01
5.222247259533679964e-01 3.414851424440700223e-01
5.405285381298040592e-01 3.641884551105744605e-01
5.691546214406849602e-01 3.221614304145580254e-01
5.788604970384308990e-01 3.364687224859690962e-01
5.653800150187001661e-01 3.256149150216567922e-01
5.027000511392794024e-01 3.209141771974651780e-01
5.007845700680413348e-01 3.627565311630845946e-01
5.051785639196865185e-01 3.920956449170795444e-01
5.060683892676371975e-01 3.216398337137440500e-01
5.596750442033715522e-01 3.776537745197451890e-01
5.811379946785173445e-01 3.595907841840191299e-01
5.591066025602118295e-01 3.152023401745394082e-01
5.591661933184099986e-01 3.909172753240572340e-01
5.653066050501176498e-01 3.348870837258602351e-01
5.808310582454304649e-01 3.496745065568431232e-01
5.654495973908717499e-01 3.815944747939804538e-01
5.296954358154749576e-01 3.906903141888790620e-01
5.519132154190499184e-01 3.008494047147540207e-01
5.824707472357311122e-01 3.114710659228093759e-01
5.203253413402184613e-01 3.731891667262153822e-01
5.387300898441483854e-01 3.502470569734725814e-01
5.350358290637934333e-01 3.150042892104605308e-01
5.762380800396431635e-01 3.233388617308451951e-01
