[0.59167447 0.35034527] 0
[0.5584582  0.32045139] 0
[0.54373841 0.35971383] 0
[0.58326462 0.3909662 ] 0
[0.58815755 0.39441905] 0
[0.50757838 0.31548244] 0
[0.59771549 0.31802487] 0
[0.56890737 0.33984446] 0
[0.58212224 0.34881524] 0
[0.51196954 0.33447132] 0
[0.51493394 0.36691378] 0
[0.58506991 0.33610927] 0
[0.50450678 0.37729113] 0
[0.52054364 0.34294857] 0
[0.52288234 0.3064628 ] 0
[0.51240717 0.36690321] 0
[0.50649996 0.35746803] 0
[0.5921623  0.37923201] 0
[0.58209823 0.34620988] 0
[0.54836643 0.31231846] 0
[0.51787108 0.35568468] 0
[0.53228764 0.35084619] 0
[0.52304558 0.3595538 ] 0
[0.56491573 0.34332283] 0
[0.56900263 0.38888133] 0
[0.50091358 0.32235757] 0
[0.54449325 0.35431795] 0
[0.54256971 0.32368249] 0
[0.58229096 0.30883222] 0
[0.56774117 0.32330002] 0
[0.57818387 0.37470426] 0
[0.59073513 0.38717114] 0
[0.58267376 0.38264254] 0
[0.56372997 0.31964455] 0
[0.57286593 0.32220206] 0
[0.51335852 0.36711633] 0
[0.59846571 0.35911952] 0
[0.59995153 0.3802428 ] 0
[0.51754161 0.37524816] 0
[0.57428501 0.32579346] 0
[0.50602668 0.32100478] 0
[0.59646908 0.35461456] 0
[0.58923154 0.34615963] 0
[0.55880341 0.37211975] 0
[0.54312075 0.32214591] 0
[0.56403106 0.32490947] 0
[0.51477594 0.31342548] 0
[0.53169732 0.39634971] 0
[0.56461137 0.34866504] 0
[0.51055593 0.31665036] 0
[0.54652685 0.32952215] 0
[0.50063727 0.36233856] 0
[0.58678377 0.38170818] 0
[0.5250028  0.30079107] 0
[0.58229802 0.32131882] 0
[0.59761377 0.34876489] 0
[0.55475591 0.31653496] 0
[0.52694566 0.37241958] 0
[0.58829179 0.36779235] 0
[0.53952509 0.36609319] 0
[0.5203841  0.36570475] 0
[0.53477801 0.37555474] 0
[0.51510542 0.34435971] 0
[0.54225726 0.34502041] 0
[0.58809536 0.39138461] 0
[0.58817254 0.37804544] 0
[0.55294114 0.30434906] 0
[0.50685826 0.37487027] 0
[0.50563529 0.3960639 ] 0
[0.55856986 0.38509427] 0
[0.54052854 0.36418846] 0
[0.55967504 0.37765377] 0
[0.55191322 0.3008494 ] 0
[0.5022375  0.39666283] 0
[0.57182175 0.35077048] 0
[0.59267267 0.3044328 ] 0
[0.58928423 0.38022427] 0
[0.51109656 0.31144152] 0
[0.54217527 0.30766607] 0
[0.54129851 0.33693972] 0
[0.52330198 0.33406235] 0
[0.58495699 0.38564726] 0
[0.55474476 0.35349181] 0
[0.5458091  0.39196797] 0
[0.52191713 0.31145664] 0
[0.52684547 0.33602941] 0
[0.56094011 0.39878065] 0
[0.5337513  0.36812203] 0
[0.53718249 0.37040776] 0
[0.59841566 0.32462962] 0
[0.52996818 0.39270784] 0
[0.51536786 0.32364554] 0
[0.53797009 0.3524977 ] 0
[0.59695448 0.36078224] 0
[0.57061143 0.35118401] 0
[0.53647567 0.32968082] 0
[0.51285154 0.30915102] 0
[0.52472671 0.34160891] 0
[0.59004739 0.35259202] 0
[0.56623482 0.34355603] 0
[0.5682132  0.35457663] 0
[0.5360653  0.33193612] 0
[0.59400312 0.30127835] 0
[0.54686256 0.33110119] 0
[0.56919465 0.37231915] 0
[0.54028741 0.36437809] 0
[0.51096255 0.33992821] 0
[0.52894316 0.38358193] 0
[0.58895659 0.36217696] 0
[0.55861864 0.30198656] 0
[0.52150538 0.37240188] 0
[0.59847166 0.31866105] 0
[0.51784247 0.33692692] 0
[0.53832591 0.33541095] 0
[0.56170767 0.30578457] 0
[0.55087949 0.30526271] 0
[0.57130979 0.37191649] 0
[0.5436366  0.35024317] 0
[0.56278372 0.38304909] 0
[0.50424662 0.30637771] 0
[0.51862505 0.34883342] 0
[0.54936686 0.33322509] 0
[0.56333932 0.3187934 ] 0
[0.56017414 0.36061403] 0
[0.52373467 0.38101527] 0
[0.52836741 0.30036448] 0
[0.53021848 0.3906292 ] 0
[0.55374641 0.38736002] 0
[0.55711734 0.30603784] 0
[0.57911822 0.35763786] 0
[0.53311823 0.36777961] 0
[0.56258398 0.3656024 ] 0
[0.51770231 0.30818332] 0
[0.52662016 0.34136625] 0
[0.518284  0.3674005] 0
[0.54171246 0.31404031] 0
[0.55288521 0.39452517] 0
[0.50530502 0.36383198] 0
[0.55058675 0.39987808] 0
[0.58574367 0.38518968] 0
[0.56489885 0.33585051] 0
[0.52533759 0.36616165] 0
[0.55357762 0.31184023] 0
[0.56915462 0.32216143] 0
[0.58113799 0.35959078] 0
[0.58247075 0.31147107] 0
[0.58331392 0.39326343] 0
[0.58872034 0.32728808] 0
[0.57711435 0.36142096] 0
[0.56399553 0.37568299] 0
[0.5066882  0.31802777] 0
[0.59647108 0.37121887] 0
[0.56815616 0.33168724] 0
[0.56811912 0.3831386 ] 0
[0.58128945 0.33161363] 0
[0.52215708 0.31513207] 0
[0.51840035 0.38622028] 0
[0.54896249 0.33752783] 0
[0.53516185 0.35619832] 0
[0.51794436 0.34466721] 0
[0.51718516 0.34311108] 0
[0.58966059 0.38066626] 0
[0.52232729 0.315481  ] 0
[0.56706899 0.34687899] 0
[0.56223055 0.3244805 ] 0
[0.50807994 0.30939441] 0
[0.56909608 0.31100402] 0
[0.58937283 0.39387459] 0
[0.53551676 0.39007956] 0
[0.50201154 0.3283873 ] 0
[0.58278815 0.33151697] 0
[0.59554043 0.30817837] 0
[0.5344521  0.35406369] 0
[0.53048488 0.38740306] 0
[0.50915361 0.39066799] 0
[0.56765377 0.38698859] 0
[0.57605686 0.33817045] 0
[0.52950432 0.36289683] 0
[0.58213415 0.35920623] 0
[0.53228998 0.30901386] 0
[0.50789955 0.35246253] 0
[0.55216975 0.33414123] 0
[0.50691556 0.34462288] 0
[0.56647032 0.33527815] 0
[0.58501227 0.39700924] 0
[0.50997689 0.38269862] 0
[0.59175855 0.39358575] 0
[0.53077494 0.31098186] 0
[0.5565552  0.33628115] 0
[0.55856836 0.3777333 ] 0
[0.50085365 0.37912189] 0
[0.54757596 0.39045849] 0
[0.55855113 0.38847538] 0
[0.58520715 0.37651998] 0
[0.57203229 0.34523551] 0
[0.55755978 0.34056033] 0
[0.59112809 0.31067442] 0
[0.52378243 0.30508746] 0
[0.51329533 0.33981017] 0
[0.52698496 0.39510993] 0
[0.52610512 0.33837773] 0
[0.5160266  0.35802816] 0
[0.58038937 0.37003114] 0
[0.589701   0.34400861] 0
[0.5538556  0.35529935] 0
[0.59245206 0.31016369] 0
[0.55160697 0.38093919] 0
[0.53739243 0.39268979] 0
[0.52388919 0.31095112] 0
[0.50970992 0.30714791] 0
[0.50888388 0.36764844] 0
[0.5122439  0.35173326] 0
[0.50389201 0.35521992] 0
[0.58944321 0.39515805] 0
[0.54001634 0.31410734] 0
[0.57757204 0.33954482] 0
[0.5788605  0.33646872] 0
[0.5591066  0.31520234] 0
[0.52032534 0.37318917] 0
[0.57385508 0.36206249] 0
[0.55828277 0.39806193] 0
[0.51661507 0.30061469] 0
[0.5432845  0.33235565] 0
[0.50629281 0.38540303] 0
[0.51624565 0.36661878] 0
[0.56086102 0.38320102] 0
[0.56481681 0.31684307] 0
[0.56662161 0.38604699] 0
[0.52362311 0.38822234] 0
[0.54135629 0.37172617] 0
[0.50263671 0.33226618] 0
[0.58446022 0.35914021] 0
[0.50485378 0.33451376] 0
[0.54522863 0.36784403] 0
[0.51907345 0.39764592] 0
[0.54098895 0.39145174] 0
[0.57517548 0.36503512] 0
[0.5890366  0.38037163] 0
[0.57920838 0.3420455 ] 0
[0.52367419 0.36295169] 0
[0.54488025 0.33361591] 0
[0.55178507 0.35394852] 0
[0.58865606 0.35551809] 0
[0.59390811 0.37028765] 0
[0.59973343 0.38651039] 0
[0.52472787 0.35034859] 0
[0.57349091 0.33754455] 0
[0.52581284 0.31846102] 0
[0.5041208  0.37465619] 0
[0.54226397 0.37863351] 0
[0.54301234 0.35438572] 0
[0.57005175 0.33222146] 0
[0.55818402 0.39071578] 0
[0.51648318 0.30302246] 0
[0.57090784 0.39871113] 0
[0.54316357 0.39674804] 0
[0.59145762 0.31660778] 0
[0.52447277 0.38743321] 0
[0.51989914 0.34791738] 0
[0.56654479 0.31804005] 0
[0.53999034 0.31973398] 0
[0.58298754 0.33926431] 0
[0.54876644 0.3316143 ] 0
[0.56465803 0.3149546 ] 0
[0.51167006 0.38740377] 0
[0.52641169 0.31581413] 0
[0.50997411 0.3231453 ] 0
[0.5973401  0.30306589] 0
[0.56447866 0.37493867] 0
[0.5392363  0.37837668] 0
[0.55020309 0.31813177] 0
[0.50002595 0.35066816] 0
[0.59391078 0.35022175] 0
[0.52431268 0.33181439] 0
[0.55664608 0.33029625] 0
[0.5766102  0.31647637] 0
[0.51579035 0.32663272] 0
[0.57400898 0.36436859] 0
[0.52496122 0.31409797] 0
[0.54007581 0.35325989] 0
[0.51541009 0.3636071 ] 0
[0.56055869 0.34438501] 0
[0.54380704 0.37540772] 0
[0.57254566 0.34508263] 0
[0.52358801 0.31984653] 0
[0.59389685 0.36804905] 0
[0.50401873 0.39061824] 0
[0.59933211 0.33382843] 0
[0.51282628 0.33057795] 0
[0.56538002 0.32561492] 0
[0.55916619 0.39091728] 0
[0.53873009 0.35024706] 0
[0.54881675 0.34660513] 0
[0.52002475 0.35061372] 0
[0.53395655 0.35126265] 0
[0.59778332 0.30018604] 0
[0.53618577 0.3893352 ] 0
[0.56285154 0.34804052] 0
[0.50606066 0.36257789] 0
[0.58840871 0.31735465] 0
[0.55888841 0.33380516] 0
[0.59057723 0.33039882] 0
[0.5952516  0.33029239] 0
[0.51377323 0.31321713] 0
[0.55706701 0.34724908] 0
[0.58825657 0.38021576] 0
[0.57797449 0.36100158] 0
[0.50221461 0.38620092] 0
[0.57175969 0.34367971] 0
[0.56984852 0.30000636] 0
[0.55007858 0.34463142] 0
[0.59778287 0.39274155] 0
[0.54670898 0.30117394] 0
[0.57351479 0.34130829] 0
[0.51529383 0.32820124] 0
[0.53286143 0.3425258 ] 0
[0.58386772 0.32251576] 0
[0.59594699 0.30004425] 0
[0.55238326 0.33155741] 0
[0.57332915 0.36610096] 0
[0.50213184 0.34737967] 0
[0.58340041 0.33694579] 0
[0.51142241 0.32451876] 0
[0.50980726 0.37791048] 0
[0.57581498 0.37541203] 0
[0.53342724 0.37772339] 0
[0.54669367 0.3173354 ] 0
[0.56392701 0.39902647] 0
[0.50669065 0.32765376] 0
[0.52655601 0.37232641] 0
[0.58027924 0.3556774 ] 0
[0.56483497 0.39457914] 0
[0.57890754 0.3544805 ] 0
[0.55908286 0.37078666] 0
[0.51796278 0.33960319] 0
[0.59152232 0.30085188] 0
[0.58467807 0.31936153] 0
[0.52908282 0.32503277] 0
[0.50261203 0.31532419] 0
[0.57219308 0.36306388] 0
[0.58665886 0.31302985] 0
[0.56284581 0.31097054] 0
[0.50582733 0.3020045 ] 0
[0.50045664 0.3735882 ] 0
[0.58310682 0.34031767] 0
[0.59792114 0.30648448] 0
[0.57305899 0.34571319] 0
[0.57052869 0.31656135] 0
[0.55125208 0.34316702] 0
[0.52055319 0.33350332] 0
[0.55716702 0.33921098] 0
[0.52366356 0.30828824] 0
[0.51679313 0.33216154] 0
[0.51862843 0.38832936] 0
[0.53169275 0.3480384 ] 0
[0.52217978 0.32999908] 0
[0.5648527  0.38602077] 0
[0.59241226 0.34006182] 0
[0.58075296 0.31940728] 0
[0.54533453 0.39178922] 0
[0.59649366 0.38756443] 0
[0.55408858 0.35903267] 0
[0.50270005 0.32091418] 0
[0.56530661 0.33488708] 0
[0.53503583 0.31500429] 0
[0.50931551 0.32181798] 0
[0.52163563 0.34948255] 0
[0.59131419 0.31169495] 0
[0.54021683 0.36089425] 0
[0.51703467 0.32054658] 0
[0.54217947 0.30248834] 0
[0.54069615 0.3988291 ] 0
[0.55970512 0.39009305] 0
[0.5918692  0.33215201] 0
[0.50232338 0.38004132] 0
[0.59259132 0.38395709] 0
[0.51704307 0.35246787] 0
[0.55962484 0.3031771 ] 0
[0.58748945 0.34510135] 0
[0.57297762 0.35355973] 0
[0.50083865 0.39212932] 0
[0.58166062 0.35119494] 0
[0.59744646 0.36592575] 0
[0.51838646 0.31446317] 0
[0.56812018 0.36382537] 0
[0.530279  0.3021047] 0
[0.56413246 0.32507654] 0
[0.57720169 0.39573749] 0
[0.52486153 0.38622182] 0
[0.5285378  0.39038311] 0
[0.56101654 0.30078117] 0
[0.56939121 0.39104376] 0
[0.55081728 0.35653013] 0
[0.57828433 0.33620395] 0
[0.57779117 0.3085073 ] 0
[0.53734104 0.37605371] 0
[0.54562452 0.35392852] 0
[0.58574948 0.38735128] 0
[0.55399058 0.3348367 ] 0
[0.52423992 0.37905483] 0
[0.57433347 0.38061985] 0
[0.54019311 0.32389743] 0
[0.59265826 0.34757983] 0
[0.50625283 0.38178594] 0
[0.57940408 0.36472784] 0
[0.53199415 0.37620913] 0
[0.5636521  0.38456852] 0
[0.58267194 0.34424031] 0
[0.5930056  0.33582081] 0
[0.53325195 0.31602336] 0
[0.52536776 0.37353836] 0
[0.52415841 0.32733067] 0
[0.51656155 0.34596943] 0
[0.50145517 0.32352185] 0
[0.53874936 0.33344024] 0
[0.54437986 0.37791414] 0
[0.5585141  0.35193721] 0
[0.56274832 0.33926287] 0
[0.51095331 0.34132935] 0
[0.58953652 0.37024394] 0
[0.52224652 0.31806134] 0
[0.57170434 0.34823542] 0
[0.5910881  0.34585392] 0
[0.5569389  0.32805006] 0
[0.55029871 0.34504135] 0
[0.50391708 0.34612673] 0
[0.56388639 0.39126687] 0
[0.50777918 0.35964107] 0
[0.56998501 0.37361788] 0
[0.59420093 0.36786232] 0
[0.55218354 0.32266035] 0
[0.59993091 0.33223163] 0
[0.59237452 0.31884039] 0
[0.56851302 0.33938894] 0
[0.53353688 0.32606063] 0
[0.50078457 0.36275653] 0
[0.58083106 0.34967451] 0
[0.57623808 0.32333886] 0
[0.59598962 0.32306991] 0
[0.53143963 0.3562    ] 0
[0.55213741 0.39882089] 0
[0.5566626  0.37777885] 0
[0.56820618 0.34428443] 0
[0.56620417 0.30327297] 0
[0.50548547 0.38130604] 0
[0.59791327 0.37963908] 0
[0.50061952 0.35832243] 0
[0.55857315 0.34673729] 0
[0.54674577 0.37905186] 0
[0.55991673 0.3563763 ] 0
[0.58279711 0.33408051] 0
[0.55858628 0.31381497] 0
[0.56266708 0.39287556] 0
[0.55941553 0.35791796] 0
[0.55240591 0.33543251] 0
[0.53450787 0.33626219] 0
[0.57601919 0.38933967] 0
[0.54696977 0.30156118] 0
[0.55515137 0.38731237] 0
[0.58926356 0.38906523] 0
[0.58176778 0.34169999] 0
[0.56455423 0.33738458] 0
[0.57134379 0.37282323] 0
[0.5593383 0.3172124] 0
[0.58532092 0.36108163] 0
[0.52132097 0.38605453] 0
[0.57822177 0.3668995 ] 0
[0.59755785 0.31201358] 0
[0.58978333 0.3846938 ] 0
[0.54642351 0.32864212] 0
[0.50043024 0.31265388] 0
[0.50702353 0.38617904] 0
[0.53261941 0.32496152] 0
[0.5596542  0.39390214] 0
[0.58117894 0.32851878] 0
[0.56245812 0.36465534] 0
[0.57607854 0.38179595] 0
[0.54870005 0.32027524] 0
[0.51386652 0.33444045] 0
[0.58089809 0.37627671] 0
[0.51892612 0.31389172] 0
[0.5322078  0.36354481] 0
[0.55663088 0.38283438] 0
[0.54924663 0.33801425] 0
[0.50170663 0.34276251] 0
[0.51538322 0.34644161] 0
[0.59559802 0.31004743] 0
[0.52905425 0.31817555] 0
[0.55385509 0.38930377] 0
[0.51825635 0.32211966] 0
[0.56603339 0.34452917] 0
[0.57844518 0.37930197] 0
[0.51661285 0.37890201] 0
[0.56168111 0.33451241] 0
[0.50613622 0.33716023] 0
[0.52555827 0.39048589] 0
[0.53972646 0.32646817] 0
[0.53004728 0.37061162] 0
[0.5305064  0.39580629] 0
[0.50377578 0.33840598] 0
[0.59565645 0.32393767] 0
[0.58311663 0.3852707 ] 0
[0.56556769 0.35113582] 0
[0.58827206 0.36957939] 0
[0.58086852 0.30108843] 0
[0.54937466 0.31625733] 0
[0.53247276 0.36681244] 0
[0.53614652 0.34933   ] 0
[0.50517856 0.39209564] 0
[0.5654496  0.38159447] 0
[0.55211688 0.30125961] 0
[0.59936226 0.39945155] 0
[0.5857837  0.32445752] 0
[0.52509645 0.32223184] 0
[0.57242895 0.38748877] 0
[0.57911752 0.30863779] 0
[0.51026449 0.36761251] 0
[0.53650179 0.3892338 ] 0
[0.51757174 0.37716761] 0
[0.56801948 0.33304613] 0
[0.52518227 0.37778042] 0
[0.58095575 0.33520381] 0
[0.56400156 0.34098082] 0
[0.55196522 0.30873303] 0
[0.586703   0.36002941] 0
[0.58568867 0.38139382] 0
[0.58575695 0.39111377] 0
[0.59041908 0.33414368] 0
[0.51760197 0.38525582] 0
[0.58665581 0.3404628 ] 0
[0.58346878 0.35105022] 0
[0.51687788 0.36771642] 0
[0.5124858  0.31686413] 0
[0.52063346 0.30977007] 0
[0.55236009 0.30230895] 0
[0.58922042 0.36297626] 0
[0.5979748  0.38244868] 0
[0.59897705 0.33719777] 0
[0.55931102 0.31092829] 0
[0.51811564 0.35041876] 0
[0.52511487 0.31022295] 0
[0.59271837 0.33795454] 0
[0.54787488 0.36087192] 0
[0.54769464 0.3157054 ] 0
[0.5901754  0.38275747] 0
[0.56669519 0.33866262] 0
[0.56252813 0.33811974] 0
[0.56616084 0.39346876] 0
[0.52980675 0.33329394] 0
[0.57833456 0.35848088] 0
[0.56393601 0.34134978] 0
[0.52991363 0.33745749] 0
[0.5111739  0.37020784] 0
[0.54756263 0.32723016] 0
[0.50486321 0.36860612] 0
[0.54284438 0.31011691] 0
[0.52092082 0.38824499] 0
[0.52535984 0.38432212] 0
[0.57617161 0.33949693] 0
[0.57864633 0.38489956] 0
[0.53924431 0.34197551] 0
[0.54005715 0.34161508] 0
[0.56586323 0.37800481] 0
[0.50166344 0.35500898] 0
[0.58369166 0.38814311] 0
[0.52640373 0.3870944 ] 0
[0.57390141 0.35047014] 0
[0.53491206 0.36341583] 0
[0.53535666 0.39141004] 0
[0.57128032 0.34068479] 0
[0.59126493 0.39610286] 0
[0.55298145 0.33521926] 0
[0.50322456 0.35056646] 0
[0.597743   0.35772265] 0
[0.57625556 0.33770319] 0
[0.57637854 0.33838023] 0
[0.55688098 0.33973886] 0
[0.5094948  0.33997251] 0
[0.52716185 0.38795458] 0
[0.52222473 0.34148514] 0
[0.50606839 0.32163983] 0
[0.52969544 0.39069031] 0
