5.848987790452983004e-01 4.403187106585144117e-01
5.986934107609996891e-01 4.771225983567437545e-01
5.782294343054658059e-01 4.714076603428876688e-01
5.294284905149900800e-01 4.674344297765802292e-01
5.621283620594567099e-01 4.663664201522440544e-01
5.840336972982090868e-01 4.372199300858288229e-01
5.360767616007576786e-01 4.179336901339428811e-01
5.101024587050917436e-01 4.615225713919122175e-01
5.808911682956197087e-01 4.439550198273828907e-01
5.972044398131945986e-01 4.605392722490498914e-01
5.454558299489860040e-01 4.123723509649445118e-01
5.038369199404232335e-01 4.621563964295593019e-01
5.765888556525757824e-01 4.904874089258844938e-01
5.363931452648308396e-01 4.116005970116451973e-01
5.917288161882294784e-01 4.023096870678324888e-01
5.044519549830392968e-01 4.493614148836127531e-01
5.307989929122848283e-01 4.157434058070567096e-01
5.796088083047311601e-01 4.928825483337381241e-01
5.109363432091034163e-01 4.205926493201032068e-01
5.926024210657703239e-01 4.169231448186347389e-01
5.752780906054890675e-01 4.306187741434361338e-01
5.531044525620996133e-01 4.813328133543888221e-01
5.389122261904712996e-01 4.478479851160902525e-01
5.388642719069234310e-01 4.288365795288472393e-01
5.480868414649511244e-01 4.905489683280850333e-01
5.723214843380973749e-01 4.858904934823121691e-01
5.918778295516093912e-01 4.027270331937143899e-01
5.922919526417015357e-01 4.167733726020961260e-01
5.944549398353147218e-01 4.454965534567408847e-01
5.613811283177497780e-01 4.510289382243122813e-01
5.075855193569973611e-01 4.144725735393949839e-01
5.852558468474226006e-01 4.244994812440373022e-01
5.652798609086273629e-01 4.098332298658667328e-01
5.730031382630766945e-01 4.782039739131810907e-01
5.373451681857064344e-01 4.227795959786868063e-01
5.444068319757378038e-01 4.509958947417394559e-01
5.182160781988246478e-01 4.144397688787481715e-01
5.101697257018327214e-01 4.263185090041382574e-01
5.300630579333621695e-01 4.076527187221982707e-01
5.637621863899832109e-01 4.039783835396336120e-01
5.153620959442150040e-01 4.043001438500864464e-01
5.857114425593875628e-01 4.808457722036865722e-01
5.396632332468516147e-01 4.084415683023181476e-01
5.921296673890300566e-01 4.032621300121147501e-01
5.625174987809785643e-01 4.058201559979069395e-01
5.082055347194497363e-01 4.675110192124092290e-01
5.221995844699823808e-01 4.310082208591495823e-01
5.699554156953767770e-01 4.078419408158933113e-01
5.308292759980262066e-01 4.408547138396577414e-01
5.951812018257061077e-01 4.293528803066738453e-01
5.237327182193554087e-01 4.245343540276771410e-01
5.471217845195111007e-01 4.604457061335194279e-01
5.433388109044094971e-01 4.131146483777227152e-01
5.722744144470776062e-01 4.518989564149526461e-01
5.672831652945589109e-01 4.042235527826104069e-01
5.170668383113680155e-01 4.242354198012894262e-01
5.575593504275959678e-01 4.092048798144166666e-01
5.877087135667109496e-01 4.298554104365679418e-01
5.046268124163582058e-01 4.154741814384634302e-01
5.815919429004396957e-01 4.584067763717934452e-01
5.893988184183380774e-01 4.616656854635889928e-01
5.357359096100062779e-01 4.614152725143824130e-01
5.406652613669047369e-01 4.905248679653355093e-01
5.735353381847411169e-01 4.094656808889782229e-01
5.158389026156262602e-01 4.037747203681462116e-01
5.159536219920870526e-01 4.291997810984005124e-01
5.773621014092402692e-01 4.034253868522675868e-01
5.533172878411811713e-01 4.088659936324445798e-01
5.463992016890842907e-01 4.396835746160002723e-01
5.679180124612258629e-01 4.080513216600052395e-01
5.821658817582607837e-01 4.013257343474516681e-01
5.753239146320027197e-01 4.872744376677369260e-01
5.592132827496755221e-01 4.724404922604300561e-01
5.088033214604376075e-01 4.056268586955190658e-01
5.275844471900676957e-01 4.315516247956113216e-01
5.373886952844740827e-01 4.092797838577132419e-01
5.420898387286081643e-01 4.003815380421888448e-01
5.593465541452147249e-01 4.239775340227157630e-01
5.661519945154057654e-01 4.094021963748909476e-01
5.832607963114632144e-01 4.100423778761020377e-01
5.485526615373252923e-01 4.277656251122053388e-01
5.787271848763131388e-01 4.729556013270525550e-01
5.958942119960722872e-01 4.449908704673956050e-01
5.714272922657330778e-01 4.066748019501074118e-01
5.410740219617605762e-01 4.052059447909886480e-01
5.881175263241594786e-01 4.889729365660657745e-01
5.156817565552327398e-01 4.308171594522449688e-01
5.405562322819629228e-01 4.652162531452984640e-01
5.000612285695575920e-01 4.041817790058479520e-01
5.384945948235280166e-01 4.126830139039918688e-01
5.051894022176539600e-01 4.108913177200617106e-01
5.730828407540076164e-01 4.208285038019119462e-01
5.881168379646053435e-01 4.246730594619737564e-01
5.597903341438972280e-01 4.314714667768392298e-01
5.923488160396475077e-01 4.373416409479053968e-01
5.882074821063268955e-01 4.401017428371989948e-01
5.585808806160829088e-01 4.625597398706829955e-01
5.778607099910324507e-01 4.790707196418708680e-01
5.588647080462743055e-01 4.168732739963393330e-01
5.570548407910204114e-01 4.511679510383782565e-01
5.340150418015640055e-01 4.687516250738513746e-01
5.329274778685723080e-01 4.041544856648729422e-01
5.412204105609306204e-01 4.883527191522012423e-01
5.796761174632354408e-01 4.052151148783806889e-01
5.720067116820909403e-01 4.336337268460904171e-01
5.440056085774229722e-01 4.602996430926364901e-01
5.853018519011093934e-01 4.589446788434848323e-01
5.478315324352606153e-01 4.747480768162691822e-01
5.244811597432725847e-01 4.429279322219513149e-01
5.999571158473523402e-01 4.950232924733413142e-01
5.475889131506326279e-01 4.174575411380213597e-01
5.230745518504703595e-01 4.610767957482619916e-01
5.990462146681969635e-01 4.610550606499864146e-01
5.640603451116186218e-01 4.403068662322587867e-01
5.898312188876501105e-01 4.999333134167772696e-01
5.571700839052388110e-01 4.420183638048442720e-01
5.348427952565866228e-01 4.367498930696915305e-01
5.365171306517791949e-01 4.452108044993776659e-01
5.244260517052597992e-01 4.027433423828812864e-01
5.770693062777292326e-01 4.289247450608901779e-01
5.675874609908573287e-01 4.724336654835045168e-01
5.373665561854162886e-01 4.593533760285367085e-01
5.191604252924157947e-01 4.098164409616045223e-01
5.136161968836859826e-01 4.144100903143800863e-01
5.884825752588864756e-01 4.220333120662534965e-01
5.585909542590582477e-01 4.225174571730486162e-01
5.743550869427863637e-01 4.126645012254683276e-01
5.525105665499556729e-01 4.857187119214440019e-01
5.583061089257314036e-01 4.018166351296536543e-01
5.723716636010275360e-01 4.558144762103772951e-01
5.927819261686781971e-01 4.053444771329127172e-01
5.869999890452209934e-01 4.978402480030631461e-01
5.853944073025859618e-01 4.932736673865354415e-01
5.870238078863183606e-01 4.602671694958958559e-01
5.367731676446674260e-01 4.037713040072769544e-01
5.888392121333528850e-01 4.161728210343296208e-01
5.828172745213350270e-01 4.147551565205782054e-01
5.078276455358334829e-01 4.376308837193344514e-01
5.263472071178736389e-01 4.681062007502410083e-01
5.829105103560427992e-01 4.015247718366065643e-01
5.238666841835339927e-01 4.885796396683586562e-01
5.598997867268936668e-01 4.736119340758085938e-01
5.886584147198741235e-01 4.138521275003391731e-01
5.344636395093153025e-01 4.659125413974400387e-01
5.849018723232276562e-01 4.324453060734593235e-01
5.487005295995099896e-01 4.184452866732426002e-01
5.785750652489941581e-01 4.169854271079581620e-01
5.603326217279823718e-01 4.418586088836468084e-01
5.378443325358384097e-01 4.214725758687089541e-01
5.918276894891929540e-01 4.463922422589729488e-01
5.832067813778709642e-01 4.053164269789065188e-01
5.840472052461168628e-01 4.011843390046980762e-01
5.831513450602077153e-01 4.711383916538479655e-01
5.725991340644721594e-01 4.822547038185104329e-01
5.302957805610774011e-01 4.100575554256797872e-01
5.211449336349304184e-01 4.779987523240427638e-01
5.084271708014425073e-01 4.230730257383727433e-01
5.056075422977550637e-01 4.108960673632944260e-01
5.907228625982916537e-01 4.221250274583719930e-01
5.363344232953510815e-01 4.031872661297591920e-01
5.229706033053584946e-01 4.209781738471628509e-01
5.262092825486772707e-01 4.381023718694421198e-01
5.623708085250239685e-01 4.167825807090214107e-01
5.266246654870483379e-01 4.204072288842041760e-01
5.857062110565792734e-01 4.124595615313058072e-01
5.741793140219774161e-01 4.104078861311682980e-01
5.106597775151605623e-01 4.057262825298866282e-01
5.704224125426307079e-01 4.203853613055471561e-01
5.756571598140708401e-01 4.347996604863827996e-01
5.680556574672351866e-01 4.107541386695892083e-01
5.038766135835180959e-01 4.175444651146971164e-01
5.540713948544339074e-01 4.682707919957919129e-01
5.878789069115918364e-01 4.047682047954198059e-01
5.577282672172255706e-01 4.239848753856312880e-01
5.764432802528395294e-01 4.692697957472140580e-01
5.411693423594269303e-01 4.243961416569352330e-01
5.757979044515362244e-01 4.860590113890571606e-01
5.353959990829937343e-01 4.023388344262554539e-01
5.911667921619812027e-01 4.682650038883151566e-01
5.579683357266506105e-01 4.461479014518567876e-01
5.630122161804125280e-01 4.170658401624085521e-01
5.274013798890268001e-01 4.652268884540957106e-01
5.479440017874617208e-01 4.792255011869203107e-01
5.870294073359558773e-01 4.028203533218961407e-01
5.564986180567068619e-01 4.100984742893546975e-01
5.853288520244016579e-01 4.429526950295270549e-01
5.490386707824799206e-01 4.591549246237881521e-01
5.490318535208092987e-01 4.212071008400817274e-01
5.689273482245567060e-01 4.481334213861175586e-01
5.975387820636756109e-01 4.968108009775747957e-01
5.998488642175683339e-01 4.038450508219428303e-01
5.961159874704935469e-01 4.014875823262783472e-01
5.988796110904225367e-01 4.090614562126365095e-01
5.198757068247106261e-01 4.998908739121601386e-01
5.929185062853378207e-01 4.307979468378079213e-01
5.758900457882487611e-01 4.009322754394391009e-01
5.984320324730364460e-01 4.569092655029547978e-01
5.331003873963989781e-01 4.146077349740500129e-01
5.883543524734471397e-01 4.056550332993280605e-01
5.691543109224693753e-01 4.448930740662516703e-01
5.824760063139142741e-01 4.905576287656238099e-01
5.184140825729830482e-01 4.368828646139179539e-01
5.346724665228108631e-01 4.318852505022612864e-01
5.760517793991637436e-01 4.186719697520121519e-01
5.254893759699701405e-01 4.574069788010979298e-01
5.205524531801482002e-01 4.518176891848413312e-01
5.466544500429358910e-01 4.447789309421518178e-01
5.548628498993091185e-01 4.892187786968630325e-01
5.289614803858252445e-01 4.897948766256401409e-01
5.384573475563242395e-01 4.350516491305814193e-01
5.280068225468538268e-01 4.649186131110907283e-01
5.897779916984192683e-01 4.140060515283283671e-01
5.617523308322521780e-01 4.186963144006702886e-01
5.722144279310081849e-01 4.114427926232055444e-01
5.601831902309375444e-01 4.629155713494809143e-01
5.498622141811114750e-01 4.576144404342966654e-01
5.698736233946795071e-01 4.247868553000261338e-01
5.456910208828089637e-01 4.037209187580372838e-01
5.844294732440450391e-01 4.542174665886924423e-01
5.717538125818762973e-01 4.295385228055984550e-01
5.932205275148882961e-01 4.168201148839051351e-01
5.960974084302316234e-01 4.240099613242952481e-01
5.982107452879815712e-01 4.564967264536246572e-01
5.989096149814685521e-01 4.607537742532604730e-01
5.868776886540112425e-01 4.397696471029058363e-01
5.980485457921166370e-01 4.453079287190698787e-01
5.125898131010261372e-01 4.086010320184828570e-01
5.783239477022605879e-01 4.017454214670145296e-01
5.936578336537068346e-01 4.665587257376017649e-01
5.296384102268942851e-01 4.341317337968336743e-01
5.794114690371514609e-01 4.072771808521836734e-01
5.130427022740087217e-01 4.079293534416764677e-01
5.476221364192273011e-01 4.078949485672650477e-01
5.105435093349482978e-01 4.175771129251086844e-01
5.771983111831968660e-01 4.088326733291891557e-01
5.956384574187197911e-01 4.290497084879448253e-01
5.257661419058599073e-01 4.473363282169551258e-01
5.763635699338787166e-01 4.238707588821354899e-01
5.335293254111814765e-01 4.539645091826519652e-01
5.613600450162259392e-01 4.199363210315222306e-01
5.618084798732108087e-01 4.315269473931936384e-01
5.400490562768998082e-01 4.137846363224929602e-01
5.019227646307050650e-01 4.125088049748345531e-01
5.510655024911476074e-01 4.077481079963205524e-01
5.728713264757261392e-01 4.672071241213934800e-01
5.086946485068791768e-01 4.083647932404992908e-01
5.808971029348242165e-01 4.683898405987523272e-01
5.078930315691679853e-01 4.590656979553804362e-01
5.965208570132222166e-01 4.315829551950543519e-01
5.889112549451857026e-01 4.630720061370853791e-01
5.940687569551768021e-01 4.501953217162740772e-01
5.779706693471465817e-01 4.216445372544729286e-01
5.977081906308023829e-01 4.546983540310795546e-01
5.605640119870164417e-01 4.507706090854890491e-01
5.700792388480404593e-01 4.152347076891398370e-01
5.395548373439248424e-01 4.118248581812740672e-01
5.561936245342781193e-01 4.405143625151764497e-01
5.281871895643692749e-01 4.912653367265203963e-01
5.369343763205849385e-01 4.732837350400037613e-01
5.927237717733034872e-01 4.509690947781450632e-01
5.697753240977290190e-01 4.935977829752025148e-01
5.625368502825658368e-01 4.913655362076067568e-01
5.816050505612027077e-01 4.369543266554454242e-01
5.294670221961499390e-01 4.456089701750167720e-01
5.192323521384212270e-01 4.200555506454004551e-01
5.661036417588269920e-01 4.272988776824186985e-01
5.582050616386547981e-01 4.191825235731153620e-01
5.205724835244537330e-01 4.381515971864714531e-01
5.697735706928503951e-01 4.105760669325441148e-01
5.612499155646467619e-01 4.172088145903063428e-01
5.842602296358633263e-01 4.141515021255364193e-01
5.832895767135856113e-01 4.406907036332111671e-01
5.828298456325571308e-01 4.620487616726103308e-01
5.230709935071109484e-01 4.335243684915034423e-01
