[0.58489878 0.44031871] 0
[0.56212836 0.46636642] 0
[0.58089117 0.44395502] 0
[0.57658886 0.49048741] 0
[0.53079899 0.41574341] 0
[0.57527809 0.43061877] 0
[0.54808684 0.49054897] 0
[0.59445494 0.44549655] 0
[0.56527986 0.40983323] 0
[0.51821608 0.41443977] 0
[0.5153621  0.40430014] 0
[0.5625175  0.40582016] 0
[0.53082928 0.44085471] 0
[0.54333881 0.41311465] 0
[0.55755935 0.40920488] 0
[0.58939882 0.46166569] 0
[0.5158389  0.40377472] 0
[0.5463992  0.43968357] 0
[0.55921328 0.47244049] 0
[0.54208984 0.40038154] 0
[0.54855266 0.42776563] 0
[0.54107402 0.40520594] 0
[0.50006123 0.40418178] 0
[0.58811684 0.42467306] 0
[0.55858088 0.46255974] 0
[0.53401504 0.46875163] 0
[0.57200671 0.43363373] 0
[0.52448116 0.44292793] 0
[0.59904621 0.46105506] 0
[0.5348428  0.43674989] 0
[0.56758746 0.47243367] 0
[0.58848258 0.42203331] 0
[0.55830611 0.40181664] 0
[0.58539441 0.49327367] 0
[0.58281727 0.41475516] 0
[0.52386668 0.48857964] 0
[0.58490187 0.43244531] 0
[0.53784433 0.42147258] 0
[0.58315135 0.47113839] 0
[0.50842717 0.42307303] 0
[0.5229706  0.42097817] 0
[0.58570621 0.41245956] 0
[0.57565716 0.43479966] 0
[0.58787891 0.4047682 ] 0
[0.5757979  0.48605901] 0
[0.56301222 0.41706584] 0
[0.55649862 0.41009847] 0
[0.56892735 0.44813342] 0
[0.59887961 0.40906146] 0
[0.59843203 0.45690927] 0
[0.58247601 0.49055763] 0
[0.52548938 0.45740698] 0
[0.52896148 0.48979488] 0
[0.56175233 0.41869631] 0
[0.56987362 0.42478686] 0
[0.59322053 0.41682011] 0
[0.58687769 0.43976965] 0
[0.59365783 0.46655873] 0
[0.54762214 0.40789495] 0
[0.52576614 0.44733633] 0
[0.56180848 0.43152695] 0
[0.57287133 0.46720712] 0
[0.59652086 0.43158296] 0
[0.59770819 0.45469835] 0
[0.55619362 0.44051436] 0
[0.56977532 0.49359778] 0
[0.51923235 0.42005555] 0
[0.56977357 0.41057607] 0
[0.58282985 0.46204876] 0
[0.59869341 0.4771226 ] 0
[0.5840337  0.43721993] 0
[0.59720444 0.46053927] 0
[0.53639315 0.4116006 ] 0
[0.57960881 0.49288255] 0
[0.55310445 0.48133281] 0
[0.57232148 0.48589049] 0
[0.56138113 0.45102894] 0
[0.57300314 0.47820397] 0
[0.51016973 0.42631851] 0
[0.58571144 0.48084577] 0
[0.50820553 0.46751102] 0
[0.5951812  0.42935288] 0
[0.57227441 0.45189896] 0
[0.58770871 0.42985541] 0
[0.53573591 0.46141527] 0
[0.51595362 0.42919978] 0
[0.56791801 0.40805132] 0
[0.50880332 0.40562686] 0
[0.55934655 0.42397753] 0
[0.57872718 0.4729556 ] 0
[0.58811753 0.48897294] 0
[0.53849459 0.41268301] 0
[0.55979033 0.43147147] 0
[0.57786071 0.47907072] 0
[0.53292748 0.40415449] 0
[0.54400561 0.46029964] 0
[0.59995712 0.49502329] 0
[0.56406035 0.44030687] 0
[0.53651713 0.4452108 ] 0
[0.53736656 0.45935338] 0
[0.55859095 0.42251746] 0
[0.57237166 0.45581448] 0
[0.58702381 0.46026717] 0
[0.50782765 0.43763088] 0
[0.55989979 0.47361193] 0
[0.54870053 0.41844529] 0
[0.59182769 0.44639224] 0
[0.57259913 0.4822547 ] 0
[0.50560754 0.41089607] 0
[0.52620928 0.43810237] 0
[0.57417931 0.41040789] 0
[0.56805566 0.41075414] 0
[0.55772827 0.42398488] 0
[0.535396   0.40233883] 0
[0.52740138 0.46522689] 0
[0.58532885 0.4429527 ] 0
[0.59753878 0.4968108 ] 0
[0.51987571 0.49989087] 0
[0.53310039 0.41460773] 0
[0.51841408 0.43688286] 0
[0.52055245 0.45181769] 0
[0.53845735 0.43505165] 0
[0.57221443 0.41144279] 0
[0.54569102 0.40372092] 0
[0.59609741 0.42400996] 0
[0.59804855 0.44530793] 0
[0.52963841 0.43413173] 0
[0.51054351 0.41757711] 0
[0.57636357 0.42387076] 0
[0.54004906 0.41378464] 0
[0.50869465 0.40836479] 0
[0.58891125 0.46307201] 0
[0.56056401 0.45077061] 0
[0.52818719 0.49126534] 0
[0.56253685 0.49136554] 0
[0.56610364 0.42729888] 0
[0.56124992 0.41720881] 0
[0.52307099 0.43352437] 0
[0.57822943 0.47140766] 0
[0.53607676 0.41793369] 0
[0.54545583 0.41237235] 0
[0.59172882 0.40230969] 0
[0.51093634 0.42059265] 0
[0.53891223 0.44784799] 0
[0.59187783 0.40272703] 0
[0.50758552 0.41447257] 0
[0.53734517 0.4227796 ] 0
[0.53006306 0.40765272] 0
[0.53966323 0.40844157] 0
[0.52219958 0.43100822] 0
[0.52373272 0.42453435] 0
[0.56728317 0.40422355] 0
[0.50462681 0.41547418] 0
[0.54066526 0.49052487] 0
[0.5773621  0.40342539] 0
[0.58216588 0.40132573] 0
[0.52758445 0.43155162] 0
[0.56615199 0.4094022 ] 0
[0.59589421 0.44499087] 0
[0.51568176 0.43081716] 0
[0.5051894  0.41089132] 0
[0.59234882 0.43734164] 0
[0.55886471 0.41687327] 0
[0.54122041 0.48835272] 0
[0.58530185 0.45894468] 0
[0.54758891 0.41745754] 0
[0.58983122 0.49993331] 0
[0.52442605 0.40274334] 0
[0.51916043 0.40981644] 0
[0.57435509 0.4126645 ] 0
[0.59278193 0.40534448] 0
[0.53677317 0.4037713 ] 0
[0.52634721 0.4681062 ] 0
[0.58865841 0.41385213] 0
[0.57857507 0.41698543] 0
[0.58320678 0.40531643] 0
[0.53029578 0.41005756] 0
[0.59072286 0.42212503] 0
[0.56237081 0.41678258] 0
[0.51065978 0.40572628] 0
[0.50387661 0.41754447] 0
[0.57644328 0.4692698 ] 0
[0.59116679 0.468265  ] 0
[0.547944  0.4792255] 0
[0.54903867 0.45915492] 0
[0.59984886 0.40384505] 0
[0.59291851 0.43079795] 0
[0.58835435 0.40565503] 0
[0.53467247 0.43188525] 0
[0.54665445 0.44477893] 0
[0.52800682 0.46491861] 0
[0.56018319 0.46291557] 0
[0.58442947 0.45421747] 0
[0.59821075 0.45649673] 0
[0.51258981 0.40860103] 0
[0.57941147 0.40727718] 0
[0.57719831 0.40883267] 0
[0.53352933 0.45396451] 0
[0.50192276 0.4125088 ] 0
[0.5808971  0.46838984] 0
[0.59406876 0.45019532] 0
[0.57007924 0.41523471] 0
[0.53693438 0.47328374] 0
[0.58160505 0.43695433] 0
[0.55820506 0.41918252] 0
[0.58426023 0.4141515 ] 0
[0.52942849 0.46743443] 0
[0.51010246 0.46152257] 0
[0.50383692 0.4621564 ] 0
[0.50445195 0.44936141] 0
[0.59260242 0.41692314] 0
[0.53886427 0.42883658] 0
[0.59229195 0.41677337] 0
[0.58525585 0.42449948] 0
[0.54440683 0.45099589] 0
[0.56376219 0.40397838] 0
[0.59212967 0.40326213] 0
[0.56995542 0.40784194] 0
[0.54712178 0.46044571] 0
[0.51706684 0.42423542] 0
[0.58159194 0.45840678] 0
[0.57353534 0.40946568] 0
[0.55331729 0.40886599] 0
[0.57532391 0.48727444] 0
[0.5373887  0.40927978] 0
[0.5832608  0.41004238] 0
[0.57142729 0.4066748 ] 0
[0.54055623 0.46521625] 0
[0.57308284 0.4208285 ] 0
[0.58820748 0.44010174] 0
[0.55705484 0.45116795] 0
[0.57967612 0.40521511] 0
[0.54783153 0.47474808] 0
[0.52307455 0.4610768 ] 0
[0.55717008 0.44201836] 0
[0.57706931 0.42892475] 0
[0.5136162  0.41441009] 0
[0.55251057 0.48571871] 0
[0.58699999 0.49784025] 0
[0.58883921 0.41617282] 0
[0.58291051 0.40152477] 0
[0.53446364 0.46591254] 0
[0.56033262 0.44185861] 0
[0.58404721 0.40118434] 0
[0.52114493 0.47799875] 0
[0.53633442 0.40318727] 0
[0.52662467 0.42040723] 0
[0.57042241 0.42038536] 0
[0.55407139 0.46827079] 0
[0.54116934 0.42439614] 0
[0.55796834 0.4461479 ] 0
[0.58702941 0.40282035] 0
[0.54903185 0.4212071 ] 0
[0.59611599 0.40148758] 0
[0.57589005 0.40093228] 0
[0.56915431 0.44489307] 0
[0.57605178 0.41867197] 0
[0.55486285 0.48921878] 0
[0.58977799 0.41400605] 0
[0.54986221 0.45761444] 0
[0.57175381 0.42953852] 0
[0.59890961 0.46075377] 0
[0.57832395 0.40174542] 0
[0.5130427  0.40792935] 0
[0.59563846 0.42904971] 0
[0.56136005 0.41993632] 0
[0.5510655  0.40774811] 0
[0.50789303 0.4590657 ] 0
[0.57797067 0.42164454] 0
[0.53955484 0.41182486] 0
[0.59272377 0.45096909] 0
[0.52946702 0.44560897] 0
[0.52057248 0.4381516 ] 0
[0.58328958 0.4406907 ] 0
