5.162435450483662258e-01 5.902884967925851045e-01
5.056279139320583038e-01 5.851073846260171907e-01
5.329721415611786695e-01 5.977086884879652118e-01
5.033764673520071398e-01 5.864437911542694781e-01
5.022091703718840616e-01 5.958248971802930782e-01
5.039022862246634871e-01 5.947620137472959811e-01
5.075451777384525354e-01 5.971316201780763055e-01
5.098349085855120588e-01 5.900401791125200468e-01
5.055888372797645580e-01 5.894910870417009452e-01
5.054457354829309246e-01 5.941511859409462915e-01
5.152061681699703355e-01 5.972418803755803474e-01
5.055731423793905499e-01 5.903260482870682502e-01
5.124359930706404720e-01 5.952218325904856666e-01
5.053980404126352521e-01 5.972693079287502149e-01
5.028514427852429636e-01 5.979694784631703897e-01
5.051342448406368479e-01 5.912784755769049383e-01
5.013108464893856198e-01 5.842167268286868609e-01
5.200575038681460871e-01 5.947758427244040913e-01
5.127046809362324487e-01 5.800789575137275111e-01
5.059113102708652221e-01 5.910387207696066181e-01
5.072887033664410517e-01 5.924954011498519968e-01
5.246402881231861937e-01 5.989181278613711079e-01
5.071162955818383500e-01 5.889607025761531833e-01
5.658616717214236536e-01 5.316835211397465955e-01
5.848321992158024285e-01 5.153493895106799894e-01
5.954415099467651462e-01 5.320546733131560346e-01
5.222712744841914168e-01 5.443698474650287000e-01
5.631797038347963191e-01 5.565099304100309396e-01
5.198916147950409794e-01 5.341840318807187238e-01
5.614278249727412407e-01 5.633377910162776780e-01
5.460119743952001059e-01 5.706583501038373640e-01
5.630145744796954954e-01 5.058568585762710512e-01
5.896027741209756146e-01 5.383196039154445334e-01
5.988790983039229410e-01 5.015338501921606795e-01
5.669327388277659585e-01 5.067743563480451296e-01
5.543902135400425868e-01 5.122861337201858323e-01
5.679872728810670957e-01 5.405418069058232078e-01
5.215379868469089963e-01 5.245311110230810314e-01
5.554255292029695035e-01 5.301673844198721008e-01
5.515892954688629279e-01 5.061975115380209500e-01
5.782278617614127203e-01 5.178262792748375976e-01
5.280863709787928517e-01 5.179601212846072222e-01
5.659282443684776620e-01 5.176830666695945160e-01
5.930523104336297147e-01 5.060733547529651100e-01
5.780613193550248052e-01 5.220452390075822624e-01
5.990803991769051429e-01 5.145491246246368666e-01
5.685857137073527801e-01 5.075254463428443552e-01
5.684720915749024162e-01 5.410685196686905174e-01
5.524151587440849775e-01 5.138699674342229740e-01
