[0.55710092 0.66259545] 0
[0.54839799 0.63544866] 0
[0.54608957 0.65747964] 0
[0.56894949 0.67063234] 0
[0.5613504 0.6807375] 0
[0.51875547 0.61747088] 0
[0.51879664 0.62552984] 0
[0.51451661 0.62838814] 0
[0.56861735 0.64537119] 0
[0.53006201 0.64477057] 0
[0.50368328 0.61207376] 0
[0.59155095 0.67457285] 0
[0.59124568 0.69558694] 0
[0.57269454 0.64258571] 0
[0.54129738 0.66803464] 0
[0.55789223 0.64120791] 0
[0.59060106 0.68138658] 0
[0.55949774 0.64837325] 0
[0.5388497  0.61317395] 0
[0.52790883 0.63590458] 0
[0.54403988 0.65344471] 0
[0.56726457 0.66879541] 0
[0.57326138 0.67648392] 0
[0.59742629 0.67547705] 0
[0.50473522 0.63182133] 0
[0.52938575 0.63906254] 0
[0.59903671 0.66325628] 0
[0.55361051 0.62780545] 0
[0.57684235 0.68025173] 0
[0.51708946 0.62142283] 0
[0.51422843 0.61922641] 0
[0.5686806  0.64472037] 0
[0.57988309 0.64881199] 0
[0.5533882  0.64169264] 0
[0.56314971 0.63204605] 0
[0.56520749 0.67537213] 0
[0.54050285 0.63380944] 0
[0.55354148 0.6652287 ] 0
[0.56102153 0.65037516] 0
[0.54670509 0.62913847] 0
[0.53957456 0.63220795] 0
[0.51355791 0.6213953 ] 0
[0.55594538 0.66447851] 0
[0.57689536 0.6675665 ] 0
[0.57770649 0.674892  ] 0
[0.54433768 0.63180729] 0
[0.50941349 0.63444139] 0
[0.55207986 0.64595669] 0
[0.59133468 0.6840667 ] 0
[0.59724754 0.6810763 ] 0
[0.51352839 0.62799662] 0
[0.51548888 0.61619525] 0
[0.56036013 0.64331041] 0
[0.53769585 0.62507886] 0
[0.54911555 0.65766851] 0
[0.55889591 0.63145934] 0
[0.5816662  0.67215687] 0
[0.50568421 0.6308501 ] 0
[0.59764315 0.66289176] 0
[0.54376849 0.6359518 ] 0
[0.57337856 0.66393682] 0
[0.56175985 0.65929039] 0
[0.55156577 0.61579548] 0
[0.59972333 0.66122745] 0
[0.58410573 0.66379385] 0
[0.59897789 0.68670702] 0
[0.54976905 0.62192321] 0
[0.55126449 0.63886705] 0
[0.58991071 0.65725653] 0
[0.50049075 0.6074875 ] 0
[0.53764569 0.61391791] 0
[0.58207778 0.65875767] 0
[0.55067016 0.66667741] 0
[0.51547115 0.61121998] 0
[0.50129542 0.61721481] 0
[0.59940454 0.68392246] 0
[0.59385455 0.67171897] 0
[0.53503065 0.64556837] 0
[0.54993833 0.66605199] 0
[0.51582597 0.63779148] 0
[0.52679469 0.62262647] 0
[0.53436087 0.65695159] 0
[0.58840774 0.67192415] 0
[0.53489414 0.64142313] 0
[0.55865362 0.66911749] 0
[0.59859791 0.69323148] 0
[0.59454515 0.6868776 ] 0
[0.59712515 0.68131626] 0
[0.54015898 0.60747213] 0
[0.59631556 0.68852013] 0
[0.55780929 0.66502653] 0
[0.53404349 0.6471104 ] 0
[0.5124159 0.6425299] 0
[0.5416094  0.62362041] 0
[0.56468063 0.66889138] 0
[0.56008602 0.66975449] 0
[0.56708611 0.65035183] 0
[0.59056908 0.69549648] 0
[0.59384812 0.66603847] 0
[0.59908076 0.66282073] 0
[0.50048843 0.60004492] 0
[0.58030717 0.66536057] 0
[0.52936765 0.63487189] 0
[0.55285422 0.63575555] 0
[0.53027173 0.64027376] 0
[0.55916575 0.62732077] 0
[0.5511513  0.64005064] 0
[0.54028069 0.62191787] 0
[0.56739005 0.67542942] 0
[0.56609512 0.65298728] 0
[0.50542203 0.61009043] 0
[0.56042718 0.63285109] 0
[0.5604757 0.6295684] 0
[0.52189707 0.63676897] 0
[0.50416455 0.60979479] 0
[0.5586538  0.62632334] 0
[0.50996399 0.61939122] 0
[0.54497005 0.63369922] 0
[0.59774679 0.66964697] 0
[0.58999318 0.69633424] 0
[0.57481293 0.67244572] 0
[0.54092713 0.62695206] 0
[0.56192784 0.65944281] 0
[0.53169097 0.63301372] 0
[0.59482729 0.66451617] 0
[0.52219876 0.65397254] 0
[0.5773618  0.66603464] 0
[0.52123316 0.61947193] 0
[0.58193748 0.68296744] 0
[0.59606678 0.6673749 ] 0
[0.52925368 0.6488737 ] 0
[0.53101569 0.66868333] 0
[0.59218052 0.64549787] 0
[0.50728071 0.63005299] 0
[0.57110903 0.63516697] 0
[0.55255683 0.64093728] 0
[0.59972744 0.6611868 ] 0
[0.57318493 0.64741282] 0
[0.54388239 0.66978433] 0
[0.5382594  0.64693232] 0
[0.57497747 0.65810334] 0
[0.54033122 0.65462383] 0
[0.5126417  0.63969551] 0
[0.55172028 0.63806896] 0
[0.56008962 0.66521347] 0
[0.56482903 0.66220796] 0
[0.51514321 0.60758117] 0
[0.52777904 0.6524614 ] 0
[0.55701037 0.66362792] 0
[0.53799973 0.64002552] 0
[0.51307906 0.62373466] 0
[0.5185377  0.60761697] 0
[0.53390964 0.64780475] 0
[0.5611861  0.64693477] 0
[0.57622959 0.65763253] 0
[0.52969792 0.66762447] 0
[0.58409759 0.69468572] 0
[0.52666874 0.64717193] 0
[0.55724352 0.6304251 ] 0
[0.54037327 0.65328507] 0
[0.58675038 0.67970147] 0
[0.59773644 0.68914518] 0
[0.51706796 0.63410036] 0
[0.50006373 0.6212683 ] 0
[0.53928054 0.65667951] 0
[0.56206589 0.67044945] 0
[0.57119676 0.66280284] 0
[0.5262561  0.64581048] 0
[0.57764007 0.66218733] 0
[0.53527708 0.6059734 ] 0
[0.50117376 0.62929294] 0
[0.54651492 0.6525861 ] 0
[0.54906426 0.62724446] 0
[0.55787829 0.65324842] 0
[0.50304186 0.60579941] 0
[0.59229708 0.65996519] 0
[0.58428003 0.64765889] 0
[0.56532931 0.67714562] 0
[0.58592634 0.68411957] 0
[0.56271254 0.64538413] 0
[0.58487022 0.65134085] 0
[0.58177396 0.68025911] 0
[0.54132195 0.61841748] 0
[0.5850825  0.67885751] 0
[0.56452104 0.65175834] 0
[0.59270769 0.69540135] 0
[0.56036587 0.68598226] 0
[0.54897302 0.65656038] 0
[0.5877395  0.69062484] 0
[0.58502306 0.66889233] 0
[0.55523739 0.64253606] 0
[0.57619064 0.65759404] 0
[0.52819724 0.64290755] 0
[0.52104346 0.63940883] 0
[0.59480722 0.6726431 ] 0
[0.57455408 0.67040227] 0
[0.58363728 0.64400455] 0
[0.55876286 0.6484286 ] 0
[0.51504279 0.63756032] 0
[0.56715737 0.67420085] 0
[0.58968862 0.66094856] 0
[0.59290042 0.66724125] 0
[0.54356792 0.662032  ] 0
[0.54906545 0.64583011] 0
[0.56873077 0.66477909] 0
[0.51924445 0.63171786] 0
[0.52510336 0.6426477 ] 0
[0.55163808 0.64105059] 0
[0.54991218 0.66419766] 0
[0.59030609 0.66441922] 0
[0.57701095 0.66869927] 0
[0.58569635 0.65915523] 0
[0.57374318 0.67004391] 0
[0.56946784 0.66565634] 0
[0.50952572 0.63017839] 0
[0.55965504 0.68957227] 0
[0.55907193 0.65707185] 0
[0.57970994 0.67870751] 0
[0.54533799 0.65320861] 0
[0.52541852 0.62899304] 0
[0.53274796 0.61709407] 0
[0.58528577 0.67074867] 0
[0.59462599 0.69031777] 0
[0.57248697 0.67152684] 0
[0.52667861 0.66738736] 0
[0.59934203 0.6921912 ] 0
[0.58061036 0.67736132] 0
[0.59512473 0.66224385] 0
[0.57041617 0.66744326] 0
[0.5821694  0.65807483] 0
[0.57202043 0.68233457] 0
[0.55325259 0.66924237] 0
[0.51331136 0.605455  ] 0
[0.56157877 0.64327011] 0
[0.52874556 0.64125472] 0
[0.58945405 0.6594707 ] 0
[0.51033799 0.62252137] 0
[0.58124888 0.6716426 ] 0
[0.56852708 0.66040068] 0
[0.53839014 0.66179916] 0
[0.54436075 0.63713205] 0
[0.53530105 0.61993418] 0
[0.50776701 0.63590345] 0
[0.55855595 0.66791222] 0
[0.53792031 0.62877208] 0
[0.59840688 0.67228485] 0
[0.55039676 0.62838783] 0
[0.54081214 0.63333731] 0
[0.56230052 0.65053053] 0
[0.58971336 0.69089629] 0
[0.52006568 0.66132071] 0
[0.59651611 0.68251664] 0
[0.53727513 0.6163075 ] 0
[0.57707964 0.66500201] 0
[0.57224854 0.6235756 ] 0
[0.53833837 0.65403955] 0
[0.56346507 0.65928984] 0
[0.56635129 0.64364484] 0
[0.5388768  0.63972258] 0
[0.54620303 0.60784568] 0
[0.59303159 0.68756801] 0
[0.52112307 0.60739643] 0
[0.50276376 0.61896839] 0
[0.57585475 0.66339784] 0
[0.55286082 0.64035327] 0
[0.57310545 0.67446369] 0
[0.58877639 0.68110127] 0
[0.59909825 0.65585228] 0
[0.59226998 0.65575573] 0
[0.58878758 0.64231199] 0
[0.54590779 0.62015986] 0
[0.59635151 0.65705012] 0
[0.57767178 0.66106099] 0
[0.53479933 0.64732504] 0
[0.59162331 0.6549013 ] 0
[0.51157799 0.62980891] 0
[0.52256391 0.6400262 ] 0
[0.50536032 0.62610594] 0
[0.58419983 0.60175059] 0
[0.51661628 0.63637918] 0
[0.58740426 0.66865849] 0
[0.59586906 0.67249384] 0
[0.50357479 0.62477707] 0
[0.50537624 0.60315709] 0
[0.53684024 0.63359673] 0
[0.51541409 0.61571724] 0
[0.58518883 0.67597011] 0
[0.51867083 0.62889562] 0
[0.50747248 0.61276236] 0
[0.58694378 0.6764398 ] 0
[0.53536583 0.60783746] 0
[0.54426237 0.66054951] 0
[0.53669429 0.63041804] 0
[0.51915279 0.61352073] 0
[0.51000372 0.62473505] 0
[0.59379509 0.6671219 ] 0
[0.56392429 0.62341559] 0
[0.57843242 0.6707282 ] 0
[0.53377552 0.63652934] 0
[0.59873355 0.69618487] 0
[0.57825014 0.67922991] 0
[0.55407009 0.66630377] 0
[0.58290094 0.6802102 ] 0
[0.56974346 0.63331709] 0
[0.52114823 0.62067841] 0
[0.51239176 0.61929911] 0
[0.53455478 0.65310148] 0
[0.52343719 0.62918219] 0
[0.59369957 0.67986514] 0
[0.51284769 0.60685602] 0
[0.50232801 0.60204002] 0
[0.53029059 0.67172637] 0
[0.51642284 0.62428767] 0
[0.50150211 0.63012234] 0
[0.56067022 0.63473915] 0
[0.52578491 0.65260293] 0
[0.55013471 0.64390525] 0
[0.55724685 0.66185763] 0
[0.50445803 0.60619527] 0
[0.59189064 0.68849189] 0
[0.51331199 0.63451371] 0
[0.55456178 0.64793475] 0
[0.53858666 0.62136633] 0
[0.5762116  0.66063154] 0
[0.5968849  0.68524522] 0
[0.55633081 0.64294976] 0
[0.54510047 0.62741168] 0
[0.537987   0.62202113] 0
[0.58055187 0.67774615] 0
[0.54917349 0.62878038] 0
[0.52149369 0.65731937] 0
[0.55987369 0.68062104] 0
[0.57454917 0.64141113] 0
[0.51101411 0.61555093] 0
[0.59069178 0.6923561 ] 0
[0.50314505 0.61069857] 0
[0.59255945 0.6622455 ] 0
[0.54106786 0.63995796] 0
[0.50663883 0.61724805] 0
[0.54830083 0.64796551] 0
[0.50563105 0.63984838] 0
[0.5424379  0.64346655] 0
[0.55196306 0.65296022] 0
[0.56363663 0.64463233] 0
[0.50814708 0.62868992] 0
[0.51622998 0.63867252] 0
[0.52961064 0.6262735 ] 0
[0.53477935 0.62322857] 0
[0.55352161 0.62050545] 0
[0.56639397 0.66390811] 0
[0.56168488 0.64454468] 0
[0.59480584 0.69427636] 0
[0.55287055 0.63400389] 0
[0.58559624 0.66272035] 0
[0.57337357 0.66654213] 0
[0.5874181  0.66208776] 0
[0.53206006 0.61429748] 0
[0.58684467 0.66107298] 0
[0.56382119 0.68788176] 0
[0.50017434 0.60780249] 0
[0.55557265 0.64363397] 0
[0.52387126 0.64475806] 0
[0.52871453 0.65269483] 0
[0.59562795 0.67525198] 0
[0.58063722 0.67557411] 0
[0.59227774 0.65555088] 0
[0.55840365 0.64326735] 0
[0.58874772 0.68477236] 0
[0.56844652 0.68441546] 0
[0.55286664 0.64759041] 0
[0.54505676 0.65351671] 0
[0.50718436 0.60990119] 0
[0.52691605 0.62114953] 0
[0.56692335 0.67349624] 0
[0.54857891 0.62686781] 0
[0.58826273 0.6793869 ] 0
[0.50043565 0.63672298] 0
[0.58499796 0.67747108] 0
[0.55540143 0.62596718] 0
[0.55722169 0.68189798] 0
[0.59206053 0.68509545] 0
[0.56969718 0.67852635] 0
[0.59002383 0.6918821 ] 0
[0.55008326 0.63813187] 0
[0.59001416 0.6829876 ] 0
[0.58721034 0.67091562] 0
[0.57693428 0.65928997] 0
[0.57861746 0.67025368] 0
[0.59387533 0.67236318] 0
[0.52076033 0.62048028] 0
[0.52116703 0.62684116] 0
[0.56725004 0.64144795] 0
[0.52697707 0.62541964] 0
[0.57063074 0.67905693] 0
[0.56602555 0.66680604] 0
[0.57346653 0.65837935] 0
[0.5275434  0.63858495] 0
[0.523141  0.6342805] 0
[0.59481501 0.69710952] 0
[0.57698019 0.65902944] 0
[0.55196905 0.67071673] 0
[0.52049549 0.61431143] 0
[0.55662229 0.69298791] 0
[0.57307617 0.68917255] 0
[0.5871355 0.6687613] 0
[0.55113165 0.67093036] 0
[0.54874302 0.64067895] 0
[0.57696397 0.67819916] 0
[0.57572018 0.6611677 ] 0
[0.58841523 0.68562788] 0
[0.5280765  0.60325479] 0
[0.57407453 0.69652199] 0
[0.59316264 0.67090355] 0
[0.56213764 0.64969495] 0
[0.58623977 0.64511827] 0
[0.53242354 0.62849649] 0
[0.56170742 0.63913554] 0
[0.5376145  0.62345853] 0
[0.54040337 0.65059763] 0
[0.58961083 0.68681225] 0
[0.58733655 0.65653263] 0
[0.5444562  0.65139323] 0
[0.54291256 0.64606504] 0
[0.53735083 0.64501824] 0
[0.52974424 0.62428353] 0
[0.50174499 0.61077597] 0
[0.53518108 0.62887533] 0
[0.54452299 0.61260225] 0
[0.55745302 0.64333828] 0
[0.55700755 0.64861553] 0
[0.50753635 0.62900726] 0
[0.58122798 0.66611349] 0
[0.55140092 0.66482746] 0
[0.5485501  0.65392353] 0
[0.56807789 0.63974472] 0
[0.57109531 0.6892867 ] 0
[0.50025974 0.6257398 ] 0
[0.53181277 0.64171189] 0
[0.54787691 0.63402743] 0
[0.5949754  0.68256239] 0
[0.57071869 0.65980403] 0
[0.58861085 0.65632854] 0
[0.51272698 0.61494445] 0
[0.54728708 0.62888546] 0
[0.5534886  0.66245237] 0
[0.58989253 0.69186964] 0
[0.55204334 0.63657597] 0
[0.52719346 0.62250925] 0
[0.56693556 0.64306965] 0
[0.5677265  0.64784603] 0
[0.50423675 0.60226824] 0
[0.50706767 0.61828672] 0
[0.53813893 0.66925189] 0
[0.58173264 0.67190633] 0
[0.50693927 0.61324004] 0
[0.56796946 0.66859878] 0
[0.54816968 0.63252662] 0
[0.53858284 0.62224464] 0
[0.57136452 0.64775477] 0
[0.50215853 0.62652149] 0
[0.56266576 0.66774869] 0
[0.5626544  0.68438277] 0
[0.5281583 0.6374495] 0
[0.51115543 0.62208376] 0
[0.59574694 0.65896971] 0
[0.5835957  0.66661838] 0
[0.5615467  0.65465238] 0
[0.51257    0.63930592] 0
[0.5642278  0.67008305] 0
[0.50760816 0.64615585] 0
[0.59150058 0.65093391] 0
[0.57176376 0.63487065] 0
[0.59711227 0.66839287] 0
[0.57686411 0.68093544] 0
[0.54857281 0.66405849] 0
[0.51805751 0.6333592 ] 0
[0.5833801  0.65681056] 0
[0.56494737 0.65026852] 0
[0.50013387 0.6202958 ] 0
[0.52408303 0.6045615 ] 0
[0.57522512 0.66347779] 0
[0.51607208 0.61708149] 0
[0.56298681 0.65965045] 0
[0.50818312 0.63651949] 0
[0.51988937 0.61540776] 0
[0.55357528 0.63666781] 0
[0.59422078 0.6944368 ] 0
[0.5497311  0.63567421] 0
[0.54517647 0.65257627] 0
[0.54359344 0.670346  ] 0
[0.5542159  0.62889182] 0
[0.51561907 0.62180061] 0
[0.58425799 0.64913163] 0
[0.50429155 0.62988696] 0
[0.51139064 0.62286705] 0
[0.51347442 0.63794812] 0
[0.52420823 0.63714415] 0
[0.57690785 0.68145713] 0
[0.59125098 0.69679859] 0
[0.5593243  0.63545187] 0
[0.53659707 0.63125254] 0
[0.59860127 0.66982814] 0
[0.56632879 0.65457602] 0
[0.52838149 0.64787434] 0
[0.58076827 0.68883998] 0
[0.52918151 0.61707641] 0
[0.51487982 0.61525653] 0
[0.54260973 0.65758877] 0
[0.52563305 0.64277386] 0
[0.54576095 0.63895003] 0
[0.54562864 0.65993974] 0
[0.52047451 0.66920089] 0
[0.50855308 0.61543704] 0
[0.54885915 0.63650775] 0
[0.59006814 0.67831395] 0
[0.59603769 0.66185712] 0
[0.50422205 0.60745212] 0
[0.54974648 0.66693986] 0
[0.53601068 0.64259083] 0
[0.54251645 0.61165421] 0
[0.54625026 0.67649542] 0
[0.50727792 0.61880333] 0
[0.59703395 0.67332396] 0
[0.50425199 0.61044204] 0
[0.58971092 0.66101556] 0
[0.56950264 0.64403392] 0
[0.56326084 0.65553634] 0
[0.54532549 0.63543171] 0
[0.59146565 0.66672374] 0
[0.52896006 0.6264458 ] 0
[0.53350995 0.67162739] 0
[0.55548682 0.61779594] 0
[0.57754238 0.65789952] 0
[0.51129487 0.62882673] 0
[0.51636971 0.60683164] 0
[0.52728166 0.62814656] 0
[0.50978567 0.63675487] 0
[0.51334949 0.6501594 ] 0
[0.57969816 0.65309909] 0
[0.56385472 0.6308938 ] 0
[0.52573888 0.64948438] 0
[0.57009778 0.66467721] 0
[0.53560865 0.64383692] 0
[0.55400654 0.6473832 ] 0
[0.55953533 0.65852283] 0
[0.52824826 0.62174872] 0
[0.5515963  0.64899389] 0
[0.53032142 0.63935382] 0
[0.57184992 0.66195995] 0
[0.50449514 0.64531758] 0
[0.55614488 0.65368652] 0
[0.54286871 0.63322428] 0
[0.50210581 0.60289075] 0
[0.59924969 0.64235361] 0
[0.58235397 0.66464066] 0
[0.5373564  0.66247252] 0
[0.54375986 0.62987485] 0
[0.58956305 0.65360387] 0
[0.58054846 0.68618129] 0
[0.55070308 0.6375486 ] 0
[0.58858466 0.65311292] 0
[0.59527996 0.6662732 ] 0
[0.54188687 0.63284263] 0
[0.52227666 0.61489841] 0
[0.57484921 0.67150657] 0
[0.53624794 0.62870798] 0
[0.54460295 0.67264939] 0
[0.56503577 0.68536209] 0
[0.59262134 0.65600218] 0
[0.58536609 0.67708875] 0
[0.59287954 0.68776335] 0
[0.57790352 0.6662024 ] 0
[0.50431152 0.61013135] 0
[0.5223953 0.6435014] 0
[0.57374372 0.67657296] 0
[0.55166521 0.62670167] 0
[0.59031797 0.6561042 ] 0
[0.59192031 0.66325168] 0
[0.5031943  0.60944225] 0
[0.59703705 0.69390992] 0
[0.50662162 0.61516422] 0
[0.5585754  0.65302423] 0
[0.53071341 0.64975761] 0
[0.5009184  0.63529157] 0
[0.51557535 0.61771796] 0
[0.50946271 0.60446773] 0
[0.58940267 0.67620947] 0
[0.57945738 0.66036563] 0
[0.54273983 0.66297295] 0
[0.59149201 0.65492576] 0
[0.55170206 0.65583418] 0
[0.53510352 0.63039728] 0
[0.59577797 0.68847733] 0
[0.55316626 0.63590792] 0
[0.53541301 0.62710647] 0
[0.54827469 0.66457978] 0
[0.52761201 0.61595938] 0
[0.57234141 0.66897856] 0
[0.54417807 0.64025213] 0
[0.50714856 0.65807833] 0
[0.52160419 0.62379313] 0
[0.57924899 0.6474781 ] 0
[0.55857261 0.63708298] 0
[0.58423975 0.67358864] 0
[0.53687399 0.62112566] 0
[0.56286563 0.6310315 ] 0
[0.54075319 0.63448037] 0
[0.57967799 0.64805068] 0
[0.51006904 0.63462709] 0
[0.51936275 0.62780687] 0
[0.56938737 0.63486818] 0
[0.57195469 0.68563515] 0
[0.51167521 0.61466914] 0
[0.57323221 0.63132053] 0
[0.50958981 0.6428204 ] 0
[0.57970271 0.67579333] 0
[0.55995489 0.64570864] 0
[0.51299167 0.63364619] 0
[0.58406357 0.66332303] 0
[0.55518604 0.64217126] 0
[0.55558561 0.65375161] 0
[0.50173667 0.60857267] 0
[0.52704163 0.65961151] 0
[0.51386793 0.62376173] 0
[0.54145001 0.65079307] 0
[0.59974805 0.67742321] 0
[0.55025918 0.65295397] 0
[0.5651665 0.6256767] 0
[0.53827958 0.6247564 ] 0
[0.53210058 0.63898684] 0
[0.53071318 0.63671949] 0
[0.52615151 0.60763261] 0
[0.54977503 0.62203501] 0
[0.57575024 0.69461296] 0
[0.51634373 0.62277842] 0
[0.51777703 0.64405134] 0
[0.5013209  0.63201426] 0
[0.58963864 0.68000503] 0
[0.52992878 0.65851501] 0
[0.58337804 0.67626416] 0
[0.5502728  0.65245412] 0
[0.55677548 0.6592804 ] 0
[0.52394243 0.63067565] 0
[0.51834055 0.6392659 ] 0
[0.52477605 0.64549935] 0
[0.54167656 0.67330619] 0
[0.53626017 0.65145382] 0
[0.53487303 0.65071781] 0
[0.50242814 0.60444605] 0
[0.59532758 0.66646291] 0
[0.55056436 0.66106518] 0
[0.50849454 0.65853433] 0
[0.57194656 0.66145193] 0
[0.56795412 0.66563164] 0
[0.5160094  0.62195613] 0
[0.59937995 0.66216428] 0
[0.55802079 0.64468382] 0
[0.56444095 0.6534801 ] 0
[0.5193325  0.61425192] 0
[0.53395543 0.62013743] 0
[0.5853534  0.67122878] 0
[0.56011753 0.64696499] 0
[0.51590308 0.63755374] 0
[0.53781191 0.64748188] 0
[0.53455804 0.63826441] 0
[0.56640596 0.66153491] 0
[0.58818286 0.67383015] 0
[0.59229241 0.66553402] 0
[0.55182744 0.66603201] 0
[0.55623047 0.67867269] 0
[0.58830433 0.65711257] 0
[0.59440119 0.67315468] 0
[0.51654826 0.62275272] 0
[0.50377148 0.65428367] 0
[0.55126952 0.65100523] 0
[0.54320743 0.65289721] 0
[0.51971136 0.62844394] 0
[0.55989178 0.65044991] 0
[0.52839648 0.65392258] 0
[0.57728743 0.67973393] 0
[0.53049871 0.61384879] 0
[0.55375996 0.65946539] 0
[0.56584236 0.64996895] 0
[0.53784005 0.66214773] 0
[0.54808947 0.6449124 ] 0
[0.56334524 0.65784845] 0
[0.54814926 0.64738322] 0
[0.52226669 0.6073274 ] 0
[0.55352998 0.6480814 ] 0
[0.55365735 0.65291085] 0
[0.5620281  0.67563996] 0
[0.57783803 0.66151414] 0
[0.59241388 0.69578146] 0
[0.5195189  0.62159101] 0
[0.548742   0.65424897] 0
[0.59394117 0.67710415] 0
[0.55410416 0.63517878] 0
[0.51756798 0.64100558] 0
[0.5687047  0.67180664] 0
[0.59974357 0.69430471] 0
[0.54264462 0.65301355] 0
[0.55421367 0.65631033] 0
[0.57370129 0.64830934] 0
[0.54087744 0.63708082] 0
[0.59225856 0.69554369] 0
[0.5701612  0.67696186] 0
[0.56735332 0.673525  ] 0
[0.58884498 0.6731487 ] 0
[0.59500668 0.68432037] 0
[0.5458765 0.669146 ] 0
[0.54101707 0.64659681] 0
[0.55119424 0.66355213] 0
[0.56322362 0.6666348 ] 0
[0.50536137 0.63422967] 0
[0.54081112 0.65015922] 0
[0.57669603 0.62647274] 0
[0.55393899 0.63913723] 0
[0.58922632 0.64221535] 0
[0.52569454 0.6343172 ] 0
[0.52106646 0.6015973 ] 0
[0.53862466 0.64488252] 0
[0.53493256 0.63207613] 0
[0.53349118 0.65699179] 0
[0.58226994 0.67522238] 0
[0.56140697 0.64755025] 0
[0.54337313 0.66518396] 0
[0.56398451 0.64467047] 0
[0.55676081 0.65476112] 0
[0.59373661 0.66164631] 0
[0.57509548 0.67332687] 0
[0.51001132 0.62257392] 0
[0.58274085 0.67937976] 0
[0.52288783 0.62900898] 0
[0.51553935 0.62082851] 0
[0.50091299 0.60466884] 0
[0.52267908 0.62213449] 0
[0.53777112 0.64786424] 0
[0.52930192 0.64070611] 0
[0.5402413  0.65447584] 0
