5.992851739031475056e-01 7.250019256074228258e-01
5.918756446258329751e-01 7.075432621637155473e-01
5.938371640869717361e-01 7.036235404268439408e-01
5.965193663676451319e-01 7.219747189258253206e-01
5.998781969294941785e-01 7.009031129131244597e-01
5.818806041965812748e-01 7.012279256967768326e-01
5.894842642652547982e-01 7.002278764516063347e-01
5.953270966198659364e-01 7.106644192952810135e-01
5.835723038754514480e-01 7.195047113128055782e-01
5.893314156162506867e-01 7.069790443067673902e-01
5.879967598268602824e-01 7.126517819964641731e-01
5.980836396271491662e-01 7.059496529477072846e-01
