6.334346060767926945e-01 1.812816993094520657e-01
6.828101396489640873e-01 1.858931517992503391e-01
6.119380936090331735e-01 1.823687011167623717e-01
6.291208783064951016e-01 1.828084101982913878e-01
6.321568718591875635e-01 1.841079334632619580e-01
6.859927899093279935e-01 1.690389125090011602e-01
6.267166906723620201e-01 1.706128046899816064e-01
6.199738407299304477e-01 1.823858134329060521e-01
6.819754123297285808e-01 1.213260275286319467e-01
6.628424120305127509e-01 1.702772448972562913e-01
6.524368254011015944e-01 1.971182397338784031e-01
6.353230868906916129e-01 1.977165753633899903e-01
6.472661301008648671e-01 1.692547435262409250e-01
