6.227071873625724674e-01 2.134426856251371296e-01
6.444872301959617689e-01 2.602577739366644938e-01
6.463247733514166926e-01 2.788372124144882225e-01
6.320005214561373874e-01 2.861056704337395784e-01
6.242770593178705862e-01 2.851797062586957088e-01
6.454724209191057271e-01 2.870017057487698198e-01
6.120921895643065547e-01 2.729132333788062414e-01
6.281611088977807622e-01 2.936535260253775315e-01
6.597621417094008400e-01 2.961630641980450007e-01
6.824350515386754523e-01 2.906520944860847555e-01
6.136003615348587514e-01 2.200879104501099748e-01
6.494667680886867522e-01 2.814485354486889745e-01
6.184280354988568318e-01 2.329013913375570510e-01
6.546176243883770063e-01 2.507444104087149794e-01
6.034828151140326780e-01 2.282147224056753909e-01
6.309556702706454745e-01 2.441670158757920928e-01
6.350989239502480288e-01 2.720068830881314792e-01
6.238847742955753173e-01 2.321249521971586183e-01
6.054039584812106467e-01 2.920988527965932557e-01
6.292217994370350453e-01 2.848583755838015596e-01
6.166155547699431194e-01 2.929264285007706081e-01
6.452555959297134880e-01 2.921140167883429228e-01
6.072260329200327433e-01 2.373766140230393340e-01
6.309267839944708856e-01 2.083536402039444790e-01
6.386794168962661722e-01 2.928055732703502279e-01
6.467506337741959488e-01 2.724397408467051918e-01
6.146373493128648446e-01 2.251824461299823665e-01
6.426669605744357305e-01 2.431796733737107696e-01
6.854062200654691406e-01 2.837368923475017679e-01
6.380674897162055270e-01 2.646706578305316748e-01
6.336143392733152302e-01 2.465493725000448000e-01
6.647945419284460034e-01 2.986232190077329762e-01
6.806147853247133117e-01 2.872031134936578467e-01
6.498220621831595212e-01 2.849467087663664633e-01
6.677043368040797011e-01 2.970698342970501393e-01
6.056605112835816707e-01 2.042206826476988257e-01
6.815143445214117968e-01 2.780625722516187337e-01
6.244816833614063034e-01 2.609593265442781140e-01
6.786360382913756428e-01 2.121970558722666711e-01
6.415057534723436206e-01 2.731344602296906232e-01
6.236572489985643397e-01 2.767623994102011431e-01
6.603499558279984916e-01 2.332451591134293567e-01
6.907674618551797874e-01 2.979791995767011037e-01
6.734662051340524203e-01 2.915698695224224202e-01
6.583550003876345036e-01 2.921744579836371702e-01
6.445130778500410829e-01 2.333212879205079915e-01
6.749647931950717439e-01 2.993148972339952363e-01
6.064238098100437346e-01 2.978605603809952318e-01
6.189549956794658803e-01 2.872290265832263545e-01
6.021272639544742455e-01 2.537974275990668160e-01
6.736464959350509929e-01 2.764087723156206655e-01
6.252044599873510800e-01 2.854821176352537737e-01
6.352438366069961262e-01 2.382932259469856540e-01
6.109738511617065493e-01 2.910487414682126905e-01
6.229193752338000323e-01 2.963060752181118640e-01
6.238693137364635932e-01 2.210979973524872522e-01
6.653399558500033839e-01 2.015833653381172430e-01
6.213836123746286910e-01 2.328711105243447543e-01
6.474035984165176227e-01 2.975996809124107356e-01
6.362935661613707827e-01 2.886062669438084205e-01
6.330179159210681528e-01 2.764450269051575981e-01
6.441987266344619822e-01 2.791474518102770030e-01
6.207613443455451963e-01 2.984839953739350515e-01
6.730052403308335318e-01 2.834229476310276552e-01
6.149195272871930129e-01 2.538173455649368471e-01
6.135563600691513741e-01 2.384548909115428161e-01
6.367371894886008077e-01 2.386405169146837424e-01
6.966241579627042713e-01 2.800332311982723921e-01
6.266072013024874821e-01 2.497874574031129780e-01
6.097181634390591576e-01 2.979601482481014085e-01
6.930175955300696966e-01 2.666608522983340279e-01
6.464445707916459671e-01 2.659835793189200270e-01
6.904611383845884465e-01 2.966154494019180299e-01
6.153577053921333029e-01 2.868540857670046629e-01
6.317536330109754239e-01 2.664557629110340109e-01
6.162002448201786553e-01 2.589515755233919303e-01
6.163758724078277629e-01 2.830564361510793381e-01
6.193056883435079651e-01 2.592706981564443791e-01
6.212412623466645467e-01 2.230365616777088278e-01
6.768471243078644228e-01 2.439383839687689903e-01
6.027855277328217909e-01 2.996173788971038254e-01
6.008941216622889492e-01 2.646915980305482030e-01
6.187427883249490002e-01 2.020719449021404213e-01
6.174194736735540978e-01 2.616810085889137438e-01
6.452843488862851640e-01 2.487833320462991271e-01
6.066127117971326088e-01 2.234212095941578158e-01
6.001163618867951799e-01 2.941850473571964719e-01
6.572304424249324484e-01 2.225366239359008180e-01
6.201553505927405174e-01 2.891219848442100893e-01
6.082097878210999120e-01 2.901533624720085691e-01
6.377882369233670579e-01 2.923246009620464325e-01
6.442066917760992384e-01 2.506791575412410933e-01
6.098296764096464706e-01 2.914106669325918220e-01
6.414578524953480354e-01 2.899574763033936353e-01
6.243614967056028142e-01 2.937134065717450504e-01
6.983702598233656467e-01 2.860862572125262293e-01
6.949159592249580797e-01 2.439709475034586850e-01
6.336902419326605473e-01 2.430241473843458011e-01
6.520320813411748517e-01 2.893508557835881567e-01
6.428362159617623250e-01 2.051979136317911845e-01
6.852074508360525007e-01 2.322791635814988598e-01
6.782513566749970302e-01 2.812980672678325189e-01
6.610141406220056970e-01 2.636268087810778038e-01
6.075174185097799162e-01 2.104207298275112825e-01
6.192161583107885781e-01 2.424356010804625261e-01
6.524635054943569434e-01 2.915943843236235566e-01
6.509335891098690929e-01 2.966112488151601556e-01
6.071821697821613295e-01 2.843280461860689945e-01
6.129162709695100686e-01 2.421121456491441282e-01
6.351412300291336965e-01 2.694338835627139161e-01
6.276279816634456887e-01 2.906980589124226189e-01
6.206000469947057230e-01 2.193750207799871899e-01
6.798741851674667824e-01 2.856590908238717530e-01
6.102556364322025972e-01 2.878233821607372178e-01
6.882609709503851869e-01 2.586744008088082136e-01
6.344719845444131145e-01 2.648256687146550714e-01
6.304171609340644133e-01 2.229509366797162717e-01
6.925395864702676985e-01 2.446036611632465829e-01
6.863634133540376103e-01 2.618477749398597787e-01
6.551320506910230934e-01 2.310746943239178897e-01
6.798438039881066208e-01 2.614033927356911313e-01
6.589591505278391548e-01 2.555712926842572674e-01
6.982949701147312949e-01 2.506535941986387517e-01
6.452588220244661610e-01 2.359230979453336430e-01
6.740383707339836494e-01 2.504789501931261597e-01
6.261555355326575700e-01 2.117242790347589609e-01
6.956712251237779920e-01 2.853465359823315062e-01
6.091278909865668334e-01 2.566130357668920947e-01
6.183705365422387246e-01 2.475603804569709299e-01
6.122097521411439258e-01 2.893866474545691014e-01
6.976506311640554570e-01 2.688184229165664907e-01
6.234093091379019347e-01 2.462287640600726579e-01
6.145344404922341575e-01 2.935785287096172591e-01
6.344242589237893970e-01 2.687971073613881212e-01
6.515410257117826287e-01 2.586076532372180159e-01
6.152147658345060721e-01 2.772446198290553498e-01
6.159557344008836921e-01 2.749793789761857399e-01
6.069876968929982519e-01 2.980804874980748087e-01
6.667362162031900130e-01 2.419592633384374247e-01
6.128300959647128288e-01 2.642330664541336915e-01
6.200404210619349099e-01 2.811589682410725599e-01
6.214757452340101684e-01 2.352755678951454765e-01
6.272381438956399213e-01 2.808206147770510586e-01
6.136137925034508278e-01 2.429833165449721555e-01
6.114998060748080277e-01 2.936688665832176137e-01
6.059223953425704190e-01 2.659427430993436814e-01
6.477642061381267968e-01 2.998573493497923570e-01
6.644981160968276290e-01 2.901397443789572317e-01
6.281411631893478731e-01 2.719136669498513070e-01
6.527771438720768593e-01 2.946207676860438940e-01
6.482330913752949453e-01 2.203231272402385310e-01
6.721614555855324191e-01 2.436591334773854922e-01
6.388254687072546512e-01 2.637096989831458349e-01
6.661735593093294217e-01 2.834024116953309247e-01
6.336314522396728766e-01 2.743855622738633482e-01
6.469883535169131950e-01 2.779937738077291609e-01
6.362659043081717591e-01 2.541440576518204653e-01
6.314544324715845036e-01 2.867056096606487303e-01
6.871922785781801046e-01 2.969101110068091964e-01
6.219887768031723274e-01 2.841812344527898104e-01
6.364952925566609299e-01 2.692439010546860967e-01
6.963862524306623225e-01 2.913273273829984911e-01
6.963726188313077436e-01 2.750303108992255829e-01
6.294091021530779928e-01 2.879744276942903802e-01
6.156420935540517503e-01 2.237662117514295779e-01
6.604017854258569242e-01 2.829360609164330298e-01
6.174512020604828733e-01 2.566474427428616645e-01
6.222922722402104423e-01 2.821531443290647978e-01
6.235012769371376384e-01 2.564072593072326822e-01
6.382914733974328625e-01 2.897691003461327353e-01
6.689796408890013035e-01 2.905507577079267656e-01
6.321062861726993720e-01 2.227930575615819087e-01
6.804132126841033745e-01 2.752030017219174174e-01
6.166188007841580943e-01 2.413949643458014327e-01
6.215442608240441258e-01 2.131591683306737206e-01
6.110079390413601930e-01 2.767297988582656521e-01
6.001143355951134017e-01 2.080742127821919030e-01
6.580567365219713860e-01 2.555128913279101077e-01
6.288995849941984018e-01 2.970531187325564648e-01
6.890698025549240047e-01 2.891210321479940060e-01
6.888835358200923187e-01 2.932161267441367181e-01
6.125289752477102168e-01 2.635471031391716235e-01
6.161000350797877223e-01 2.586870833058474428e-01
6.269951181873510970e-01 2.076426619181710731e-01
6.238038278114920177e-01 2.425545164476005655e-01
6.189962536463922138e-01 2.152407754872960877e-01
6.596757779611258643e-01 2.983409965244634421e-01
