[0.65879027 0.31810819] 0
[0.6660369 0.3338622] 0
[0.69127827 0.38459533] 0
[0.60955122 0.39939291] 0
[0.66408517 0.32784611] 0
[0.64722598 0.33718336] 0
[0.6076221 0.3126457] 0
[0.6063403  0.33503563] 0
[0.66294421 0.38373115] 0
[0.62324982 0.34902931] 0
[0.61145498 0.38159048] 0
[0.6367979  0.38259766] 0
[0.69327458 0.39916201] 0
[0.65131718 0.3700406 ] 0
[0.61978827 0.32209735] 0
[0.65113181 0.39449717] 0
[0.60904934 0.37887902] 0
[0.66736314 0.35225802] 0
[0.67671886 0.33861822] 0
[0.69853229 0.30281054] 0
[0.65073958 0.36999519] 0
[0.6298704  0.39327032] 0
[0.61077214 0.35595036] 0
[0.62230752 0.33788299] 0
[0.66814561 0.30514031] 0
[0.666523   0.33058861] 0
[0.648333   0.36546292] 0
[0.63578443 0.35313303] 0
[0.61901057 0.36498649] 0
[0.64609386 0.39845539] 0
[0.64474343 0.31230721] 0
[0.68827487 0.39996274] 0
[0.68244343 0.36770234] 0
[0.69389578 0.33854728] 0
[0.66797544 0.30456794] 0
[0.61614402 0.36030166] 0
[0.6653964 0.3366748] 0
[0.6165561  0.31292608] 0
[0.69181919 0.38296654] 0
[0.68355675 0.39402908] 0
[0.67503762 0.39080546] 0
[0.63424073 0.37314594] 0
[0.61213821 0.34097452] 0
[0.66016959 0.36502413] 0
[0.62328062 0.37032471] 0
[0.61467125 0.35784721] 0
[0.61607938 0.39872652] 0
[0.61521391 0.38366497] 0
[0.62319345 0.31102024] 0
[0.61265579 0.38513157] 0
[0.62193068 0.38833746] 0
[0.61682424 0.36714747] 0
[0.67472964 0.34673151] 0
[0.62076914 0.30757747] 0
[0.66553287 0.38191082] 0
[0.66507104 0.37786675] 0
[0.66672812 0.39037561] 0
[0.60189347 0.3733474 ] 0
[0.63922238 0.34295583] 0
[0.62910136 0.32245417] 0
[0.62142882 0.36624766] 0
[0.61171665 0.36486533] 0
[0.6317813  0.34908975] 0
[0.65818144 0.35427119] 0
[0.67082684 0.37891579] 0
[0.61178429 0.35844786] 0
[0.68275146 0.36836072] 0
[0.61892884 0.36520368] 0
[0.63538081 0.39445943] 0
[0.64634112 0.31926926] 0
[0.63900765 0.31487169] 0
[0.60021772 0.39906617] 0
[0.66327707 0.30224092] 0
[0.65532746 0.33848481] 0
[0.62431863 0.36568393] 0
[0.66445359 0.37014413] 0
[0.66594903 0.33176339] 0
[0.64110907 0.32976877] 0
[0.63373122 0.39410938] 0
[0.69009512 0.39326804] 0
[0.62356809 0.35156675] 0
[0.63656128 0.33033887] 0
[0.64730773 0.37001852] 0
[0.63472008 0.32217012] 0
[0.63916655 0.34810322] 0
[0.61965952 0.37567584] 0
[0.6448127  0.31710411] 0
[0.62778848 0.38641682] 0
[0.63259434 0.32776006] 0
[0.62290671 0.30941903] 0
[0.6693158  0.31340192] 0
[0.63495633 0.31346504] 0
[0.6179671  0.34470463] 0
[0.63913498 0.34091151] 0
[0.65015324 0.3440109 ] 0
[0.68574791 0.31104696] 0
[0.61169031 0.32440761] 0
[0.67544174 0.31041972] 0
[0.65360657 0.3935104 ] 0
[0.65992535 0.39644927] 0
[0.62768345 0.38461335] 0
[0.65117092 0.39146364] 0
[0.65692883 0.31965529] 0
[0.61706775 0.32952479] 0
[0.62437374 0.35211483] 0
[0.62633396 0.36470191] 0
[0.6720287  0.35067477] 0
[0.61809601 0.37167023] 0
[0.61347283 0.38502227] 0
[0.69122601 0.32001715] 0
[0.61682919 0.38871643] 0
[0.65397513 0.32176911] 0
[0.61464369 0.30061508] 0
[0.61469559 0.36633339] 0
[0.6593321  0.31245665] 0
[0.63909734 0.3886065 ] 0
[0.66425668 0.33981736] 0
[0.69366799 0.31524162] 0
[0.61578747 0.36639716] 0
[0.66260218 0.39117859] 0
[0.65383669 0.32119868] 0
[0.62685536 0.30972077] 0
[0.68365646 0.38073104] 0
[0.61900304 0.36985086] 0
[0.65171617 0.37636988] 0
[0.66543727 0.37671754] 0
[0.66902021 0.39487241] 0
[0.64169982 0.39886937] 0
[0.62216537 0.31517682] 0
[0.62255679 0.36657962] 0
[0.63662729 0.37686961] 0
[0.65662504 0.33584927] 0
[0.60056526 0.31261666] 0
[0.64873569 0.38680458] 0
[0.66703421 0.30020119] 0
[0.61142901 0.37656712] 0
[0.61540433 0.38276463] 0
[0.60861927 0.33683311] 0
[0.61519137 0.31702277] 0
[0.67455126 0.36289871] 0
[0.66071797 0.33042142] 0
[0.65490591 0.30410699] 0
[0.63494753 0.32913702] 0
[0.61075928 0.31549266] 0
[0.64577253 0.38581709] 0
[0.64248777 0.38630745] 0
[0.60288994 0.3242832 ] 0
[0.65689858 0.35439138] 0
[0.63056749 0.36639567] 0
[0.60445375 0.3379446 ] 0
[0.64990775 0.35853248] 0
[0.68545916 0.38485306] 0
[0.67215932 0.37042758] 0
[0.6581292  0.35015197] 0
[0.69775603 0.3463648 ] 0
[0.63954757 0.35510545] 0
[0.64804788 0.33715554] 0
[0.69091069 0.33427627] 0
[0.62777881 0.34857462] 0
[0.67995786 0.31035837] 0
[0.6765848 0.3569457] 0
[0.61217944 0.34337599] 0
[0.68890459 0.38250698] 0
[0.65106955 0.39891082] 0
[0.61910586 0.37355771] 0
[0.60171502 0.37697054] 0
[0.69357293 0.39624711] 0
[0.63788481 0.3917572 ] 0
[0.69283792 0.37181802] 0
[0.67402039 0.33311228] 0
[0.63220518 0.31151187] 0
[0.63847847 0.37233061] 0
[0.61136068 0.34051761] 0
[0.66978559 0.37519931] 0
[0.66417501 0.33212395] 0
[0.65652427 0.37753405] 0
[0.6351145  0.37746287] 0
[0.66005104 0.35227922] 0
[0.67016451 0.32710402] 0
[0.63232782 0.36932807] 0
[0.61856887 0.36004751] 0
[0.62109299 0.38600451] 0
[0.67772085 0.35797764] 0
[0.60744087 0.39710825] 0
[0.64986915 0.33175927] 0
[0.66186028 0.38185987] 0
[0.64808698 0.35743575] 0
[0.66486046 0.33283895] 0
[0.60966337 0.33955614] 0
[0.6350816  0.30730068] 0
[0.61373148 0.31000444] 0
[0.68473164 0.38508737] 0
[0.65394287 0.3351982 ] 0
[0.62134452 0.31444662] 0
[0.62236732 0.36320603] 0
[0.63369198 0.34726535] 0
[0.60479458 0.3647015 ] 0
[0.64394471 0.36928873] 0
[0.64776703 0.39383377] 0
[0.60739644 0.30386692] 0
[0.63681005 0.30398429] 0
[0.60879712 0.3386284 ] 0
[0.69762049 0.39411821] 0
[0.6138426  0.35730936] 0
[0.62443103 0.33490081] 0
[0.63825299 0.37933282] 0
[0.60617051 0.39879621] 0
[0.60837558 0.34824946] 0
[0.60573626 0.38125128] 0
[0.64997919 0.3328431 ] 0
[0.65935601 0.38198916] 0
[0.63453556 0.36138622] 0
[0.61192795 0.39043458] 0
[0.61021796 0.37392107] 0
[0.64360833 0.35581607] 0
[0.60562947 0.31816186] 0
[0.6656856  0.33197932] 0
[0.66329141 0.36942986] 0
[0.60715759 0.3608694 ] 0
[0.67905163 0.34110932] 0
[0.69402027 0.39036398] 0
[0.60279729 0.32231726] 0
[0.60032139 0.30371203] 0
[0.67532785 0.38652726] 0
[0.6798185  0.34862823] 0
[0.61447879 0.35868693] 0
[0.65097817 0.37223163] 0
[0.64892688 0.34506438] 0
[0.64955069 0.38944736] 0
[0.64369063 0.30493103] 0
[0.61998436 0.3081161 ] 0
[0.63131757 0.3408929 ] 0
[0.66173891 0.39200232] 0
[0.61663058 0.36301992] 0
[0.60625504 0.35163416] 0
[0.68726744 0.35244382] 0
[0.61525373 0.3397403 ] 0
[0.68787298 0.39392519] 0
[0.69453674 0.35231872] 0
[0.60891075 0.33193234] 0
[0.68202869 0.34180448] 0
[0.63075084 0.35388535] 0
[0.65474428 0.31543165] 0
[0.60827761 0.36772674] 0
[0.67124213 0.38068119] 0
[0.67138816 0.37685236] 0
[0.66026659 0.32350518] 0
[0.67025651 0.32975287] 0
[0.60368825 0.31399361] 0
[0.62085319 0.3594546 ] 0
[0.60309879 0.37234885] 0
[0.64344899 0.36659561] 0
[0.62689904 0.35847097] 0
[0.60259883 0.3219044 ] 0
[0.66830905 0.37714845] 0
[0.69755205 0.36547687] 0
[0.65052523 0.35296351] 0
[0.67139861 0.35673803] 0
[0.63802919 0.3820432 ] 0
[0.64043557 0.38102207] 0
[0.68722417 0.38309769] 0
[0.60722063 0.30936965] 0
[0.66658455 0.37543707] 0
[0.69104689 0.31224126] 0
[0.68764713 0.38864881] 0
[0.66742496 0.33870321] 0
[0.63480604 0.34713898] 0
[0.64821045 0.37110657] 0
[0.6147904  0.34808959] 0
[0.62000799 0.37446737] 0
[0.60184367 0.33546681] 0
[0.61781101 0.33909423] 0
[0.63398183 0.33476535] 0
[0.62024384 0.39342938] 0
[0.65775084 0.32319755] 0
[0.64491959 0.38312496] 0
[0.6039299  0.31385923] 0
[0.678588   0.34851231] 0
[0.65262308 0.34775972] 0
[0.6164017  0.31960278] 0
[0.64944119 0.32260952] 0
[0.65830272 0.39360641] 0
[0.64420046 0.36155086] 0
[0.67741816 0.33949853] 0
[0.67590603 0.33827153] 0
[0.67835644 0.33730612] 0
[0.68578431 0.33891031] 0
[0.60222522 0.37787321] 0
[0.62195209 0.36482388] 0
[0.65014976 0.3117031 ] 0
[0.65351976 0.32005239] 0
[0.6056532  0.38607437] 0
[0.66200536 0.31483806] 0
[0.60201466 0.38615292] 0
[0.681919   0.38992682] 0
[0.69536665 0.36345443] 0
[0.66623579 0.33671062] 0
[0.6411225  0.30999961] 0
[0.63049763 0.36362639] 0
[0.69344988 0.33562404] 0
[0.61652003 0.38468198] 0
[0.60847441 0.30290229] 0
[0.61598962 0.34022414] 0
[0.62179345 0.39798167] 0
[0.64216105 0.35975989] 0
[0.62191232 0.35751634] 0
[0.6972884 0.3334782] 0
[0.65939137 0.33299085] 0
[0.64395449 0.33779234] 0
[0.6153425  0.37284061] 0
[0.68354878 0.31432743] 0
[0.65882952 0.32183767] 0
[0.64405996 0.39314914] 0
[0.69396161 0.3758275 ] 0
[0.6395666  0.32773949] 0
[0.63423434 0.3625977 ] 0
[0.6264673  0.38158864] 0
[0.66693481 0.36098976] 0
[0.65655244 0.38874777] 0
[0.66614304 0.36568621] 0
[0.69805485 0.30461646] 0
[0.6621014  0.31397195] 0
[0.64694695 0.36001975] 0
[0.683431   0.30456212] 0
[0.69316121 0.37984502] 0
[0.69380253 0.36847435] 0
[0.6252936  0.30046498] 0
[0.60250511 0.33601972] 0
[0.60352792 0.36926778] 0
[0.66186784 0.32382185] 0
[0.61060042 0.37785784] 0
[0.65737751 0.3196116 ] 0
[0.60913544 0.3450986 ] 0
[0.65282741 0.36396742] 0
[0.60195322 0.3923976 ] 0
[0.64653809 0.30969374] 0
[0.65887763 0.37482106] 0
[0.65671218 0.37303498] 0
[0.60344412 0.37098161] 0
[0.60135507 0.31565501] 0
[0.68552709 0.3753108 ] 0
[0.69207438 0.38905992] 0
[0.68177225 0.37480292] 0
[0.64048415 0.31877132] 0
[0.65116841 0.32845547] 0
[0.66049929 0.33393915] 0
[0.67316163 0.31178121] 0
[0.60950834 0.36042229] 0
[0.62846805 0.36035974] 0
[0.60107874 0.30701504] 0
[0.60600798 0.38156931] 0
[0.63917997 0.33063433] 0
[0.69578408 0.35879272] 0
[0.61888109 0.39548933] 0
[0.67285908 0.31227387] 0
[0.63614192 0.32287888] 0
[0.64344583 0.34236285] 0
[0.65893619 0.39355914] 0
[0.60787524 0.35682357] 0
[0.60682014 0.34362479] 0
[0.64762106 0.33853316] 0
[0.66753749 0.36864729] 0
[0.65164246 0.34767092] 0
[0.67037302 0.32980866] 0
[0.6562286  0.31963309] 0
[0.68241991 0.339325  ] 0
[0.63237303 0.38703324] 0
[0.68552192 0.35453535] 0
[0.6057681  0.30973579] 0
[0.64095362 0.38268218] 0
[0.63180051 0.3853452 ] 0
[0.62689258 0.37511346] 0
[0.69791744 0.34047207] 0
[0.65294761 0.3632327 ] 0
[0.65151423 0.36855228] 0
[0.60122538 0.32467123] 0
[0.64140981 0.30373764] 0
[0.62683009 0.39719952] 0
[0.69784228 0.3712133 ] 0
[0.61486973 0.33498265] 0
[0.68771487 0.34296812] 0
[0.628453   0.36988501] 0
[0.6756662  0.37524058] 0
[0.6570957  0.32978438] 0
[0.66151856 0.30431046] 0
[0.67194461 0.3743993 ] 0
[0.6668614  0.39912923] 0
[0.66351961 0.39048451] 0
[0.63511118 0.35522925] 0
[0.66940065 0.35521049] 0
[0.68840443 0.31894132] 0
[0.68088104 0.33775719] 0
[0.65478161 0.34129308] 0
[0.62687767 0.31982081] 0
[0.62203196 0.32177231] 0
[0.62655989 0.33868507] 0
[0.62632271 0.36221049] 0
[0.66184231 0.37441447] 0
[0.69993917 0.36191815] 0
[0.6910391  0.32110537] 0
[0.60253178 0.37402221] 0
[0.65452172 0.34669043] 0
[0.66923048 0.38108911] 0
[0.65662517 0.39224823] 0
[0.64628912 0.33331241] 0
[0.61266132 0.3315015 ] 0
[0.6162312 0.3425104] 0
[0.61022231 0.30309842] 0
[0.66868899 0.36342199] 0
[0.60523954 0.30519046] 0
[0.68690347 0.39020185] 0
[0.69937351 0.39649521] 0
[0.66541517 0.33715608] 0
[0.62338479 0.30152917] 0
[0.69778953 0.3675112 ] 0
[0.63656099 0.33501252] 0
[0.61053467 0.3893651 ] 0
[0.62306067 0.36463545] 0
[0.63536789 0.30262774] 0
[0.69240099 0.30959427] 0
[0.608355   0.34672613] 0
[0.66825047 0.33331684] 0
[0.61217635 0.34185282] 0
[0.67873845 0.3998829 ] 0
[0.67613368 0.38241281] 0
[0.61197122 0.38559932] 0
[0.62766591 0.37913007] 0
[0.63158705 0.30177557] 0
[0.64276484 0.3795467 ] 0
[0.64541827 0.33369922] 0
[0.64524018 0.37239639] 0
[0.63403239 0.39004927] 0
[0.64743063 0.3823022 ] 0
[0.61448305 0.36605562] 0
[0.6151721  0.37475202] 0
[0.67226954 0.37154119] 0
[0.62340744 0.35088629] 0
[0.61675891 0.31844673] 0
[0.65620982 0.30149528] 0
[0.68251816 0.39331321] 0
[0.6110845  0.38487876] 0
[0.67144421 0.39253113] 0
[0.6457985  0.37300821] 0
[0.60819173 0.36141828] 0
[0.6071611 0.3833718] 0
[0.66008104 0.3691341 ] 0
[0.66567329 0.34861225] 0
[0.63800256 0.33725037] 0
[0.648644   0.39498236] 0
[0.6893346  0.33783171] 0
[0.60705388 0.38089075] 0
[0.61562281 0.34117464] 0
[0.66440132 0.36131685] 0
[0.63945638 0.31784069] 0
[0.60513592 0.38643366] 0
[0.69298306 0.35793993] 0
[0.64304541 0.37025909] 0
[0.68089358 0.33022488] 0
[0.62728521 0.37515356] 0
[0.61488568 0.38682578] 0
[0.60770771 0.37661522] 0
[0.61817808 0.35729363] 0
[0.67937866 0.38280892] 0
[0.6191115  0.38885114] 0
[0.60865132 0.39150415] 0
[0.61248305 0.36660369] 0
[0.61504222 0.38126002] 0
[0.65804411 0.37296497] 0
[0.65362973 0.37824628] 0
[0.65301523 0.3776308 ] 0
[0.6858442  0.37413462] 0
[0.63561098 0.34666738] 0
[0.69592808 0.37097141] 0
[0.63517939 0.31963123] 0
[0.66453782 0.32675442] 0
[0.62961978 0.35539654] 0
[0.64927616 0.32123876] 0
[0.66461718 0.30414552] 0
[0.62554847 0.39019753] 0
[0.64334578 0.38662084] 0
[0.68347252 0.31022779] 0
[0.66922184 0.3296364 ] 0
[0.61885658 0.35677971] 0
[0.67002693 0.39545859] 0
[0.65285961 0.37130067] 0
[0.66670206 0.35763428] 0
[0.63163823 0.35195724] 0
[0.6012247  0.33056022] 0
[0.63145701 0.35919972] 0
[0.66096151 0.33524824] 0
[0.69219899 0.39351513] 0
[0.67301736 0.38775303] 0
[0.66624665 0.37066393] 0
[0.68072609 0.39311534] 0
[0.61561211 0.35558121] 0
[0.65411389 0.33559148] 0
[0.66531431 0.31247892] 0
[0.61715398 0.38815717] 0
[0.6516271  0.38734573] 0
[0.6401322  0.32962466] 0
[0.63577614 0.32465042] 0
[0.61155532 0.37290104] 0
[0.66866575 0.30338007] 0
[0.69554132 0.35803201] 0
[0.64284804 0.31774169] 0
[0.62126307 0.39756413] 0
[0.68428307 0.39521274] 0
[0.6064978 0.3033744] 0
[0.69043656 0.38960749] 0
[0.61181767 0.34236965] 0
[0.6683513  0.36211266] 0
[0.66381918 0.35640985] 0
[0.66620141 0.33153181] 0
[0.63384932 0.33951005] 0
[0.68527881 0.34546972] 0
[0.60829596 0.32332946] 0
[0.6358859  0.39819701] 0
[0.6489146  0.38039086] 0
[0.61804617 0.36373864] 0
[0.60525378 0.33816732] 0
[0.69319082 0.32761933] 0
[0.64348445 0.32695408] 0
[0.62239746 0.3025524 ] 0
[0.60167622 0.30863273] 0
[0.68446435 0.35795817] 0
[0.61530826 0.39758597] 0
[0.67813302 0.31525064] 0
[0.60604964 0.3340752 ] 0
[0.63289537 0.38457254] 0
[0.64221877 0.39778427] 0
[0.60660771 0.35220826] 0
[0.67705891 0.38340827] 0
[0.64816535 0.33887478] 0
[0.67036929 0.32250526] 0
[0.68850591 0.38255129] 0
[0.67985638 0.36727261] 0
[0.60956617 0.32227253] 0
[0.65522237 0.34118238] 0
[0.60388419 0.36584542] 0
[0.62093857 0.30556605] 0
[0.69424157 0.34948763] 0
[0.6770176  0.31011535] 0
[0.66111226 0.35469754] 0
[0.62534562 0.36891095] 0
[0.62774089 0.35076161] 0
[0.69880994 0.3522966 ] 0
[0.68412809 0.38737782] 0
[0.62283382 0.3781587 ] 0
[0.63511457 0.30604455] 0
[0.67617439 0.37858332] 0
[0.68887063 0.37359646] 0
[0.62142602 0.32637865] 0
[0.61024936 0.38853413] 0
[0.62253656 0.34043636] 0
[0.65096859 0.38078347] 0
