6.292285061386506673e-01 4.601128713317343966e-01
6.970992767594275108e-01 4.463559074573041352e-01
6.893686895315771501e-01 4.404538744592384480e-01
6.676545009694245802e-01 4.196906606766888093e-01
6.952367645140461461e-01 4.081827325052823641e-01
6.613476898115434599e-01 4.967012955363421245e-01
6.135240431528430349e-01 4.699659830306653907e-01
6.002304402811863282e-01 4.618741718170236155e-01
6.302840079959741715e-01 4.442254488268632673e-01
6.113642305669951815e-01 4.369328658964114487e-01
6.611548015460085859e-01 4.335679266988450853e-01
6.696667454339250147e-01 4.022477503866004889e-01
6.614425289390665208e-01 4.829956624705136203e-01
6.837470856351698378e-01 4.116581476342497381e-01
6.486816404587254503e-01 4.059052440244459437e-01
6.194475604375655475e-01 4.897158673758010838e-01
6.822560797912177177e-01 4.093559103195193449e-01
6.933729436171137683e-01 4.842810794744810132e-01
6.352037351426280676e-01 4.715516447102950925e-01
6.332131111907490784e-01 4.457269252937273163e-01
6.106426011550806221e-01 4.129961663578374242e-01
6.925496628484055783e-01 4.370170673556199592e-01
6.774911285358728996e-01 4.457602844343993564e-01
6.983265439045011069e-01 4.449982843134776545e-01
6.675938846527494919e-01 4.049744412514170167e-01
6.189076363981375062e-01 4.288248585772692634e-01
6.512273299096239532e-01 4.073336579319730699e-01
6.094358485528875713e-01 4.569119723209432715e-01
6.755213878864007038e-01 4.357233406018458099e-01
6.239752665043040158e-01 4.298193221237164297e-01
6.692541639244682372e-01 4.535613992614167533e-01
6.874171347195757731e-01 4.268603122667734007e-01
6.082979701928011851e-01 4.787842602632181865e-01
6.836052962510710262e-01 4.192331868352201507e-01
6.405693042938795934e-01 4.399110622807704263e-01
6.579468297099060337e-01 4.000390168083448605e-01
6.803775136329429651e-01 4.473490360729266424e-01
6.063068900430530483e-01 4.364913925334033551e-01
6.086062475603647437e-01 4.941196895227113473e-01
6.733416326564798382e-01 4.481251881851105456e-01
6.443665884213934936e-01 4.356089982897185520e-01
6.729837738950504855e-01 4.022702396346651277e-01
6.968667946470928909e-01 4.608184515858908537e-01
6.196884857585355233e-01 4.694911733351949112e-01
6.173538178425308498e-01 4.057886209454178994e-01
6.857888730135949240e-01 4.196171323911645490e-01
6.825515886121393816e-01 4.333503480448977485e-01
6.789060068444592311e-01 4.003086053650820042e-01
6.305924462596605995e-01 4.332873889580574067e-01
6.118296214262337607e-01 4.299747936070851817e-01
6.359424248928892132e-01 4.332172543007682397e-01
6.526638156060741158e-01 4.551461798120828295e-01
6.465505787825454043e-01 4.599748234556188531e-01
6.525904714812279517e-01 4.872460676623885378e-01
6.832282231218577140e-01 4.406135031635020072e-01
6.246576440419171483e-01 4.287827786452927947e-01
6.589785104318454101e-01 4.509490678569347266e-01
6.241093080282861250e-01 4.152867727299490719e-01
6.167540331355469974e-01 4.726683889736573163e-01
6.393989181774609731e-01 4.312077565056595674e-01
6.955680780063254742e-01 4.695073381673954271e-01
6.607571348928584776e-01 4.996515699911516228e-01
6.137771667614950744e-01 4.686383495500066609e-01
6.351312320385162913e-01 4.629902487505129227e-01
6.855755037535192775e-01 4.462792846070643416e-01
6.206328028896002102e-01 4.083436062059787597e-01
6.925175030097807660e-01 4.930170330984275928e-01
6.575688759472116951e-01 4.539733796220566386e-01
6.826245988017441979e-01 4.061228587627306874e-01
6.444954983966790785e-01 4.788647005112545707e-01
6.683757561081645759e-01 4.865021566167433420e-01
6.222758778404473556e-01 4.550292299234606763e-01
6.888812018939529658e-01 4.195560986852130969e-01
6.708175404592632285e-01 4.155761646558482347e-01
6.862850068984688301e-01 4.799551591961816466e-01
6.155622898507315810e-01 4.329747888335315209e-01
6.325471308245030899e-01 4.922812236165203803e-01
6.364770208907633009e-01 4.410084873145431184e-01
6.571420096832151225e-01 4.470139754284384037e-01
6.535369283584909761e-01 4.807658831316742876e-01
6.971619198479348523e-01 4.664814904231749937e-01
6.949679508240540482e-01 4.414220873499760667e-01
6.007905121451707631e-01 4.521318435683854275e-01
6.117567154003598073e-01 4.837926354310905230e-01
6.705543309497850046e-01 4.336561429456632366e-01
6.754626726660047931e-01 4.034081867081924511e-01
6.901315865003777583e-01 4.127243378484251046e-01
6.728244391465710850e-01 4.111199334776525216e-01
6.816375155076823678e-01 4.224582027360178627e-01
6.941993911887093249e-01 4.629282121473695111e-01
6.250097672108160252e-01 4.685579964001528874e-01
6.660260281759134982e-01 4.593880468860468969e-01
6.856647120972105824e-01 4.516858154590918106e-01
6.681689583261194443e-01 4.272140882344876989e-01
6.941159951844093623e-01 4.255498661180826536e-01
6.282034090989088160e-01 4.313500472160607946e-01
6.935446696595229943e-01 4.187537968224716023e-01
6.886289445478752658e-01 4.181212520434279267e-01
6.567243264825265436e-01 4.203403112267065644e-01
6.499246644259328853e-01 4.359644673933740222e-01
6.332341274995270108e-01 4.678886555483515730e-01
6.111957706284020242e-01 4.324277603699567818e-01
6.591365333240695179e-01 4.312628092246237888e-01
6.840761241008898041e-01 4.666201658432817534e-01
6.348914528464764118e-01 4.852875173023737387e-01
6.412856636615036354e-01 4.902719458560851340e-01
6.615456356351302469e-01 4.223344172616257386e-01
6.932257031660030711e-01 4.844735780559612515e-01
6.024243980045098645e-01 4.214426194007588333e-01
6.222082770214336644e-01 4.266009555195384717e-01
6.897300265447408041e-01 4.742813564623552525e-01
6.575205533340267028e-01 4.155872765001607516e-01
6.476896126590127034e-01 4.846802074405959226e-01
6.383710082006535114e-01 4.028971686594791102e-01
6.375983588526726864e-01 4.787730371464867241e-01
6.009948702541463295e-01 4.063178675639236292e-01
6.129671028529082299e-01 4.604240865485219047e-01
6.113069011167775457e-01 4.149136278212569029e-01
6.007744405163912838e-01 4.189576073599504125e-01
6.294296215845441855e-01 4.210704103318356206e-01
6.971919689680715626e-01 4.137796921568968056e-01
6.971205926043095857e-01 4.576888781764091307e-01
6.676436536405184752e-01 4.021389274813118031e-01
6.740624285757336187e-01 4.864010249013208664e-01
6.384189240025840428e-01 4.163806297982108884e-01
6.991788087606956026e-01 4.881721072824276586e-01
6.087120689219898129e-01 4.418249367498635061e-01
6.901228403794201771e-01 4.714117922712118824e-01
6.919760193102255652e-01 4.022673600588442810e-01
6.376430984665767410e-01 4.717860921348638881e-01
6.422963352556807504e-01 4.302498197675009850e-01
6.288993883171186683e-01 4.086819173523797977e-01
6.081325881751011853e-01 4.670812485621149701e-01
6.891932746790243591e-01 4.399487872965169299e-01
6.975848769598999022e-01 4.346856246916410149e-01
6.955868071292856669e-01 4.049236541362842834e-01
6.110281110339912392e-01 4.220462031410635029e-01
6.742583164282290875e-01 4.331102168095523064e-01
6.959187681905492084e-01 4.083025915673896833e-01
6.513201952091798308e-01 4.457452586473268918e-01
6.020542732278322262e-01 4.325744400280076007e-01
6.729944951917663509e-01 4.789669321712890504e-01
6.950744389652896427e-01 4.580188316035416762e-01
6.250678760978561899e-01 4.429611682359853031e-01
6.751162764523186421e-01 4.320385442652582286e-01
6.205372371173378809e-01 4.297024196829404286e-01
6.009746346839147657e-01 4.705499175675738610e-01
6.739672147627229215e-01 4.778908280374316586e-01
6.599438441943621392e-01 4.504681227309356162e-01
6.254666759882081539e-01 4.226904421269052081e-01
6.924334313339428615e-01 4.399356022496587193e-01
6.979784638323305312e-01 4.124008694682221310e-01
6.672862154307644955e-01 4.364879570755730853e-01
6.647045605644791300e-01 4.765996301186287143e-01
6.908752702643580212e-01 4.717459231575326650e-01
6.695177370044353982e-01 4.017484393438139345e-01
6.394366030481177798e-01 4.103024173786228301e-01
6.053328341838070115e-01 4.024676815336815094e-01
6.838090866964985359e-01 4.157639295202661400e-01
6.732450371522028520e-01 4.327346543129738654e-01
6.248723031311903542e-01 4.272129014079732445e-01
6.815504488460791821e-01 4.382905361082861662e-01
6.950781249451383204e-01 4.097006037527943234e-01
6.093222983026901352e-01 4.074640765486112759e-01
6.175903225205023883e-01 4.813449818529092483e-01
6.462713011937643026e-01 4.524924882903433865e-01
6.805490301035503897e-01 4.682763824507100714e-01
6.257874438043036225e-01 4.253243254406923191e-01
6.114448146243431914e-01 4.363926729951521089e-01
6.267961605780726364e-01 4.199343468299547855e-01
6.979262393343605986e-01 4.077580988467220391e-01
6.897551050119421490e-01 4.381956122130104547e-01
6.851487967834023474e-01 4.173577287738292618e-01
6.337488918371027014e-01 4.072482838708189612e-01
6.269624999955691891e-01 4.130544745204808299e-01
6.197405943789413563e-01 4.396074183079198283e-01
6.660027833506489969e-01 4.179064034918918979e-01
6.373589391739385990e-01 4.053500752129483575e-01
6.590558497833517437e-01 4.854640161346907568e-01
6.455661917321150467e-01 4.243948178125094284e-01
6.999231165885452244e-01 4.109520463824360426e-01
6.288631628142006269e-01 4.521229995566100057e-01
6.716218298371955386e-01 4.466927646380628447e-01
6.397348317894939740e-01 4.122802232675475964e-01
6.396332121565201367e-01 4.572517741852246687e-01
6.084402624667805126e-01 4.218231923217149459e-01
6.581243681356998554e-01 4.034554120734624716e-01
6.139991530483590587e-01 4.309031815791055653e-01
6.253031814051946968e-01 4.894539445336987815e-01
6.863079228662972708e-01 4.618180634918588323e-01
6.925079325887097959e-01 4.952206130459667621e-01
6.284648463237181293e-01 4.946251859536642814e-01
6.860060665225077292e-01 4.298314944932239423e-01
6.085949775540914208e-01 4.192192062027165211e-01
6.716378040606160171e-01 4.354464778532481928e-01
6.059495574425803888e-01 4.468980979884679128e-01
6.489698478838985540e-01 4.699107154095785721e-01
6.156501898300531517e-01 4.091038394359389208e-01
6.029668158665169031e-01 4.701414952804657821e-01
6.193759010284678457e-01 4.072937136564248606e-01
6.694642004256334822e-01 4.265757304403910988e-01
6.207160283668914369e-01 4.021560185481700689e-01
6.348188369503847683e-01 4.013480178418047384e-01
6.354559814840956555e-01 4.366320965832115597e-01
6.531786660459806271e-01 4.252471070917347995e-01
6.603426651552293247e-01 4.070072724559383182e-01
6.781860628457425655e-01 4.053596441544870532e-01
6.023985705496636145e-01 4.142366633830769085e-01
6.960835566267559171e-01 4.046784078401687856e-01
6.418497727995580160e-01 4.113691092219349810e-01
6.288763780383876956e-01 4.232110570525210447e-01
6.147246691532813889e-01 4.412557778727508317e-01
6.095760220494259585e-01 4.179840611633457992e-01
6.650578277965722984e-01 4.407490743484199225e-01
6.702737196580528245e-01 4.557537742014592941e-01
6.419709813864278303e-01 4.105598275801032870e-01
6.348608444739116674e-01 4.156491040912699275e-01
6.073686652824353827e-01 4.204012655193828385e-01
6.067168182328537274e-01 4.048609772122663264e-01
6.908971621082923287e-01 4.886969035418958218e-01
6.508945788371549579e-01 4.407458323734263494e-01
6.497020021618181707e-01 4.764204883270824475e-01
6.167189029099119368e-01 4.215012492683491430e-01
6.131975096971964412e-01 4.274033535897995284e-01
6.394700150785280757e-01 4.392686574732511673e-01
6.086545875999600508e-01 4.161559499661502959e-01
6.291498910580937132e-01 4.189035994310291167e-01
6.786692397832333468e-01 4.665865901292673423e-01
6.722132473209750936e-01 4.767607479119955194e-01
6.724888999428414449e-01 4.144851889684763036e-01
6.398641470424371036e-01 4.209995920774989298e-01
6.811830016551940759e-01 4.559010732600051741e-01
6.651837857501238238e-01 4.815228309599078882e-01
6.105416637126089840e-01 4.937534321960111994e-01
6.388213376886862083e-01 4.029495686933469711e-01
6.772993063884809040e-01 4.303926892069057653e-01
6.174519415094934516e-01 4.043370720717801570e-01
6.628311157892061711e-01 4.609991276999584331e-01
6.863172792180903814e-01 4.424133405747953662e-01
6.560550469366908111e-01 4.218900850329257990e-01
6.141839694911918057e-01 4.193661972931694293e-01
6.151295975695937335e-01 4.767416396351155106e-01
6.827381768753121305e-01 4.025466166829629322e-01
6.448647949867647444e-01 4.161258468878813455e-01
6.467651003746391902e-01 4.285690699310067409e-01
6.330280103150458526e-01 4.014607953287516739e-01
6.212684364465309583e-01 4.100593211521499915e-01
6.268701522182259511e-01 4.117860575322746519e-01
6.267710571510581863e-01 4.732574483284470168e-01
6.589859215580637919e-01 4.622401866671523862e-01
6.549463864348231690e-01 4.349116926763670898e-01
6.265438630614913462e-01 4.010371600266160463e-01
6.614792321249424178e-01 4.794256130186967946e-01
6.946538867380565030e-01 4.655256497240995994e-01
6.681215078019457909e-01 4.045435542306178300e-01
6.412478737025922859e-01 4.417035835002092181e-01
6.010315567301597328e-01 4.796602831460679006e-01
6.071458877113450336e-01 4.642983086914471147e-01
6.033039644559207160e-01 4.712501209668916724e-01
6.303910785483263224e-01 4.979828604159342587e-01
6.161392612357295961e-01 4.124186422612097780e-01
6.409171679334794147e-01 4.796284635922328232e-01
6.189668842649733715e-01 4.142176907789065221e-01
6.581632094628161456e-01 4.517211683369584119e-01
6.197385929381991065e-01 4.079706785213462750e-01
6.717515991794149599e-01 4.233283660285182548e-01
6.683374359363070116e-01 4.156854703086350633e-01
6.798846999482306419e-01 4.079142393096579222e-01
6.433318139132129243e-01 4.631177908022393597e-01
6.908897124730801753e-01 4.217913490601540860e-01
6.707551625775320936e-01 4.814713687535309705e-01
6.035383940820970849e-01 4.154357062962611424e-01
6.985967433695725592e-01 4.687598920619204801e-01
6.920292698294484568e-01 4.344752584875636314e-01
6.476887049776033356e-01 4.355029648088631355e-01
6.280249745649876258e-01 4.818600323569103283e-01
6.470507126144801058e-01 4.003296603185566571e-01
6.552585922662577111e-01 4.203662314083920770e-01
6.759616232096168353e-01 4.265392083433229287e-01
6.987538308371185058e-01 4.436040889589939473e-01
6.046136866036133650e-01 4.730636626381710674e-01
6.665319178720729987e-01 4.182856353520629789e-01
6.247761622323596553e-01 4.895865984123595749e-01
6.925351963072681194e-01 4.275339477096487539e-01
6.814675863119704635e-01 4.895738802942685153e-01
6.930251869242158858e-01 4.399109203696792703e-01
6.962436498975536070e-01 4.226933364433630436e-01
6.422675291802683040e-01 4.037149418078848084e-01
6.025746005873624522e-01 4.221746063615223199e-01
6.808538637332764987e-01 4.745329263349968851e-01
6.925397365404631911e-01 4.334605203254756622e-01
6.603665344755942357e-01 4.095638370547055040e-01
6.675421372402382536e-01 4.529930233417201468e-01
6.654265052594873220e-01 4.175092162313495114e-01
6.931638482864783679e-01 4.563618897130494734e-01
6.706596139433690373e-01 4.546145772629741622e-01
6.783694785150923279e-01 4.355910819814119428e-01
6.306666736552973829e-01 4.213948668697871103e-01
6.258895687142262965e-01 4.688552854988584651e-01
6.805089458886900422e-01 4.052897136521326216e-01
6.155815120083230063e-01 4.674137544250422382e-01
6.559862172981436590e-01 4.354147494630999371e-01
6.755310029728012200e-01 4.500620081523852845e-01
6.636753382056623796e-01 4.392482551130421076e-01
6.149164250145224830e-01 4.752458797542644664e-01
6.827432544735640985e-01 4.576063795100730469e-01
6.464496808843873676e-01 4.787968131253655946e-01
6.986237217900246321e-01 4.288372855563383212e-01
6.526207873991028974e-01 4.592301652651402666e-01
6.606179569561059228e-01 4.744228728395940009e-01
6.744297355037697228e-01 4.319604599437775749e-01
6.480451170182248699e-01 4.495195994737621881e-01
6.631741017232020141e-01 4.628793003003942585e-01
6.964005835894349072e-01 4.034639167459871945e-01
6.478637718699885584e-01 4.463426628515217987e-01
6.584195618574625319e-01 4.167461368378639341e-01
6.907320069092192094e-01 4.587721254620982236e-01
6.514428611202115471e-01 4.422701373658390334e-01
6.208603467326355707e-01 4.197226569092309401e-01
6.470478992834758358e-01 4.595697721947900050e-01
6.199568580151353370e-01 4.112034130295591505e-01
6.701946830420244527e-01 4.468959992374867407e-01
6.888793958099760362e-01 4.999908048691227846e-01
6.221118431507762780e-01 4.870926497359505669e-01
6.573634566978914240e-01 4.112401243310164767e-01
6.264413779187721909e-01 4.019908996726833661e-01
6.107128288175021069e-01 4.184812909415495663e-01
6.684414138294197949e-01 4.047481696291894693e-01
6.058833185900563967e-01 4.064585780673917736e-01
6.428616134638478474e-01 4.499206996576472495e-01
6.977515880894038514e-01 4.581311944945197778e-01
6.623148147245772055e-01 4.227923122765317454e-01
6.824314746670820941e-01 4.626452068320742184e-01
6.584494002364594811e-01 4.267853012330148355e-01
6.051175116746368987e-01 4.683678088947644813e-01
6.864493656258716658e-01 4.369114939865211267e-01
6.371725725147132646e-01 4.200884498068976902e-01
6.132564374162922105e-01 4.701459777487198011e-01
6.186534745745887465e-01 4.209001677605657132e-01
6.960733734324852096e-01 4.466992653502938060e-01
6.765321839630131784e-01 4.774982092642849896e-01
6.569975741950525583e-01 4.618615205863475515e-01
6.072997823559074249e-01 4.540630313917296546e-01
6.643128393038514323e-01 4.034910160183174388e-01
6.292573254978671704e-01 4.499758038652284520e-01
6.015844519757953535e-01 4.930227485003884080e-01
6.570546199417983679e-01 4.128778972339184339e-01
6.027181299779329482e-01 4.005174651876658998e-01
6.831570864855702752e-01 4.614288668600378673e-01
6.860324065928854465e-01 4.227203858137269510e-01
6.690204016093971306e-01 4.163774817002780515e-01
6.230365052243193036e-01 4.087200337987689780e-01
6.787721451509185489e-01 4.318316626183508200e-01
6.643836465743532260e-01 4.459853098364428559e-01
6.427394925782043966e-01 4.675818977691653111e-01
6.629251651199040696e-01 4.061250066880839893e-01
6.905339772275729260e-01 4.296629688642648048e-01
6.205941420114343687e-01 4.554839820225355940e-01
6.235805107327799801e-01 4.560090374824404824e-01
6.741084173028825122e-01 4.471250572829115755e-01
6.444170542107895416e-01 4.336362380272831829e-01
6.582995017510691049e-01 4.653812004903948307e-01
6.767877356565933367e-01 4.641792337062279339e-01
6.661384176177527205e-01 4.878549661402952764e-01
6.261090634119397258e-01 4.838124172099235176e-01
6.573900655959347139e-01 4.122368020254589815e-01
6.844076783300465650e-01 4.364272902786230368e-01
6.931865578007626594e-01 4.378603622206132528e-01
6.620590989154288009e-01 4.802922090591222326e-01
6.567471278408130164e-01 4.101596299178140725e-01
6.665922048745583917e-01 4.071162155124209980e-01
6.658893039674423919e-01 4.521476502084263993e-01
6.868540529273241546e-01 4.059479096449554181e-01
6.449401673913237598e-01 4.229544967437438574e-01
6.633566983719989540e-01 4.136440587492617449e-01
6.905369784805811539e-01 4.319080760084690329e-01
6.976968622064588788e-01 4.271435163627613774e-01
6.219682979758636154e-01 4.231437928477821409e-01
6.423926263958501526e-01 4.528349878026051156e-01
6.528596430450893662e-01 4.901685193350430736e-01
6.321356446820415309e-01 4.302113779150571471e-01
6.844875638210131674e-01 4.134336769646977938e-01
6.417840421954708052e-01 4.150653320575512506e-01
6.186512736561374792e-01 4.317944195479693215e-01
6.307877328843989329e-01 4.284239855112403350e-01
6.066172529879809705e-01 4.497009624267901406e-01
6.917911278162492961e-01 4.177825336787462374e-01
6.647555473923116853e-01 4.068722968664120754e-01
6.945905417632730616e-01 4.238149082865597661e-01
6.793629476853365601e-01 4.012222611816701479e-01
6.438090589114251472e-01 4.370162990072462006e-01
6.998132460166690549e-01 4.990098557021895864e-01
6.551036528726399411e-01 4.670233876085833069e-01
6.716481088060946014e-01 4.556783602913124787e-01
6.797869258519891877e-01 4.857546180270194691e-01
6.492647003239353509e-01 4.102025216619618608e-01
6.057949845921458687e-01 4.468097768027018413e-01
6.283259418221537329e-01 4.676432846593031600e-01
6.941775336316268197e-01 4.256919257288713787e-01
6.806657957041954976e-01 4.555344421576515979e-01
6.280618300875422388e-01 4.431992079776503335e-01
6.835380409648214028e-01 4.010289994965304250e-01
6.003216018282164779e-01 4.340956962807825392e-01
6.716370733455703235e-01 4.686167485146091605e-01
6.582033375000959641e-01 4.911898279146534874e-01
6.406612950382071237e-01 4.502263220011795686e-01
6.620076260398309875e-01 4.974974699826301694e-01
6.795721739193528732e-01 4.635087844049277095e-01
6.755381318328206319e-01 4.093893863201605865e-01
6.482843244029442564e-01 4.024317006350455750e-01
6.146280891549796843e-01 4.300303119355416426e-01
6.659465039429697253e-01 4.408181187209402330e-01
6.789916523057047959e-01 4.297861574722711131e-01
6.344778820591792101e-01 4.061641213951767138e-01
6.154208272558010506e-01 4.065752924980182703e-01
6.071269500051219570e-01 4.852688832822750209e-01
6.906978570577761989e-01 4.416813408378670314e-01
6.693598595767192849e-01 4.413584535983034463e-01
6.925289696142082896e-01 4.274122134244496829e-01
6.655942280373536857e-01 4.026019067581442235e-01
6.966400366638655361e-01 4.201370219174473952e-01
6.066491733355560134e-01 4.564882289590166953e-01
6.840578968616095601e-01 4.169638697958413798e-01
6.380535476550152074e-01 4.801238572817521089e-01
6.096342701162271727e-01 4.867642297299976106e-01
6.441650880212195229e-01 4.721328601853602702e-01
6.923811808488685715e-01 4.243879097057070560e-01
6.804263620340447183e-01 4.632882572206626359e-01
6.567575754894003914e-01 4.232502871120732979e-01
6.778022448635935282e-01 4.139603781804475635e-01
6.169665464624344287e-01 4.172818924865819845e-01
6.936078671338238300e-01 4.161052708957220236e-01
6.663586858993889583e-01 4.389457379296519690e-01
6.851574093166789003e-01 4.487771701781258504e-01
6.498252517590913380e-01 4.028585380353488232e-01
6.299772316547667117e-01 4.049439229126985951e-01
6.069103098181425349e-01 4.282033323113959566e-01
6.741574950960341761e-01 4.347414551311574726e-01
6.769916985745735305e-01 4.351815846425848289e-01
6.559218002678575132e-01 4.718098033155413984e-01
6.544458563164520237e-01 4.013300433245710064e-01
6.471381045575859137e-01 4.711099633047437507e-01
6.190710400517542844e-01 4.834608660436362504e-01
6.927876285478046237e-01 4.526692605165771877e-01
6.319709550723595637e-01 4.302266650658863045e-01
6.384105054839182003e-01 4.142773418880171254e-01
6.855187711981111098e-01 4.488144074835549446e-01
6.447102860484849041e-01 4.477200900738769196e-01
6.895907627490088787e-01 4.030552233893460734e-01
6.073187248277784889e-01 4.475624613113498018e-01
6.813960614852736519e-01 4.313572810345424058e-01
6.241845521249890227e-01 4.622792642378976691e-01
6.311560059780488841e-01 4.722283522926494781e-01
6.395983955705902835e-01 4.673220002314359411e-01
6.729407409455234745e-01 4.002439466863497164e-01
6.007261917413317942e-01 4.195678369307989652e-01
6.072738731187697914e-01 4.781168951006593004e-01
6.941928125812285577e-01 4.137825154757490687e-01
6.793878877115538950e-01 4.171053601690559165e-01
6.463532757218580782e-01 4.388076698935715614e-01
6.773971379959436989e-01 4.643810250059570155e-01
6.325724326597266245e-01 4.880493786315491800e-01
6.454320242121517337e-01 4.676662130611350388e-01
6.453803837754057415e-01 4.605524345920086748e-01
6.960533228809770989e-01 4.068599922721269913e-01
