[0.62922851 0.46011287] 0
[0.63028401 0.44422545] 0
[0.68225608 0.40935591] 0
[0.66759388 0.40497444] 0
[0.60829797 0.47878426] 0
[0.64436659 0.435609  ] 0
[0.63059245 0.43328739] 0
[0.65897851 0.45094907] 0
[0.6855755  0.44627928] 0
[0.6888812 0.4195561] 0
[0.69716192 0.46648149] 0
[0.68163752 0.4224582 ] 0
[0.69354467 0.4187538 ] 0
[0.63489145 0.48528752] 0
[0.64768961 0.48468021] 0
[0.69719197 0.41377969] 0
[0.69197602 0.40226736] 0
[0.61102811 0.4220462 ] 0
[0.67511628 0.43203854] 0
[0.66728622 0.43648796] 0
[0.6248723 0.4272129] 0
[0.61144481 0.43639267] 0
[0.66600278 0.4179064 ] 0
[0.63963321 0.45725177] 0
[0.68600607 0.42983149] 0
[0.6694642  0.42657573] 0
[0.69608356 0.40467841] 0
[0.63486084 0.4156491 ] 0
[0.63947002 0.43926866] 0
[0.66518379 0.48152283] 0
[0.61418397 0.4193662 ] 0
[0.62677106 0.47325745] 0
[0.60103156 0.47966028] 0
[0.61973859 0.40797068] 0
[0.69859674 0.46875989] 0
[0.60461369 0.47306366] 0
[0.6025746  0.42217461] 0
[0.67836948 0.43559108] 0
[0.61491643 0.47524588] 0
[0.6631741 0.4628793] 0
[0.61995686 0.41120341] 0
[0.60588332 0.40645858] 0
[0.63717257 0.42008845] 0
[0.62925733 0.4499758 ] 0
[0.67877215 0.43183166] 0
[0.64441705 0.43363624] 0
[0.6620591  0.48029221] 0
[0.69769686 0.42714352] 0
[0.63078773 0.42842399] 0
[0.65510365 0.46702339] 0
[0.62806183 0.44319921] 0
[0.67553813 0.40938939] 0
[0.69069786 0.44168134] 0
[0.60963427 0.48676423] 0
[0.66635869 0.43894574] 0
[0.65444586 0.40133004] 0
[0.68959076 0.40305522] 0
[0.60727387 0.4781169 ] 0
[0.69605332 0.40685999] 0
[0.69709928 0.44635591] 0
[0.61136423 0.43693287] 0
[0.69337294 0.48428108] 0
[0.61890764 0.42882486] 0
[0.6836053  0.41923319] 0
[0.67298377 0.40227024] 0
[0.61182962 0.42997479] 0
[0.62410931 0.41528677] 0
[0.6206328  0.40834361] 0
[0.67081754 0.41557616] 0
[0.69496795 0.44142209] 0
[0.69419939 0.46292821] 0
[0.68862894 0.41812125] 0
[0.64128566 0.49027195] 0
[0.63837101 0.40289717] 0
[0.69712059 0.45768888] 0
[0.6376431  0.47178609] 0
[0.67425832 0.43311022] 0
[0.62053724 0.42970242] 0
[0.66470456 0.47659963] 0
[0.68155045 0.43829054] 0
[0.62679616 0.41993435] 0
[0.63735894 0.40535008] 0
[0.60844026 0.42182319] 0
[0.60859498 0.41921921] 0
[0.62071603 0.40215602] 0
[0.64184977 0.41136911] 0
[0.60736867 0.42040127] 0
[0.60865459 0.41615595] 0
[0.61054166 0.49375343] 0
[0.6151296  0.47674164] 0
[0.65898592 0.46224019] 0
[0.60714589 0.46429831] 0
[0.6717516  0.42332837] 0
[0.69202927 0.43447526] 0
[0.66653192 0.41828564] 0
[0.68085386 0.47453293] 0
[0.63066667 0.42139487] 0
[0.68274325 0.45760638] 0
[0.69640058 0.40346392] 0
[0.67019468 0.446896  ] 0
[0.64286161 0.4499207 ] 0
[0.61325644 0.47014598] 0
[0.60158445 0.49302275] 0
[0.66438365 0.44598531] 0
[0.6582995 0.4653812] 0
[0.65674713 0.41015963] 0
[0.6219683  0.42314379] 0
[0.60661725 0.44970096] 0
[0.67164811 0.45567836] 0
[0.68353804 0.401029  ] 0
[0.64828432 0.4024317 ] 0
[0.66935986 0.44135845] 0
[0.64416509 0.47213286] 0
[0.68515741 0.44877717] 0
[0.6471381  0.47110996] 0
[0.60731872 0.44756246] 0
[0.69419281 0.41378252] 0
[0.68936869 0.44045387] 0
[0.6611548  0.43356793] 0
[0.63520374 0.47155164] 0
[0.65122733 0.40733366] 0
[0.6405693  0.43991106] 0
[0.69686679 0.46081845] 0
[0.63594242 0.43321725] 0
[0.61675403 0.47266839] 0
[0.6925175  0.49301703] 0
[0.68628501 0.47995516] 0
[0.60079051 0.45213184] 0
[0.62500977 0.468558  ] 0
[0.65672433 0.42034031] 0
[0.66154564 0.42233442] 0
[0.63759836 0.47877304] 0
[0.66764365 0.40213893] 0
[0.64229634 0.43024982] 0
[0.69591877 0.40830259] 0
[0.60097463 0.47054992] 0
[0.69087527 0.47174592] 0
[0.69507812 0.4097006 ] 0
[0.69792624 0.4077581 ] 0
[0.65905585 0.48546402] 0
[0.65812437 0.40345541] 0
[0.6716378  0.43544648] 0
[0.63481884 0.40134802] 0
[0.62887638 0.42321106] 0
[0.60671682 0.40486098] 0
[0.62914989 0.4189036 ] 0
[0.63882134 0.40294957] 0
[0.68273818 0.40254662] 0
[0.65494639 0.43491169] 0
[0.60330396 0.47125012] 0
[0.66833744 0.41568547] 0
[0.6476887  0.43550296] 0
[0.62477616 0.4895866 ] 0
[0.69253974 0.43346052] 0
[0.62588957 0.46885529] 0
[0.64644968 0.47879681] 0
[0.64786377 0.44634266] 0
[0.6888794 0.4999908] 0
[0.69775159 0.45813119] 0
[0.61865347 0.42090017] 0
[0.65705462 0.4128779 ] 0
[0.64273949 0.4675819 ] 0
[0.67678774 0.46417923] 0
[0.6665922  0.40711622] 0
[0.64239263 0.45283499] 0
[0.69179113 0.41778253] 0
[0.67978693 0.48575462] 0
[0.6003216 0.4340957] 0
[0.61462809 0.43003031] 0
[0.69252897 0.42741221] 0
[0.69238118 0.42438791] 0
[0.64982525 0.40285854] 0
[0.61907104 0.48346087] 0
[0.68139606 0.43135728] 0
[0.67938789 0.41710536] 0
[0.6676545  0.41969066] 0
[0.66966675 0.40224775] 0
[0.63321311 0.44572693] 0
[0.60943585 0.45691197] 0
[0.65794683 0.40003902] 0
[0.61968849 0.46949117] 0
[0.65266382 0.45514618] 0
[0.63939892 0.43120776] 0
[0.65756888 0.45397338] 0
[0.61556229 0.43297479] 0
[0.61175672 0.48379264] 0
[0.66602603 0.45938805] 0
[0.64992466 0.43596447] 0
[0.6932257  0.48447358] 0
[0.60099487 0.40631787] 0
[0.67406243 0.48640102] 0
[0.62889939 0.40868192] 0
[0.6513202  0.44574526] 0
[0.67396721 0.47789083] 0
[0.66951774 0.40174844] 0
[0.6093223  0.40746408] 0
[0.68975511 0.43819561] 0
[0.64556619 0.42439482] 0
[0.61399915 0.43090318] 0
[0.60594956 0.4468981 ] 0
[0.63545598 0.4366321 ] 0
[0.61472467 0.44125578] 0
[0.69089716 0.4886969 ] 0
[0.67866924 0.46658659] 0
[0.67729931 0.43039269] 0
[0.64486479 0.41612585] 0
[0.62654386 0.40103716] 0
[0.63039108 0.49798286] 0
[0.6798847  0.40791424] 0
[0.62802497 0.48186003] 0
[0.6925352  0.42753395] 0
[0.66036653 0.40956384] 0
[0.68050895 0.40528971] 0
[0.69862372 0.42883729] 0
[0.65841956 0.41674614] 0
[0.62211184 0.48709265] 0
[0.66231481 0.42279231] 0
[0.69607337 0.44669927] 0
[0.60271813 0.40051747] 0
[0.66292517 0.40612501] 0
[0.66613842 0.48785497] 0
[0.6658893  0.45214765] 0
[0.65285964 0.49016852] 0
[0.66475555 0.4068723 ] 0
[0.6492647  0.41020252] 0
[0.67163707 0.46861675] 0
[0.6659465  0.44081812] 0
[0.66559423 0.40260191] 0
[0.68042636 0.46328826] 0
[0.62997723 0.40494392] 0
[0.69278763 0.45266926] 0
[0.62418455 0.46227926] 0
[0.64635328 0.43880767] 0
[0.69523676 0.40818273] 0
[0.66144253 0.48299566] 0
[0.6106426  0.41299617] 0
[0.67552139 0.43572334] 0
[0.68037751 0.44734904] 0
[0.61735382 0.40578862] 0
[0.64655058 0.45997482] 0
[0.69556808 0.46950734] 0
[0.6826246  0.40612286] 0
[0.63254713 0.49228122] 0
[0.67055433 0.43365614] 0
[0.68566471 0.45168582] 0
[0.63323413 0.46788866] 0
[0.6024244  0.42144262] 0
[0.6129671  0.46042409] 0
[0.63841892 0.41638063] 0
[0.60813259 0.46708125] 0
[0.60205427 0.43257444] 0
[0.65994384 0.45046812] 0
[0.6394366  0.41030242] 0
[0.61759032 0.48134498] 0
[0.6851488  0.41735773] 0
[0.69992312 0.41095205] 0
[0.62530318 0.48945394] 0
[0.64896985 0.46991072] 0
[0.65317867 0.42524711] 0
[0.60957602 0.41798406] 0
[0.65089458 0.44074583] 0
[0.67221325 0.47676075] 0
[0.61745194 0.40433707] 0
[0.6467651  0.42856907] 0
[0.66147923 0.47942561] 0
[0.61613926 0.41241864] 0
[0.64333181 0.46311779] 0
[0.64705071 0.40032966] 0
[0.68146759 0.48957388] 0
[0.66754214 0.45299302] 0
[0.61558151 0.46741375] 0
[0.65262079 0.45923017] 0
[0.69073201 0.45877213] 0
[0.65736346 0.41124012] 0
[0.68243147 0.46264521] 0
[0.67653218 0.47749821] 0
[0.68315709 0.46142887] 0
[0.69053398 0.42966297] 0
[0.62610906 0.48381242] 0
[0.68685405 0.40594791] 0
[0.63213564 0.43021138] 0
[0.69459054 0.42381491] 0
[0.60579498 0.44680978] 0
[0.65820334 0.49118983] 0
[0.67899165 0.42978616] 0
[0.69664004 0.42013702] 0
[0.65675758 0.42325029] 0
[0.60691031 0.42820333] 0
[0.63197096 0.43022667] 0
[0.63115601 0.47222835] 0
[0.67739714 0.46438103] 0
[0.66134769 0.4967013 ] 0
[0.68374709 0.41165815] 0
[0.69254966 0.43701707] 0
[0.62397527 0.42981932] 0
[0.60630689 0.43649139] 0
[0.68578887 0.41961713] 0
[0.65259047 0.48724607] 0
[0.66075713 0.49965157] 0
[0.6444955 0.4788647] 0
[0.63647702 0.44100849] 0
[0.67546267 0.40340819] 0
[0.66816896 0.42721409] 0
[0.61119577 0.43242776] 0
[0.62220828 0.42660096] 0
[0.6113069  0.41491363] 0
[0.69917881 0.48817211] 0
[0.68919327 0.43994879] 0
[0.6729945  0.47896693] 0
[0.62546668 0.42269044] 0
[0.60533283 0.40246768] 0
[0.6462713  0.45249249] 0
[0.63374889 0.40724828] 0
[0.62886316 0.452123  ] 0
[0.68630792 0.46181806] 0
[0.61565019 0.40910384] 0
[0.66034267 0.40700727] 0
[0.66505783 0.44074907] 0
[0.649702   0.47642049] 0
[0.6724889  0.41448519] 0
[0.66283112 0.46099913] 0
[0.63302801 0.4014608 ] 0
[0.69465389 0.46552565] 0
[0.64091717 0.47962846] 0
[0.69088971 0.42179135] 0
[0.65525859 0.42036623] 0
[0.69302519 0.43991092] 0
[0.66542651 0.41750922] 0
[0.65598622 0.43541475] 0
[0.66061796 0.47442287] 0
[0.65144286 0.44227014] 0
[0.62644138 0.4019909 ] 0
[0.6584494 0.4267853] 0
[0.65699757 0.46186152] 0
[0.68603241 0.42272039] 0
[0.62059414 0.45548398] 0
[0.65739007 0.4122368 ] 0
[0.64494017 0.4229545 ] 0
[0.68448756 0.41343368] 0
[0.67936295 0.40122226] 0
[0.62832594 0.46764328] 0
[0.6406613  0.45022632] 0
[0.63447788 0.40616412] 0
[0.60664917 0.45648823] 0
[0.67780224 0.41396038] 0
[0.6741575  0.43474146] 0
[0.63841051 0.41427734] 0
[0.6395984 0.467322 ] 0
[0.63257243 0.48804938] 0
[0.61352404 0.46996598] 0
[0.64868164 0.40590524] 0
[0.67749113 0.44576028] 0
[0.66925416 0.4535614 ] 0
[0.60860625 0.49411969] 0
[0.68255159 0.43335035] 0
[0.68322822 0.4406135 ] 0
[0.61377717 0.46863835] 0
[0.66837576 0.48650216] 0
[0.65714201 0.44701398] 0
[0.69013159 0.41272434] 0
[0.694116   0.42554987] 0
[0.65913653 0.43126281] 0
[0.68973003 0.47428136] 0
[0.60077444 0.41895761] 0
[0.60871207 0.44182494] 0
[0.69758488 0.43468562] 0
[0.69507444 0.45801883] 0
[0.69243343 0.4399356 ] 0
[0.68380909 0.41576393] 0
[0.68054903 0.46827638] 0
[0.6269625  0.41305447] 0
[0.67162183 0.44669276] 0
[0.69250793 0.49522061] 0
[0.60296682 0.4701415 ] 0
[0.67818606 0.40535964] 0
[0.67027372 0.45575377] 0
[0.6167189  0.42150125] 0
[0.63986415 0.42099959] 0
[0.68631728 0.44241334] 0
[0.62126844 0.41005932] 0
[0.66812151 0.40454355] 0
[0.61896688 0.41421769] 0
[0.67075516 0.48147137] 0
[0.67596162 0.42653921] 0
[0.69624365 0.42269334] 0
[0.69316385 0.45636189] 0
[0.675531   0.45006201] 0
[0.67442974 0.43196046] 0
[0.62086035 0.41972266] 0
[0.61071283 0.41848129] 0
[0.60511751 0.46836781] 0
[0.60729978 0.45406303] 0
[0.6690204  0.41637748] 0
[0.62358051 0.45600904] 0
[0.68440768 0.43642729] 0
[0.6633567  0.41364406] 0
[0.64178404 0.41506533] 0
[0.64380906 0.4370163 ] 0
[0.69417753 0.42569193] 0
[0.66200763 0.49749747] 0
[0.61542083 0.40657529] 0
[0.6840579  0.41696387] 0
[0.61696655 0.41728189] 0
[0.6769917  0.43518158] 0
[0.68551877 0.44881441] 0
[0.67294074 0.40024395] 0
[0.64543202 0.46766621] 0
[0.60023044 0.46187417] 0
[0.61944756 0.48971587] 0
[0.69832654 0.44499828] 0
[0.68741713 0.42686031] 0
[0.67334163 0.44812519] 0
[0.67890601 0.40030861] 0
[0.62465764 0.42878278] 0
[0.63513123 0.46299025] 0
[0.62227588 0.45502923] 0
[0.65353693 0.48076588] 0
[0.67282444 0.41111993] 0
[0.62820341 0.43135005] 0
[0.68407612 0.46662017] 0
[0.65752055 0.41558728] 0
[0.62942962 0.42107041] 0
[0.69012284 0.47141179] 0
[0.69558681 0.40492365] 0
[0.62506788 0.44296117] 0
[0.69797846 0.41240087] 0
[0.67324504 0.43273465] 0
[0.62578744 0.42532433] 0
[0.61974059 0.43960742] 0
[0.63973483 0.41228022] 0
[0.62846485 0.49462519] 0
[0.6193759  0.40729371] 0
[0.60239857 0.41423666] 0
[0.64197098 0.41055983] 0
[0.61319751 0.42740335] 0
[0.681183   0.45590107] 0
[0.65605505 0.42189009] 0
[0.62687015 0.41178606] 0
[0.64124787 0.44170358] 0
[0.65816321 0.45172117] 0
[0.60353839 0.41543571] 0
[0.69875383 0.44360409] 0
[0.64226753 0.40371494] 0
[0.67065961 0.45461458] 0
[0.66367534 0.43924826] 0
[0.64804512 0.4495196 ] 0
[0.6470479  0.45956977] 0
[0.66844141 0.40474817] 0
[0.68644937 0.43691149] 0
[0.66431284 0.40349102] 0
[0.62303651 0.40872003] 0
[0.67410842 0.44712506] 0
[0.69318656 0.43786036] 0
[0.69053698 0.43190808] 0
[0.61865127 0.43179442] 0
[0.69981325 0.49900986] 0
[0.6806658  0.45553444] 0
[0.67957217 0.46350878] 0
[0.60712695 0.48526888] 0
[0.63805355 0.48012386] 0
[0.69360787 0.41610527] 0
[0.6559218 0.4718098] 0
[0.64471029 0.44772009] 0
[0.60072619 0.41956784] 0
[0.64538038 0.46055243] 0
