6.891577509589561501e-01 5.002464158432076147e-01
6.218443023695037208e-01 5.012337108125326512e-01
6.786928655768680319e-01 5.239820751505169794e-01
6.647330890344476106e-01 5.030916788268228190e-01
6.577362611233459333e-01 5.006084044499796715e-01
6.985640208656190842e-01 5.775174906008423426e-01
6.316363634803802141e-01 5.246687267570352420e-01
6.983702740264923214e-01 5.656451883826207894e-01
6.325116693570609350e-01 5.405448061015107886e-01
6.888265051926976135e-01 5.328739462408832450e-01
6.175384227700863038e-01 5.045168780068238767e-01
6.190906369139699272e-01 5.577839147585439417e-01
6.382078627876028865e-01 5.133909359684812879e-01
6.823332340583854183e-01 5.587461123458892231e-01
6.788750788294684035e-01 5.217726274305606315e-01
6.617659996345235385e-01 5.094090525007035630e-01
6.904353628152849476e-01 5.967488853198803511e-01
6.941154155321839214e-01 5.308447190809427729e-01
6.541978260044112314e-01 5.455178843794312726e-01
6.836058196099654705e-01 5.099260348698055889e-01
6.847117297287684812e-01 5.227086359987501707e-01
6.313520203956625165e-01 5.375903379461930420e-01
6.724999771522685021e-01 5.518443081005601769e-01
6.584334584303808136e-01 5.455870604909295318e-01
6.111799209418455892e-01 5.379757741386090864e-01
6.275444034349084710e-01 5.840682967078266730e-01
6.300576712927143941e-01 5.282755882466599884e-01
6.932251457315103949e-01 5.784126210850046856e-01
6.119666267717601693e-01 5.786202714448844819e-01
6.411268486391800137e-01 5.194189398173697514e-01
6.933800602959308002e-01 5.076939200197304602e-01
6.653973759514044684e-01 5.073679274355185065e-01
6.742706360086527795e-01 5.340084423989878148e-01
6.747390682172591525e-01 5.473306014689908183e-01
6.959636761225442836e-01 5.786696101178456786e-01
6.459730038121521689e-01 5.233130883024581514e-01
6.365015511344471744e-01 5.475062736003446506e-01
6.991102417682091286e-01 5.349089315564282687e-01
6.406783205448953744e-01 5.198698878293093184e-01
6.037187837544090163e-01 5.447253883896638893e-01
6.471838867400049322e-01 5.610113605409099424e-01
6.725186070611862688e-01 5.207220453736427501e-01
6.468478622690174706e-01 5.659284239312836196e-01
6.167314169461962647e-01 5.694768299511452359e-01
6.265754132933502030e-01 5.573017758625382623e-01
6.647695209270393368e-01 5.189436934164159965e-01
6.161486000594372792e-01 5.103411977710176073e-01
6.130516510542611819e-01 5.453324667783316926e-01
6.724908190615332959e-01 5.597518301771940985e-01
6.648426031551768478e-01 5.157013246690973496e-01
6.089459723623011911e-01 5.632152536599606130e-01
6.335693857475157564e-01 5.354652339428709329e-01
6.283796616983186034e-01 5.008441453607722638e-01
6.176309486965319007e-01 5.342152341818184880e-01
6.624335886027514775e-01 5.469256666457082972e-01
6.675922800188317519e-01 5.297099872518521435e-01
6.711294196118072763e-01 5.084152249348568020e-01
6.832738585129776165e-01 5.022535744260208102e-01
6.467991638355732320e-01 5.255550207888080028e-01
6.425230059117779113e-01 5.620051322313623920e-01
6.913064206104727605e-01 5.021127557160197652e-01
6.071929101932868056e-01 5.589499089549176958e-01
6.994340798122955505e-01 5.117518241470181417e-01
6.915959900309927022e-01 5.060807506365183617e-01
6.791226030370992595e-01 5.091498790751428638e-01
6.793987272929967736e-01 5.301247389863706916e-01
6.358927804897004377e-01 5.153960481828473439e-01
6.486471254838360734e-01 5.251635911446905780e-01
6.391395032447362290e-01 5.018187531758733222e-01
6.709000112172385233e-01 5.637099264302587454e-01
6.653503519137347055e-01 5.145894803777348869e-01
6.715546570115880076e-01 5.153819015731206932e-01
6.930600106579506425e-01 5.003633529589629481e-01
6.564939423108543393e-01 5.031998043952643496e-01
6.276316409772766391e-01 5.910393075759484693e-01
6.187240049023464694e-01 5.143451436029068402e-01
6.568223533049384333e-01 5.287811781995919169e-01
6.910795432908274361e-01 5.582341371689050202e-01
6.073941885580476097e-01 5.385584336951374507e-01
6.762741709082821240e-01 5.058550769547237591e-01
6.184023902887975099e-01 5.041245549595753106e-01
6.345113796695399655e-01 5.225037647358090620e-01
6.850783921896010931e-01 5.369063318398323847e-01
6.897317120630870324e-01 5.619616416045744023e-01
6.805952012154339315e-01 5.216249840909930047e-01
6.956209054787134693e-01 5.093206371901197738e-01
6.230659490806685907e-01 5.879015083286345256e-01
6.207193904293744069e-01 5.188482439821230363e-01
6.964673719874850955e-01 5.627534096004823683e-01
6.820796508796306279e-01 5.494320531189482715e-01
6.858323763686058339e-01 5.079618774344057952e-01
6.847019777947294106e-01 5.069789658617351868e-01
6.831879135845306816e-01 5.968529405997088366e-01
6.277663001343549709e-01 5.073950458494500548e-01
6.121588720084877311e-01 5.211340249564395677e-01
6.346641042537425337e-01 5.201382820242527183e-01
6.441906257321413642e-01 5.238823734816353550e-01
6.191364823684997187e-01 5.232687481906380667e-01
6.050917669582436265e-01 5.073245571222484429e-01
6.385830078779819452e-01 5.341154989489032001e-01
6.725083089240194711e-01 5.054825392001234263e-01
6.303331863639374255e-01 5.041672187711334630e-01
6.337149526249648002e-01 5.127573347243269408e-01
6.391079837642258399e-01 5.070913347342445032e-01
6.311548953008494500e-01 5.553512019964874646e-01
6.985005356993521097e-01 5.365793236235431030e-01
6.647743063848378098e-01 5.006421867455651542e-01
6.668216131358457588e-01 5.419970229928507965e-01
6.691856366837155567e-01 5.511165092578339531e-01
6.958920918375477438e-01 5.924640697085192809e-01
