6.181014003492455444e-01 6.973547406668860749e-01
6.278699820717472679e-01 6.933932165003349191e-01
6.761111377537251110e-01 6.980463286780409504e-01
6.595234923152298867e-01 6.994734431194937763e-01
6.001920988263034218e-01 6.667362645350629613e-01
6.163440149701231441e-01 6.918935009160052108e-01
6.059983526392468400e-01 6.900735016225247875e-01
6.084278389929531627e-01 6.887073166952676351e-01
6.249093770973473960e-01 6.879235069477300790e-01
6.117661979652190274e-01 6.792737422701234928e-01
6.047961978257802018e-01 6.822821685486855081e-01
6.303574624047649788e-01 6.906672930489926587e-01
6.224014311313605941e-01 6.753426240802267166e-01
6.115906896069474019e-01 6.569076341289460386e-01
6.163865635994402181e-01 6.787155106348123912e-01
6.154669385338045196e-01 6.735268320695524391e-01
6.349925737713806306e-01 6.802217483396966191e-01
6.203901860871514629e-01 6.805297534763157241e-01
6.305142214260377465e-01 6.944955945112768481e-01
6.391543853041213863e-01 6.942717264221572870e-01
6.479755554639359261e-01 6.893979482433484351e-01
6.429486283031673466e-01 6.768880759939185365e-01
6.171837086371523284e-01 6.958225981532457638e-01
6.675965954192203400e-01 6.984467580698978662e-01
6.096076059621229337e-01 6.597533084883115961e-01
6.094643321172705797e-01 6.979839481828460368e-01
6.387786375215211976e-01 6.824860560532829412e-01
6.141677783023844484e-01 6.707513826845814542e-01
6.198380040360154108e-01 6.998967972310108365e-01
6.187046482463101071e-01 6.787466002867670323e-01
6.161135665905269621e-01 6.865304865509195276e-01
6.421115079321915164e-01 6.971517865450437279e-01
6.075780218794730736e-01 6.546403775339283415e-01
6.051059577885717911e-01 6.761367893976871768e-01
6.103571455066715279e-01 6.782487049895923326e-01
6.108418333252190191e-01 6.885490184368413535e-01
6.159912597759857888e-01 6.971896591598704118e-01
6.016806028915584470e-01 6.533305010491056164e-01
6.037887389118405945e-01 6.924316863021010571e-01
6.106190270035842804e-01 6.977629481471434580e-01
6.089308891610406560e-01 6.875664911765158038e-01
6.552918507299745343e-01 6.824447954099993607e-01
6.389144065083158797e-01 6.872407860731288842e-01
6.388489347742855040e-01 6.861511658745058639e-01
6.344532542081073867e-01 6.872214029432102134e-01
6.291319780327295774e-01 6.672416857677478941e-01
6.299925884825134936e-01 6.833494681844083374e-01
6.004078324356435514e-01 6.629297348309701743e-01
6.460164105099818199e-01 6.844645572888657936e-01
6.217422687897683486e-01 6.726384487465514317e-01
6.013797318788418611e-01 6.826353083097791430e-01
6.227533495861503621e-01 6.808699356612214482e-01
6.167976566608380784e-01 6.857242191912258367e-01
6.126526080050836987e-01 6.942819683513088425e-01
6.024201679092964223e-01 6.771468450594066990e-01
6.551865484048682298e-01 6.936561554602653779e-01
6.161393920457881590e-01 6.496828019521926345e-01
6.288261527129335171e-01 6.876330316419805300e-01
6.189650865606524111e-01 6.908796986843296351e-01
6.044638350484768941e-01 6.653114118556133771e-01
6.092678851662522987e-01 6.842529536897079545e-01
6.315915525609783199e-01 6.940828015456030897e-01
6.404668673800733014e-01 6.801847013678768983e-01
6.026226194937820413e-01 6.846645806476474583e-01
6.171158855251243081e-01 6.715414055758703871e-01
6.180026441035804119e-01 6.920782275148598117e-01
6.192913474745840308e-01 6.983147614858142838e-01
6.113207279693574359e-01 6.901531803893925510e-01
6.535571878944189672e-01 6.972600189152430294e-01
6.233580390233572910e-01 6.822213933314564827e-01
6.368563808336255017e-01 6.974039488868001291e-01
6.136725150751879410e-01 6.559736935776115940e-01
6.319368790031096861e-01 6.990840523551115071e-01
6.330607646290028478e-01 6.862143896118808595e-01
6.495727273235512023e-01 6.998312172692510158e-01
6.099110635667123193e-01 6.942442942653023197e-01
6.022172690235327863e-01 6.818354149877134951e-01
6.379195097967554906e-01 6.949601118152912704e-01
6.282713295603583603e-01 6.934830561628875234e-01
6.614650982415630764e-01 6.869149158602307903e-01
6.047906954201820451e-01 6.677540488989653911e-01
6.078631223311752318e-01 6.825606421106127364e-01
6.045250456172510667e-01 6.934268554263277595e-01
6.216147958880237079e-01 6.973840257921044561e-01
6.104329988893655301e-01 6.960495105285957607e-01
6.122692618637708417e-01 6.687563743104202318e-01
6.236526505565560541e-01 6.932249114235526921e-01
6.150341900763416358e-01 6.601425137033232193e-01
6.560122687265723673e-01 6.850889365699605049e-01
6.563268749482680242e-01 6.971584596719759830e-01
6.449393891530421641e-01 6.853754485415786135e-01
6.091581345714738305e-01 6.659828691932974110e-01
6.100772697614416096e-01 6.937092728166707190e-01
6.012517928374307985e-01 6.813373774126622040e-01
6.376675340936748260e-01 6.809599151230423253e-01
6.114612891974083864e-01 6.768563150648485571e-01
6.189036749402019311e-01 6.899820000082194094e-01
6.102821146478221159e-01 6.906223570875589246e-01
6.423269000801139494e-01 6.974312656041767866e-01
6.083128283675088843e-01 6.744017955143780663e-01
6.120853143682096764e-01 6.881231094828187400e-01
6.207982896851957921e-01 6.769082085637818658e-01
6.051436529727458602e-01 6.699097297756204661e-01
6.032296498154603448e-01 6.732076565835717341e-01
6.295908487319379354e-01 6.920756441326250119e-01
6.630041939442961052e-01 6.982003166516159709e-01
6.460042356722861534e-01 6.961091531048946290e-01
6.000336819395721832e-01 6.799199711743402208e-01
6.490538720986457344e-01 6.906864123331438732e-01
6.057920644398075982e-01 6.861348023756314030e-01
6.079780716820035735e-01 6.929782096975252159e-01
6.332990278800580963e-01 6.811167567800960887e-01
6.444680945060651256e-01 6.930435030207239278e-01
6.075104190885411981e-01 6.894466256695275241e-01
6.139778129997781608e-01 6.896665702353079741e-01
6.107981050009994028e-01 6.926868495265650072e-01
6.217215060029627205e-01 6.965479157522644904e-01
6.014993350692856566e-01 6.830428137534618749e-01
6.271618481768981290e-01 6.885306860277641272e-01
6.425192675883482085e-01 6.937105017034733700e-01
6.021688527428528115e-01 6.961195427022786042e-01
6.404574108908716035e-01 6.962919666144379294e-01
6.019176710452974755e-01 6.690923953552944115e-01
6.196136521449425727e-01 6.806342865072454451e-01
6.022156732435923754e-01 6.623138016017958707e-01
6.028520154535618181e-01 6.952419980740280891e-01
6.238690284400478792e-01 6.843566702766890053e-01
6.144313821239247853e-01 6.722085982436619700e-01
6.719862798575464424e-01 6.930250384888654303e-01
6.197473945477952606e-01 6.940074908109704621e-01
6.395400111431092105e-01 6.704831832421097593e-01
6.522029585495938697e-01 6.940099367403633757e-01
6.092617862220177649e-01 6.976000592406518264e-01
6.126540627356369395e-01 6.843325729817850700e-01
6.159116042422025927e-01 6.888857131832508696e-01
6.084433338703996164e-01 6.790483216841348701e-01
6.215455227163126928e-01 6.976091385652268828e-01
6.177756483793470643e-01 6.706031455976149136e-01
6.241317313521562715e-01 6.680784114598204981e-01
6.233200422119213879e-01 6.868240057832610823e-01
6.345022952961668627e-01 6.976659210577704773e-01
6.305724831416011922e-01 6.824832777276101936e-01
6.322041043203940891e-01 6.983801066567735250e-01
6.372085080516656230e-01 6.864668936997418980e-01
6.104417655372648133e-01 6.742913073390761625e-01
6.183603743415749809e-01 6.759495424734884850e-01
6.038714979203611000e-01 6.667106188769850172e-01
6.052862135907507435e-01 6.700260320103554879e-01
6.279369728657654415e-01 6.852454739797212424e-01
6.306844719751094619e-01 6.602501163754106450e-01
6.086958236049689885e-01 6.524160994355368004e-01
6.162492914124981791e-01 6.841638018997351356e-01
6.008965232050189620e-01 6.862746706061456647e-01
6.365115096966699193e-01 6.862267123597936003e-01
6.284361911090066144e-01 6.974661744309198497e-01
6.351856625242339183e-01 6.888736389148839567e-01
6.354325350662901606e-01 6.913137999668665934e-01
6.115652442622153684e-01 6.999170236455189986e-01
6.667176278490312136e-01 6.961325209651569867e-01
6.122911118528380214e-01 6.943832049451854616e-01
6.719582286629982582e-01 6.903686918159408492e-01
6.011961107047788522e-01 6.626103244962626704e-01
6.021054792522168020e-01 6.979338122764680019e-01
6.103435638083434256e-01 6.600479487718953209e-01
6.394245690858320064e-01 6.947900695315607500e-01
6.343380944963386003e-01 6.743121104673501787e-01
6.374357996296269313e-01 6.991645844914162744e-01
6.348542086677447793e-01 6.873540291700097615e-01
6.426248378978475229e-01 6.757904291822559584e-01
6.172963758586467176e-01 6.972692151756196832e-01
6.243078210624659619e-01 6.825913035554898034e-01
6.166797648477252425e-01 6.823304476259033358e-01
6.021025817252165790e-01 6.742747117069269880e-01
6.121476916868502371e-01 6.930925609941576138e-01
6.254154852796131037e-01 6.746427345034570200e-01
6.225127356641128040e-01 6.839666500458438936e-01
6.162468071012017212e-01 6.540964447604458165e-01
6.446086701604931690e-01 6.862409408896069651e-01
6.145869408014722479e-01 6.892914983396822848e-01
6.002622285025235316e-01 6.724752996720114728e-01
6.043570501430103326e-01 6.764612968792536041e-01
6.685067573900203008e-01 6.804195199762050894e-01
6.113518709956293762e-01 6.725854234311354762e-01
6.261102275520958882e-01 6.788763400648314406e-01
6.006533162352981625e-01 6.974144340821248900e-01
6.086914928273774450e-01 6.586153126288978310e-01
6.460679595789824425e-01 6.995195315329193475e-01
6.363183404858050451e-01 6.864114151663791574e-01
6.236783571167567874e-01 6.879184455906939277e-01
6.054411142341833418e-01 6.637259292002029021e-01
6.121916608196598109e-01 6.990848929234694253e-01
6.441173838959752818e-01 6.803566070226134688e-01
6.511549371979457046e-01 6.949692833715661600e-01
6.231268973498529373e-01 6.800798265850457325e-01
6.011832350464121344e-01 6.706549003380152252e-01
6.388969624657470092e-01 6.985241774755783783e-01
6.079836230741885172e-01 6.722807549794578286e-01
6.042359146666244074e-01 6.549163405504563329e-01
6.067403166961359284e-01 6.698350817209645092e-01
6.140567014704527704e-01 6.839519672214774415e-01
6.220237573516715912e-01 6.825437022133671316e-01
6.598430031664429540e-01 6.824292871533018667e-01
6.089038311945729198e-01 6.925642506829250422e-01
6.034502970933399713e-01 6.844210581588028308e-01
6.188743696706170416e-01 6.720928033408384294e-01
6.313460083131906542e-01 6.961603635786393074e-01
6.154435282425257947e-01 6.788327921336306803e-01
6.089366292967601790e-01 6.607672730842262254e-01
6.400849082028150505e-01 6.789386080260265688e-01
6.214541919199434439e-01 6.887108594309110376e-01
6.067724592103611592e-01 6.921393647981921582e-01
6.117911969150406915e-01 6.756717571828556590e-01
6.104079741752181931e-01 6.839093070363331250e-01
6.116512934560165426e-01 6.945628146091227251e-01
6.052340609296432694e-01 6.762882515909856007e-01
6.051640432821004945e-01 6.694983987134623948e-01
6.089172763544221656e-01 6.829957301256157631e-01
6.140487596568049433e-01 6.610018521313331119e-01
6.008526053818762369e-01 6.905124230380984551e-01
6.098674498234428754e-01 6.689850237499708197e-01
6.066590305177110842e-01 6.796370327743790352e-01
6.279017885277557998e-01 6.876048380145116656e-01
6.024003689993108202e-01 6.789528655175549599e-01
6.574958251888378680e-01 6.971818516267354049e-01
6.322382196097767748e-01 6.923381938454222784e-01
6.266818347892527674e-01 6.851797569347897188e-01
6.161021010679188503e-01 6.898100022827384770e-01
6.462149771859724279e-01 6.842518108229289631e-01
6.102453502681360886e-01 6.732429743393559818e-01
6.207554706361886332e-01 6.804827751560024174e-01
6.180551107115865861e-01 6.908897426533094910e-01
6.442069717351418534e-01 6.879211728937424386e-01
6.107371858732794090e-01 6.743587387400753475e-01
6.251645596964010565e-01 6.967863114378912703e-01
6.538236252019908878e-01 6.853772489611003049e-01
6.596083303149107291e-01 6.946250910891808017e-01
6.484420340736222199e-01 6.757564357745705630e-01
6.128684519255094276e-01 6.816436812594747208e-01
6.014543136567230830e-01 6.526123415348319412e-01
6.317674261310611827e-01 6.993193979263978566e-01
6.227741533740345226e-01 6.853214533112963469e-01
6.210199823158536470e-01 6.936715527137025106e-01
6.412205721462670427e-01 6.882367782891199992e-01
6.175594222906335418e-01 6.829733493503695740e-01
6.445196786208006179e-01 6.967722026030274129e-01
6.218651927781180255e-01 6.913314326872050941e-01
6.404308191233991643e-01 6.930254088971863347e-01
6.096236230979091841e-01 6.600340117890745040e-01
6.261578368699541874e-01 6.876379633282787562e-01
6.127867643655646734e-01 6.748523924387620498e-01
6.114922454686186892e-01 6.695948103613009739e-01
6.023205664205095733e-01 6.771460248391574233e-01
6.488326283740308842e-01 6.982593516714723503e-01
6.128478834621107207e-01 6.680525475703922300e-01
6.056219063020436000e-01 6.908463717634217849e-01
6.446340784069327645e-01 6.906457001089152392e-01
6.294732055432014084e-01 6.896730524196746925e-01
6.295934497928188378e-01 6.971087479858747438e-01
6.053565148802177998e-01 6.738815938939705097e-01
6.133570596425548249e-01 6.928716806927518457e-01
6.345837194868231279e-01 6.849887110325928452e-01
6.120293849760674032e-01 6.677259929585966924e-01
6.532081397993029226e-01 6.928666723521610393e-01
6.108876133189752311e-01 6.874824175680840366e-01
6.057272716824644299e-01 6.857240551959987718e-01
6.224376455515729933e-01 6.961703329650859029e-01
6.209735420366172542e-01 6.957158387171997749e-01
6.053503553013610539e-01 6.521352618449294258e-01
6.498252956407963854e-01 6.849458188101426037e-01
6.325056422664455669e-01 6.674633690696005761e-01
6.213827536324433298e-01 6.762662741477361017e-01
6.108536308882441812e-01 6.951423829641597552e-01
6.554592493830270206e-01 6.961286765722066727e-01
6.288041098589018940e-01 6.937319244702210286e-01
6.357317593227509445e-01 6.927730873592082839e-01
6.744250849639825685e-01 6.915641807046659650e-01
6.366065741982620541e-01 6.828255878467114348e-01
6.107752782239496137e-01 6.627650963649965865e-01
6.077078286782321426e-01 6.880080350111259513e-01
6.197739533416304347e-01 6.938929994031529658e-01
6.341228556201605748e-01 6.673551897875308336e-01
6.409708428632818755e-01 6.856983437461133812e-01
6.142727236774321309e-01 6.599695358064483486e-01
6.019666106818656326e-01 6.830124081947218651e-01
6.472097971125860827e-01 6.914433431607223124e-01
6.332046959087652693e-01 6.717432618459096005e-01
6.020575098765159616e-01 6.901629131250452964e-01
6.328090483558003188e-01 6.860984640981803162e-01
6.182780087881010189e-01 6.891061507700437794e-01
6.510315203638575854e-01 6.947189620116838160e-01
6.365265857689632600e-01 6.921162226561931030e-01
6.259950826475122465e-01 6.911164213083611507e-01
6.907661728070179086e-01 6.105202215709160107e-01
6.222835379049929116e-01 6.160479375161578286e-01
6.781044778941959228e-01 6.237873862060983043e-01
6.770541489775860899e-01 6.985506343318181877e-01
6.377067001946140623e-01 6.041113613905648716e-01
