6.874847593910703436e-01 7.692568366441082661e-01
6.745172992516513810e-01 7.431362366076674775e-01
6.998999438426012354e-01 7.404324044134895644e-01
6.084690091014243185e-01 7.064848781634697206e-01
6.777356624607669966e-01 7.319538196380587225e-01
6.582152264105564088e-01 7.124933176899542753e-01
6.794691206733246558e-01 7.255350467326739938e-01
6.552393794850298603e-01 7.506260041154892981e-01
6.184848658023383017e-01 7.035136720935792898e-01
6.871808662577543192e-01 7.854245410982081399e-01
6.312118488820493978e-01 7.012541454492016157e-01
6.138220347879758121e-01 7.175168396965688755e-01
6.649868088140689082e-01 7.432051193701565417e-01
6.608692626737326936e-01 7.263241927741697079e-01
6.738793678910041107e-01 7.335480189358791758e-01
6.553242798366437638e-01 7.345739526584484924e-01
6.921844806967731856e-01 7.150821928680792805e-01
6.224534721319683328e-01 7.207033120215635691e-01
6.399944229169065579e-01 7.149725811235232431e-01
6.666803742137867861e-01 7.351364757378647807e-01
6.969107036117245801e-01 7.326893508817248213e-01
6.518940182181887089e-01 7.299222272604449779e-01
6.838688797058706248e-01 7.175731101035729420e-01
6.438610620911429105e-01 7.523766436104353250e-01
6.656553202639321487e-01 7.173312642155105223e-01
6.743765158211970645e-01 7.266945482754600949e-01
6.436787255003394437e-01 7.210844194616422564e-01
6.086400993883469557e-01 7.034260532378128206e-01
6.704824407802258968e-01 7.291169774706293127e-01
6.900246637484581669e-01 7.180581063210298431e-01
6.924149297252393254e-01 7.334855599295453388e-01
6.787619145861629733e-01 7.111358743777810298e-01
6.523229281878524244e-01 7.202191952428550481e-01
6.310743661288571449e-01 7.054521801450994722e-01
6.332839941743433343e-01 7.074905944701930238e-01
6.749897580947746834e-01 7.312994690267775599e-01
6.838435653615738685e-01 7.051741521646470723e-01
6.376530550230129490e-01 7.173364123671051029e-01
6.538065760908698953e-01 7.275028150045472763e-01
6.968201666379340020e-01 7.653617910007409764e-01
6.853503205321165304e-01 7.238868700926093247e-01
6.876088071738084562e-01 7.483360444774960207e-01
6.648287915602226761e-01 7.493077317441334539e-01
6.242002360937219940e-01 7.108669650757722946e-01
6.290057135497663099e-01 7.036175168882282671e-01
6.957230760046324569e-01 7.543687956014959450e-01
6.259449572407322915e-01 7.011118553112483109e-01
6.658386450620964458e-01 7.391607654617180501e-01
6.739632884988906447e-01 7.131960790465945443e-01
6.601276816331591579e-01 7.083618221868996923e-01
6.650981777179085785e-01 7.485387222444978006e-01
6.735187076540040119e-01 7.261968624261576633e-01
6.123617264294375362e-01 7.130487195252954713e-01
6.899784805061278670e-01 7.351495301917900793e-01
6.088998021305825903e-01 7.192479768039413690e-01
6.743239234991639242e-01 7.578176740697183389e-01
6.611538917674312232e-01 7.254307164412703290e-01
6.834014003980153351e-01 7.266907876613811768e-01
6.466282418788411590e-01 7.220303897177449137e-01
6.903350761585452799e-01 7.355010127375163353e-01
6.227882523184506969e-01 7.030147208975142670e-01
6.726604941198440768e-01 7.125235609943153525e-01
6.747351691878696878e-01 7.455012939802918570e-01
6.138310436868146258e-01 7.036039861579089782e-01
6.182397532945879126e-01 7.032622791056650779e-01
6.683398117732897159e-01 7.361141107583284438e-01
6.501811163877254662e-01 7.472189730087143156e-01
6.984781913626528782e-01 7.317274008970908739e-01
6.526093150102044715e-01 7.097013718688583994e-01
6.692719279521098796e-01 7.204425648404306770e-01
6.608428462187623253e-01 7.348825874939297620e-01
6.727224641219607948e-01 7.134064299921779595e-01
6.962467757531285439e-01 7.289794396725054471e-01
6.922104271602360637e-01 7.936900050725773648e-01
6.872626530699418312e-01 7.369014156249876768e-01
6.855471285250497315e-01 7.429262882842687654e-01
6.845346674825301125e-01 7.540080984210728587e-01
6.535743589466039838e-01 7.209899818036240582e-01
6.228924111194249491e-01 7.020461236707343788e-01
6.385548910155386393e-01 7.252479013643892136e-01
6.349643646138608544e-01 7.020371343919178386e-01
6.539090469553933138e-01 7.484343179269156154e-01
6.917358591737848839e-01 7.169778933330006598e-01
6.739002804464411245e-01 7.448017796162373916e-01
6.956741848912746384e-01 7.463506903295911155e-01
6.893481019395873988e-01 7.428546559495599055e-01
6.463827082303996718e-01 7.065902801751610118e-01
6.837939259031508010e-01 7.134282987578427493e-01
6.137586421788387980e-01 7.126764168838864988e-01
6.644996404150779190e-01 7.435695403317058583e-01
6.838242746023415197e-01 7.690611395638561332e-01
6.242517641361786662e-01 7.050681928682457356e-01
6.653525944668438052e-01 7.262928814390600119e-01
6.490162382337711922e-01 7.466237325650955103e-01
6.921421394612292666e-01 7.356076273406039201e-01
6.537599088532460856e-01 7.062002608298889594e-01
6.437020100130573796e-01 7.055642939767826638e-01
6.102556734572467390e-01 7.154807645489652534e-01
6.747763760135605526e-01 7.444232585448351536e-01
6.990182326285783176e-01 7.373846826749753669e-01
6.556675990679696753e-01 7.209864533313264934e-01
6.466868283323059519e-01 7.218248512962922581e-01
6.373028897444030783e-01 7.047064751769349655e-01
6.924961669228962835e-01 7.249264376874220428e-01
6.781333884063555084e-01 7.317798819254226483e-01
6.883229400584102153e-01 7.855464003819838670e-01
6.222480919298147839e-01 7.073758222085843039e-01
6.684280173367819211e-01 7.317816814452166030e-01
6.834227495683966591e-01 7.452982228592022196e-01
6.658278920518900801e-01 7.145294411838292170e-01
6.947280546104437349e-01 7.442168265681901040e-01
6.752157041184229103e-01 7.266592686079672569e-01
6.786152440494925830e-01 7.170555470761683647e-01
6.223690655292593021e-01 7.111606231947136258e-01
6.847640953615059534e-01 7.237106148153606977e-01
6.404606974787052653e-01 7.166751643790295612e-01
6.900997146448395458e-01 7.281294617614501030e-01
6.918239484496910841e-01 7.325344302670615537e-01
6.785067819924018861e-01 7.414545190179275824e-01
6.689538177065237345e-01 7.220749317309770321e-01
6.593609282446486475e-01 7.213644074605154444e-01
6.385478275040290530e-01 7.155959679967862641e-01
6.616529859777289246e-01 7.349859316045366242e-01
6.722183680034119480e-01 7.248492788115865615e-01
6.795566889076957162e-01 7.341593669170600744e-01
6.951990178566502809e-01 7.466951393004342963e-01
6.501561307254076771e-01 7.190863848737198971e-01
6.653155043318664807e-01 7.143905666645156138e-01
6.837770881920288701e-01 7.348935376455125734e-01
6.651398672048676186e-01 7.184105662864581632e-01
6.331707158797915680e-01 7.279781407326089138e-01
6.502782786758822819e-01 7.131090535857655954e-01
6.798088931607906282e-01 7.342870528903238103e-01
6.828313393554469313e-01 7.371528235087965175e-01
6.609222003874920537e-01 7.065323594591342848e-01
6.943278855446909370e-01 7.397104845421754726e-01
6.712553621714769658e-01 7.387934788546449694e-01
6.709454923730190368e-01 7.247107196698253651e-01
6.062816271899376108e-01 7.113948152544278258e-01
6.543430556344533855e-01 7.005065989319370079e-01
6.310024203301251022e-01 7.009631672059487562e-01
6.946146760426562539e-01 7.284795697050083785e-01
6.389004996297863448e-01 7.145226336052643568e-01
6.784090730043335071e-01 7.399589417061744889e-01
6.531694058701004169e-01 7.134075291629167204e-01
6.519751908644551008e-01 7.419359028062562089e-01
6.701012386717759561e-01 7.139768302247024856e-01
6.776898549147027939e-01 7.281899685606828543e-01
6.708434962590643647e-01 7.070798783115257446e-01
6.616439786377644738e-01 7.078043089915262431e-01
6.601697835641627821e-01 7.348681955403592037e-01
6.624701177314413769e-01 7.074590674717194938e-01
6.221122002255830008e-01 7.069991057390665468e-01
6.861702172946960721e-01 7.491658897246258331e-01
6.461232540254145951e-01 7.172385019169442710e-01
6.319041337938990921e-01 7.072934958005989703e-01
6.757827281943646902e-01 7.456054909870801772e-01
6.773841476168396269e-01 7.431050961981793268e-01
6.797016858112465698e-01 7.231849524853750655e-01
6.410404000466422003e-01 7.090885176827766978e-01
6.979757523715939271e-01 7.316052225677412979e-01
6.263452948387853159e-01 7.278560511713256798e-01
6.841443130389888161e-01 7.400519979542924398e-01
6.963580369328871145e-01 7.603554862527186486e-01
6.423152888013949902e-01 7.116769794741473198e-01
6.706508121771664888e-01 7.217266632090415523e-01
6.660712765584174688e-01 7.213833729857586086e-01
6.800357203434811426e-01 7.152932714316010410e-01
6.288832583149996935e-01 7.283061999375644024e-01
6.937693722002105101e-01 7.033118458822330554e-01
6.929552147600006595e-01 7.465851363967086485e-01
6.984841393559068079e-01 7.587641342835725888e-01
6.788049511259315327e-01 7.434266862718013069e-01
6.532695978818092719e-01 7.113177488748188004e-01
6.799367919835266338e-01 7.350948680761336673e-01
6.908570208140474289e-01 7.217816378534112065e-01
6.397216762539281731e-01 7.143866285431470509e-01
6.881533808319815204e-01 7.807106983346991935e-01
6.444532422360443880e-01 7.196030236770932786e-01
6.523755089562942588e-01 7.092518295467943323e-01
6.836026463692641553e-01 7.490489229982707498e-01
6.745273630833605871e-01 7.095835522143097984e-01
6.461431024076034202e-01 7.188859615768140587e-01
6.881279977053254004e-01 7.124770341123169981e-01
6.651542687270577403e-01 7.287869188560613942e-01
6.769839614302972652e-01 7.547507573640440670e-01
6.762621806466264651e-01 7.332670712923607947e-01
6.497286843506401288e-01 7.270991545228192576e-01
6.492329449980858147e-01 7.075885742442187265e-01
6.029330395246281782e-01 7.080698778822702710e-01
6.761937659730328232e-01 7.193394424878525317e-01
6.102957082948470280e-01 7.186170319888042224e-01
6.521691475418949224e-01 7.204246868886038380e-01
6.890617210328295883e-01 7.474511481183575556e-01
6.672743539021238623e-01 7.127243720274496486e-01
6.841758173406976562e-01 7.494177558089717417e-01
6.929376103285882493e-01 7.428563229550818603e-01
6.578784191729015740e-01 7.633140099313427962e-01
6.056491989490200289e-01 7.026687599948081564e-01
6.981414489948881696e-01 7.802503132024211085e-01
6.900682819481636088e-01 7.496128254549304648e-01
6.641406321450857853e-01 7.507332700716237150e-01
6.860004333608740179e-01 7.254770793296380083e-01
6.601537501135743558e-01 7.090248142687655131e-01
6.905454468578039462e-01 7.299992230165612828e-01
6.363827924846792161e-01 7.071835298439521633e-01
6.047779977190348433e-01 7.087447928988415136e-01
6.494107810200022701e-01 7.226403350666150693e-01
6.852569759333639876e-01 7.351100299520038073e-01
6.989316249336894327e-01 7.462390134858861712e-01
6.951571346957121644e-01 7.436584229506689736e-01
6.822016040405897153e-01 7.419203877133210279e-01
6.817697830775613088e-01 7.283482172824672363e-01
6.622455259365342961e-01 7.177625972042424030e-01
6.537620729556575805e-01 7.008227040766284999e-01
6.453804264839200222e-01 7.106771213959922617e-01
6.710781112969299578e-01 7.209029526098712504e-01
6.660514844831282311e-01 7.425028714551804576e-01
6.589147535888384422e-01 7.100520489159044546e-01
6.328132212311887717e-01 7.054299741999957574e-01
6.413969374874429752e-01 7.106794064975727743e-01
6.408823864227396472e-01 7.140876098578639031e-01
6.673537570310832390e-01 7.442907569228389697e-01
6.507974651736241345e-01 7.091492265822962882e-01
6.699698174069286249e-01 7.256162376129456915e-01
6.748314391748128083e-01 7.165614400896761493e-01
6.600445393270001349e-01 7.165683698430793669e-01
6.987662663472724578e-01 7.555941633296398008e-01
6.779724874617650832e-01 7.085716549169506218e-01
6.768102417745134325e-01 7.241296696724822679e-01
6.571712078108794541e-01 7.027384117222950088e-01
6.779361906752252587e-01 7.075069995938432221e-01
6.804825025547245332e-01 7.265385971459999981e-01
6.906535374774563918e-01 7.193072385718396466e-01
6.977186039673723972e-01 7.397569308333726834e-01
6.144871196656183088e-01 7.049472848748720155e-01
6.784052065187734515e-01 7.531131669280778373e-01
6.788851502293269391e-01 7.400663448309949821e-01
6.906143410692218154e-01 7.284055781777375449e-01
6.714132316461858263e-01 7.233657164892284275e-01
6.440997260107170774e-01 7.318891427708299480e-01
6.205743911455431361e-01 7.099344332565598048e-01
6.604440256647398089e-01 7.166427378189978992e-01
6.856811450693962584e-01 7.172310385237616881e-01
6.738944553971651930e-01 7.410414548993340400e-01
6.277527042949031522e-01 7.033170496141639694e-01
6.748891632179798705e-01 7.099238924075905732e-01
6.184965358032856741e-01 7.222360921865191852e-01
6.483100718592373912e-01 7.052954129091072444e-01
6.500833180840135395e-01 7.125896954000187078e-01
6.641711538500577605e-01 7.196679755577192195e-01
6.681395579308799793e-01 7.261133463540628830e-01
6.665856454132255138e-01 7.455589822573993608e-01
6.909580638394758889e-01 7.426240859790232962e-01
6.376659199682692680e-01 7.053146498903217765e-01
6.910053793927136701e-01 7.400853675401732890e-01
6.807005362654505731e-01 7.421940474964368040e-01
6.712935717993140372e-01 7.310419176328519786e-01
6.577408739257144532e-01 7.063529398830861172e-01
6.852235805631012866e-01 7.009013279414452180e-01
6.949524890998556304e-01 7.485242116021730840e-01
6.602470426697258921e-01 7.222992346085572724e-01
6.718342380410393666e-01 7.217933370446233399e-01
6.453390405918588701e-01 7.046225668170140732e-01
6.420586486515001967e-01 7.169025348507183093e-01
6.205437967213882633e-01 7.226284825609357032e-01
6.864904542011747157e-01 7.578648117922346383e-01
6.630289102352311392e-01 7.226109842173840114e-01
6.894873038849069768e-01 7.196304609318756595e-01
6.995988450247651036e-01 7.206930313984817316e-01
6.833623286484803439e-01 7.353743453968275556e-01
6.810502384995065217e-01 7.381192211197834530e-01
6.708436074666032090e-01 7.179922916101674213e-01
6.595691226166967569e-01 7.004677021241948465e-01
6.679655624196652042e-01 7.169675524327834282e-01
6.988667012208189533e-01 7.360097050226921400e-01
6.506359187355976736e-01 7.274988970723009762e-01
6.754863551934148225e-01 7.175769795003429374e-01
6.778923359995459030e-01 7.252547571533157766e-01
6.898726958909650042e-01 7.101592652349077994e-01
6.612716315811666412e-01 7.215087230346663993e-01
6.325095958175837030e-01 7.028390584572257183e-01
6.700394012378775299e-01 7.358040477189080608e-01
6.817101478829776795e-01 7.420205175618518334e-01
6.799172383599747516e-01 7.369390105075321884e-01
6.557293143847953143e-01 7.036946218649572371e-01
6.374401760308914255e-01 7.370054080403052321e-01
6.869208511709675724e-01 7.240154061306444122e-01
6.269085912964180718e-01 7.202085871292226438e-01
6.414930606446993533e-01 7.111855296429081541e-01
6.914175380595868337e-01 7.460399443628166205e-01
6.562248209493722895e-01 7.387480049131814885e-01
6.888612271508316454e-01 7.172870081737448000e-01
6.549328040094862802e-01 7.023723041472491602e-01
6.451988739332072953e-01 7.065311094239503653e-01
6.776264930657702745e-01 7.018945294976138838e-01
6.597560905754317195e-01 7.039928768029086736e-01
6.947097290748234233e-01 7.491455678242366911e-01
6.902234290994735399e-01 7.524637723062601591e-01
6.666413771359194218e-01 7.208397238384259831e-01
6.412873994434897806e-01 7.045039024172107256e-01
6.710100443667890158e-01 7.528984153941019608e-01
6.275844642269226004e-01 7.113911808512993762e-01
6.614441817460195994e-01 7.288099659240621087e-01
6.950650060837353372e-01 7.520427973577148428e-01
6.529539547159461943e-01 7.021999982831932385e-01
6.083408835133667925e-01 7.043471343998503054e-01
6.621166861033881412e-01 7.288669937785520192e-01
6.832023048508222285e-01 7.570397488876625669e-01
6.719986377298428071e-01 7.211067291702916160e-01
6.917713850842062140e-01 7.539434347172816464e-01
6.119111462991183581e-01 7.012165463281143651e-01
6.560115195766389462e-01 7.077696578680483519e-01
6.431207726587391260e-01 7.104494051657352927e-01
6.622092695494066206e-01 7.350142716978905755e-01
6.210172809093749136e-01 7.255475967318218977e-01
6.767940025992812414e-01 7.471171521700675777e-01
6.889859134920599537e-01 7.322849851728984172e-01
6.582591800697427109e-01 7.271848272476804098e-01
6.719170577619667517e-01 7.155900624662063780e-01
6.834110446164103347e-01 7.419996434176219235e-01
6.679495456808226539e-01 7.246612204021898318e-01
6.975047401338244635e-01 7.374930945192791354e-01
6.824089377359821018e-01 7.232159592096919498e-01
6.633686600521935262e-01 7.029501512008361486e-01
6.887475837118882671e-01 7.426929684956602440e-01
6.595963224141223602e-01 7.357247752556290710e-01
6.702868427164186960e-01 7.154180569823638258e-01
6.634720393890330969e-01 7.006896761011104369e-01
6.808429126841700763e-01 7.441184664868869536e-01
6.901073289457904103e-01 7.414612342234941922e-01
6.940151251480713990e-01 7.514455083395236157e-01
6.469705027565940680e-01 7.283058307711726131e-01
6.550022815007122690e-01 7.025741368048687985e-01
6.863549006850153678e-01 7.266560178661551905e-01
6.656082697747824906e-01 7.140763440431364684e-01
6.475936710428578102e-01 7.143218658527866749e-01
6.124722396520445589e-01 7.038532000002969413e-01
6.746537479697354289e-01 7.251607636649852751e-01
6.940773225669694124e-01 7.486961340670219567e-01
6.451354188942456380e-01 7.191649793806240698e-01
6.162737794358696952e-01 7.033412367846001434e-01
6.525389086067638900e-01 7.108226738463279126e-01
6.991358076393292542e-01 7.103777247898281910e-01
6.729930265852186455e-01 7.265924209515016718e-01
6.827353440313751465e-01 7.306018107714088439e-01
6.370016179421401636e-01 7.053245940352987908e-01
6.889500044312274474e-01 7.583576925735829866e-01
6.898000857132171593e-01 7.741410026992039395e-01
6.331070819083719492e-01 7.048403126263835805e-01
6.713653180563330380e-01 7.412835351635173042e-01
6.151474593206235353e-01 7.036189225960127747e-01
6.494850215890317635e-01 7.260063774944413018e-01
6.223782563248403399e-01 7.168647163199990402e-01
6.696976226048565461e-01 7.361595548765114128e-01
6.583502674766217311e-01 7.130179050138781838e-01
6.232771990831742492e-01 7.182123892984429991e-01
6.725080204586398880e-01 7.441114888607995859e-01
6.700976462186839511e-01 7.560022264397774361e-01
6.862659722084092362e-01 7.156249618989524164e-01
6.707508375262127842e-01 7.253786149214392909e-01
6.782931060837192883e-01 7.388503612505278317e-01
6.987696204531979038e-01 7.431431392714338280e-01
6.052502888657007585e-01 7.100730951915658062e-01
6.175392177704331909e-01 7.128253327220951396e-01
6.882359727774470803e-01 7.518377436631814570e-01
6.407415951449448865e-01 7.453476644175156540e-01
6.670311189638143956e-01 7.169623323823047789e-01
6.325300653586762856e-01 7.091756516586442682e-01
6.883090308174331096e-01 7.395717797053104059e-01
6.975079627684440675e-01 7.389131801169849245e-01
6.403270657221086237e-01 7.028801284926587956e-01
6.144136188227610207e-01 7.059392068631666906e-01
6.647990693612897406e-01 7.116000195307341514e-01
6.814745138070247288e-01 7.290383248760657908e-01
6.355369398899666233e-01 7.175097649504835751e-01
6.811071966133879219e-01 7.249913448216249723e-01
6.764370070048693062e-01 7.005308344529270759e-01
6.968472331118853447e-01 7.392840424301616586e-01
6.552899588184578628e-01 7.056386854998148994e-01
6.641534449456808487e-01 7.076082104994979582e-01
6.443176281435332164e-01 7.153663722311344175e-01
6.857520449941110208e-01 7.593662276892562124e-01
6.706263979750528570e-01 7.703244275629534954e-01
6.791179540447878082e-01 7.153384374539853985e-01
6.884185940908776891e-01 7.280856940930423571e-01
6.005225089493423374e-01 7.119809142210800079e-01
6.163949724548786202e-01 7.018823701640748425e-01
6.941570893190853742e-01 7.740287989461783758e-01
6.741689586841771442e-01 7.263578569718510680e-01
6.513251015342762518e-01 7.138408017065758226e-01
6.613466095181762539e-01 7.378277506179941048e-01
6.444536942985237271e-01 7.324413484975925703e-01
6.999210235867309171e-01 7.566227411270711745e-01
6.877929076175424150e-01 7.554856297262898535e-01
6.543241748481343212e-01 7.329342791618498332e-01
6.716277552572156306e-01 7.508891037506661981e-01
6.376825408126193251e-01 7.028245324494929447e-01
6.695050895369527577e-01 7.345763419081479118e-01
6.404947873011626047e-01 7.119051928850110844e-01
6.190974691256111440e-01 7.282002092578750974e-01
6.332557236484535057e-01 7.096297968311785498e-01
6.618624720912933412e-01 7.263798519898013728e-01
6.792184586205893826e-01 7.243087079005370299e-01
6.742854253686171306e-01 7.370980316104768226e-01
6.743584255419067253e-01 7.399917626572152241e-01
6.369431308291544358e-01 7.059711719111307904e-01
6.995723240878473081e-01 7.706056756275139197e-01
6.432923583031964210e-01 7.462811728846970860e-01
6.811616318176395568e-01 7.440271650574218354e-01
6.994244597148076004e-01 7.483767271366835727e-01
6.829092253120980782e-01 7.205592623788463769e-01
6.739293704991742295e-01 7.317211185330808609e-01
6.605521576122672656e-01 7.176962935257785725e-01
6.899486384847882681e-01 7.378602781545224865e-01
6.953632605167457958e-01 7.348919320673237277e-01
6.822503506221602176e-01 7.300694388081481190e-01
6.668064267225886077e-01 7.225698171350771748e-01
6.976933273610146369e-01 7.588929623005440384e-01
6.491981423673901519e-01 7.158116843648603123e-01
6.901912803812061403e-01 7.383951272932741672e-01
6.380556460048486533e-01 7.064774007574611270e-01
6.542857740218218643e-01 7.308442859513708534e-01
6.746022545334739995e-01 7.549061994617529692e-01
6.260810547980348861e-01 7.072266852119230007e-01
6.247024428656543504e-01 7.244037529369481421e-01
6.631996797545578470e-01 7.548512197679473346e-01
6.255048453256406571e-01 7.018920499739667029e-01
6.869980088265372764e-01 7.520682453893029473e-01
6.877771805491860180e-01 7.472282834122433437e-01
6.869841382935927276e-01 7.290044405702172936e-01
6.862055705866977329e-01 7.291740237095162280e-01
6.673967404420854121e-01 7.459117519350588754e-01
6.608117450936401571e-01 7.366067219728379412e-01
6.244708585575990956e-01 7.236503567878893595e-01
6.792347394428331908e-01 7.455570447784298782e-01
6.762672121110410162e-01 7.327384123268471106e-01
6.641041848760358413e-01 7.357818030433443957e-01
6.766814693871543440e-01 7.115822758965700823e-01
6.993670627925097083e-01 7.389867188635923512e-01
6.710718555864592094e-01 7.156948486768989204e-01
6.252160404700884966e-01 7.030544112417027591e-01
6.680209766280345018e-01 7.226118768510161328e-01
6.523870997693660412e-01 7.008438934527183584e-01
6.732587298755701166e-01 7.464225204709555861e-01
6.612324781078778857e-01 7.262675334207310263e-01
6.509898448026639750e-01 7.202293986849002128e-01
6.289110253070762102e-01 7.074988217652691258e-01
6.829074483851476085e-01 7.380336464116794559e-01
6.760006978180179704e-01 7.299317955884379039e-01
6.039240350609487162e-01 7.084679515962859497e-01
6.640317032323149737e-01 7.418108351473708950e-01
6.483568217165337488e-01 7.133924274021259393e-01
6.678835132040856770e-01 7.471719708566195717e-01
6.742606315505522696e-01 7.205511226771047495e-01
6.744422967222769572e-01 7.063523412706651516e-01
6.899541767069969911e-01 7.602494062090735527e-01
6.532133143254549301e-01 7.100050365624254178e-01
6.567073635009420540e-01 7.083265640045373068e-01
6.011490873883765795e-01 7.007860406727409730e-01
6.740021472063404406e-01 7.517242704776915252e-01
6.794552351571667703e-01 7.393420557134295912e-01
6.984204937237735722e-01 7.240014831938782480e-01
6.814926740558082674e-01 7.318531133799671684e-01
6.779906584448721629e-01 7.517401573501034662e-01
6.902070659830173982e-01 7.318054911646779681e-01
6.591339100317372690e-01 7.199535726757394505e-01
6.671790944912580068e-01 7.176958152540370284e-01
6.992367711691196419e-01 7.765507353108033195e-01
6.495021033233641106e-01 7.503277240104481161e-01
6.509389469425811425e-01 7.012367073980201315e-01
6.737541420167897366e-01 7.315310698632898623e-01
6.608741565780014149e-01 7.094103287465760577e-01
6.284952547021650515e-01 7.004729860165825883e-01
6.812426677785876628e-01 7.650259270407937517e-01
6.851551762073391227e-01 7.560482888148973846e-01
6.631608969455218272e-01 7.341145245806069974e-01
6.313266817387775953e-01 7.186512731411622834e-01
6.674128851639168358e-01 7.407225362425102766e-01
6.290258348015795864e-01 7.272309914174046597e-01
6.292655873978629799e-01 7.049804773877504926e-01
6.379311393643425365e-01 7.013217716516797484e-01
6.548474479784633928e-01 7.577221357114715117e-01
6.324128684884653406e-01 7.164926691471960041e-01
6.420088014747156180e-01 7.226446875472976039e-01
6.682446950972462663e-01 7.489068212935885427e-01
6.568651005562556877e-01 7.244094192982478697e-01
6.952556246061203371e-01 7.374755551971342582e-01
6.831937491902349002e-01 7.031983334302109867e-01
6.554887350227839304e-01 7.121665362107956199e-01
6.913814930217261345e-01 7.420933628263812754e-01
6.702534312048927800e-01 7.450705092513169037e-01
6.534178918151374305e-01 7.106559611622368378e-01
6.323035137497650116e-01 7.339385112530802946e-01
6.457188686958997836e-01 7.214273280989466075e-01
6.397372426174707805e-01 7.300186128607358826e-01
6.843449499713136763e-01 7.344469016359160829e-01
6.720724286445340923e-01 7.178138557791151619e-01
6.919695936318954743e-01 7.472157808341008955e-01
6.560838292650055248e-01 7.169264542050022282e-01
6.965422750719629796e-01 7.493007932573215735e-01
6.242150691547746488e-01 7.227164920882015453e-01
6.708318901004608481e-01 7.571771801389240997e-01
6.881486438774285785e-01 7.595511467088248425e-01
6.602063159158531036e-01 7.227945847342474028e-01
6.489295016622732559e-01 7.221855652010723547e-01
6.378250305535750897e-01 7.184841077570391921e-01
6.586642155599126136e-01 7.235307840743387953e-01
6.856793975025515797e-01 7.500095294816180314e-01
6.454779346652215199e-01 7.368941018962361644e-01
6.474361607018491727e-01 7.233376622232046138e-01
6.456497700389998151e-01 7.130042531169009656e-01
6.995127141529458026e-01 7.462286402462988688e-01
6.689627941573663694e-01 7.132033987247656803e-01
6.867911156536907757e-01 7.379117615672385888e-01
6.069019612205541758e-01 7.025168479201910898e-01
6.352176810770480131e-01 7.364879580002130499e-01
6.687260578331867267e-01 7.401172642912468014e-01
6.328085033121464420e-01 7.147371511484318374e-01
6.822096935940051843e-01 7.487298494810625815e-01
6.376740151299069570e-01 7.235711929856175617e-01
6.504446369030782993e-01 7.025037018784195952e-01
6.398058441830560827e-01 7.282713094933155329e-01
6.252813788611620849e-01 7.016244151599753121e-01
6.362930978348486644e-01 7.312947854740782239e-01
6.868633317130253824e-01 7.341811902723511807e-01
6.118300474418696400e-01 7.014839393323218930e-01
6.453992569817381675e-01 7.090022958163582079e-01
6.903461203939105228e-01 7.362277481656659406e-01
6.729347062476902508e-01 7.116900282685607593e-01
6.937489408128018065e-01 7.414265965486328547e-01
6.663691500561317316e-01 7.457438837972034662e-01
6.189230228472332174e-01 7.136306131476084502e-01
6.542706625425626088e-01 7.120978957752251981e-01
6.676505569439457055e-01 7.433431662940277462e-01
6.179520318096245468e-01 7.005596204930411020e-01
6.295912689055410683e-01 7.010267761209993953e-01
6.469541096215571940e-01 7.258386052877688899e-01
6.299806642407941304e-01 7.268777225882423476e-01
6.516572140257113066e-01 7.375661014811679683e-01
6.636733704132729006e-01 7.248582780589970520e-01
6.806544272343164614e-01 7.422882753698658576e-01
6.055090699099814344e-01 7.012208385800741128e-01
6.884881669845626107e-01 7.269557996651960785e-01
6.547772571281549325e-01 7.148127260699050911e-01
6.706836784141617658e-01 7.322909602203504509e-01
6.320016998888949855e-01 7.210802599005246005e-01
6.667410311137832446e-01 7.280002371505570613e-01
6.668063364171002982e-01 7.292603905674388542e-01
6.896603068085241928e-01 7.264734503915339925e-01
6.682196852246093943e-01 7.235419213352741741e-01
6.451859638757196924e-01 7.351555819169511841e-01
6.466207086566152507e-01 7.170389589608106018e-01
6.525178359509945514e-01 7.021626113502015265e-01
6.524078249783676897e-01 7.074921157991798104e-01
6.867221294012599841e-01 7.214541121801028023e-01
6.704783828886764496e-01 7.234678091329698191e-01
6.571711780045147444e-01 7.333627684350898512e-01
6.922745132657629474e-01 7.445033946165694472e-01
6.644434346283812909e-01 7.321370221165621750e-01
6.546982593949993712e-01 7.626508851958888613e-01
6.076014295225959927e-01 7.014334538901847438e-01
6.766122826656466582e-01 7.499702458840364905e-01
6.968534895765705617e-01 7.362580568078448406e-01
6.127966755782683350e-01 7.050902266341368962e-01
6.311671925808899353e-01 7.026733307716600541e-01
6.299143262746936811e-01 7.031578791159212027e-01
6.892515109656695005e-01 7.426305123452929813e-01
6.863589961944561724e-01 7.637529779664016250e-01
6.251438654753975754e-01 7.175738405464450187e-01
6.855678979297523679e-01 7.498727312432018621e-01
6.998813698157416718e-01 7.406946166256855868e-01
6.803106922203068230e-01 7.467638258496711590e-01
6.822160371253164213e-01 7.310392413990098870e-01
6.243530798174239393e-01 7.156546100130697363e-01
6.564729066697291282e-01 7.150651016777148650e-01
6.625439922926030789e-01 7.237624320515888554e-01
6.313746500307971798e-01 7.209040277652111195e-01
6.988347842635836971e-01 7.172348583927247168e-01
6.418369813145333724e-01 7.253600610921768777e-01
6.314876620659611861e-01 7.288751328200558932e-01
6.904667748214230460e-01 7.263688455210229877e-01
6.697404467960321739e-01 7.064992273736986350e-01
6.440871202561196940e-01 7.284000162104012910e-01
6.558372134482106652e-01 7.191143244308383364e-01
6.599183007598349304e-01 7.317768988671796704e-01
6.676052976330789646e-01 7.575126657132971175e-01
6.509405894047652907e-01 7.175408351722902811e-01
6.857586968320735776e-01 7.511502347423458792e-01
6.677269207908347326e-01 7.297334685225640438e-01
6.580859969055811165e-01 7.201250337555487047e-01
6.774817185285735288e-01 7.578918181330446258e-01
6.579900307626092015e-01 7.355982935622464858e-01
6.712651723940911141e-01 7.246326281653592272e-01
6.655497577050645264e-01 7.621395783202132845e-01
6.983790251750094935e-01 7.390162126767465534e-01
6.790467090904941383e-01 7.046985730087591548e-01
6.946828966259953608e-01 7.412851645095430708e-01
6.269740648900398172e-01 7.065258194549075554e-01
6.149075652672595371e-01 7.076876024269048715e-01
6.038841189188705050e-01 7.091074739197456012e-01
6.281671318651095293e-01 7.250843401674910149e-01
6.919122759954657864e-01 7.479763228876653569e-01
6.606917914518148915e-01 7.216742208868448527e-01
6.271506039532626087e-01 7.597936753518887976e-01
6.603822513843348174e-01 7.195167549226828552e-01
6.725709554994030448e-01 7.288583027295677530e-01
6.568842141397014389e-01 7.201707468546291180e-01
6.665880882757933001e-01 7.191576935845326313e-01
6.929610272155353190e-01 7.554388109908087845e-01
6.406191408336887605e-01 7.098892409588206664e-01
6.647195482285214174e-01 7.166512448037194449e-01
6.163161092436806321e-01 7.417309493473056570e-01
6.870312802954172682e-01 7.324630768695076233e-01
6.500812686052606093e-01 7.256078634149929485e-01
6.711472958014410573e-01 7.178219587028767945e-01
6.777479696056468716e-01 7.343540870980501678e-01
6.335235009768662717e-01 7.024309409281327410e-01
6.353743694446459811e-01 7.027421580984078986e-01
6.843298974999950657e-01 7.607113056623109326e-01
6.875375148582874019e-01 7.466545308334494591e-01
6.687082653244830199e-01 7.301312060494095091e-01
6.707028027729016184e-01 7.039454793360678808e-01
6.877646517818518657e-01 7.323860479729384920e-01
6.686462065669727117e-01 7.495539411160435650e-01
6.259897038349429010e-01 7.208124984977345440e-01
6.604398674144249526e-01 7.342954900840762411e-01
6.298772363795546170e-01 7.170923591081475035e-01
6.844930386611237649e-01 7.307580978869739896e-01
6.503479191089728273e-01 7.308029437158121144e-01
6.037685502728032949e-01 7.093814608934576604e-01
6.886420607638897851e-01 7.511534268518278434e-01
6.959342344651651135e-01 7.843604052417787464e-01
6.893521387979000270e-01 7.497549483202984311e-01
6.019492264945955906e-01 7.092162489782896095e-01
6.173198409833932088e-01 7.118861620416851999e-01
6.940608481398535812e-01 7.526117424732540195e-01
6.021411811730289498e-01 7.227936858219766725e-01
6.517732096429006416e-01 7.102558777589720318e-01
6.338974158668961856e-01 7.156443421774294489e-01
6.800524837766198649e-01 7.026385855274592807e-01
6.856234095996784905e-01 7.561624857198822047e-01
6.918340524761562582e-01 7.628121044500596470e-01
6.516897292260298569e-01 7.475122840695537230e-01
6.904831706977558881e-01 7.576584289996931565e-01
6.478532353179338177e-01 7.163619669803635848e-01
6.557161232698532904e-01 7.371180960517124126e-01
6.254201392275170468e-01 7.076917247700820202e-01
6.413225531161320658e-01 7.182232132244161793e-01
6.901549524491298326e-01 7.310440432559175417e-01
6.582112272366494876e-01 7.385544456975980943e-01
6.817979581246186305e-01 7.485475433575777826e-01
6.948826050590924952e-01 7.349255420596296773e-01
6.791998345529215442e-01 7.406441392354410347e-01
6.864767862236516027e-01 7.388164112028842156e-01
6.856941542972714299e-01 7.391448637154560686e-01
6.660961850832419762e-01 7.316665426850263998e-01
6.861879789840104049e-01 7.260756144959112923e-01
6.395999908279732526e-01 7.163608196084048085e-01
6.702061717163296795e-01 7.325050309039263796e-01
6.858509835143309363e-01 7.090131278175890728e-01
6.622302872778715876e-01 7.612249871385139421e-01
6.382203524977272391e-01 7.009134551810037861e-01
6.727304685850726829e-01 7.415071192457184379e-01
6.431836338711482970e-01 7.328697379227276931e-01
6.809327848638084824e-01 7.292235370626868329e-01
6.904039838593837297e-01 7.356375043242396883e-01
6.819680897921829299e-01 7.338501142000315447e-01
6.840023261923877662e-01 7.253957938010279216e-01
6.952386222108881686e-01 7.588057904756342342e-01
6.929995823430178392e-01 7.273274644593026306e-01
6.796894446699424108e-01 7.276048560965964196e-01
6.974766962957736904e-01 7.459438239945928029e-01
6.923734612682379552e-01 7.208387722811580023e-01
6.552388279032594909e-01 7.029876132107618636e-01
6.646229589022756290e-01 7.394837953755741822e-01
6.597144383339892393e-01 7.493162491235324518e-01
6.795745226000152739e-01 7.388574060057696569e-01
6.818203647687726132e-01 7.513060993119672348e-01
6.830589276301771706e-01 7.278624360441974250e-01
6.604938266723836549e-01 7.296612271906535163e-01
6.619862867951968877e-01 7.669720985911228084e-01
6.205039303400282646e-01 7.118558507589862749e-01
6.605121737292256601e-01 7.040991689703168799e-01
6.361044832647860803e-01 7.345211953776341618e-01
6.745160881595708702e-01 7.179350169776933521e-01
6.688109618920511368e-01 7.161712280943413056e-01
