[0.68748476 0.76925684] 0
[0.61823975 0.70326228] 0
[0.68377709 0.73489354] 0
[0.65216915 0.72042469] 0
[0.68070054 0.74219405] 0
[0.68341104 0.74199964] 0
[0.67911795 0.71533844] 0
[0.68290745 0.73803365] 0
[0.69951271 0.74622864] 0
[0.66254399 0.72376243] 0
[0.68005248 0.70263859] 0
[0.62245347 0.72070331] 0
[0.65390905 0.74843432] 0
[0.65197519 0.7419359 ] 0
[0.69893162 0.74623901] 0
[0.65956912 0.7004677 ] 0
[0.61247224 0.7038532 ] 0
[0.63325572 0.7096298 ] 0
[0.69020707 0.73180549] 0
[0.67293471 0.71169003] 0
[0.67126517 0.72463263] 0
[0.68618798 0.72607561] 0
[0.63328399 0.70749059] 0
[0.67477638 0.74442326] 0
[0.68414431 0.740052  ] 0
[0.66004454 0.71656837] 0
[0.69141754 0.74603994] 0
[0.66969762 0.73615955] 0
[0.69769333 0.75889296] 0
[0.65484745 0.75772214] 0
[0.6320017  0.72108026] 0
[0.64061914 0.70988924] 0
[0.65523883 0.70298761] 0
[0.67351871 0.72619686] 0
[0.6404607  0.71667516] 0
[0.65237551 0.70925183] 0
[0.68568115 0.71723104] 0
[0.66211669 0.72886699] 0
[0.64032707 0.70288013] 0
[0.67923474 0.74555704] 0
[0.65608383 0.71692645] 0
[0.69685349 0.73625806] 0
[0.62987724 0.71709236] 0
[0.67773566 0.73195382] 0
[0.65260932 0.70970137] 0
[0.67980889 0.73428705] 0
[0.69293761 0.74285632] 0
[0.69495249 0.74852421] 0
[0.66336866 0.70295015] 0
[0.69415709 0.7740288 ] 0
[0.64835682 0.71339243] 0
[0.63521768 0.73648796] 0
[0.63148766 0.72887513] 0
[0.69048317 0.75765843] 0
[0.65189402 0.72992223] 0
[0.6893481  0.74285466] 0
[0.66164398 0.70780431] 0
[0.66224553 0.7177626 ] 0
[0.67548636 0.71757698] 0
[0.61627378 0.70334124] 0
[0.67435843 0.73999176] 0
[0.6495021  0.75032772] 0
[0.65427066 0.7120979 ] 0
[0.6946829  0.74128516] 0
[0.66223029 0.76122499] 0
[0.65380658 0.72750282] 0
[0.63730289 0.70470648] 0
[0.66607128 0.72138337] 0
[0.65717121 0.70273841] 0
[0.64519887 0.70653111] 0
[0.67009765 0.75600223] 0
[0.65428577 0.73084429] 0
[0.6568651  0.72440942] 0
[0.66821969 0.72354192] 0
[0.65008127 0.72560786] 0
[0.68182036 0.7513061 ] 0
[0.67432392 0.75781767] 0
[0.66895382 0.72207493] 0
[0.688128   0.71247703] 0
[0.61849654 0.72223609] 0
[0.61191115 0.70121655] 0
[0.63553694 0.71750976] 0
[0.69936706 0.73898672] 0
[0.68814864 0.75955115] 0
[0.68925151 0.74263051] 0
[0.68864206 0.75115343] 0
[0.61848487 0.70351367] 0
[0.69624678 0.72897944] 0
[0.67125536 0.73879348] 0
[0.69006828 0.74961283] 0
[0.64205865 0.71690253] 0
[0.66347204 0.70068968] 0
[0.64445369 0.73244135] 0
[0.68995418 0.76024941] 0
[0.63767402 0.72357119] 0
[0.65583721 0.71911432] 0
[0.64132255 0.71822321] 0
[0.67437652 0.72669455] 0
[0.66449964 0.74356954] 0
[0.68617022 0.74916589] 0
[0.66605148 0.74250287] 0
[0.6325096  0.70283906] 0
[0.68273534 0.73060181] 0
[0.68116163 0.74402717] 0
[0.62849525 0.70047299] 0
[0.64695411 0.72583861] 0
[0.62816713 0.72508434] 0
[0.68093278 0.72922354] 0
[0.66482879 0.74930773] 0
[0.62224809 0.70737582] 0
[0.69295521 0.74658514] 0
[0.6977186  0.73975693] 0
[0.69022343 0.75246377] 0
[0.69876962 0.74314314] 0
[0.66319968 0.75485122] 0
[0.69138149 0.74209336] 0
[0.65240782 0.70749212] 0
[0.63537437 0.70274216] 0
[0.62050393 0.71185585] 0
[0.69033508 0.73550101] 0
[0.67221837 0.72484928] 0
[0.64972868 0.72709915] 0
[0.66813956 0.72611335] 0
[0.62101728 0.7255476 ] 0
[0.65528996 0.70563869] 0
[0.6523871  0.70084389] 0
[0.65866422 0.72353078] 0
[0.69988137 0.74069462] 0
[0.61731984 0.71188616] 0
[0.66498681 0.74320512] 0
[0.68453467 0.7540081 ] 0
[0.63100242 0.70096317] 0
[0.69054545 0.72999922] 0
[0.6894873  0.71963046] 0
[0.6469705  0.72830583] 0
[0.67162776 0.7508891 ] 0
[0.67400215 0.75172427] 0
[0.6362931  0.73129479] 0
[0.6857587  0.75115023] 0
[0.69488261 0.73492554] 0
[0.69002466 0.71805811] 0
[0.64901624 0.74662373] 0
[0.67738415 0.7431051 ] 0
[0.64088239 0.71408761] 0
[0.65572931 0.70369462] 0
[0.63310708 0.70484031] 0
[0.66055216 0.71769629] 0
[0.63132668 0.71865127] 0
[0.68065443 0.74228828] 0
[0.66038225 0.71951675] 0
[0.69523862 0.75880579] 0
[0.62594496 0.70111186] 0
[0.69472805 0.74421683] 0
[0.67993679 0.73509487] 0
[0.69061434 0.72840558] 0
[0.62758446 0.71139118] 0
[0.6407416  0.74534766] 0
[0.68698414 0.72900444] 0
[0.64571887 0.72142733] 0
[0.69227451 0.74450339] 0
[0.6707028  0.70394548] 0
[0.66881096 0.71617123] 0
[0.61383104 0.70360399] 0
[0.6653155  0.71439057] 0
[0.61029571 0.71861703] 0
[0.69100538 0.74008537] 0
[0.67191706 0.71559006] 0
[0.6706264  0.77032443] 0
[0.62891103 0.70749882] 0
[0.64564977 0.71300425] 0
[0.65647291 0.7150651 ] 0
[0.63389742 0.71564434] 0
[0.69218448 0.71508219] 0
[0.63496436 0.70203713] 0
[0.65316941 0.71340753] 0
[0.68525698 0.73511003] 0
[0.67084361 0.71799229] 0
[0.64759367 0.71432187] 0
[0.61909747 0.72820021] 0
[0.67799066 0.75174016] 0
[0.69034612 0.73622775] 0
[0.65799003 0.73559829] 0
[0.66609619 0.73166654] 0
[0.63107437 0.70545218] 0
[0.61025567 0.71548076] 0
[0.62634529 0.72785605] 0
[0.67483144 0.71656144] 0
[0.64149306 0.71118553] 0
[0.62237826 0.71686472] 0
[0.66680643 0.72256982] 0
[0.63793114 0.70132177] 0
[0.67068368 0.73229096] 0
[0.69296103 0.75543881] 0
[0.69237346 0.72083877] 0
[0.66509818 0.74853872] 0
[0.6847641  0.72371061] 0
[0.64445324 0.71960302] 0
[0.66044403 0.71664274] 0
[0.60834088 0.70434713] 0
[0.69750796 0.73891318] 0
[0.62447086 0.72365036] 0
[0.69196959 0.74721578] 0
[0.67661228 0.74997025] 0
[0.66043987 0.73429549] 0
[0.60846901 0.70648488] 0
[0.69847819 0.7317274 ] 0
[0.65027828 0.71310905] 0
[0.68417582 0.74941776] 0
[0.68522358 0.70090133] 0
[0.68240894 0.72321596] 0
[0.61639497 0.70188237] 0
[0.6640317  0.74181084] 0
[0.60690196 0.70251685] 0
[0.64183698 0.72536006] 0
[0.65168973 0.74751228] 0
[0.6969107  0.73268935] 0
[0.69567418 0.74635069] 0
[0.6708435  0.70707988] 0
[0.68176978 0.72834822] 0
[0.65063592 0.7274989 ] 0
[0.64513542 0.71916498] 0
[0.67428543 0.73709803] 0
[0.69923677 0.77655074] 0
[0.61892302 0.71363061] 0
[0.67904671 0.70469857] 0
[0.68585098 0.70901313] 0
[0.63765306 0.71733641] 0
[0.64668683 0.72182485] 0
[0.67065081 0.72172666] 0
[0.67681024 0.72412967] 0
[0.6549328 0.7023723] 0
[0.67250802 0.74411149] 0
[0.63805565 0.7064774 ] 0
[0.6682447  0.74890682] 0
[0.68966031 0.72647345] 0
[0.68703128 0.73246308] 0
[0.67957452 0.73885741] 0
[0.6088998  0.71924798] 0
[0.67850678 0.74145452] 0
[0.6461431  0.71888596] 0
[0.67488916 0.70992389] 0
[0.69177139 0.75394343] 0
[0.68147451 0.72903832] 0
[0.67668147 0.71158228] 0
[0.67083189 0.75717718] 0
[0.62991433 0.70315788] 0
[0.60376855 0.70938146] 0
[0.65523938 0.750626  ] 0
[0.67272246 0.71340643] 0
[0.69432789 0.73971048] 0
[0.69814145 0.78025031] 0
[0.64533904 0.70462257] 0
[0.67028684 0.71541806] 0
[0.66134661 0.73782775] 0
[0.6744423  0.70635234] 0
[0.68220969 0.74872985] 0
[0.64408712 0.72840002] 0
[0.62542014 0.70769172] 0
[0.66565532 0.71733126] 0
[0.61375864 0.71267642] 0
[0.6221122  0.70699911] 0
[0.67107811 0.72090295] 0
[0.66127163 0.72150872] 0
[0.67299303 0.72659242] 0
[0.64329236 0.74628117] 0
[0.66087416 0.70941033] 0
[0.62959127 0.70102678] 0
[0.60388412 0.70910747] 0
[0.64318363 0.73286974] 0
[0.68760881 0.74833604] 0
[0.68832294 0.7855464 ] 0
[0.69376937 0.70331185] 0
[0.69065354 0.71930724] 0
[0.69470973 0.74914557] 0
[0.67829311 0.73885036] 0
[0.62470244 0.72440375] 0
[0.65548874 0.71216654] 0
[0.65251784 0.70216261] 0
[0.6335235  0.70243094] 0
[0.66198629 0.7669721 ] 0
[0.64662824 0.72203039] 0
[0.66165299 0.73498593] 0
[0.67626218 0.73326707] 0
[0.66417115 0.71966798] 0
[0.66220927 0.73501427] 0
[0.69684723 0.73928404] 0
[0.66802098 0.72261188] 0
[0.63782503 0.71848411] 0
[0.6855679  0.74987273] 0
[0.60194923 0.70921625] 0
[0.61382203 0.71751684] 0
[0.68554713 0.74292629] 0
[0.65434306 0.7005066 ] 0
[0.66015375 0.70902481] 0
[0.66302891 0.72261098] 0
[0.69401513 0.75144551] 0
[0.65432417 0.73293428] 0
[0.60114909 0.70078604] 0
[0.62528138 0.70162442] 0
[0.65094059 0.71754084] 0
[0.68179796 0.74854754] 0
[0.67048244 0.72911698] 0
[0.66535259 0.72629288] 0
[0.67578273 0.74560549] 0
[0.64139694 0.71067941] 0
[0.67991724 0.73693901] 0
[0.68980009 0.774141  ] 0
[0.67392937 0.73172112] 0
[0.6631609  0.73411452] 0
[0.66367337 0.72485828] 0
[0.6271506  0.75979368] 0
[0.68400233 0.72539579] 0
[0.69572308 0.7543688 ] 0
[0.66582789 0.71452944] 0
[0.6532696  0.71131775] 0
[0.67888515 0.74006634] 0
[0.67101004 0.75289842] 0
[0.68823597 0.75183774] 0
[0.68777718 0.74722828] 0
[0.63230351 0.73393851] 0
[0.65717118 0.73336277] 0
[0.66870827 0.73013121] 0
[0.67451609 0.71793502] 0
[0.67473517 0.74550129] 0
[0.65015613 0.71908638] 0
[0.67619377 0.71933944] 0
[0.63766592 0.70531465] 0
[0.65825918 0.72718483] 0
[0.68575204 0.75936623] 0
[0.65098984 0.7202294 ] 0
[0.64743616 0.72333766] 0
[0.62435308 0.71565461] 0
[0.65177321 0.71025588] 0
[0.65532428 0.73457395] 0
[0.63855489 0.7252479 ] 0
[0.67840907 0.73995894] 0
[0.64941078 0.72264034] 0
[0.68105024 0.73811922] 0
[0.66560827 0.71407634] 0
[0.64049479 0.71190519] 0
[0.68149267 0.73185311] 0
[0.64539926 0.7090023 ] 0
[0.67748172 0.75789182] 0
[0.68569415 0.73914486] 0
[0.65232293 0.7202192 ] 0
[0.64370201 0.70556429] 0
[0.69797575 0.73160522] 0
[0.66996982 0.72561624] 0
[0.62690859 0.72020859] 0
[0.64948502 0.72600638] 0
[0.68225035 0.73006944] 0
[0.62926559 0.70498048] 0
[0.65477726 0.71481273] 0
[0.66658809 0.71915769] 0
[0.6974767  0.74594382] 0
[0.66012768 0.70836182] 0
[0.62236907 0.71116062] 0
[0.68815338 0.7807107 ] 0
[0.62057439 0.70993443] 0
[0.65295395 0.7022    ] 0
[0.68830903 0.73957178] 0
[0.66081175 0.73660672] 0
[0.67207243 0.71781386] 0
[0.60760143 0.70143345] 0
[0.6259897 0.7208125] 0
[0.69989994 0.7404324 ] 0
[0.65018112 0.74721897] 0
[0.63317072 0.72797814] 0
[0.66727435 0.71272437] 0
[0.65774087 0.70635294] 0
[0.69750474 0.73749309] 0
[0.60052251 0.71198091] 0
[0.60392404 0.70846795] 0
[0.68679112 0.73791176] 0
[0.69883478 0.71723486] 0
[0.69183405 0.7628121 ] 0
[0.66668037 0.73513648] 0
[0.67390028 0.74480178] 0
[0.67768985 0.72818997] 0
[0.6822016  0.74192039] 0
[0.6988667  0.73600971] 0
[0.69407732 0.74869613] 0
[0.67921846 0.72430871] 0
[0.66717909 0.71769582] 0
[0.66636915 0.74574388] 0
[0.69837903 0.73901621] 0
[0.67020617 0.73250503] 0
[0.68384357 0.70517415] 0
[0.6556676  0.72098645] 0
[0.64231529 0.71167698] 0
[0.67797249 0.70857165] 0
[0.68886123 0.71728701] 0
[0.6232772  0.71821239] 0
[0.69019128 0.73839513] 0
[0.6420088  0.72264469] 0
[0.66680634 0.72926039] 0
[0.61631611 0.74173095] 0
[0.65971444 0.74931625] 0
[0.68997848 0.73514953] 0
[0.69182395 0.73253443] 0
[0.67452736 0.70958355] 0
[0.6277527  0.70331705] 0
[0.67199864 0.72110673] 0
[0.66479907 0.71160002] 0
[0.66410418 0.7357818 ] 0
[0.62421507 0.72271649] 0
[0.63116719 0.70267333] 0
[0.65034792 0.73080294] 0
[0.67946912 0.72553505] 0
[0.66084285 0.73488259] 0
[0.6609222  0.70653236] 0
[0.6056492  0.70266876] 0
[0.67183424 0.72179334] 0
[0.65959632 0.73572478] 0
[0.6513251 0.7138408] 0
[0.67426063 0.72055112] 0
[0.6328085  0.71473715] 0
[0.66974045 0.70649923] 0
[0.65571612 0.7371181 ] 0
[0.64386106 0.75237664] 0
[0.68379393 0.7134283 ] 0
[0.66247012 0.70745907] 0
[0.64538043 0.71067712] 0
[0.6898727  0.71015927] 0
[0.69913581 0.71037772] 0
[0.69957232 0.77060568] 0
[0.67375414 0.73153107] 0
[0.61795203 0.70055962] 0
[0.61490757 0.7076876 ] 0
[0.67273047 0.74150712] 0
[0.68535032 0.72388687] 0
[0.67813339 0.73177988] 0
[0.62888326 0.7283062 ] 0
[0.6804825 0.7265386] 0
[0.65975609 0.70399288] 0
[0.67075084 0.72537861] 0
[0.62608105 0.70722669] 0
[0.68319375 0.70319833] 0
[0.64662071 0.71703896] 0
[0.67774797 0.73435409] 0
[0.66049383 0.72966123] 0
[0.6834014  0.72669079] 0
[0.63854783 0.71559597] 0
[0.67698396 0.75475076] 0
[0.65008332 0.7125897 ] 0
[0.64312077 0.71044941] 0
[0.67643701 0.70053083] 0
[0.62521604 0.70305441] 0
[0.6489295  0.72218557] 0
[0.62514387 0.71757384] 0
[0.68935214 0.74975495] 0
[0.63121185 0.70125415] 0
[0.68726265 0.73690142] 0
[0.60628163 0.71139482] 0
[0.68600043 0.72547708] 0
[0.68649045 0.75786481] 0
[0.69010733 0.74146123] 0
[0.68779291 0.75548563] 0
[0.65670736 0.70832656] 0
[0.63980584 0.72827131] 0
[0.6676053  0.75751267] 0
[0.65821123 0.73855445] 0
[0.6086401  0.70342605] 0
[0.62425176 0.70506819] 0
[0.63190413 0.7072935 ] 0
[0.63281322 0.70542997] 0
[0.68171015 0.74202052] 0
[0.68895    0.75835769] 0
[0.68290923 0.72055926] 0
[0.68515518 0.75604829] 0
[0.65165721 0.7375661 ] 0
[0.66069179 0.72167422] 0
[0.68196809 0.73385011] 0
[0.62900571 0.70361752] 0
[0.68342275 0.74529822] 0
[0.67880495 0.74342669] 0
[0.67840521 0.75311317] 0
[0.6412874 0.7045039] 0
[0.61753922 0.71282533] 0
[0.68699801 0.75206825] 0
[0.65341789 0.71065596] 0
[0.67047838 0.72346781] 0
[0.68753751 0.74665453] 0
[0.63610448 0.7345212 ] 0
[0.67266049 0.71252356] 0
[0.69519902 0.74669514] 0
[0.60293304 0.70806988] 0
[0.69095806 0.74262409] 0
[0.68898591 0.73228499] 0
[0.64431763 0.71536637] 0
[0.66123248 0.72626753] 0
[0.64547793 0.7368941 ] 0
[0.68221604 0.73103924] 0
[0.60214118 0.72279369] 0
[0.67387937 0.73354802] 0
[0.62289241 0.70204612] 0
[0.6389005  0.71452263] 0
[0.604778   0.70874479] 0
[0.68336233 0.73537435] 0
[0.6863549  0.72665602] 0
[0.66950509 0.73457634] 0
[0.69842049 0.72400148] 0
[0.61183005 0.70148394] 0
[0.658086   0.72012503] 0
[0.68647679 0.73881641] 0
[0.67876191 0.71113587] 0
[0.65375991 0.70620026] 0
[0.6410404  0.70908852] 0
[0.65079747 0.70914923] 0
[0.68692085 0.72401541] 0
[0.61514746 0.70361892] 0
[0.69536326 0.73489193] 0
[0.62902583 0.72723099] 0
[0.68848817 0.7269558 ] 0
[0.65688421 0.72017075] 0
[0.67968944 0.72760486] 0
[0.67396329 0.71319608] 0
[0.67861524 0.71705555] 0
[0.63972168 0.71438663] 0
[0.64409973 0.73188914] 0
[0.69506501 0.7520428 ] 0
[0.63253007 0.70917565] 0
[0.66739674 0.74591175] 0
[0.68434495 0.7344469 ] 0
[0.65469826 0.76265089] 0
[0.66864621 0.74955394] 0
[0.6745173  0.74313624] 0
[0.66833981 0.73611411] 0
[0.66513987 0.71841057] 0
[0.68906172 0.74745115] 0
[0.67129357 0.73104192] 0
[0.66794955 0.72466122] 0
[0.68841859 0.72808569] 0
[0.6760007 0.7299318] 0
[0.66896279 0.7132034 ] 0
[0.63137465 0.72090403] 0
[0.68562341 0.75616249] 0
[0.63999442 0.71497258] 0
[0.69173586 0.71697789] 0
[0.67010124 0.71397683] 0
[0.69515713 0.74365842] 0
[0.66796556 0.71696755] 0
[0.67465375 0.72516076] 0
[0.66186247 0.72637985] 0
[0.65913391 0.71995357] 0
[0.69374894 0.7414266 ] 0
[0.66554976 0.76213958] 0
[0.63959999 0.71636082] 0
[0.67498976 0.73129947] 0
[0.69901823 0.73738468] 0
[0.69635804 0.76035549] 0
[0.69876627 0.75559416] 0
[0.65622482 0.738748  ] 0
[0.65835027 0.71301791] 0
[0.64919814 0.71581168] 0
[0.63241287 0.71649267] 0
[0.66674103 0.72800024] 0
[0.66471955 0.71665124] 0
[0.66462296 0.7394838 ] 0
[0.61236173 0.71304872] 0
[0.69009971 0.72812946] 0
[0.68360265 0.74904892] 0
[0.67389446 0.74104145] 0
[0.6832023  0.75703975] 0
[0.61441362 0.70593921] 0
[0.67626721 0.73273841] 0
[0.69654228 0.74930079] 0
[0.61279668 0.70509023] 0
[0.68449304 0.7307581 ] 0
[0.65821523 0.71249332] 0
[0.66927193 0.72044256] 0
[0.68283134 0.73715282] 0
[0.65787842 0.76331401] 0
[0.66024704 0.72229923] 0
[0.68874758 0.74269297] 0
[0.67416896 0.72635786] 0
[0.66788351 0.74717197] 0
[0.66872606 0.74011726] 0
[0.69046677 0.72636885] 0
[0.64785324 0.71636197] 0
[0.68386888 0.71757311] 0
[0.64638271 0.70659028] 0
[0.66016978 0.7348682 ] 0
[0.65376207 0.7008227 ] 0
[0.67789234 0.72525476] 0
[0.65253891 0.71082267] 0
[0.63694313 0.70597117] 0
[0.65093895 0.70123671] 0
[0.66765056 0.74334317] 0
[0.62697406 0.70652582] 0
[0.63822035 0.70091346] 0
[0.69682017 0.76536179] 0
[0.69249617 0.72492644] 0
[0.68003572 0.71529327] 0
[0.67793619 0.707507  ] 0
[0.67762649 0.70189453] 0
[0.68626597 0.71562496] 0
[0.67460225 0.7549062 ] 0
[0.69525562 0.73747556] 0
[0.64518596 0.73515558] 0
[0.6711473  0.71782196] 0
[0.68305893 0.72786244] 0
[0.66115389 0.72543072] 0
[0.65936093 0.72136441] 0
[0.66515427 0.72878692] 0
[0.64831007 0.70529541] 0
[0.65601152 0.70776966] 0
[0.6811072  0.72499134] 0
[0.67107186 0.71569485] 0
[0.66020632 0.72279458] 0
[0.686359   0.76375298] 0
[0.69593423 0.78436041] 0
[0.68718087 0.78542454] 0
[0.69221043 0.79369001] 0
[0.67094549 0.72471072] 0
[0.66414063 0.75073327] 0
[0.6205438  0.72262848] 0
[0.68084291 0.74411847] 0
[0.69992102 0.75662274] 0
[0.65321331 0.71000504] 0
[0.65044464 0.7025037 ] 0
[0.6599183 0.7317769] 0
[0.69015495 0.73104404] 0
[0.64367873 0.72108442] 0
[0.68382427 0.76906114] 0
[0.64612325 0.7172385 ] 0
[0.65891475 0.71005205] 0
[0.6700394  0.73580405] 0
[0.63700162 0.70532459] 0
[0.69942446 0.74837673] 0
[0.68124267 0.76502593] 0
[0.62998066 0.72687772] 0
[0.69191228 0.74797632] 0
[0.69040398 0.7356375 ] 0
[0.62420024 0.71086697] 0
[0.66842802 0.73178168] 0
[0.69848414 0.75876413] 0
[0.61448712 0.70494728] 0
[0.66664138 0.72083972] 0
[0.60525029 0.7100731 ] 0
[0.62550485 0.70189205] 0
[0.67025343 0.74507051] 0
[0.68672213 0.72145411] 0
[0.6843299  0.76071131] 0
[0.66051217 0.70409917] 0
[0.62278825 0.70301472] 0
[0.67955669 0.73415937] 0
[0.64923294 0.70758857] 0
[0.66658565 0.74555898] 0
[0.676794   0.74711715] 0
[0.66415344 0.70760821] 0
[0.67325873 0.74642252] 0
[0.6856794  0.75000953] 0
[0.68031069 0.74676383] 0
[0.69406085 0.75261174] 0
[0.66086926 0.72632419] 0
[0.65357436 0.72098998] 0
[0.69461468 0.72847957] 0
[0.63638279 0.70718353] 0
[0.69959885 0.72069303] 0
[0.65500228 0.70257414] 0
[0.63768254 0.70282453] 0
[0.67945524 0.73934206] 0
[0.68686333 0.73418119] 0
[0.66772692 0.72973347] 0
[0.67919983 0.74064414] 0
[0.69241493 0.73348556] 0
[0.69214214 0.73560763] 0
[0.67970169 0.72318495] 0
[0.66735376 0.74429076] 0
[0.63744018 0.73700541] 0
[0.67136532 0.74128354] 0
[0.68994864 0.73786028] 0
[0.66741289 0.74072254] 0
[0.60550907 0.70122084] 0
[0.67257096 0.7288583 ] 0
[0.69299958 0.72732746] 0
[0.66583865 0.73916077] 0
[0.6752157  0.72665927] 0
[0.69085702 0.72178164] 0
[0.67141323 0.72336572] 0
[0.66144418 0.72880997] 0
[0.66703112 0.71696233] 0
[0.68620557 0.72917402] 0
[0.63973724 0.73001861] 0
[0.66444343 0.73213702] 0
[0.68776465 0.73238605] 0
