7.210545055634957068e-01 2.831556882174986467e-01
7.492583999383192195e-01 2.565167250213061800e-01
7.194770540880548459e-01 2.641699271534124760e-01
7.122311726860912628e-01 2.985464463478800790e-01
7.036350329591013475e-01 2.028808211274998607e-01
7.182125631622355844e-01 2.999321471929156657e-01
7.382099858040398477e-01 2.697052963691201066e-01
7.191804005622416396e-01 2.607324970993845081e-01
7.644295833626686409e-01 2.923495528031069268e-01
7.070953805168249673e-01 2.201875669032953842e-01
7.119203003878104008e-01 2.843936955896438912e-01
7.040073259315042797e-01 2.083628017687222389e-01
7.004704079335346556e-01 2.991571527304834888e-01
7.326509838022444709e-01 2.824009204462400446e-01
7.600138055079166399e-01 2.781043730647093648e-01
7.380539835810139282e-01 2.862908513456713377e-01
7.573573399610167289e-01 2.879000256838140093e-01
7.361858963010059487e-01 2.894242362696721749e-01
7.035787784795038968e-01 2.749284768176478710e-01
7.143695902180613455e-01 2.136156802749068218e-01
7.313604516073051176e-01 2.869228706102950333e-01
7.948642783256630873e-01 2.929574374567106565e-01
7.155218289992517633e-01 2.883785409357509377e-01
7.474716665378410285e-01 2.751749627403433096e-01
7.881592791588867275e-01 2.271633749837220773e-01
7.245803268106588702e-01 2.534117647109786486e-01
7.105793265875575138e-01 2.332876745674682950e-01
7.675957442042988799e-01 2.923711144711735876e-01
7.769992372957835736e-01 2.856652704238143436e-01
7.028697220367696730e-01 2.988481679868597585e-01
7.580470744920619897e-01 2.943238278369392225e-01
7.145671380862890221e-01 2.759474765232291515e-01
7.129734123957328640e-01 2.694276333827009817e-01
7.581616836436381179e-01 2.887737244447405316e-01
7.545687188258434208e-01 2.301708501089970993e-01
7.200213330997089489e-01 2.288367342730848464e-01
7.709481488894728285e-01 2.212652372841317494e-01
7.650931615869643876e-01 2.840460589580888762e-01
7.514333018638950090e-01 2.924692357758130190e-01
7.776762128530427809e-01 2.810727673874698906e-01
7.751126890874299180e-01 2.536590276812173972e-01
7.156643484130259525e-01 2.545793061778389155e-01
7.596467392710326560e-01 2.966624695280705160e-01
7.727407039259774901e-01 2.882509758379647180e-01
7.580602127190313455e-01 2.937011313601914364e-01
7.831909622824912987e-01 2.980776169733428405e-01
7.717620560014148978e-01 2.995920966630686855e-01
7.140152199258005261e-01 2.749998767103646879e-01
7.644618037815874567e-01 2.880337555365226065e-01
