[0.72105451 0.28315569] 0
[0.7492584  0.25651673] 0
[0.71947705 0.26416993] 0
[0.71223117 0.29854645] 0
[0.70363503 0.20288082] 0
[0.71821256 0.29993215] 0
[0.73820999 0.2697053 ] 0
[0.7191804 0.2607325] 0
[0.76442958 0.29234955] 0
[0.70709538 0.22018757] 0
[0.7119203 0.2843937] 0
[0.70400733 0.2083628 ] 0
[0.70047041 0.29915715] 0
[0.73265098 0.28240092] 0
[0.76001381 0.27810437] 0
[0.73805398 0.28629085] 0
[0.75735734 0.28790003] 0
[0.7361859  0.28942424] 0
[0.70357878 0.27492848] 0
[0.71436959 0.21361568] 0
[0.73136045 0.28692287] 0
[0.79486428 0.29295744] 0
[0.71552183 0.28837854] 0
[0.74747167 0.27517496] 0
[0.78815928 0.22716337] 0
[0.72458033 0.25341176] 0
[0.71057933 0.23328767] 0
[0.76759574 0.29237111] 0
[0.77699924 0.28566527] 0
[0.70286972 0.29884817] 0
[0.75804707 0.29432383] 0
[0.71456714 0.27594748] 0
[0.71297341 0.26942763] 0
[0.75816168 0.28877372] 0
[0.75456872 0.23017085] 0
[0.72002133 0.22883673] 0
[0.77094815 0.22126524] 0
[0.76509316 0.28404606] 0
[0.7514333  0.29246924] 0
[0.77767621 0.28107277] 0
[0.77511269 0.25365903] 0
[0.71566435 0.25457931] 0
[0.75964674 0.29666247] 0
[0.7727407  0.28825098] 0
[0.75806021 0.29370113] 0
[0.78319096 0.29807762] 0
[0.77176206 0.2995921 ] 0
[0.71401522 0.27499988] 0
[0.7644618  0.28803376] 0
