7.477796565107805993e-01 3.926726488351881539e-01
7.098829494020418851e-01 3.011152943959980455e-01
7.826722222569074683e-01 3.594133344760938042e-01
7.897907382559647971e-01 3.896858006769117200e-01
7.219908157594632225e-01 3.695209070986089639e-01
7.463895727885380138e-01 3.158456000473667813e-01
7.537640542957848577e-01 3.791569678330213300e-01
7.790268887969946654e-01 3.482945080353924694e-01
7.027581511365644795e-01 3.258919833772834229e-01
7.200733383250278452e-01 3.866376294905559674e-01
7.918293281505290881e-01 3.037910432424669738e-01
7.840385068241176869e-01 3.458123540210765734e-01
7.394230988648333724e-01 3.921252064627226419e-01
7.360631316750680941e-01 3.713710569168428011e-01
7.010428688913401540e-01 3.454902588905369165e-01
7.076838422961000408e-01 3.607711733310793867e-01
7.711704837075007424e-01 3.575698626208257402e-01
7.110403405951721822e-01 3.107972750265255435e-01
7.260953156364737815e-01 3.819746033797467022e-01
7.457380522436253267e-01 3.075964292332957761e-01
7.807187719067354426e-01 3.768453038312035153e-01
7.318305277866657965e-01 3.905827804516627810e-01
7.770466946128221641e-01 3.514824283400244664e-01
7.409219638863218105e-01 3.804894792487922284e-01
7.543934487188609372e-01 3.861668202699163888e-01
7.233313999376234094e-01 3.625732600671840999e-01
7.040662739565586303e-01 3.966795018661674610e-01
7.194255472543967800e-01 3.750711163334716214e-01
7.267372632232896867e-01 3.034126348967150499e-01
7.253061506121090130e-01 3.161726264742682480e-01
7.020851725362613482e-01 3.906472426314971380e-01
7.653795994265421010e-01 3.274739578065061774e-01
7.545297991179804598e-01 3.737798491977643023e-01
7.732761787006380283e-01 3.382855189382735217e-01
7.146662650667169325e-01 3.849987680281811708e-01
7.484259019383306955e-01 3.737482646888991011e-01
7.363748182997003067e-01 3.835572017886592633e-01
7.156675836598302975e-01 3.007338567731930867e-01
7.426438999175528632e-01 3.650290039463592873e-01
7.105084864693941293e-01 3.318606990169326032e-01
7.338276482708446791e-01 3.943892259791056398e-01
7.199927726991475208e-01 3.905853634696687671e-01
7.095005264945385415e-01 3.277436494776059805e-01
7.436068341421733230e-01 3.456344308672321675e-01
7.260771622420332250e-01 3.819249121971218242e-01
7.145786324903277142e-01 3.878320179132115908e-01
7.920192694309355907e-01 3.770710251368343813e-01
7.334170836496931578e-01 3.538687312087890890e-01
7.329037599347704157e-01 3.802161978922310448e-01
7.322897221031792192e-01 3.391084372353169174e-01
7.491307258178137030e-01 3.654188087612334490e-01
7.319476679083039006e-01 3.958088578328591289e-01
7.198330388690727943e-01 3.838623264320471518e-01
7.153268642806014377e-01 3.718110016531806505e-01
7.254897741210889484e-01 3.895357659543650097e-01
7.773479686065561944e-01 3.787154638788424732e-01
7.060929701060498775e-01 3.699152190966649156e-01
7.260814001218534042e-01 3.338463495791106350e-01
7.057563758044091973e-01 3.541321724694206918e-01
7.239233967622078492e-01 3.826975355221912678e-01
7.064460334465261226e-01 3.635003508688399720e-01
7.042781828155759705e-01 3.404901031752111118e-01
7.457627382625227064e-01 3.289970033250744774e-01
7.608094598917860552e-01 3.414582742500898993e-01
7.532934542632508945e-01 3.702618362754543369e-01
7.848459520556214652e-01 3.516984207830487486e-01
7.769152229209097538e-01 3.883492283271388623e-01
7.527134374289421448e-01 3.875093781200306120e-01
7.463418333208707844e-01 3.969947507715279600e-01
7.122785541292913081e-01 3.943010409452671894e-01
7.929513080165093708e-01 3.459182641142662384e-01
7.616271875187370366e-01 3.799018910815530892e-01
7.832770373297757160e-01 3.954122177633134783e-01
7.351279895664231123e-01 3.657155512605551051e-01
7.030901655084698110e-01 3.870326284628223812e-01
7.436816480831065501e-01 3.424941113561357220e-01
7.697862887809028276e-01 3.313760055245422165e-01
7.845042117485035993e-01 3.712471307197207082e-01
7.400309711510509869e-01 3.649736252397668412e-01
7.465796650837185355e-01 3.903482035833224506e-01
7.290062052251163882e-01 3.869502449471124983e-01
7.637937838692616666e-01 3.139601933016126778e-01
7.888898665175322344e-01 3.586900752516264390e-01
7.365972450565034801e-01 3.557155217246250056e-01
7.575070444813413184e-01 3.938388225704441692e-01
7.516784299507036637e-01 3.661144032341314691e-01
7.028161180194799629e-01 3.472932975841026004e-01
7.032902995704990445e-01 3.581382874457428866e-01
7.721915435396877747e-01 3.257082642415480844e-01
7.238795168676466218e-01 3.965746478699211930e-01
7.932825857350775944e-01 3.950795319869309097e-01
7.881754542552704690e-01 3.854889222980628083e-01
7.409420832280537716e-01 3.759615848863276932e-01
7.685228709179947604e-01 3.328754264342028701e-01
7.038353901253830980e-01 3.427033809779542195e-01
7.287699061582514348e-01 3.127486018419119440e-01
7.158430062754375101e-01 3.230043979531618259e-01
7.205335704199393732e-01 3.918199263340841343e-01
7.792499328843907058e-01 3.674319439414949207e-01
7.301979186522891130e-01 3.830073157087460212e-01
7.021201607406951650e-01 3.760894352517069050e-01
7.438666087319480980e-01 3.084388995893987406e-01
7.526785297343534520e-01 3.362703974063592227e-01
7.340897992245913883e-01 3.842005942962890552e-01
7.463767164205296067e-01 3.645494215866246224e-01
7.308384433578308803e-01 3.479082194760588220e-01
7.609385730106741352e-01 3.800331542084972036e-01
7.236529925674741737e-01 3.397697625001016575e-01
7.993944307691759343e-01 3.369022718502552305e-01
7.252668710741356772e-01 3.482611617674519766e-01
7.279834542027587840e-01 3.675648920451187185e-01
7.257698915733959977e-01 3.671818683498917490e-01
7.115394641332181136e-01 3.555121514124197635e-01
7.760788597001202493e-01 3.735250228238548575e-01
7.543116120010607828e-01 3.516372891038150872e-01
7.258870302419573317e-01 3.059659009823423870e-01
7.416081331158220769e-01 3.261951968427184712e-01
7.977187003119066144e-01 3.999619136857319179e-01
7.738162229414548010e-01 3.756273702504315803e-01
7.545548899713796498e-01 3.555538850424024289e-01
7.233885089747181807e-01 3.672314513684853954e-01
7.946826112608029735e-01 3.713310056934608361e-01
7.360074223473141997e-01 3.847534750614031718e-01
7.755915206592203237e-01 3.489107049469017396e-01
7.436573754046958973e-01 3.639727509000177386e-01
7.430298733924993737e-01 3.610040595138040431e-01
7.070246771713233347e-01 3.702767246747691310e-01
7.806986799955053513e-01 3.779094259534276912e-01
7.286373033182014236e-01 3.796390021352150090e-01
7.990992214941365912e-01 3.937083193377050039e-01
7.503382392295440129e-01 3.972948132481108896e-01
7.587942573933936785e-01 3.974598589859718034e-01
7.397944180742539455e-01 3.572372683444665631e-01
7.371500400593535840e-01 3.761067206252691197e-01
7.720458592956452870e-01 3.573113629971435556e-01
7.710592708212264945e-01 3.970579767579187069e-01
7.011763787363148870e-01 3.548535599629570325e-01
7.374095665772945063e-01 3.306632623792977732e-01
7.373568877058856996e-01 3.375891370997973762e-01
7.425289354323941771e-01 3.854588862211697498e-01
7.793796561079857632e-01 3.855452087868494471e-01
7.820329429070786986e-01 3.734436429172992011e-01
7.658710985758523382e-01 3.389349928952400948e-01
7.446005438994538483e-01 3.629763163601295028e-01
7.657933548520333700e-01 3.183911487941336604e-01
7.423655322837355852e-01 3.677894926317422097e-01
7.832987273753291291e-01 3.295219034334526120e-01
7.430033526862698245e-01 3.593476288288049436e-01
7.583895612075852721e-01 3.709994572551148506e-01
7.481588680921466006e-01 3.281544243143593720e-01
7.471014412989138709e-01 3.814252995868036011e-01
7.763156020949149028e-01 3.709082313010149123e-01
7.535986632873414859e-01 3.045210763037382584e-01
7.724830640530115922e-01 3.376323279974824398e-01
7.945496143035590819e-01 3.458740819686711987e-01
7.223898064831875132e-01 3.665373353736669504e-01
7.142762238645540274e-01 3.801369683841412384e-01
7.767132086092453092e-01 3.523425006827832218e-01
7.643755511200532871e-01 3.237542237568681314e-01
7.640934011620883481e-01 3.015984540207218290e-01
7.875530518744630060e-01 3.983137015118267676e-01
7.112860606435540411e-01 3.758072923481241001e-01
7.106868825164235348e-01 3.210021182286593722e-01
7.191390064021483397e-01 3.101009541894413912e-01
7.571977742723908777e-01 3.246238082074868192e-01
7.258129281220290219e-01 3.022470527897461179e-01
7.327594860592194781e-01 3.526158043747814608e-01
7.065394354451989267e-01 3.862241620898311245e-01
7.330957969609169789e-01 3.772078297237836386e-01
7.682384745512798041e-01 3.872610358979629019e-01
7.814121640130600177e-01 3.436629596499566897e-01
7.609466092008969618e-01 3.320389089009789796e-01
7.488579289641480452e-01 3.750155246341481119e-01
7.001904637072934312e-01 3.268366191433245138e-01
7.436679338381484428e-01 3.270723328126445839e-01
7.113747875477829385e-01 3.444468258626690038e-01
7.752542508592652482e-01 3.345978050376755553e-01
7.175205811806260048e-01 3.388686441577761777e-01
7.333968464814433208e-01 3.591831234489147318e-01
7.422810826027450570e-01 3.881236352460847860e-01
7.295002428965668972e-01 3.848964286381565958e-01
7.707783922472456473e-01 3.341733527891779798e-01
7.941097394545835186e-01 3.751455445815298773e-01
7.131889601106400356e-01 3.888087578127361055e-01
7.933635019848674919e-01 3.987115913317657023e-01
7.005163930569932029e-01 3.174330066381378934e-01
7.128092982246035936e-01 3.751740971239029832e-01
7.418186142442988462e-01 3.528382164537425258e-01
7.467537959463633745e-01 3.929101666149205085e-01
7.009118337512760810e-01 3.157980492797928807e-01
7.704662341757455568e-01 3.003080715241977505e-01
7.687776772461736297e-01 3.244682315214427737e-01
7.224471838790520462e-01 3.690399566039621049e-01
7.616675882345991244e-01 3.691997064731185607e-01
7.905798517531059666e-01 3.329101131267364622e-01
7.089286045087676014e-01 3.719674436085876335e-01
7.421422218124820169e-01 3.372356893505346065e-01
7.292892010018736659e-01 3.608336130215505366e-01
7.800397833677494841e-01 3.933109743618301013e-01
7.240009454953962864e-01 3.569400366611381048e-01
7.263190975909953329e-01 3.754997597426488198e-01
7.354567679893949661e-01 3.509766610046326507e-01
7.750735761116682720e-01 3.999875826432690573e-01
7.475990726035807166e-01 3.672278420906854302e-01
7.148469708010809498e-01 3.757801702303459890e-01
7.477454454538712270e-01 3.525650550509933367e-01
7.823334196494873272e-01 3.804603475834512638e-01
7.695306497418414882e-01 3.936271828633362557e-01
7.323764740320987121e-01 3.537085931966275076e-01
7.589632909018438900e-01 3.424608596630106527e-01
7.343857102004092141e-01 3.770454926611699897e-01
7.142836956598324072e-01 3.869800894049442164e-01
7.644894416083189981e-01 3.432047232887825983e-01
7.644967302816374488e-01 3.880109597106670138e-01
7.349386225488272473e-01 3.782447796998241740e-01
7.823352928578428678e-01 3.764341062060158061e-01
7.275965154705459348e-01 3.673736264570049426e-01
7.701195469233298452e-01 3.609120263730649647e-01
7.670404107825185003e-01 3.895823727890069810e-01
7.438948018552105079e-01 3.646614076743450727e-01
7.026439182816079931e-01 3.588839086425650859e-01
7.193312184554033761e-01 3.227010051043822103e-01
7.443477829690899883e-01 3.904071480602054334e-01
7.713282299495898275e-01 3.992054153036999620e-01
7.217736453099019567e-01 3.527609603511666636e-01
7.666952570190259664e-01 3.031404736724799820e-01
7.227991356238174792e-01 3.502924077289936711e-01
7.455425431825882798e-01 3.662065890370188037e-01
7.006967620378271588e-01 3.993778885994277439e-01
7.393226187160147900e-01 3.006682540587244934e-01
7.154263484937291029e-01 3.596921041362953209e-01
7.575433101668866964e-01 3.811375566389470504e-01
7.214962050601978483e-01 3.128941692613902426e-01
7.070721435784803610e-01 3.961207201189343996e-01
7.808202385621498820e-01 3.369747986663186867e-01
7.022356684509269975e-01 3.821745332966380304e-01
7.363952922668162149e-01 3.349423651202561025e-01
7.281390583683303719e-01 3.213187322926596146e-01
7.331546968113832330e-01 3.286530931555941004e-01
7.011930139220100555e-01 3.984527207738614019e-01
7.084235421255289378e-01 3.307992527201053523e-01
7.487047747648947205e-01 3.908292569559436158e-01
7.051451536471411430e-01 3.440668009492620083e-01
7.034051696227003880e-01 3.739621994916110803e-01
7.908777751845921244e-01 3.733355538256242778e-01
7.184052940084546535e-01 3.710009963670125588e-01
7.004667777037223431e-01 3.773561885054762532e-01
7.416991100607329690e-01 3.929789188033123715e-01
7.044864315306272884e-01 3.166293542761989821e-01
7.944417504915586292e-01 3.925351634857425775e-01
7.242714274883803593e-01 3.982126881459304157e-01
7.013233895515555982e-01 3.236664234412957031e-01
7.997521566010463712e-01 3.665896594648785922e-01
7.452799439364521383e-01 3.155903239603711219e-01
7.140828391745014381e-01 3.003623438697409220e-01
7.524734416362042211e-01 3.353584661177201887e-01
7.183538258861489334e-01 3.151809257365256745e-01
7.628953642981728400e-01 3.578810065969870724e-01
7.481777100190460938e-01 3.388537108361645567e-01
7.503057156546153461e-01 3.268403066387672862e-01
7.363480887445787992e-01 3.395331895369635422e-01
7.647449016118724741e-01 3.442717606231104899e-01
7.215491342957567333e-01 3.733624333206601031e-01
7.191239785101790627e-01 3.357271950476233835e-01
7.370948047991815466e-01 3.822102408303944543e-01
7.274001093507903581e-01 3.710310513060371407e-01
7.105131551211718577e-01 3.852171028675910325e-01
7.000611152284226257e-01 3.113587869184467061e-01
7.886733152380663858e-01 3.748331622711152389e-01
7.250004540142276355e-01 3.729407041461244576e-01
7.354543342629189517e-01 3.917224882362171923e-01
7.963744696870358464e-01 3.335344945224800739e-01
7.248842013212192237e-01 3.997132134460320008e-01
7.158176167939225287e-01 3.659758213910071500e-01
7.615583814705927379e-01 3.404488094472879478e-01
7.467869498116244120e-01 3.265507636693456006e-01
7.662254092288517393e-01 3.529886403255184657e-01
7.581494844359319973e-01 3.966048359970884563e-01
7.818266943433526128e-01 3.932838612790666155e-01
7.485010103734937026e-01 3.453425479312258739e-01
7.141627426635598352e-01 3.707063945507654279e-01
7.628427081075639382e-01 3.984528405269811557e-01
7.538510478827391559e-01 3.918009754829157032e-01
7.169744388163661331e-01 3.760142973997441240e-01
7.914947072773703685e-01 3.631067823709320797e-01
7.561377373268718394e-01 3.377074027871258544e-01
7.853420590337647500e-01 3.651988075241445197e-01
7.608205129608105466e-01 3.435319272549917646e-01
7.633706223299200344e-01 3.140419984258410180e-01
7.991570484600215574e-01 3.419026757480254641e-01
7.146211971087852444e-01 3.541981773743189121e-01
7.534603432058621930e-01 3.539307263399013026e-01
7.589590519444744388e-01 3.555817087053583236e-01
7.281275994612252944e-01 3.557219888204409819e-01
7.049055659467492463e-01 3.404484378197605299e-01
7.944248262272064487e-01 3.516116298846868604e-01
7.358783187225115263e-01 3.576426246429169065e-01
7.212665649190626027e-01 3.773695118366146017e-01
7.346020942142510446e-01 3.274249850645422621e-01
7.020276161062459774e-01 3.489816151572677216e-01
7.482157333707035729e-01 3.474949635118427804e-01
7.157308823715980983e-01 3.941033193072305818e-01
7.633174736435883734e-01 3.337470430720543835e-01
7.986916697629315998e-01 3.857476662449026428e-01
7.561206741730019942e-01 3.861825183664604477e-01
7.439707241990021203e-01 3.773009287655250121e-01
7.641262460912162657e-01 3.661514976614221872e-01
7.161363298730042404e-01 3.969596280684287160e-01
7.871437736198074742e-01 3.611388566790219024e-01
7.430275164509992925e-01 3.779120472390280483e-01
7.052306203096595505e-01 3.499005703913939391e-01
7.782137476166521850e-01 3.858731877214240935e-01
7.189707974757897357e-01 3.567954604187444367e-01
7.975216807929066398e-01 3.646041762207266057e-01
7.301403295033265239e-01 3.432751007093877704e-01
7.479294398223683693e-01 3.719195563286269435e-01
7.002528399953471538e-01 3.402987855462402678e-01
7.683342012979965663e-01 3.420735544973585451e-01
7.332176706649315978e-01 3.965280842626743296e-01
7.392648714168228441e-01 3.811542721535534084e-01
7.380368762533525695e-01 3.121597655492512891e-01
7.515269001849632646e-01 3.578070708665174737e-01
7.644235192227952780e-01 3.232548299226840616e-01
7.028929999471407175e-01 3.271470821722615718e-01
7.268318125568535848e-01 3.468365832303113017e-01
7.410743936213658456e-01 3.482802707308402246e-01
7.040525110424239452e-01 3.138295411861581341e-01
7.725999445760886042e-01 3.031053487983936257e-01
7.524128235023166411e-01 3.908919383486931798e-01
7.663395497442835325e-01 3.281049366041494664e-01
7.331932011323578635e-01 3.980500902207040892e-01
7.291640310408609160e-01 3.922502604929403724e-01
7.463979085364302879e-01 3.489234606384059023e-01
7.457789806295055390e-01 3.186764418364576024e-01
7.971833539393535784e-01 3.928427634327766871e-01
7.330596793114381171e-01 3.888294169935861966e-01
7.938483035315629932e-01 3.393228336696960667e-01
7.962831047591270028e-01 3.887422047601524211e-01
7.785969498722229432e-01 3.948704288710297439e-01
7.193226850957921137e-01 3.997102885680284823e-01
7.406322695423476210e-01 3.868147025073722101e-01
