7.227270984816263066e-01 5.617371762042828731e-01
7.127457583247949202e-01 5.455159941913416688e-01
7.458272476837169984e-01 5.797071750993665340e-01
7.543875409535851784e-01 5.326561700945402489e-01
7.251146759810453979e-01 5.329079332194004426e-01
7.213518392668275547e-01 5.835314569656242512e-01
7.456000777581099914e-01 5.799136467975992693e-01
7.831349817416295434e-01 5.856129185648867308e-01
7.839014972161026940e-01 5.605086826987983883e-01
7.377934460697646024e-01 5.616946790160151082e-01
7.627202708364941852e-01 5.054422802879615650e-01
7.330273151613651006e-01 5.046332687853571919e-01
7.289308814541952675e-01 5.580949472318126325e-01
7.745361327030391152e-01 5.063436086275668879e-01
7.940335726319016629e-01 5.427762211036617490e-01
7.472137918262398149e-01 5.453161876206118475e-01
7.639547065680956095e-01 5.932198255000171727e-01
7.570935465106970463e-01 5.196435122873583889e-01
7.589000798175377094e-01 5.291274617623699106e-01
7.168744738031106456e-01 5.158973580571487583e-01
7.798485811469137996e-01 5.216599773871589685e-01
7.912350981963883756e-01 5.294228754899771294e-01
7.799548647675476065e-01 5.822848642302427269e-01
7.778105228334520893e-01 5.490175179983876053e-01
7.869505034347296091e-01 5.053663935097386650e-01
7.558981596408069770e-01 5.047413701998607616e-01
7.123058905920707229e-01 5.784343136215912562e-01
7.308737441608570418e-01 5.059844889454916395e-01
7.996134963539343055e-01 5.328734149204596982e-01
7.805954023161316702e-01 5.657795059513318625e-01
7.413150783691075940e-01 5.768794300442747769e-01
7.516160870743542333e-01 5.081232239743139756e-01
7.893769465673619035e-01 5.067137362545761636e-01
7.228904337312958006e-01 5.130646099152154083e-01
7.231454096976756007e-01 5.175459949825096384e-01
7.817514252532089536e-01 5.992958076039825999e-01
7.384242751636325153e-01 5.028114182774068297e-01
7.066356553819984621e-01 5.450374846808141438e-01
7.385658743854452979e-01 5.044808011041878038e-01
7.470495081141567129e-01 5.631205228870980184e-01
7.278708330307522845e-01 5.579719750697069713e-01
7.758288783305355985e-01 5.079511765032219683e-01
7.825450294876393764e-01 5.417020713590043890e-01
7.719069872425169399e-01 5.066792094788512557e-01
7.677850350678221414e-01 5.014566872356462923e-01
7.304053746447798368e-01 5.950071047670663082e-01
7.891629094759424756e-01 5.003438864748684933e-01
7.955659312149150342e-01 5.317625347695477123e-01
7.968609285470674708e-01 5.613793871646401978e-01
7.959054073956408626e-01 5.674219574295240598e-01
7.290505499711783521e-01 5.189257411447425472e-01
7.833016841897560978e-01 5.933883778743956894e-01
7.968842941611019581e-01 5.898081712416893829e-01
7.126716134665787017e-01 5.012729164091107581e-01
7.659340741132582009e-01 5.132360677893202938e-01
7.692005043113150364e-01 5.781871019238247200e-01
7.883260031402562484e-01 5.301589452385286894e-01
7.833693109472916749e-01 5.008808241243616344e-01
7.352144556119306618e-01 5.184720586123290342e-01
7.878490147353419681e-01 5.491014859125484815e-01
7.712309733415900759e-01 5.191284483811920980e-01
7.822843235284032692e-01 5.064953403377017160e-01
7.880580430196251207e-01 5.580308777326684622e-01
7.856998655647223773e-01 5.640560136388061974e-01
7.074077077870236652e-01 5.091620291449164837e-01
7.333601754086103153e-01 5.512240336532643337e-01
7.137662042761591108e-01 5.089850362629719793e-01
7.782063312883436001e-01 5.257022592107499781e-01
7.458581912179157447e-01 5.352631400347585000e-01
7.239288904608152109e-01 5.401814887750328031e-01
7.095101971009973862e-01 5.144246737032605044e-01
7.651986519217095495e-01 5.171947037747977038e-01
7.854246641209906565e-01 5.955095527986485893e-01
7.664127783659712145e-01 5.141476511798073190e-01
7.897345388378925746e-01 5.518504707852101010e-01
7.486024457080716621e-01 5.546537870702796802e-01
7.374890319959540586e-01 5.458476937011921271e-01
7.946038656119175370e-01 5.090040723166791015e-01
7.409503978539280222e-01 5.763706150475245149e-01
7.804690913492673410e-01 5.095861767700845535e-01
7.651327338600939498e-01 5.036354967252893999e-01
7.885447113834790356e-01 5.046727575379249542e-01
7.630394302004346319e-01 5.621969155081142366e-01
7.350979146510755458e-01 5.351858224017429499e-01
7.988993323906099508e-01 5.218680401337223440e-01
7.200755692830753674e-01 5.810067712154693975e-01
7.892671194232668830e-01 5.606900635126468302e-01
7.645720699312252844e-01 5.093624171643118537e-01
7.379271758304878359e-01 5.508550715235298600e-01
7.056837453187920772e-01 5.037179197765886407e-01
7.576222346821390730e-01 5.677063722952183644e-01
7.228490477226963140e-01 5.038078811496728981e-01
7.918181500391272554e-01 5.294920204464095281e-01
7.321453128031104596e-01 5.406221456879261034e-01
7.935964759988693995e-01 5.185327345390478015e-01
7.875424971027785714e-01 5.430343024425188236e-01
7.844171572903468892e-01 5.475087429933521710e-01
7.851973734393871140e-01 5.796529711472004909e-01
7.418200623085753342e-01 5.134677087853829480e-01
7.300921098290507061e-01 5.056633146207105689e-01
7.223562426638241440e-01 5.169264382704183980e-01
7.832839336351603565e-01 5.290304245998416199e-01
7.025821194930653713e-01 5.622344386443101083e-01
7.379810658347809582e-01 5.737875264815672782e-01
7.877566241554001536e-01 5.577619653752665663e-01
7.734826175716607022e-01 5.863289616163327445e-01
7.475235608418777655e-01 5.436669562071144712e-01
7.750094264674773914e-01 5.070926012099493674e-01
7.627806849382749999e-01 5.000519149773368088e-01
7.083766807178778491e-01 5.536047705746319769e-01
7.426278618160592204e-01 5.531702854637241540e-01
7.515690855411916171e-01 5.350967292297090783e-01
7.098707937060309003e-01 5.871977701886752499e-01
7.536496392165885627e-01 5.100313326237980727e-01
7.745294170109542353e-01 5.882397125304810181e-01
7.821673611775674662e-01 5.184813524227187553e-01
7.388031981110911861e-01 5.913523800515783080e-01
7.672450769097318712e-01 5.569332290217408055e-01
7.657182416939214420e-01 5.338693121737612124e-01
7.895741530970641353e-01 5.270959978679132796e-01
7.372931820430775884e-01 5.541319563775464196e-01
7.258136689837111355e-01 5.387876323355925701e-01
7.932352732852940846e-01 5.869275717539292891e-01
7.596568376815637791e-01 5.599591877913246973e-01
7.440187268983513569e-01 5.995001483984039314e-01
7.836097625491068586e-01 5.232902707137502274e-01
7.453031548642843340e-01 5.781941798716668801e-01
7.803412373744862407e-01 5.211711560785415864e-01
7.071906932668646784e-01 5.268583003982224566e-01
7.599693038582631122e-01 5.182205347798450878e-01
7.621459517644977311e-01 5.411274963683757599e-01
7.164258229082727247e-01 5.300392111963505570e-01
7.220922293437573858e-01 5.284507832089266888e-01
7.205762421756807257e-01 5.300294836611351146e-01
7.602166812033284149e-01 5.043262166538765578e-01
7.661250344863633766e-01 5.167211311981120270e-01
7.776668930352571563e-01 5.539540666730493612e-01
7.596258039199724754e-01 5.235354419257072234e-01
7.989807428682491608e-01 5.300980675339994619e-01
7.378772880074546681e-01 5.141338485097275424e-01
7.220915144584596490e-01 5.048101244300555734e-01
7.089709931511515295e-01 5.246976905367599642e-01
7.652837275364211544e-01 5.949273048377770046e-01
7.638455021140972967e-01 5.549201924628419658e-01
7.408506455637364763e-01 5.114968314964282170e-01
7.041219053862561861e-01 5.174791304295718319e-01
7.354959394761039215e-01 5.475480576663271925e-01
7.864267658764070301e-01 5.183620034370821639e-01
7.972238593980573995e-01 5.739928329410985963e-01
7.058131204416581150e-01 5.056080943562945018e-01
7.136127726937085969e-01 5.902732155694156990e-01
7.627065847702368950e-01 5.169459997220031688e-01
7.826736780060938869e-01 5.519751404713376663e-01
7.197323932915529188e-01 5.841212454244689711e-01
7.268140818816573034e-01 5.432386805068656344e-01
7.912271069030986093e-01 5.226352637184963346e-01
7.646375155273091861e-01 5.286554881313452192e-01
7.885710038402875544e-01 5.153922372429842191e-01
7.733274090483318597e-01 5.365131097337038080e-01
7.076607170550133219e-01 5.006340001274462992e-01
7.494631819174419896e-01 5.778408665453245163e-01
7.868301243329591799e-01 5.440460386340675303e-01
7.025172383382863872e-01 5.151708333651175975e-01
7.293912176650613199e-01 5.605202696885217550e-01
7.452065386247255230e-01 5.788041641703419726e-01
7.867377746704744546e-01 5.081607399441370188e-01
7.787552635615769825e-01 5.804162602425577688e-01
7.704417580575705360e-01 5.329710150788620204e-01
7.374686188783601271e-01 5.518247461962377809e-01
7.508205513885916060e-01 5.281957801561774080e-01
7.310799517361504796e-01 5.349237595945059986e-01
7.177804846619344481e-01 5.393868575592012382e-01
7.157462684743424175e-01 5.582867085456115763e-01
7.644923809317744068e-01 5.308612961509873163e-01
7.551247491817696389e-01 5.577940696665792952e-01
7.741571061271508292e-01 5.737917709895808960e-01
7.478678253933332964e-01 5.874179855098381475e-01
7.725756104977037353e-01 5.172844188833578549e-01
7.937835705656590690e-01 5.321751472528122306e-01
7.539500804912346865e-01 5.442925386700100399e-01
7.897848233362648740e-01 5.334663348265434868e-01
7.404642068124893672e-01 5.779306774321788520e-01
7.262405007841697957e-01 5.328348320880291755e-01
7.658195630295366874e-01 5.116943208523934139e-01
7.354082442790152996e-01 5.552822162126974659e-01
7.979575323742481574e-01 5.429416351331094459e-01
7.770523829576432284e-01 5.627782248889657835e-01
7.733199275373408010e-01 5.145789057876486439e-01
7.100167769110152793e-01 5.482553409267512112e-01
7.957805545755314292e-01 5.817567667253281671e-01
7.981813138253025519e-01 5.442250485180661901e-01
7.304184179616221018e-01 5.110892343678791194e-01
7.946210309325990595e-01 5.225049168403129718e-01
7.919875348808734783e-01 5.311537938125836522e-01
7.681284349272785583e-01 5.373484117996176757e-01
7.284700681406474088e-01 5.495194725944330116e-01
7.524617319161257534e-01 5.233097263595800630e-01
7.703315705856442763e-01 5.208210468097483892e-01
7.150532754342151520e-01 5.253499248242283759e-01
7.405369291028137679e-01 5.010930622663930523e-01
7.466208570833989810e-01 5.161002622510556526e-01
7.652443070621688381e-01 5.035489790054524795e-01
7.716973724314633021e-01 5.958254232738752210e-01
7.950988381997583510e-01 5.321121074116972327e-01
7.341368203634440759e-01 5.712323760171971188e-01
7.926341723870820033e-01 5.315435320493550053e-01
7.815800681289348795e-01 5.123214045513767578e-01
7.684124571546679938e-01 5.045468262116395985e-01
7.474081308104120192e-01 5.134237583458594045e-01
7.388259127697250905e-01 5.451736820362719227e-01
7.298245654984942821e-01 5.150040559277990759e-01
7.899058282954739552e-01 5.354391149111055181e-01
7.106069306171869382e-01 5.203986242887890246e-01
7.064334518922794626e-01 5.456568474688190395e-01
7.305139186279856478e-01 5.392323631161257680e-01
