7.405411402572635859e-01 6.061140221016600993e-01
7.548307301074281828e-01 6.361641258268129206e-01
7.942293374983286913e-01 6.959643041451557544e-01
7.940064261224095699e-01 6.517097366741240183e-01
7.925065773464590180e-01 6.008721273043853284e-01
7.681536281291450052e-01 6.037841952805458323e-01
7.682382518671251326e-01 6.015596321240319622e-01
7.914421047793208652e-01 6.757968159320887347e-01
7.802880723228490245e-01 6.569349023205215410e-01
7.695052763761784931e-01 6.167001092269519535e-01
7.806902739917485068e-01 6.183815063523752098e-01
7.703107727062606935e-01 6.158045348948328890e-01
7.064927608391846636e-01 6.407796862563385210e-01
7.569752954200349437e-01 6.261670422751622889e-01
7.798789298643340473e-01 6.296296864477386457e-01
7.789115412281132356e-01 6.040144105284036558e-01
7.430565263646158325e-01 6.035349768908218060e-01
7.617733779777740022e-01 6.448005209494324097e-01
