7.402689205833792307e-01 7.834826247765100948e-01
7.273499914080223672e-01 7.774229361272244621e-01
7.849673359096620562e-01 7.996953205306792656e-01
7.404596318020434387e-01 7.718621738105232444e-01
7.193738544418528669e-01 7.594387106785925878e-01
7.619842522377622274e-01 7.926683211562592923e-01
7.454362900704039063e-01 7.795420563001135283e-01
7.480510414251784201e-01 7.896056513433806767e-01
7.793671784907926225e-01 7.864939679996134636e-01
7.616850966093118291e-01 7.947477153655629900e-01
7.727684348632373190e-01 7.955936172601629774e-01
7.003076168944228908e-01 7.353191493409777513e-01
7.161654609381264969e-01 7.362094272522503591e-01
7.467466280917475219e-01 7.640666685331997110e-01
7.523368364437980071e-01 7.933836233218763967e-01
7.217438346580919983e-01 7.442422094055938242e-01
7.410435544067591751e-01 7.873806067147152143e-01
7.653568115021625040e-01 7.904442480616170608e-01
7.543093380405939685e-01 7.940883810265073617e-01
7.710873725169669068e-01 7.888544058495684519e-01
7.567634696896261559e-01 7.722911333457488370e-01
7.662481432065991749e-01 7.687900708012301854e-01
7.982102156917263436e-01 7.954488429223776080e-01
7.397535724306001370e-01 7.782254054458832560e-01
7.854576480159483065e-01 7.952349687845728932e-01
7.498865418371984948e-01 7.736749088682202125e-01
7.855184836857321828e-01 7.924100878744433363e-01
7.114185210690292527e-01 7.641678924829331532e-01
7.110915632048235846e-01 7.607388560540038203e-01
7.730784030588961908e-01 7.933367674997461316e-01
7.045590319543397761e-01 7.453655035233344162e-01
7.299840903511115586e-01 7.787681757296343044e-01
7.001548499192804531e-01 7.512715094064996713e-01
7.153252584753871934e-01 7.885494646556928666e-01
7.557281002879826515e-01 7.780005769516186165e-01
7.451247568166500246e-01 7.911044917303424739e-01
7.269021509748591070e-01 7.433197944562603965e-01
7.161662585542031279e-01 7.759118537991793740e-01
7.004096653140989837e-01 7.376969840333862383e-01
7.179146413626003032e-01 7.619060327639743946e-01
7.004986254844125515e-01 7.638125763477127128e-01
7.550841159514891654e-01 7.659023759980195800e-01
7.418292515982436441e-01 7.701731748360526320e-01
7.244723303104909640e-01 7.685473361775965184e-01
7.778345512179142274e-01 7.950836824821381210e-01
7.704934796310572986e-01 7.850637384907521721e-01
7.403533431623594563e-01 7.729714540584999849e-01
7.115570233698795821e-01 7.224230864895646587e-01
7.271172645469715645e-01 7.767407777442573158e-01
7.227828093010882915e-01 7.683861407668544086e-01
7.868790053987573252e-01 7.925798498305803852e-01
7.325517612347205443e-01 7.776090326996791813e-01
7.341810871219272006e-01 7.716419541925603198e-01
7.425036751905430554e-01 7.677881301426514593e-01
7.759912387553552504e-01 7.681176723616883750e-01
7.648307794343358612e-01 7.987339062087748243e-01
7.675819215486467950e-01 7.892629873162383403e-01
7.993005599928060256e-01 7.980205085210300142e-01
7.044831153427534298e-01 7.488880449237347303e-01
7.050273191776770254e-01 7.450294747010388630e-01
7.822830544591760082e-01 7.890358712831119226e-01
7.139865690666611364e-01 7.506455132776179706e-01
7.423466880323877914e-01 7.627912923813613411e-01
7.284949477300992626e-01 7.830777132421323783e-01
7.556571033772896406e-01 7.604453131782246134e-01
7.784453865480909229e-01 7.871391317082374606e-01
7.211859497184105461e-01 7.571327799083436005e-01
7.575689969617932507e-01 7.814975870531359892e-01
7.275024782784085264e-01 7.579644769680666805e-01
7.491731998669641790e-01 7.681609203637397298e-01
7.109093421636321075e-01 7.529523443143297801e-01
7.663637589527608762e-01 7.608102360458828262e-01
7.883716230278828840e-01 7.945217989763051492e-01
7.811160779667417620e-01 7.885492981821398129e-01
7.204209312425379208e-01 7.944712283793039509e-01
7.058236462118127053e-01 7.502826765746550830e-01
7.010255281047155229e-01 7.467479319595565768e-01
7.529857392220125067e-01 7.956012440063410240e-01
7.618655990687394075e-01 7.521088110423402862e-01
7.126910289034481538e-01 7.624725803908899424e-01
7.173211332127844564e-01 7.358434069611003991e-01
7.868159454577023926e-01 7.697608539304046094e-01
7.472919859320127367e-01 7.824222150514185126e-01
7.370082243699687119e-01 7.676305818895317046e-01
7.182012697930655332e-01 7.520428296595121909e-01
7.407888929276147394e-01 7.945664142842618904e-01
7.326032247515709139e-01 7.382839092032842387e-01
7.254353236948122285e-01 7.269091726604280934e-01
7.988629398692552730e-01 7.993568953270556721e-01
7.095519812962555184e-01 7.743680393422570640e-01
7.360492190308511873e-01 7.707250759967618770e-01
7.057162544135223703e-01 7.643550110481295290e-01
7.814808207579687638e-01 7.713947289133403773e-01
7.768951657649749709e-01 7.883934412381559120e-01
7.095008096335176928e-01 7.556317716098517323e-01
7.436259902131600041e-01 7.692896311042539681e-01
7.484982250783229762e-01 7.723504437163328795e-01
7.200010279764459398e-01 7.776610600348283775e-01
7.622976311876067390e-01 7.794432645249678160e-01
7.142647117620632979e-01 7.615744883776087715e-01
7.796289529315103550e-01 7.887230805225169394e-01
7.467017564835554122e-01 7.953319345707910992e-01
7.573591945751114718e-01 7.806342452105914376e-01
7.244762824732172701e-01 7.718734813994700961e-01
7.052761555244062563e-01 7.642449924615639656e-01
7.725393384492782456e-01 7.886118434673667910e-01
7.365820545658350316e-01 7.769313570324515306e-01
7.879828544669839063e-01 7.905060632672046284e-01
7.356223721270777061e-01 7.943056156222324526e-01
7.450784856442889126e-01 7.838045097974675190e-01
7.089859584186870567e-01 7.320532006980191575e-01
7.400792223493365407e-01 7.532781360889008182e-01
7.059104636305928437e-01 7.238308856542894354e-01
7.084713141395793112e-01 7.644214026712250476e-01
7.336550206587605372e-01 7.372274326626112595e-01
7.080211220621110968e-01 7.393584361423309881e-01
7.246998890675526717e-01 7.553382074971112248e-01
7.174684540301288216e-01 7.508989638649989917e-01
7.528082368602539987e-01 7.745138979794177203e-01
7.253009583856827591e-01 7.977842982967351393e-01
7.500472198054684014e-01 7.686908200285859083e-01
7.663005269520943852e-01 7.732730158337757231e-01
7.051065616267783165e-01 7.342115689234012255e-01
7.952440605382836702e-01 7.962348568208824640e-01
7.459168878553378290e-01 7.745426166233984056e-01
7.701140933959057522e-01 7.866784572427237832e-01
7.385030738075317736e-01 7.748085134542133101e-01
7.357290295996566920e-01 7.854232241510370471e-01
7.425852791069900150e-01 7.708393606263890252e-01
7.191486705101958199e-01 7.806258605183029609e-01
7.256847033242485034e-01 7.850993309548961463e-01
7.848882508552560422e-01 7.853080143993205198e-01
7.003439420677457505e-01 7.507392287155323363e-01
7.331724710823980251e-01 7.630040864143983192e-01
7.208317577918031960e-01 7.376613364872477430e-01
7.430032863421729417e-01 7.878771117465815932e-01
7.055043867362637000e-01 7.301256182970032871e-01
7.015403920524603265e-01 7.770933818734236942e-01
7.547139168462577707e-01 7.880462572455412262e-01
7.326948578784989730e-01 7.805795099425310024e-01
7.307193483744438556e-01 7.657168624101357013e-01
7.486866067436884764e-01 7.774183384521362594e-01
7.398940171329903004e-01 7.477987496718895288e-01
7.071378470372710057e-01 7.559518259213366953e-01
7.217063045415331723e-01 7.424850615036947543e-01
7.191456192348526510e-01 7.714806701153646973e-01
7.538380302022873458e-01 7.633987407513365131e-01
7.578811382227493842e-01 7.801463500322035616e-01
7.003620521873011873e-01 7.456934671288650840e-01
7.936057509932928911e-01 7.943677239192443729e-01
7.118673041975907001e-01 7.543245665019062685e-01
7.867163012811875245e-01 7.976960619222845938e-01
7.485870441595532387e-01 7.628833901977468690e-01
7.860581711958901652e-01 7.936140843275792944e-01
7.612600077456789238e-01 7.595754647738854892e-01
7.770283114960591098e-01 7.920994173879356559e-01
7.510571119575550902e-01 7.886812482973133420e-01
7.628588483675272647e-01 7.720025163749572039e-01
7.335943766511592301e-01 7.596140989055804038e-01
7.007360392684891526e-01 7.584188396747633121e-01
7.609717075149968757e-01 7.899057621073053426e-01
7.786843985646710875e-01 7.838101898563096803e-01
7.289715610820624025e-01 7.634760912593332449e-01
7.100653561545250403e-01 7.444724922439367454e-01
7.474843132956821012e-01 7.865432811042945005e-01
7.123197451412163206e-01 7.568735979073339948e-01
7.236030163725221120e-01 7.234865434318967781e-01
7.270442952971775119e-01 7.688020963534037966e-01
7.269182040525598021e-01 7.719475922980389981e-01
7.792911472220844793e-01 7.918984962681356876e-01
7.330350629734140311e-01 7.610730735894895016e-01
7.539352554676360674e-01 7.882988085564918146e-01
7.378028720185092482e-01 7.852415243563999336e-01
7.384811318682115155e-01 7.786518917499604120e-01
7.928016625410772011e-01 7.930308915977101192e-01
7.501749390394297778e-01 7.889635490557485031e-01
7.892837610518399494e-01 7.922068934875499124e-01
7.540172839001259009e-01 7.954158299943484556e-01
7.322726774737393640e-01 7.882188530266224236e-01
7.363706270982025570e-01 7.817383438872586021e-01
7.548991634485413549e-01 7.924667818913562201e-01
7.780693642494671547e-01 7.964322799319450974e-01
7.316146258381696077e-01 7.242809731157026087e-01
7.522618785825310184e-01 7.887316886373900715e-01
7.763891877746436077e-01 7.983141953514617528e-01
7.835436099249913910e-01 7.989405273094170035e-01
7.485220651423011295e-01 7.749453892147736278e-01
7.902318786075449575e-01 7.980861199176125798e-01
7.622299603998198281e-01 7.894809565874149060e-01
7.838030865505375422e-01 7.867047537123099676e-01
7.304306584148488879e-01 7.868684670209238341e-01
7.314488038373294643e-01 7.705458633266650814e-01
7.386885494955631737e-01 7.841264084799343115e-01
7.417265363422530511e-01 7.688520081805999551e-01
7.004947034176915999e-01 7.353137417490817063e-01
7.168111696595141913e-01 7.311859149996027263e-01
7.450372895182650890e-01 7.779775884105770700e-01
7.500584044389638771e-01 7.910474561272359262e-01
7.704642385610039890e-01 7.981976761547358024e-01
7.183799926595807461e-01 7.494526717684567574e-01
7.880169187209942194e-01 7.808860783451638810e-01
7.166800075455928010e-01 7.587767903890052512e-01
7.363977427943018128e-01 7.607457089903872927e-01
7.777429082504105917e-01 7.598637054864931795e-01
7.569255137090492580e-01 7.779283382190096408e-01
7.330408494322726565e-01 7.837259695344152011e-01
7.217730458824980211e-01 7.612116228681261587e-01
7.196853005685184268e-01 7.447265271272074383e-01
7.543422133515462757e-01 7.852327857844263459e-01
7.936786320687916341e-01 7.748195725734767780e-01
7.700226450675951018e-01 7.772210476866675544e-01
7.502578791606903108e-01 7.678612516367443463e-01
7.425273031032577631e-01 7.612884797797355718e-01
7.230426247617255386e-01 7.433810645757683577e-01
7.496613360207139420e-01 7.709014453957629964e-01
7.373310086621640558e-01 7.817321389697854395e-01
7.202111887120865585e-01 7.635168505185039312e-01
7.811418831660251749e-01 7.605093852324908976e-01
7.138556324109144313e-01 7.577958861658576906e-01
7.331650701972999284e-01 7.364817072827877231e-01
7.666018766500355408e-01 7.900529310970761943e-01
7.384727725833276635e-01 7.826938687327434918e-01
7.111867707476389189e-01 7.505777457907868433e-01
7.431873000864155365e-01 7.681041952111571369e-01
7.980419493011436938e-01 7.894770341820379622e-01
7.550689183392443882e-01 7.897808014663544318e-01
7.485356358290543577e-01 7.781714449093650732e-01
7.496788402623089098e-01 7.700850289059427700e-01
7.901818281338208738e-01 7.834247815384411950e-01
7.333152494443043734e-01 7.708099577629542454e-01
7.646916299025433572e-01 7.866320259663444059e-01
7.533277841226706517e-01 7.677487211495361841e-01
7.022815912717360609e-01 7.393838619106032350e-01
7.001645869929896682e-01 7.410230570329729982e-01
7.494768770214823572e-01 7.663452358057768476e-01
7.000892816514758810e-01 7.413987932816860082e-01
7.872308817267390513e-01 7.954044055307831762e-01
7.294181108989719053e-01 7.807999480257715730e-01
7.783175477590121849e-01 7.938809797878240149e-01
7.465697421249786192e-01 7.961096576850308359e-01
7.214201002713072075e-01 7.658793618369104106e-01
7.733432972207185951e-01 7.618394866364439633e-01
7.234293585242066449e-01 7.586861370464845766e-01
7.211492849852964016e-01 7.437273046028779477e-01
7.108498072683717695e-01 7.513000708853718734e-01
7.643432399662365428e-01 7.550170570813059534e-01
7.670145925334315162e-01 7.924706798743746949e-01
7.183957399943219357e-01 7.685468128060251036e-01
7.786199757646184993e-01 7.756010029282620621e-01
7.014088365982202866e-01 7.384687202000492778e-01
7.506506767945697600e-01 7.575093847018741222e-01
7.411912309013160005e-01 7.740289798775300545e-01
7.555327099356369258e-01 7.946262121650415899e-01
7.200866090618932569e-01 7.510285752074880028e-01
7.740875045887447570e-01 7.643471748952098688e-01
7.277760245579388831e-01 7.853239819536785848e-01
7.636091609515389678e-01 7.673704389249134117e-01
7.009358571703196983e-01 7.312199575181868028e-01
7.553360192459629419e-01 7.672449256172567678e-01
7.278264226186043073e-01 7.851394956081595433e-01
7.944493489768096328e-01 7.982127270849805889e-01
7.506979514117221308e-01 7.798579379692481828e-01
7.505284676823691381e-01 7.810566194247108296e-01
7.038794016576066515e-01 7.554980471680163845e-01
7.409394888325633310e-01 7.729841357788962419e-01
7.251051878742061918e-01 7.691029084889045020e-01
7.289259833667434130e-01 7.925072198424845116e-01
7.071686887638256591e-01 7.511183580446580965e-01
7.337622184564934757e-01 7.517335455212467155e-01
7.374102624958895902e-01 7.761671851824323287e-01
7.317109821182131713e-01 7.936918655932988509e-01
7.679003077822910139e-01 7.676434407930017301e-01
7.046864878732378434e-01 7.475274248846159875e-01
7.437027604276439385e-01 7.796165850456284740e-01
7.166801401669594673e-01 7.900993815177936863e-01
7.647754561194424205e-01 7.936882974276664449e-01
7.634721490864115889e-01 7.846497433179453473e-01
7.224263177913766709e-01 7.594621422583474057e-01
7.507436394672777347e-01 7.973582127624261329e-01
7.627684228454696402e-01 7.732857110011064350e-01
7.015466649910562236e-01 7.385459325801863040e-01
7.681788918850261938e-01 7.884129821430149176e-01
7.516392792874456719e-01 7.824118286174961412e-01
7.010990664571938868e-01 7.567270051194839864e-01
7.314305690352109757e-01 7.602086814867192732e-01
7.449664398120737774e-01 7.910040178103647790e-01
7.491191363523879154e-01 7.421732968436688394e-01
7.032179298508355325e-01 7.504010612760313448e-01
7.469528174656581143e-01 7.913457040656804997e-01
7.906225219072439137e-01 7.860992859081026296e-01
7.355005591802088460e-01 7.785004864385426382e-01
7.495574458930333028e-01 7.801799153137174425e-01
7.321707856076014043e-01 7.707080548152495103e-01
7.597820014217129270e-01 7.929182251358025679e-01
7.565326920365350594e-01 7.906828260760677685e-01
7.068967304087565573e-01 7.598392603420270897e-01
7.127501854425843941e-01 7.793475544412304945e-01
7.557118933826042495e-01 7.908909290339953824e-01
7.514413003004293268e-01 7.585206082280926410e-01
7.046584853544222149e-01 7.530879814452915433e-01
7.519423559222923048e-01 7.874373713516789053e-01
7.532186803511564666e-01 7.761222511430823090e-01
7.725509706405415677e-01 7.831972493041555738e-01
7.782404986670674596e-01 7.916039670383693272e-01
7.762821131232136018e-01 7.951170824074065280e-01
7.571009682169467236e-01 7.748269551273573308e-01
7.011560353355845709e-01 7.277205138404273521e-01
7.060367165709908743e-01 7.622497725880961195e-01
7.272745409783873960e-01 7.796005578849295459e-01
7.276736830756407315e-01 7.752781680589088120e-01
7.202537019716414024e-01 7.695354703851323697e-01
7.516634369273186289e-01 7.619770278162707466e-01
7.332827844442223464e-01 7.588083886068278661e-01
7.605478112056222040e-01 7.949900300521985930e-01
7.387433303829432640e-01 7.532595196600301302e-01
7.215698779580155264e-01 7.540915377764537686e-01
7.386322833263483378e-01 7.630509195020265256e-01
7.767664009123175228e-01 7.961670536638755236e-01
7.038294061277199365e-01 7.473117322326147116e-01
7.801869813468399473e-01 7.887029882666719560e-01
7.890737938324858813e-01 7.941984800666773703e-01
7.553082324270881109e-01 7.822749929020937909e-01
7.375449465344856570e-01 7.822769077667374171e-01
7.822936348053750599e-01 7.647953963561097135e-01
7.911489348080744666e-01 7.970635939611889764e-01
7.228072274959479460e-01 7.618284269261407227e-01
7.487742749845114343e-01 7.616038269131284455e-01
7.748230130487057110e-01 7.916020201916937893e-01
7.234482609037552470e-01 7.349383218846828880e-01
7.017437452779313745e-01 7.568828604034202323e-01
7.157384642508257677e-01 7.668263623327699063e-01
7.800757384113132797e-01 7.788295892541536869e-01
7.138143213422241118e-01 7.730985100244456287e-01
7.701927839390887431e-01 7.787939408798020269e-01
7.803710691844799596e-01 7.985226171408491558e-01
7.284484975564264886e-01 7.566935766715436884e-01
7.217137734220769874e-01 7.557935586550719176e-01
7.083936694377035437e-01 7.603481959788526146e-01
7.389777760275351159e-01 7.925673973569692388e-01
7.155448134692605766e-01 7.620215282457016848e-01
7.622691826854077757e-01 7.930187644994757257e-01
7.539436550159930306e-01 7.725062402841310627e-01
7.364107036801139650e-01 7.781241450092959422e-01
7.949880328388235773e-01 7.723464195543665589e-01
7.437094091540816798e-01 7.684216695636407746e-01
7.027246791846928353e-01 7.501953005433317223e-01
7.377187789507670956e-01 7.634456126559663325e-01
7.707215752538942866e-01 7.798623327422299356e-01
7.119110918321924775e-01 7.566920423400724793e-01
7.413481377635208203e-01 7.752393705173465932e-01
7.372401332866828083e-01 7.586894326754003437e-01
7.725216125181856297e-01 7.813419111979154064e-01
7.796114822256287047e-01 7.755429522471850579e-01
7.271577253118239881e-01 7.879721631388750813e-01
7.630106448188064272e-01 7.862705929786937276e-01
7.313997981108996127e-01 7.421128161692502889e-01
7.322636616894901973e-01 7.717328278074494508e-01
7.097242117740159006e-01 7.989230849168186266e-01
7.780194154589381572e-01 7.941886595227451995e-01
7.779591053564738345e-01 7.853072125742037723e-01
7.312544029949078483e-01 7.439207491712946929e-01
7.547770776971713946e-01 7.863198090238889826e-01
7.038151819609401727e-01 7.500403597883412710e-01
7.814792963656335134e-01 7.971148448148306365e-01
7.079243657206851781e-01 7.397167842392643466e-01
7.235400332847021776e-01 7.719028471361352173e-01
7.526709526910689840e-01 7.760670924869677023e-01
7.635664229589156360e-01 7.911930266145570378e-01
7.087455179696929841e-01 7.742376946951000649e-01
7.445401319386732997e-01 7.568542373502732401e-01
7.821640438294543696e-01 7.940919526916339066e-01
7.655043784491133430e-01 7.786934915995435968e-01
7.744373977200813552e-01 7.720361992047521937e-01
7.830405432510024744e-01 7.846594511402689154e-01
7.417453900472349426e-01 7.716221186038149105e-01
7.230211832544225503e-01 7.468662560721379684e-01
7.323098904663836173e-01 7.676360929261467625e-01
7.054197271269537772e-01 7.518732686739728610e-01
7.922696756142074692e-01 7.776096800541575371e-01
7.154291214799261001e-01 7.823272462024373208e-01
7.274916273962741542e-01 7.879179414255276237e-01
7.559764147912271248e-01 7.515886474799576833e-01
7.169145032678122531e-01 7.491287507775463705e-01
7.520296393706636939e-01 7.646796868949499171e-01
7.324811567380433708e-01 7.851188141576642687e-01
7.550931323437296561e-01 7.863101768857749807e-01
7.335692276855501071e-01 7.844776731234709422e-01
7.019055021565341335e-01 7.289150899801017935e-01
7.249455112501950182e-01 7.645637607959486770e-01
7.657733498024742458e-01 7.874781271093491686e-01
7.149018895193798295e-01 7.414206344134950388e-01
7.528632989710828394e-01 7.706228474977180332e-01
7.721814044916460729e-01 7.871467207510729480e-01
7.528280122134332064e-01 7.999009402326828777e-01
7.884530552375571544e-01 7.986911723294645160e-01
7.501533993716897886e-01 7.896884209273715705e-01
7.014175778656090987e-01 7.230686679331043143e-01
7.766674599584569849e-01 7.899865489424744425e-01
7.728922508371635081e-01 7.692209895497020833e-01
7.209336272683195546e-01 7.780675910209546853e-01
7.441653486164713227e-01 7.858281420802397665e-01
7.084795088592286127e-01 7.417545771422434653e-01
7.521762532080789043e-01 7.769649016798054753e-01
7.343152473090943655e-01 7.639546577564745311e-01
7.247865295687059284e-01 7.699753004586769034e-01
7.726316382018235673e-01 7.758503939238045044e-01
7.339361023807770001e-01 7.787035481218074207e-01
7.941519039773154987e-01 7.978266886379066225e-01
7.690437514786010453e-01 7.942772489723606277e-01
7.605627719310701362e-01 7.842497088295324881e-01
7.440578404760940234e-01 7.760968250689503911e-01
7.818333041390930216e-01 7.935203675084349095e-01
7.687586769434541223e-01 7.828901484882915263e-01
7.858572509270133066e-01 7.975403979888500139e-01
7.821289047586545973e-01 7.900967414253694532e-01
7.456585580176655625e-01 7.576159481305486665e-01
7.204916789095079377e-01 7.383992698443352376e-01
7.620432968376256166e-01 7.647748855089940845e-01
7.106342649467620731e-01 7.309410855301258225e-01
7.001336508412555615e-01 7.558012362791335370e-01
7.134774528537153326e-01 7.511407921079238381e-01
7.199064913101254071e-01 7.525652694487365846e-01
7.622255547171231660e-01 7.954165912469404187e-01
7.860287147513018713e-01 7.955428282883207913e-01
7.373938477283156212e-01 7.908897892162047860e-01
7.096433576978122826e-01 7.693009749297077260e-01
7.777445080041689440e-01 7.763618302161385820e-01
7.167693607784632048e-01 7.726422312704149808e-01
7.240003807585592144e-01 7.694075892699454577e-01
7.839412550301492200e-01 7.911196924263446117e-01
7.288118058651968934e-01 7.591233944081386964e-01
7.668532493814406159e-01 7.998080915310987749e-01
7.084367304791745479e-01 7.404923581164077895e-01
7.227809985821487260e-01 7.481292664903371747e-01
7.513548222400801002e-01 7.845722860183710345e-01
7.983982071318347362e-01 7.990617635117009954e-01
7.685496571656932341e-01 7.962115756808215705e-01
7.111779985534602000e-01 7.482013038192382171e-01
7.480454791761583788e-01 7.556092814911316013e-01
7.364770199165363573e-01 7.769014940947703840e-01
7.458102851509302855e-01 7.713643585518328294e-01
7.575753018851199005e-01 7.887449326507585123e-01
7.626219605649616762e-01 7.818888962106801399e-01
7.095622010547167902e-01 7.401139908885889795e-01
7.302873998049997928e-01 7.810666513593523819e-01
7.270815949020789093e-01 7.599697025722731425e-01
7.797198285526663053e-01 7.838513614898716675e-01
7.302131485473040140e-01 7.355580720586955001e-01
7.918068775848020602e-01 7.898881358352660698e-01
7.380495314062729406e-01 7.921468123830854857e-01
7.640196616411883968e-01 7.741755647587040823e-01
7.664512517021088156e-01 7.968399763972998651e-01
7.339544407982063756e-01 7.641453554503768730e-01
7.505754854448354330e-01 7.541433072936107873e-01
7.619436601568800871e-01 7.832563875475525572e-01
7.087439700622907290e-01 7.365654929280761598e-01
7.262725155535785238e-01 7.629156985499125909e-01
7.279495069815016262e-01 7.674810279084197662e-01
7.090782364417340666e-01 7.266980465234159636e-01
7.186083851369408082e-01 7.759493862536682718e-01
7.242085323689261278e-01 7.809307426562314136e-01
7.804203912328813164e-01 7.676618473647554008e-01
7.059779836173805112e-01 7.480712904289369414e-01
7.395253007910993492e-01 7.755088179313867069e-01
7.101272589018597925e-01 7.544717548933536078e-01
7.707033735094503957e-01 7.703567198292261553e-01
7.505819540142039115e-01 7.487887869918027350e-01
7.011048808793584053e-01 7.665912225035839134e-01
7.033455858192584342e-01 7.664567268930885247e-01
7.511972968953128937e-01 7.639966918654295114e-01
7.206991815893206699e-01 7.353233879259430950e-01
7.325591059685463424e-01 7.776804787840040367e-01
7.314055947658093526e-01 7.841057136415984230e-01
7.567600001551172406e-01 7.758113795420795711e-01
7.265542536975343468e-01 7.434991201228244861e-01
7.182515775123690105e-01 7.640151639019019392e-01
7.253555772164730353e-01 7.558576084233263881e-01
7.092532304539380661e-01 7.483070615560474259e-01
7.156938638290712973e-01 7.591375879405558580e-01
7.224923622327189543e-01 7.675553008773237096e-01
7.842828576168447974e-01 7.778652557343055385e-01
7.525593722251759932e-01 7.667774751522589138e-01
7.076151523132309107e-01 7.697091616288582738e-01
7.552446743843510557e-01 7.740425367509694565e-01
7.594780811127078701e-01 7.662760812507141139e-01
7.196440433161369610e-01 7.652390786981387860e-01
7.724147661258822239e-01 7.943024428196138187e-01
7.644374041832875388e-01 7.945120608477680424e-01
7.630351743879896231e-01 7.885132747975410750e-01
7.602623914005132155e-01 7.793908730772125537e-01
7.799557084130714912e-01 7.785771490100918957e-01
7.458152476104874529e-01 7.775627613317243059e-01
7.306092237222869823e-01 7.395659672286100106e-01
7.631802191427823345e-01 7.897364000493903857e-01
7.118599607231387294e-01 7.845447317621092598e-01
7.460116307282265158e-01 7.958800759948281289e-01
7.408974577405391670e-01 7.971334050839004037e-01
7.508750550164129400e-01 7.791904322269302963e-01
7.262358522694224439e-01 7.519435682811150823e-01
7.057718887361017490e-01 7.675173280572090695e-01
7.416358434218252027e-01 7.971766290861911353e-01
7.805330222458478628e-01 7.934218629495752850e-01
7.906055821005308903e-01 7.715148662890651821e-01
7.358470388746822799e-01 7.676844768025709032e-01
7.084970957601611774e-01 7.347285813200922222e-01
7.269468003881542906e-01 7.617600883076343088e-01
7.504977276968790578e-01 7.824871323434053894e-01
7.845207856981755157e-01 7.954999316430888534e-01
7.574807138254320282e-01 7.658121814666735139e-01
7.396536948501957198e-01 7.616984893202412010e-01
7.239681670418693926e-01 7.584918763176468071e-01
7.570616460499772771e-01 7.920838598391277685e-01
7.337878971333967604e-01 7.672551221553947087e-01
7.068808992377012546e-01 7.394643043973490038e-01
7.180801370794640537e-01 7.392287247598092748e-01
7.084321328942592144e-01 7.294910183951954785e-01
7.450983222782160409e-01 7.899547911034030534e-01
7.288977536933139989e-01 7.946441217843568383e-01
7.060275668065059129e-01 7.620145981867516571e-01
7.202434871292150431e-01 7.474086790482015186e-01
7.060156039709782894e-01 7.585721862241510127e-01
7.172908032205161932e-01 7.709445762473434716e-01
7.401833559826256348e-01 7.982843278540769916e-01
7.902831135646399829e-01 7.704716313923903881e-01
7.273641106317587646e-01 7.878323931731974206e-01
7.126054972277251487e-01 7.620773874579751528e-01
7.088937939441911640e-01 7.342275438163293755e-01
7.461591047897863094e-01 7.937835581419573350e-01
7.323164697331594475e-01 7.765058653327709948e-01
7.580010614159543580e-01 7.821232964051010317e-01
7.082656352007374867e-01 7.695053897210586413e-01
7.282249195681907983e-01 7.482751587395832793e-01
7.504657673331974754e-01 7.907061614231150060e-01
7.619876852866052097e-01 7.940682373429113206e-01
7.082144521240550938e-01 7.551271375439435607e-01
7.380533501317410039e-01 7.779511248723423034e-01
7.739718488770419569e-01 7.708080663236709373e-01
7.397784254261940973e-01 7.669577925336740210e-01
7.397839717894001410e-01 7.744155676607430427e-01
7.734752731175913443e-01 7.660434597728393857e-01
7.761990873349462472e-01 7.844027123736274643e-01
7.342981421758244531e-01 7.615480872892684827e-01
7.496194332601578969e-01 7.945643149520629223e-01
7.745862003219663450e-01 7.973687978802841414e-01
7.510105956171599928e-01 7.898494367209613065e-01
7.643073965840992967e-01 7.667084042129475030e-01
7.050413825373658128e-01 7.513843203713149732e-01
7.441734284982357561e-01 7.332556091677479015e-01
7.157446367410811305e-01 7.656784562266917282e-01
7.265442630153129411e-01 7.303270524057678958e-01
7.417538488478150338e-01 7.746257560927710673e-01
7.290353525417928582e-01 7.704373410146350132e-01
7.260330610149124952e-01 7.743235555233338729e-01
7.339981608715818728e-01 7.451001060979252077e-01
7.367907742823808226e-01 7.712082111868350243e-01
7.334610016755889195e-01 7.526351773634293307e-01
7.773003107059509587e-01 7.929094445571059913e-01
7.447385738093674767e-01 7.873409370237585136e-01
7.191978579477084077e-01 7.349625374875565775e-01
7.055482168439466406e-01 7.696650005783741699e-01
7.302205680272690902e-01 7.936508444262246886e-01
7.184426909758508950e-01 7.916520937022578641e-01
7.867147262517336648e-01 7.891508225350150063e-01
7.204087600854459650e-01 7.527368060819991102e-01
7.289222680738498550e-01 7.628882624114883271e-01
7.246350427003678263e-01 7.582956934615279199e-01
7.384567616382211597e-01 7.539386406086957537e-01
7.178959799860675783e-01 7.151867829710839564e-01
7.603919158393267486e-01 7.915403572976300595e-01
7.013587846665964021e-01 7.577268694699774709e-01
7.054381293934918196e-01 7.599237451219260642e-01
7.694610649198628805e-01 7.989730109852360984e-01
7.043985568231034833e-01 7.499751010773347826e-01
7.037760166545172780e-01 7.479877622514211621e-01
7.070585710362436993e-01 7.572725543208541632e-01
7.168994269736668201e-01 7.513040411532914131e-01
7.243688032383890363e-01 7.618638776506054811e-01
7.391199893884299321e-01 7.580302330079664586e-01
7.219942908866485709e-01 7.526972775582174702e-01
7.200198917290299150e-01 7.256951461038615436e-01
7.749777732552770582e-01 7.996476705119559547e-01
7.240248670755573546e-01 7.953737304378251105e-01
7.864614106959796347e-01 7.999481151973942827e-01
7.304189274249502928e-01 7.383727334343423987e-01
7.702499873950032772e-01 7.732353155875205664e-01
7.851772658750821865e-01 7.865124633437732271e-01
7.457492058454713302e-01 7.643864782479380393e-01
7.228561397548916023e-01 7.380613617026917650e-01
7.427388141073957284e-01 7.607470528603399451e-01
7.015931012403154865e-01 7.529733832909113467e-01
7.076121852447745386e-01 7.369711778390025669e-01
7.025717888936550137e-01 7.713278770843176035e-01
7.303486472553448738e-01 7.694103351491125009e-01
7.562960966954561659e-01 7.825594794270306354e-01
7.104112766342832730e-01 7.329801991071130951e-01
7.133742752658405184e-01 7.608699706435719801e-01
7.331453173469772988e-01 7.785438542479424795e-01
7.311603632018692789e-01 7.717737552689429847e-01
7.499070945302087621e-01 7.677746816985026035e-01
7.415448511902705819e-01 7.673571204226632414e-01
7.266379360573003154e-01 7.620579448525564015e-01
7.940764632198091810e-01 7.833391871655833727e-01
7.513063383953527685e-01 7.613391292242567276e-01
7.243550307744208716e-01 7.874131062793906510e-01
7.422349297640066235e-01 7.848459392718718508e-01
7.955470395998383015e-01 7.867460454487794630e-01
7.076886074933489423e-01 7.831202650432399492e-01
7.010869666586393434e-01 7.341833134875446198e-01
7.076292168611915123e-01 7.586145903599174067e-01
7.144193844165145357e-01 7.538738309450552233e-01
7.110261423513304369e-01 7.225694505808153423e-01
7.863169565650522941e-01 7.806237068282907421e-01
7.142778434762608875e-01 7.589576110826879995e-01
7.464691362835748079e-01 7.678192196588642382e-01
7.064252079884488777e-01 7.368689562128246662e-01
7.628003037777252304e-01 7.996996421074942241e-01
7.136269982377339005e-01 7.710021577135464099e-01
7.595996235543696073e-01 7.753851373566196248e-01
7.043302099779971126e-01 7.719673511301177182e-01
7.103773695449978609e-01 7.518915201879858845e-01
7.744418765478550126e-01 7.966952655149015516e-01
7.647370074076499380e-01 7.993104546984048930e-01
7.794656127004755408e-01 7.799837412879355725e-01
7.718638962367339040e-01 7.919437220246119402e-01
7.560587016324824550e-01 7.595719607572565257e-01
7.783013854907322449e-01 7.900928213291446012e-01
7.270307341576047744e-01 7.893725651796702492e-01
7.211366930200994174e-01 7.052591080579579952e-01
7.092332102742688882e-01 7.523504313422962886e-01
7.126908566925516109e-01 7.459505533068733207e-01
7.804051397405662449e-01 7.959060133503075285e-01
7.805781156630343665e-01 7.972153886216618579e-01
7.595336772029465111e-01 7.931967051724387874e-01
7.663708185646698201e-01 7.862658599390502934e-01
7.596969903357646547e-01 7.777033456591729843e-01
7.409036207959662779e-01 7.492470027468178806e-01
7.355916120257354196e-01 7.502325184466341890e-01
7.060066527813141368e-01 7.412115468137752128e-01
7.832504139935725362e-01 7.866808642400627827e-01
7.567383810898317131e-01 7.698227673247569625e-01
7.242402601279271934e-01 7.501847629831670528e-01
7.500337636447168554e-01 7.952519971587623804e-01
7.543641952321767929e-01 7.890216778164830247e-01
7.260695727062778104e-01 7.456809496008225402e-01
7.890324164606505875e-01 7.883377155089351662e-01
7.357860440266617008e-01 7.717850069713425576e-01
7.784503314809929631e-01 7.947113977151197828e-01
7.170274515100458768e-01 7.503405431084450017e-01
7.797073127819074134e-01 7.772070460338313946e-01
7.310744498322172547e-01 7.472343100285232520e-01
7.718640127412317309e-01 7.654155142567934389e-01
7.185598899707149601e-01 7.578420394297956664e-01
7.120103797291179593e-01 7.356516053775462582e-01
7.675631021943547516e-01 7.900846763174166343e-01
7.612037350860948459e-01 7.704293853882921983e-01
7.735230455383164117e-01 7.760569466770896874e-01
7.279645891745782915e-01 7.687704172009557357e-01
7.828802464246266135e-01 7.913111023381576015e-01
7.766702839594985530e-01 7.990583316221340215e-01
7.385626543819616696e-01 7.902683358473839847e-01
7.542044871584560051e-01 7.899508447365308772e-01
7.279404095789667739e-01 7.753992093636785654e-01
7.704685139917331060e-01 7.793677707155278744e-01
7.084784873214690082e-01 7.617145698051546177e-01
7.189413792796359726e-01 7.596336896091080426e-01
7.094801735039505397e-01 7.515153628182086321e-01
7.567364958452941215e-01 7.791570782920150817e-01
7.338823217954723033e-01 7.823059239469425385e-01
7.006873199490404325e-01 7.660595706726539555e-01
7.577173218180051073e-01 7.812916450871465468e-01
7.612714621358895872e-01 7.739601089650045562e-01
7.624943200227829454e-01 7.791920386330920545e-01
7.285700847430326421e-01 7.760237755048304820e-01
7.320798416320380975e-01 7.623431948239018929e-01
7.513172368447920135e-01 7.901303631526549465e-01
7.544264121206890605e-01 7.578437377589813950e-01
7.501195671986002900e-01 7.742353927251545143e-01
7.565863552488866217e-01 7.645562179572666928e-01
7.376157679514823151e-01 7.591368294927131055e-01
7.329612029958451069e-01 7.978300663443126384e-01
7.406575374267307943e-01 7.766482669619708679e-01
7.045523964840036957e-01 7.565520513288633841e-01
7.808959159410702178e-01 7.873699164348803015e-01
7.141829007245477090e-01 7.705411267218934546e-01
7.437892018541861772e-01 7.788044967797502771e-01
7.545290766550165618e-01 7.751615600387078420e-01
7.425991591856431207e-01 7.577351316728189179e-01
7.640846763681026221e-01 7.939428288402919920e-01
7.112687997608794221e-01 7.371659636438919749e-01
7.533952196933491052e-01 7.926637332295290994e-01
7.228923992239895124e-01 7.616924198731422901e-01
7.649095436022992356e-01 7.853440494461300103e-01
7.330394984712745865e-01 7.820714186549908575e-01
7.073425452386145063e-01 7.444713099429667302e-01
7.646632282735088548e-01 7.681945173985473829e-01
7.762966265432303947e-01 7.779963268888216987e-01
7.256961216496532474e-01 7.542074909750972056e-01
7.284056877365143734e-01 7.555127041783978870e-01
7.741050614256124174e-01 7.940490682806496947e-01
7.503960259062992799e-01 7.871556581594588708e-01
7.425850066322002840e-01 7.878158895960544195e-01
7.344493268330329894e-01 7.987241291313798008e-01
7.430672640040465460e-01 7.574380591283479403e-01
7.445335131619428282e-01 7.685702633654705185e-01
7.759170543413220766e-01 7.878300315374565654e-01
7.982264204107848427e-01 7.926374141885226265e-01
7.023253158540658792e-01 7.419940553396379146e-01
7.416237106443166471e-01 7.946007771582619394e-01
7.125248711153451264e-01 7.533984182437686306e-01
7.492869454969898202e-01 7.907056375921921454e-01
7.790646094118903742e-01 7.891016927848206741e-01
7.778553000469003997e-01 7.945187589690346774e-01
7.746675687935125065e-01 7.844679809861919706e-01
7.483955728055040613e-01 7.710283742782064742e-01
7.464086199849908621e-01 7.757899874482094837e-01
7.175323552724333087e-01 7.605871341465068047e-01
7.282693728673831357e-01 7.835669006024954530e-01
7.175283118673796423e-01 7.609683994046433364e-01
7.404444821870680427e-01 7.594340394673074757e-01
7.030525289846206727e-01 7.630992138923441415e-01
7.697931354476410526e-01 7.859261310838766557e-01
7.503351773720031703e-01 7.665453931923176256e-01
7.066534985012050685e-01 7.694342476826913080e-01
7.584609243577528082e-01 7.845116024317144721e-01
7.266413935693284420e-01 7.560230301168184841e-01
7.443853152217332347e-01 7.471448900666791682e-01
7.132758946234798447e-01 7.442413572224276797e-01
7.278726282009414517e-01 7.781946296717127121e-01
7.282863985454886002e-01 7.706926574184163048e-01
7.690698482722311269e-01 7.758512855103266714e-01
7.840365570992705591e-01 7.962057779211746400e-01
7.680690066625195378e-01 7.877717056280677532e-01
7.265832225153455726e-01 7.631382242337161337e-01
7.294354376362549575e-01 7.935584796003338770e-01
7.594762215530792560e-01 7.565621692377469953e-01
7.629936727519315287e-01 7.957746212167430278e-01
7.210897700229712548e-01 7.720611462034517869e-01
7.355281838369104319e-01 7.707179332314606501e-01
7.265442232147645285e-01 7.710090953510350120e-01
7.562029592901232666e-01 7.570157410338513859e-01
7.500523984656362053e-01 7.866268297037253276e-01
7.791940092786718841e-01 7.984234439934697614e-01
7.422812822697207880e-01 7.597366797048099585e-01
7.408498792679349965e-01 7.546224397752344659e-01
7.169742248296436804e-01 7.640932000847714400e-01
7.072967863670427402e-01 7.391849079101049380e-01
7.444583694058723999e-01 7.820361123037772311e-01
7.153741681029458510e-01 7.613838098559928547e-01
7.117847613497279013e-01 7.371661862713954072e-01
7.106879324227310946e-01 7.623956583701749778e-01
7.371691581628538881e-01 7.561249580671309811e-01
7.479678223550325633e-01 7.891745808667953721e-01
7.447352941113126734e-01 7.911259942323859429e-01
7.703197924265090535e-01 7.986321447333681878e-01
7.100629438695086337e-01 7.559928674110494295e-01
7.808593475139610218e-01 7.446612775109165971e-01
7.628834674834104046e-01 7.891714938494429621e-01
7.589772994935537476e-01 7.772305231467961928e-01
7.306789639733992647e-01 7.671106612522805568e-01
7.685996100959736621e-01 7.870924107125737423e-01
7.835935006822686288e-01 7.654592127712694927e-01
7.146376158063515449e-01 7.590225480553064452e-01
7.638442290536145984e-01 7.827217380058357765e-01
7.835163438479822995e-01 7.881004768858826948e-01
7.809921876536891627e-01 7.951297051164826213e-01
7.590683724458936465e-01 7.863077614724948150e-01
7.579492477151427154e-01 7.762604134591658545e-01
7.188600207090134475e-01 7.551504747655276573e-01
7.662264903877256117e-01 7.738048927992288162e-01
7.249450703162761966e-01 7.508366591524124889e-01
7.442653642716017259e-01 7.698887790392864305e-01
7.180757253350628089e-01 7.539560814901544727e-01
7.663575113030330899e-01 7.723716069941373163e-01
7.894679574240504039e-01 7.757403997488374614e-01
7.818009365010454292e-01 7.961044618185993960e-01
7.256331994017404252e-01 7.835397623498884245e-01
7.665351133874734879e-01 7.882799383142691241e-01
7.260471608345941963e-01 7.519475602036307382e-01
7.209967284631364492e-01 7.454098739646479732e-01
7.749376795779669980e-01 7.782439587303934259e-01
7.797985048203653902e-01 7.674587405859405465e-01
7.215578207266510891e-01 7.659661559841095535e-01
7.308851389897448314e-01 7.281082511293159865e-01
7.133952662295726110e-01 7.629057416784670309e-01
7.151328309640591074e-01 7.454123924975691873e-01
7.627009165745124442e-01 7.993060397163637143e-01
7.191166560676957031e-01 7.581211825208492572e-01
7.983949617720382808e-01 7.811577241840770292e-01
7.606057405377668612e-01 7.916448272763385585e-01
7.188606315216203857e-01 7.397324345836642223e-01
7.229790979081154312e-01 7.432485611956388682e-01
7.206978327119791805e-01 7.734799574244798359e-01
7.820957797369325615e-01 7.943261770090360718e-01
7.902393956499206285e-01 7.970809752615388710e-01
7.509531029643121691e-01 7.950391264199853092e-01
7.578014225935066905e-01 7.916667793269602793e-01
7.733592340774148033e-01 7.699110363793172374e-01
7.124248667016983561e-01 7.354573983396479608e-01
7.086333540502697259e-01 7.634546090756562098e-01
7.498261210225499740e-01 7.675494312096603489e-01
7.351709725464740108e-01 7.720869513259175365e-01
7.225146848348450446e-01 7.453012711859166028e-01
7.349647012833497861e-01 7.633190247123713412e-01
7.103101404620827397e-01 7.718628718019910906e-01
7.718168605709133656e-01 7.975010281968235581e-01
7.045533668497987456e-01 7.212428268162976996e-01
7.406594992932737931e-01 7.626519809099896463e-01
7.905216091806108736e-01 7.935277672192094789e-01
7.930716838863880458e-01 7.960244843851466134e-01
7.628817815399300262e-01 7.956422276303729557e-01
7.055132140523934225e-01 7.536353406702265278e-01
7.603028945071245159e-01 7.819010658631424526e-01
7.687884943696559059e-01 7.921352206548535335e-01
7.470434880081791018e-01 7.771299698720380844e-01
7.160455801696373745e-01 7.510198686814032465e-01
7.101767001762552267e-01 7.798263397045657186e-01
7.021225881981409955e-01 7.604335480540931336e-01
7.127872042084053561e-01 7.888438194885331045e-01
7.763249118073853872e-01 7.881372257868591857e-01
7.030977185733665591e-01 7.732901233358194792e-01
7.279390344875644736e-01 7.631654357418686807e-01
7.444553915872422767e-01 7.699315267240749439e-01
7.225330450146215666e-01 7.644549543189308460e-01
7.152116664472945029e-01 7.625729024905223419e-01
7.195858530978967993e-01 7.500446952832665604e-01
7.275588263330260430e-01 7.446876747609122438e-01
7.038899321026660383e-01 7.753502282644797461e-01
7.564514069521488526e-01 7.921323590612886489e-01
7.305794946727003358e-01 7.544821747405816570e-01
7.152044904382116597e-01 7.381989562492620172e-01
7.102830083255938787e-01 7.717387994449468325e-01
7.456687248775547561e-01 7.574941994005995882e-01
7.507351772627777198e-01 7.643338947196346433e-01
7.377389961712541577e-01 7.722656015755308134e-01
7.055079444438554503e-01 7.641677203142662744e-01
7.435746821754835034e-01 7.839955351286711505e-01
7.401244312624816191e-01 7.612054331113635719e-01
7.235680940299634711e-01 7.486662145329020523e-01
7.305147081839915568e-01 7.777840129129913738e-01
7.045614445813564997e-01 7.700823489445913772e-01
7.000327787684714753e-01 7.671552864966679763e-01
7.164773604759653303e-01 7.600893898658636072e-01
7.821127302669603765e-01 7.858258739748262833e-01
7.498039500732724960e-01 7.572878805353119303e-01
7.904261429181987930e-01 7.892544131296242993e-01
7.392300842352148571e-01 7.907520917880294098e-01
7.979134576425791492e-01 7.987710071516070931e-01
7.230890890763952417e-01 7.744952847973638477e-01
7.482998433357473944e-01 7.791212559979064922e-01
7.119891796259563144e-01 7.505277866902371198e-01
7.556579838280650385e-01 7.803986275776361170e-01
7.091572587666800098e-01 7.278351275312440194e-01
7.085668961191523563e-01 7.632878994430359887e-01
7.407781924119173356e-01 7.879292049143395982e-01
7.491952917998563333e-01 7.796353900444673579e-01
7.030372260527754102e-01 7.631463566989888925e-01
7.202007042343684384e-01 7.414641961168731976e-01
7.335270157000209901e-01 7.755952292043319929e-01
7.374673645949367806e-01 7.649683956717279187e-01
7.214990363313067423e-01 7.500276856620941013e-01
7.135049091645229158e-01 7.707265854920001269e-01
7.301191785454367311e-01 7.957896472163251689e-01
7.073683942509162437e-01 7.519794524071918840e-01
7.752876521387455089e-01 7.759351963316690748e-01
7.424113544086540228e-01 7.667921020818305733e-01
7.196929169793490066e-01 7.410645493991279142e-01
7.602628674190848868e-01 7.695865135723344297e-01
7.118211120774321499e-01 7.507490936032905626e-01
7.269843951809176197e-01 7.595431856047163421e-01
7.476569002033948141e-01 7.697345542241537109e-01
7.962312922456968867e-01 7.982396871299489716e-01
7.201470175679800523e-01 7.428660207025953310e-01
7.697149446632439718e-01 7.948504693560929368e-01
7.127277181370507142e-01 7.346053277556968686e-01
7.451966013901468733e-01 7.713298974532403207e-01
7.296212393419011510e-01 7.759484044573753403e-01
7.323463260876207359e-01 7.730868994310504672e-01
7.312819036847345577e-01 7.801560603356451074e-01
7.308246529974280481e-01 7.755017850145106140e-01
7.526991751665642605e-01 7.726267127087113051e-01
7.132714993653537228e-01 7.456882386734434709e-01
7.658728246095779513e-01 7.815272967342153931e-01
7.641658090201594034e-01 7.804652836416642314e-01
7.916121971133882607e-01 7.973312776088894438e-01
7.642605307500224265e-01 7.791652348465553102e-01
7.879768606049605273e-01 7.750407212354971653e-01
7.112183351649665752e-01 7.493760224914437496e-01
7.260566385563422820e-01 7.854109405517002429e-01
7.047925383828087531e-01 7.256689481200928604e-01
7.393252749237271271e-01 7.850860516691119395e-01
7.295573156114749658e-01 7.772846482551841740e-01
7.525488968525385625e-01 7.807721144609347519e-01
7.792854063704045542e-01 7.848043779950779619e-01
7.686404990353398192e-01 7.555695209303021631e-01
7.539916027659092634e-01 7.879985883614746278e-01
7.155274550356329755e-01 7.492055372202939267e-01
7.125100654949553247e-01 7.479216568561987133e-01
7.439754346610290003e-01 7.879298526167994865e-01
7.512563888380094923e-01 7.829049467073414537e-01
7.529910041940106602e-01 7.879301426605007652e-01
7.491278461216676066e-01 7.616324899758698530e-01
7.506297457018552555e-01 7.809557293813540468e-01
7.752610469846974439e-01 7.270579809464852161e-01
7.432919670280101476e-01 7.035851889800670556e-01
