7.733088814126476418e-01 8.099332927487781220e-01
7.826913446727588042e-01 8.286704528245986134e-01
7.832557527827763710e-01 8.108868620167767327e-01
7.791730459140630005e-01 8.078381592142678258e-01
7.588331333294023873e-01 8.218793870170003624e-01
7.828136513607480973e-01 8.055906353314782331e-01
7.936546702945478371e-01 8.204918020966319725e-01
7.746719673175208598e-01 8.003654987738820781e-01
7.812782320878022269e-01 8.070518496360915561e-01
7.733349011314357702e-01 8.000900376927644331e-01
7.869892466590352464e-01 8.350931718307279539e-01
7.984216484075963294e-01 8.111759163361836888e-01
7.745540867552773712e-01 8.028884237650536493e-01
7.828054462043260164e-01 8.189167981502777360e-01
7.682757366279413525e-01 8.139344560189699651e-01
7.887436686197848434e-01 8.126889188599042413e-01
7.995563997628944986e-01 8.095127960418165847e-01
7.772504501412839106e-01 8.233969603076182198e-01
7.655750817647017925e-01 8.096437432063496864e-01
7.881204530868092251e-01 8.009366827104646980e-01
7.963323057287585716e-01 8.109611961205980268e-01
7.683702446701677902e-01 8.031852415823269586e-01
7.934181844598557909e-01 8.146063509024727978e-01
7.968212939671254214e-01 8.147459136606982621e-01
7.691560978346549948e-01 8.009497548310433590e-01
7.693462503033828837e-01 8.049317778064835061e-01
7.691049771785289924e-01 8.147825388516221068e-01
7.678567047300182136e-01 8.086208203716591658e-01
7.743389125517781135e-01 8.143455885491747148e-01
7.282692760956841482e-01 8.029926542037086890e-01
7.818652695865129232e-01 8.070216964047844943e-01
7.768958784459583100e-01 8.161520763422778213e-01
7.777065820578914490e-01 8.009999149697734078e-01
7.603506784289113529e-01 8.144417439466938857e-01
7.862845517158344455e-01 8.029375574293754481e-01
7.973529594024817424e-01 8.222620625117182946e-01
7.838811342615629174e-01 8.112189582806007548e-01
7.420526211360247704e-01 8.035660800126751546e-01
7.946127822301919386e-01 8.004173001491293737e-01
7.737400757798595929e-01 8.147578261081287465e-01
7.921517120855398053e-01 8.073911202646925078e-01
7.963467673756867704e-01 8.563423007447813484e-01
7.497203964664704845e-01 8.035005824594436685e-01
7.851189970336270862e-01 8.130533681280676106e-01
7.741661663482043432e-01 8.341804259117124865e-01
7.638459867259802527e-01 8.135560998747013439e-01
7.867053414979551240e-01 8.065396053755162775e-01
7.851298603409895271e-01 8.401231270626060565e-01
7.568929090311642405e-01 8.059197754114382217e-01
7.998880894855048274e-01 8.112839974833589984e-01
7.970884250886222100e-01 8.009882732198129185e-01
7.718543035260214680e-01 8.069991460932823824e-01
7.889325608754238495e-01 8.109603379799374956e-01
7.864527191668874151e-01 8.076551692784122993e-01
7.762745552467822385e-01 8.275100289908682294e-01
7.842910505676090605e-01 8.242249748143678501e-01
7.799599151379428275e-01 8.287981801613619748e-01
7.933238067831183127e-01 8.266025869700346362e-01
7.678401383787998302e-01 8.238343009051899424e-01
7.450577024043708585e-01 8.040342012641205072e-01
7.943041758159447019e-01 8.183795895158371136e-01
7.830926678573546518e-01 8.171820059237128175e-01
7.541867337904414326e-01 8.033541237313801542e-01
7.392638438275765944e-01 8.053321756155410460e-01
7.905162242898853275e-01 8.202330944695188641e-01
7.966842336313098016e-01 8.054758522959878375e-01
7.801909828079522935e-01 8.255444253102853791e-01
7.880238845981399898e-01 8.134780233133722671e-01
7.697376579367002369e-01 8.258320062741234535e-01
7.953059432127769224e-01 8.047856877846444323e-01
7.460853197647315804e-01 8.004616281555455570e-01
7.895298825684100574e-01 8.014742354435892002e-01
7.990038259779220775e-01 8.147473883567672992e-01
7.967546156194832419e-01 8.337204377870456318e-01
7.905795994037037033e-01 8.326081394141146008e-01
7.966422607417593671e-01 8.037618629623023425e-01
7.901522922521476699e-01 8.139846436420551390e-01
7.975396554758283907e-01 8.068320038201708400e-01
7.611631707967959626e-01 8.019387790944147998e-01
7.657653281437579729e-01 8.097517520789626611e-01
7.928664393008537647e-01 8.126102598319033810e-01
7.861706201030158603e-01 8.110025822969415543e-01
7.643370788477819033e-01 8.009227768604914033e-01
7.843562283134987156e-01 8.118272991068266053e-01
7.938230468223290703e-01 8.064911301758794782e-01
7.877824883281200341e-01 8.146561271605707866e-01
7.420610562039646751e-01 8.060019036060328546e-01
7.954039023353596249e-01 8.001198411810698241e-01
7.866931978261235692e-01 8.035384139566122963e-01
7.811386521003731431e-01 8.040633551679329249e-01
7.731252490173794456e-01 8.148882824339205300e-01
7.687303361198744023e-01 8.050638470713624706e-01
7.674725513544392586e-01 8.088349756841206606e-01
7.677505181832106063e-01 8.011043976659427690e-01
7.841688083615756533e-01 8.182270503065726119e-01
7.852528400471803227e-01 8.130600930115425840e-01
7.105372068128625873e-01 8.128353692035927835e-01
7.704830880775478397e-01 8.005681931519986749e-01
7.966321161049444433e-01 8.149075308840284526e-01
7.779305670135379103e-01 8.067823455216482920e-01
7.987260944871293900e-01 8.211660266896673166e-01
7.841776338288490855e-01 8.082559395507032951e-01
7.809922091082520668e-01 8.058847937027239228e-01
7.903890598222226282e-01 8.509342182265071663e-01
7.803005370691009634e-01 8.159947718653136617e-01
7.940924593825530176e-01 8.169366269926895407e-01
7.759909910311971748e-01 8.057167742860761317e-01
7.863875785002643060e-01 8.022904907912719041e-01
7.777273282537650045e-01 8.188460806777080325e-01
7.891402872979342842e-01 8.242645676231533658e-01
7.948543136957145760e-01 8.160674011589708066e-01
7.734673369109792418e-01 8.085135051255581962e-01
7.620654530718975472e-01 8.000904793797697367e-01
7.920141880209781160e-01 8.200129196923801045e-01
7.892035430361179493e-01 8.231799380374388297e-01
7.784545567661356191e-01 8.019428256134043531e-01
7.938004475345098454e-01 8.355337185278846057e-01
7.381597360805491892e-01 8.063310995955395022e-01
7.861018948740599033e-01 8.197743519368705378e-01
7.921428074894697469e-01 8.130538618787471750e-01
7.875105683777987586e-01 8.196833683404878279e-01
7.729935701917595159e-01 8.083987638512181162e-01
7.603470689942017913e-01 8.115876959398923285e-01
7.827836804321218755e-01 8.225358286991732992e-01
7.814438351731620713e-01 8.087246124263286484e-01
7.945514269612118374e-01 8.249406427149159615e-01
7.775600426974065282e-01 8.067291672024227145e-01
7.934754237439538560e-01 8.001610661334498387e-01
7.997377194522529154e-01 8.384135558381639042e-01
7.973493711543268025e-01 8.190952040337812212e-01
7.886383313410130214e-01 8.166509052303592142e-01
7.892246992778868542e-01 8.126215528654235909e-01
7.453622327285449600e-01 8.105574092387674012e-01
7.853778617953612873e-01 8.199261387592677863e-01
7.718739148068838318e-01 8.168410169729715120e-01
7.969370102292971936e-01 8.154587451865372705e-01
7.828389100369597120e-01 8.165173967737189287e-01
7.573628992381504776e-01 8.035565735494656359e-01
7.937186963261015915e-01 8.308113647545842806e-01
7.695502266524740786e-01 8.105402867230101505e-01
7.859017166792020559e-01 8.202089650201275228e-01
7.444939303290367683e-01 8.072858247133452014e-01
7.627810333754970751e-01 8.039138095434595899e-01
7.601444790824175568e-01 8.181821729132507937e-01
7.674405300113334993e-01 8.085165261261699765e-01
7.999524822318301309e-01 8.125401188334937519e-01
7.952059678129138609e-01 8.249301872874008623e-01
7.847051913147824465e-01 8.026224360335220132e-01
7.880437457754164710e-01 8.092912789264403717e-01
7.837042742218682800e-01 8.042352999733083374e-01
7.627766005032153851e-01 8.035799430661449971e-01
7.770068452280078919e-01 8.235634031082821327e-01
7.887721321040731537e-01 8.431889167029034127e-01
7.993878941283748540e-01 8.083670817113640661e-01
7.490966130658623934e-01 8.061067409597113542e-01
7.914479235923222999e-01 8.102350129905309117e-01
7.946285352877479058e-01 8.053030783471187837e-01
7.748289872375812015e-01 8.016997808357411159e-01
7.980274709547489076e-01 8.334627431989599655e-01
7.850434984840801711e-01 8.118625365258573812e-01
7.812790369009767755e-01 8.217463442500937409e-01
7.887744722741253378e-01 8.014685229122374688e-01
7.742803908568390847e-01 8.091236661391376650e-01
7.920773779020335859e-01 8.233767754602574485e-01
7.769785947979234164e-01 8.125444281730457297e-01
7.637284697193230665e-01 8.143644128374368796e-01
7.851351228855275588e-01 8.094716302068514224e-01
7.798007300451942347e-01 8.043661415039667917e-01
7.533256900948808177e-01 8.104396563898255135e-01
7.741585323471439350e-01 8.209120620382602818e-01
7.710025594631423340e-01 8.286500497874280668e-01
7.593002641311297207e-01 8.114884828264440353e-01
7.569861594686955186e-01 8.011067658406103575e-01
7.765687916047241401e-01 8.250843445919702202e-01
7.961490696113403542e-01 8.098984508155013806e-01
7.919942522654747075e-01 8.010290745971033743e-01
7.515049251446800360e-01 8.038317387819665649e-01
7.684686616347422561e-01 8.041088859518484844e-01
7.718253349308126232e-01 8.083088486006343443e-01
7.866777307285061083e-01 8.046595595073986473e-01
7.579789634684405142e-01 8.139630645105295770e-01
7.855897190470558789e-01 8.362004298302850858e-01
7.702776758235716503e-01 8.139437584676778581e-01
7.958410019495891774e-01 8.242702880566704637e-01
7.439348628341014846e-01 8.054650314887806806e-01
7.767444189837577895e-01 8.014284088859556787e-01
7.648028060021083707e-01 8.039314551908834927e-01
7.811665144856980714e-01 8.216210983075914465e-01
7.839411745750208826e-01 8.295856544596766913e-01
7.885154464095173177e-01 8.074433973233958728e-01
7.826961255237943060e-01 8.124959010848350482e-01
7.837316168502777014e-01 8.223731909543997576e-01
7.731714132758435998e-01 8.123566941963497046e-01
7.897577056994660172e-01 8.259953169261351480e-01
7.982672237359069722e-01 8.111005844539682652e-01
7.509999700488922958e-01 8.209303190270764716e-01
7.818553468998332701e-01 8.110637574652302950e-01
7.853532353989458592e-01 8.180236420701900713e-01
7.716015565714804403e-01 8.212859666926302094e-01
7.605231975995949689e-01 8.007298069421011633e-01
7.742256811957856089e-01 8.093462608803836389e-01
7.965906881968773945e-01 8.204632728352437843e-01
7.485739478665474067e-01 8.176746482791205084e-01
7.985566060203289629e-01 8.271349983064426592e-01
7.929388446090051001e-01 8.074919740339753238e-01
7.936494029387830551e-01 8.164409076437957324e-01
7.899325455514457639e-01 8.011666734851211613e-01
7.561440842639255422e-01 8.216206572606139513e-01
7.634799418370086244e-01 8.221114330505225887e-01
7.695317629820078720e-01 8.010644065776192368e-01
7.854224785853994861e-01 8.256226377712334585e-01
7.656132146902988600e-01 8.125537728680227723e-01
7.901059918129779147e-01 8.119648140266921832e-01
7.852675563855801011e-01 8.029648951144872093e-01
7.793999373056155200e-01 8.025388553118693036e-01
7.943217636773238777e-01 8.173366399886804468e-01
7.752750253453014606e-01 8.031441143057646004e-01
7.951108939180155932e-01 8.337016497890621380e-01
7.893566523414368152e-01 8.136134906885753582e-01
7.903230011299317015e-01 8.076769818244300403e-01
7.642075856291106195e-01 8.006881670419361274e-01
7.639151764330300853e-01 8.155518455838649539e-01
7.847663491780196843e-01 8.100196644537703827e-01
7.887894018008546615e-01 8.060236370921175508e-01
7.543531872787004877e-01 8.011542198292054273e-01
7.717564184385691251e-01 8.187542506737226500e-01
7.848717681470416263e-01 8.506084407690415183e-01
7.527902591290827061e-01 8.035011780791494473e-01
7.881277566897262332e-01 8.219779161746449958e-01
7.380491455367709230e-01 8.359213611846536551e-01
7.950842207600786749e-01 8.092974274434093784e-01
7.576472449400476483e-01 8.082074531724429134e-01
7.951430153869257778e-01 8.063214062229318024e-01
7.921588330176341231e-01 8.189637687241254627e-01
7.902943059467700815e-01 8.081217304806991297e-01
7.971105538957369285e-01 8.316523517310242530e-01
7.777921960561015036e-01 8.050231260823560442e-01
7.871317551701859649e-01 8.425866473345342555e-01
7.871155009588984841e-01 8.214120812698135765e-01
7.598804423135671060e-01 8.073473678534699438e-01
7.655627597450372912e-01 8.006912846745058987e-01
7.925301410662523027e-01 8.056293781468413240e-01
7.828048878534014099e-01 8.055009228226106544e-01
7.363564482268628586e-01 8.023354031789581287e-01
7.681037144865550115e-01 8.168645201393279764e-01
7.839358555974559328e-01 8.321896491620908165e-01
7.834124676274050181e-01 8.081498286779813522e-01
7.972577679779213611e-01 8.191317864425078366e-01
7.545283079857624253e-01 8.004037890483688411e-01
7.397966502233273012e-01 8.004808245433522318e-01
7.955676457233228360e-01 8.082499742850839386e-01
7.862267950304944186e-01 8.192246659451249968e-01
7.666978610902559499e-01 8.008687163753778204e-01
7.384999563155821845e-01 8.054984698840158552e-01
7.803999166194973691e-01 8.092556703261525319e-01
7.798472927432942292e-01 8.160111268720060540e-01
7.856012988866607483e-01 8.091096648779788625e-01
7.986574563869169863e-01 8.559724405249297119e-01
7.815480458840985412e-01 8.151230123418831131e-01
7.607762005083483769e-01 8.046160719288404373e-01
7.956009259006207035e-01 8.307263679051531957e-01
7.980811349860049697e-01 8.237818456830796610e-01
7.705887382751810399e-01 8.058832491399484654e-01
7.806476222557011679e-01 8.059049078967736035e-01
7.743539544862828583e-01 8.021366074848609307e-01
7.852245343673135425e-01 8.378961842331483778e-01
7.760924992865274596e-01 8.331677637089555111e-01
7.822531900716096498e-01 8.252653137410154160e-01
7.949127291176129040e-01 8.134849980063715291e-01
7.997852798477534941e-01 8.080806036076743082e-01
7.634718182524846686e-01 8.010499963001143087e-01
7.995029093508702056e-01 8.116567124684610501e-01
7.538586013428912880e-01 8.101782431553533614e-01
7.943443310498771170e-01 8.056912232196770107e-01
7.964384287663338613e-01 8.100570185921264210e-01
7.871556536025233752e-01 8.229682907941718861e-01
7.965244727674732905e-01 8.092568834406794753e-01
7.728274780182069481e-01 8.008022451975271849e-01
7.907394567175766165e-01 8.201189090368248280e-01
7.944787823725355524e-01 8.238175645307996842e-01
7.872472133324507348e-01 8.114261860056957154e-01
7.472708167016171021e-01 8.007360281337819741e-01
7.832554686957087231e-01 8.144839420376780437e-01
7.796656339384929746e-01 8.035430702464408936e-01
7.865437192678388367e-01 8.116865775151205220e-01
7.828620294895717313e-01 8.022265698602868422e-01
7.542366375614478757e-01 8.044216748177362986e-01
7.789995661187112397e-01 8.214866102110762736e-01
7.869057053340337005e-01 8.116367735676910389e-01
7.819704527623219104e-01 8.084914444471262840e-01
7.787339405114797053e-01 8.194263831825727706e-01
7.944029025345674677e-01 8.168756969178501137e-01
7.692402134854071649e-01 8.216960660404569738e-01
7.527558857152281124e-01 8.052145669525123672e-01
7.739120406510699990e-01 8.123971835975194455e-01
7.497015357241885170e-01 8.069515710468327940e-01
7.694237958786693810e-01 8.177119809152485486e-01
7.962233788163481929e-01 8.058126012225761414e-01
7.912100021461440091e-01 8.008410902637953521e-01
7.807210991569806247e-01 8.051368705207198051e-01
7.883430277535615760e-01 8.122579626464133673e-01
7.892241733248581692e-01 8.214879733278216412e-01
7.732165225338540893e-01 8.056039070991629636e-01
7.953060863218656129e-01 8.202786448644775463e-01
7.811352616603941534e-01 8.147259155434944944e-01
7.836012202093015633e-01 8.103799471878669891e-01
7.876942490945556541e-01 8.313019341028393683e-01
