[0.77330888 0.80993329] 0
[0.7995564 0.8095128] 0
[0.77770658 0.80099991] 0
[0.75689291 0.80591978] 0
[0.79051622 0.82023309] 0
[0.79286644 0.81261026] 0
[0.71053721 0.81283537] 0
[0.76206545 0.80009048] 0
[0.79973772 0.83841356] 0
[0.76744053 0.80851653] 0
[0.78127904 0.82174634] 0
[0.75150493 0.80383174] 0
[0.77317141 0.81235669] 0
[0.76347994 0.82211143] 0
[0.75435319 0.80115422] 0
[0.76556276 0.80069128] 0
[0.7856013  0.80910966] 0
[0.7538586  0.81017824] 0
[0.78690571 0.81163677] 0
[0.78113526 0.81472592] 0
[0.78280545 0.8189168 ] 0
[0.72826928 0.80299265] 0
[0.76384599 0.8135561 ] 0
[0.78309267 0.81718201] 0
[0.79753966 0.806832  ] 0
[0.76775052 0.8011044 ] 0
[0.78914029 0.82426457] 0
[0.79455143 0.82494064] 0
[0.74449393 0.80728582] 0
[0.77482899 0.80169978] 0
[0.77656879 0.82508434] 0
[0.78851545 0.8074434 ] 0
[0.7936494  0.81644091] 0
[0.76391518 0.81555185] 0
[0.78713176 0.84258665] 0
[0.73849996 0.80549847] 0
[0.79978528 0.8080806 ] 0
[0.78286203 0.80222657] 0
[0.78922417 0.82148797] 0
[0.78698925 0.83509317] 0
[0.76910498 0.81478254] 0
[0.7497204  0.80350058] 0
[0.76784014 0.8238343 ] 0
[0.7905796  0.83260814] 0
[0.77312525 0.81488828] 0
[0.77599099 0.80571677] 0
[0.76034707 0.8115877 ] 0
[0.7937187  0.83081136] 0
[0.74909661 0.80610674] 0
[0.77100256 0.82865005] 0
[0.76480281 0.80393146] 0
[0.74857395 0.81767465] 0
[0.78935665 0.81361349] 0
[0.79029431 0.80812173] 0
[0.79556765 0.80824997] 0
[0.7760925  0.83316776] 0
[0.78325547 0.81448394] 0
[0.79121    0.80084109] 0
[0.77467197 0.8003655 ] 0
[0.79682129 0.81474591] 0
[0.77374008 0.81475783] 0
[0.78429105 0.82422497] 0
[0.78952988 0.80147424] 0
[0.7954039  0.80011984] 0
[0.79038906 0.85093422] 0
[0.79214281 0.81305386] 0
[0.79693701 0.81545875] 0
[0.77700685 0.8235634 ] 0
[0.77980073 0.80436614] 0
[0.795841   0.82427029] 0
[0.7605232  0.80072981] 0
[0.79432176 0.81733664] 0
[0.75764724 0.80820745] 0
[0.79725777 0.81913179] 0
[0.78064762 0.80590491] 0
[0.79447878 0.82381756] 0
[0.74970154 0.80695157] 0
[0.75883313 0.82187939] 0
[0.79633231 0.8109612 ] 0
[0.78388113 0.81121896] 0
[0.78893256 0.81096034] 0
[0.76973766 0.82583201] 0
[0.79382305 0.80649113] 0
[0.79872609 0.82116603] 0
[0.79380045 0.83553372] 0
[0.74536223 0.81055741] 0
[0.78804375 0.80929128] 0
[0.77697859 0.81254443] 0
[0.75797896 0.81396306] 0
[0.78185535 0.81106376] 0
[0.79010599 0.81196481] 0
[0.78812776 0.82197792] 0
[0.76810371 0.81686452] 0
[0.79560093 0.83072637] 0
[0.79652447 0.80925688] 0
[0.76924021 0.82169607] 0
[0.78269134 0.82867045] 0
[0.77725045 0.82339696] 0
[0.76035068 0.81444174] 0
[0.79988809 0.811284  ] 0
[0.79668423 0.80547585] 0
[0.78617062 0.81100258] 0
[0.77048309 0.80056819] 0
[0.79201419 0.82001292] 0
[0.79734937 0.8190952 ] 0
[0.79995248 0.81254012] 0
[0.78877447 0.80146852] 0
[0.76846866 0.80410889] 0
[0.78975771 0.82599532] 0
[0.76953176 0.80106441] 0
[0.77175642 0.81875425] 0
[0.79253014 0.80562938] 0
[0.79865746 0.85597244] 0
[0.79434433 0.80569122] 0
[0.78197045 0.80849144] 0
[0.78360122 0.81037995] 0
[0.76827574 0.81393446] 0
[0.78186527 0.8070217 ] 0
[0.78670534 0.80653961] 0
[0.75418673 0.80335412] 0
[0.76116317 0.80193878] 0
[0.78416881 0.81822705] 0
[0.79485431 0.8160674 ] 0
[0.77756004 0.80672917] 0
[0.76278103 0.80391381] 0
[0.79802747 0.83346274] 0
[0.79614907 0.80989845] 0
[0.78269613 0.8124959 ] 0
[0.78993255 0.80116667] 0
[0.78476635 0.81001966] 0
[0.7871155  0.82141208] 0
[0.78039992 0.80925567] 0
[0.76347182 0.80105   ] 0
[0.75423664 0.80442167] 0
[0.77321652 0.80560391] 0
[0.79842165 0.81117592] 0
[0.7678567  0.80862082] 0
[0.785119   0.81305337] 0
[0.7450577 0.8040342] 0
[0.79664226 0.80376186] 0
[0.76873034 0.80506385] 0
[0.78638758 0.80229049] 0
[0.78278368 0.82253583] 0
[0.76955023 0.81054029] 0
[0.79144792 0.81023501] 0
[0.75930026 0.81148848] 0
[0.78116651 0.8216211 ] 0
[0.79855661 0.827135  ] 0
[0.790323   0.80767698] 0
[0.79711055 0.83165235] 0
[0.7862268  0.81922467] 0
[0.78225319 0.82526531] 0
[0.77966563 0.80354307] 0
[0.7807211  0.80513687] 0
[0.78127823 0.80705185] 0
[0.7691561  0.80094975] 0
[0.79215171 0.80739112] 0
[0.77995992 0.82879818] 0
[0.79900383 0.81474739] 0
[0.7866932  0.80353841] 0
[0.78030054 0.81599477] 0
[0.78751057 0.81968337] 0
[0.78283891 0.8165174 ] 0
[0.78877213 0.84318892] 0
[0.75332569 0.81043966] 0
[0.74393486 0.80546503] 0
[0.77422568 0.80934626] 0
[0.77527503 0.80314411] 0
[0.79514302 0.80632141] 0
[0.75452831 0.80040379] 0
[0.77435395 0.80213661] 0
[0.78724721 0.81142619] 0
[0.7694238  0.81771198] 0
[0.78281365 0.80559064] 0
[0.76837024 0.80318524] 0
[0.74205262 0.80356608] 0
[0.78645272 0.80765517] 0
[0.79530594 0.80478569] 0
[0.78778249 0.81465613] 0
[0.78417763 0.80825594] 0
[0.73815974 0.8063311 ] 0
[0.78537786 0.81992614] 0
[0.78370427 0.8042353 ] 0
[0.76372847 0.81436441] 0
[0.78558972 0.83620043] 0
[0.78535324 0.81802364] 0
[0.78526756 0.8029649 ] 0
[0.73804915 0.83592136] 0
[0.78393586 0.83218965] 0
[0.79808113 0.82378185] 0
[0.77282748 0.80080225] 0
[0.75275589 0.80521457] 0
[0.78325575 0.81088686] 0
[0.76557508 0.80964374] 0
[0.78628455 0.80293756] 0
[0.79708843 0.80098827] 0
[0.78019098 0.82554443] 0
[0.76433708 0.80092278] 0
[0.79663212 0.81490753] 0
[0.78920354 0.82317994] 0
[0.78863833 0.81665091] 0
[0.79520597 0.82493019] 0
[0.77428039 0.80912367] 0
[0.77182533 0.80830885] 0
[0.79826722 0.81110058] 0
[0.78542248 0.82562264] 0
[0.78487177 0.85060844] 0
[0.78280489 0.80550092] 0
[0.78154805 0.81512301] 0
[0.79643843 0.81005702] 0
[0.77873394 0.81942638] 0
[0.78769425 0.83130193] 0
[0.78874367 0.81268892] 0
[0.77689588 0.81615208] 0
[0.78512986 0.84012313] 0
[0.73926384 0.80533218] 0
[0.76576533 0.80975175] 0
[0.78525284 0.81306009] 0
[0.77346734 0.80851351] 0
[0.79347542 0.80016107] 0
[0.76014448 0.81818217] 0
[0.7850435  0.81186254] 0
[0.79199425 0.80102907] 0
[0.78373162 0.82237319] 0
[0.75614408 0.82162066] 0
[0.7887894  0.80602364] 0
[0.75988044 0.80734737] 0
[0.77984729 0.81601113] 0
[0.79950291 0.81165671] 0
[0.77899957 0.82148661] 0
[0.79530609 0.82027864] 0
[0.77455409 0.80288842] 0
[0.77433891 0.81434559] 0
[0.77416617 0.83418043] 0
[0.79430418 0.81837959] 0
[0.79015229 0.81398464] 0
[0.76747255 0.80883498] 0
[0.77772733 0.81884608] 0
[0.78144384 0.80872461] 0
[0.78590172 0.82020897] 0
[0.79462854 0.80530308] 0
[0.75698616 0.80110677] 0
[0.78394117 0.82958565] 0
[0.79293884 0.80749197] 0
[0.76420759 0.80068817] 0
[0.7777922  0.80502313] 0
[0.76669786 0.80086872] 0
[0.79491273 0.813485  ] 0
[0.78654372 0.81168658] 0
[0.78834303 0.81225796] 0
[0.7733349  0.80009004] 0
[0.76934625 0.80493178] 0
[0.79634677 0.8563423 ] 0
[0.79332381 0.82660259] 0
[0.79675462 0.83372044] 0
[0.78113865 0.80406336] 0
[0.79409246 0.81693663] 0
[0.77299357 0.80839876] 0
[0.7573629  0.80355657] 0
[0.79938789 0.80836708] 0
[0.77415853 0.82091206] 0
[0.77674442 0.80142841] 0
[0.79659069 0.82046327] 0
[0.79511089 0.83370165] 0
[0.79215883 0.81896377] 0
[0.73979665 0.80048082] 0
[0.78522453 0.83789618] 0
[0.74727082 0.80073603] 0
[0.79622338 0.8058126 ] 0
[0.79365467 0.8204918 ] 0
[0.79341818 0.81460635] 0
[0.79461278 0.8004173 ] 0
[0.77627456 0.82751003] 0
[0.74608532 0.80046163] 0
[0.74206106 0.8060019 ] 0
[0.78099221 0.80588479] 0
[0.78610189 0.81977435] 0
[0.77187391 0.81684102] 0
[0.7627766  0.80357994] 0
[0.78513512 0.80947163] 0
[0.77027768 0.81394376] 0
[0.77160156 0.82128597] 0
[0.77939994 0.80253886] 0
[0.79508422 0.80929743] 0
[0.78341247 0.80814983] 0
[0.77058874 0.80588325] 0
[0.79073946 0.82011891] 0
[0.77391204 0.81239718] 0
[0.77917305 0.80783816] 0
[0.78812045 0.80093668] 0
[0.79735296 0.82226206] 0
[0.7718543  0.80699915] 0
[0.78802388 0.81347802] 0
[0.78435623 0.8118273 ] 0
[0.77793057 0.80678235] 0
[0.77845456 0.80194283] 0
[0.7892247  0.81262155] 0
[0.78470519 0.80262244] 0
[0.79207738 0.82337678] 0
[0.78667773 0.80465956] 0
[0.75099997 0.82093032] 0
[0.76561321 0.81255377] 0
[0.75279026 0.80350118] 0
[0.73635645 0.8023354 ] 0
[0.7607762  0.80461607] 0
[0.78715565 0.82296829] 0
[0.7944029 0.8168757] 0
