8.692971702977012605e-01 2.930190600176126314e-01
8.100598868784139039e-01 2.910742002515280813e-01
8.152571104697767801e-01 2.601384265144149888e-01
8.028130866095094520e-01 2.957261348393006029e-01
8.514913213139352344e-01 2.454358137909371518e-01
8.205753900349137542e-01 2.555396230728368412e-01
8.094998448536462332e-01 2.393394936173641185e-01
8.370672358767549115e-01 2.711308754224483475e-01
8.023081325112064732e-01 2.659209573091894652e-01
8.424733469278722353e-01 2.866519427256149499e-01
8.529578439679745827e-01 2.198358564812523397e-01
8.296764934597842256e-01 2.641212773578778261e-01
8.878436599960068953e-01 2.686600970560351076e-01
8.114357656477965142e-01 2.966769426309838753e-01
8.055301771113835274e-01 2.932694326808442109e-01
8.363341529788139717e-01 2.708762593665722807e-01
