8.488600479898232853e-01 3.953907569528630206e-01
8.468436383796390521e-01 3.582555190172893589e-01
8.294696857632264386e-01 3.817480818678931076e-01
8.043503753416089141e-01 3.982357810180399693e-01
8.161295914237116644e-01 3.777034102211493383e-01
8.128571643619972864e-01 3.988370301954005104e-01
8.246664722595323793e-01 3.898801747759677028e-01
8.238176331294566612e-01 3.516055476108971845e-01
8.943375405648394949e-01 3.975107294635892852e-01
8.403281508825481971e-01 3.619013663659849112e-01
8.343276270073409773e-01 3.035152301958354837e-01
8.641998816920541948e-01 3.784864376927775664e-01
8.500944647748470695e-01 3.566247926882129549e-01
8.645228802436475402e-01 3.859931445708473241e-01
8.682866928965080611e-01 3.435409159180068950e-01
8.128954758553424975e-01 3.295968016272322609e-01
8.061286313639359769e-01 3.777394450939610682e-01
8.077475699083500604e-01 3.241976234819250458e-01
8.499959543022405084e-01 3.096123160170913824e-01
8.381786136306266233e-01 3.631716570286693813e-01
8.019995742118377624e-01 3.282618776529105387e-01
8.170212500806006695e-01 3.254806111012532588e-01
8.760253014658119231e-01 3.720147028497047259e-01
8.764672291805448712e-01 3.862487699618050163e-01
8.813333261939187979e-01 3.491460602913372124e-01
8.031644412243508224e-01 3.865101557147342382e-01
8.547239390767547018e-01 3.968712300476127663e-01
8.018278666827456380e-01 3.668022407962504561e-01
8.117107261679166186e-01 3.262359175580485937e-01
8.629824386846385309e-01 3.441373869583602696e-01
8.330900404028996897e-01 3.341116491127060772e-01
8.332486435140999959e-01 3.824039451406368584e-01
8.711335489197993276e-01 3.799292409591167319e-01
8.055706648288081251e-01 3.657312986289895651e-01
8.357297784462602852e-01 3.738658910214555653e-01
8.073991362167987074e-01 3.676852659848649507e-01
8.017450034640964951e-01 3.818528087463773368e-01
8.532940481507975683e-01 3.986351026057912694e-01
8.023662191004881095e-01 3.906351098290108403e-01
8.889736230448692655e-01 3.831493904557595753e-01
8.484143788990383683e-01 3.627546989397747446e-01
8.193160791411251420e-01 3.962782749572765773e-01
8.379989605528532781e-01 3.700078587402571562e-01
8.690874574810913966e-01 3.897102190942840494e-01
8.233028281926412228e-01 3.509536948389005984e-01
8.760199519016820258e-01 3.967070194997717736e-01
8.306364753017829727e-01 3.230940910938894794e-01
8.495608785733389512e-01 3.985762726540219569e-01
8.859560919474073204e-01 3.894985011425287635e-01
8.842505346971782920e-01 3.314465922202870507e-01
8.009645076064840774e-01 3.705667709271933119e-01
8.200633271663821944e-01 3.152952025440696193e-01
8.314107860505572933e-01 3.660909073938687919e-01
8.122897320226885043e-01 3.260538112226253338e-01
8.092665060263716237e-01 3.830165301131240319e-01
8.007046092624272582e-01 3.695895984606429874e-01
8.552811624775009669e-01 3.549175534395318521e-01
8.195271801744160589e-01 3.690826695691485360e-01
8.740920927037096888e-01 3.696986733127851643e-01
8.697706735113797105e-01 3.193095395880170551e-01
8.069904731891298644e-01 3.878047084751973794e-01
8.598120927923997847e-01 3.506342309880184915e-01
8.576861669901709728e-01 3.608686784508653989e-01
8.252292555987769118e-01 3.436043112764635143e-01
8.374177010140175792e-01 3.753152208465455608e-01
8.651646117802921365e-01 3.521370237955714910e-01
8.107075332132642753e-01 3.587039460853620465e-01
8.286899398080035395e-01 3.791417338070787180e-01
8.029640004976231760e-01 3.582621116479912105e-01
8.704752438515316326e-01 3.543012573136830046e-01
8.385843129977218480e-01 3.244733929874661360e-01
8.963304232187552234e-01 3.967583705733870314e-01
8.202373163458953620e-01 3.887273902286964566e-01
8.015642569344763047e-01 3.174826420173747499e-01
8.648355418420738960e-01 3.799142925657760794e-01
8.090227469435139485e-01 3.479357667738968707e-01
8.709957220915387488e-01 3.064609256907419033e-01
8.933851435515753892e-01 3.165421495549980424e-01
8.344830440196752130e-01 3.497727750432543803e-01
8.490929335599413097e-01 3.879614461010387205e-01
8.622171749031173338e-01 3.152185809350436241e-01
8.901771404843992208e-01 3.159860455946901792e-01
8.190378840054806098e-01 3.247813644336676742e-01
8.446523319665066865e-01 3.422309010021680198e-01
8.067898097399724966e-01 3.681415669788101752e-01
8.802281259233798449e-01 3.152370448318029816e-01
8.112277625753461230e-01 3.398782785093227843e-01
8.140827430478165816e-01 3.723876889100306009e-01
8.176849217362776034e-01 3.527927204334210254e-01
8.883777191176404076e-01 3.712845051523981921e-01
8.012788974717255375e-01 3.938046911501885128e-01
8.832952400427160899e-01 3.698734981275677014e-01
8.360426436438803677e-01 3.882366265518257809e-01
8.533544130656715021e-01 3.230877352415618686e-01
8.395272165738800751e-01 3.320002611411564941e-01
8.772247648618863858e-01 3.804753619213367410e-01
8.340714698811497740e-01 3.993975832081871347e-01
8.702835434537463666e-01 3.625104051825341900e-01
8.373304099185605587e-01 3.317612657200970094e-01
8.746197852694634900e-01 3.048594965317610872e-01
8.286037852019785266e-01 3.324939083350737512e-01
8.063397782968549921e-01 3.833900561268296370e-01
8.129942070433879842e-01 3.801767482515148178e-01
8.463941689326233142e-01 3.816617175543239315e-01
8.002890531211219738e-01 3.732823240381333285e-01
8.380517818481378889e-01 3.896180915292046798e-01
8.695240266049368838e-01 3.226734902073641886e-01
8.559345148802985914e-01 3.499901962900858754e-01
8.793864853356049283e-01 3.929923275365862501e-01
8.351079901858142751e-01 3.847190810670974015e-01
8.410332928890660309e-01 3.974514299511057169e-01
8.034832720536986272e-01 3.772588339444536976e-01
8.520786091187844136e-01 3.988986687895424432e-01
8.039866489394065230e-01 3.998375634841929149e-01
8.930774993339568590e-01 3.964744056967849928e-01
8.817318205626187844e-01 3.772082079356556816e-01
8.808209671425966114e-01 3.956612446323501953e-01
