[0.84886005 0.39539076] 0
[0.81612959 0.37770341] 0
[0.89433754 0.39751073] 0
[0.85009446 0.35662479] 0
[0.80612863 0.37773945] 0
[0.80199957 0.32826188] 0
[0.88133333 0.34914606] 0
[0.81171073 0.32623592] 0
[0.87113355 0.37992924] 0
[0.801745   0.38185281] 0
[0.84841438 0.3627547 ] 0
[0.82330283 0.35095369] 0
[0.88595609 0.3894985 ] 0
[0.83141079 0.36609091] 0
[0.85528116 0.35491755] 0
[0.80699047 0.38780471] 0
[0.8374177  0.37531522] 0
[0.802964   0.35826211] 0
[0.82023732 0.38872739] 0
[0.87099572 0.30646093] 0
[0.86221717 0.31521858] 0
[0.80678981 0.36814157] 0
[0.81768492 0.35279272] 0
[0.83604264 0.38823663] 0
[0.83407147 0.39939758] 0
[0.82860379 0.33249391] 0
[0.80028905 0.37328232] 0
[0.87938649 0.39299233] 0
[0.85207861 0.39889867] 0
[0.88082097 0.39566124] 0
[0.80435038 0.39823578] 0
[0.82381763 0.35160555] 0
[0.86419988 0.37848644] 0
[0.81289548 0.3295968 ] 0
[0.83817861 0.36317166] 0
[0.87646723 0.38624877] 0
[0.80182787 0.36680224] 0
[0.83324864 0.38240395] 0
[0.80739914 0.36768527] 0
[0.88897362 0.38314939] 0
[0.86908746 0.38971022] 0
[0.84956088 0.39857627] 0
[0.82006333 0.3152952 ] 0
[0.80070461 0.3695896 ] 0
[0.86977067 0.31930954] 0
[0.82522926 0.34360431] 0
[0.82868994 0.37914173] 0
[0.89633042 0.39675837] 0
[0.80902275 0.34793577] 0
[0.84909293 0.38796145] 0
[0.84465233 0.3422309 ] 0
[0.81408274 0.37238769] 0
[0.88329524 0.3698735 ] 0
[0.87722476 0.38047536] 0
[0.87461979 0.3048595 ] 0
[0.84639417 0.38166172] 0
[0.85593451 0.3499902 ] 0
[0.80348327 0.37725883] 0
[0.88173182 0.37720821] 0
[0.82946969 0.38174808] 0
[0.82466647 0.38988017] 0
[0.83432763 0.30351523] 0
[0.86828669 0.34354092] 0
[0.84999595 0.30961232] 0
[0.8760253 0.3720147] 0
[0.85472394 0.39687123] 0
[0.83309004 0.33411165] 0
[0.83572978 0.37386589] 0
[0.80236622 0.39063511] 0
[0.83799896 0.37000786] 0
[0.83063648 0.32309409] 0
[0.80096451 0.37056677] 0
[0.80926651 0.38301653] 0
[0.87409209 0.36969867] 0
[0.85768617 0.36086868] 0
[0.81070753 0.35870395] 0
[0.83858431 0.32447339] 0
[0.86483554 0.37991429] 0
[0.83448304 0.34977278] 0
[0.81903788 0.32478136] 0
[0.81122776 0.33987828] 0
[0.8012789  0.39380469] 0
[0.83952722 0.33200026] 0
[0.83733041 0.33176127] 0
[0.81299421 0.38017675] 0
[0.86952403 0.32267349] 0
[0.84103329 0.39745143] 0
[0.8930775  0.39647441] 0
[0.84684364 0.35825552] 0
[0.81285716 0.39883703] 0
[0.84032815 0.36190137] 0
[0.86452288 0.38599314] 0
[0.80774757 0.32419762] 0
[0.81702125 0.32548061] 0
[0.80316444 0.38651016] 0
[0.86298244 0.34413739] 0
[0.80557066 0.3657313 ] 0
[0.85329405 0.3986351 ] 0
[0.81931608 0.39627827] 0
[0.87601995 0.39670702] 0
[0.88425053 0.33144659] 0
[0.81228973 0.32605381] 0
[0.81952718 0.36908267] 0
[0.85981209 0.35063423] 0
[0.86516461 0.35213702] 0
[0.87047524 0.35430126] 0
[0.80156426 0.31748264] 0
[0.89338514 0.31654215] 0
[0.89017714 0.31598605] 0
[0.88022813 0.31523704] 0
[0.88837772 0.37128451] 0
[0.85335441 0.32308774] 0
[0.87028354 0.36251041] 0
[0.80633978 0.38339006] 0
[0.83805178 0.38961809] 0
[0.83510799 0.38471908] 0
[0.80398665 0.39983756] 0
