8.520917597205979188e-01 6.063442737925038850e-01
8.802045920044851979e-01 6.503722614233754529e-01
8.250758815499226184e-01 6.314703401840671138e-01
8.641202546912007953e-01 6.110983673138996597e-01
8.694068030266299818e-01 6.825140227178868590e-01
8.571666129164453585e-01 6.535951730866552678e-01
8.459229843147534345e-01 6.177795404075058228e-01
8.316129687187945319e-01 6.020395834473369900e-01
8.043740171183765275e-01 6.004152201998247396e-01
8.891169645943235444e-01 6.210129249056349776e-01
8.557473825453921767e-01 6.033005750858624339e-01
8.651125087810549452e-01 6.224292562779366600e-01
8.153627716752538390e-01 6.071583348204909747e-01
8.931342266286688147e-01 6.228838072485820554e-01
8.706558480516134457e-01 6.483039399104568723e-01
8.643036268697621427e-01 6.252733922463113991e-01
8.878509668606056060e-01 6.583812152787741345e-01
8.622757875341083844e-01 6.261772765134971941e-01
8.340091816201001818e-01 6.182928958200537561e-01
8.168315598026034685e-01 6.287160656759789301e-01
8.782539452098172550e-01 6.280996235062805688e-01
8.574586769481862270e-01 6.096678657327150308e-01
8.049451864337240359e-01 6.273255984469849889e-01
8.824328456989065650e-01 6.171938021552828557e-01
8.928420097282112611e-01 6.356403700939481372e-01
8.732499809423964754e-01 6.227065475190779464e-01
8.007226520750331256e-01 6.015738075990697542e-01
8.278004751182436172e-01 6.043326986297374859e-01
8.534229964527239032e-01 6.846475894861341338e-01
8.886893223384555451e-01 6.813581210250063691e-01
8.899439337641787962e-01 6.234067592701970639e-01
8.318088634592453179e-01 6.248551857247013341e-01
8.082319932198266388e-01 6.323372051147641004e-01
8.624807046127455079e-01 6.163617110505790198e-01
8.852536211382340259e-01 6.897233826411643953e-01
8.992001892790497664e-01 6.098387805744400758e-01
8.454471198377137009e-01 6.073794295267123111e-01
8.555393265525270685e-01 6.236147721248084252e-01
8.605536148996204560e-01 6.096214650572270299e-01
8.951016552100010681e-01 6.605383173050856094e-01
8.630400480012843101e-01 6.148783445364536249e-01
8.549438800374694614e-01 6.263904183109232360e-01
8.849632262040837416e-01 6.008182059028206456e-01
8.589635272203288707e-01 6.070258772058494401e-01
8.915203209565549791e-01 6.792043996960478447e-01
8.481534753517954162e-01 6.249849324228691216e-01
8.559694722047841431e-01 6.208159644223265605e-01
8.566908387278862058e-01 6.110202622188514177e-01
8.313785249408980338e-01 6.992748443950144166e-01
8.444431314580326253e-01 6.399789590344928669e-01
8.291533169210745235e-01 6.203801541065059322e-01
8.449047758758014837e-01 6.021783490227379243e-01
8.487362728461363970e-01 6.126116656578072250e-01
8.951745836585607297e-01 6.308997995764316080e-01
8.750983073708815674e-01 6.387770959252254688e-01
8.485908407771185491e-01 6.391508316633084386e-01
8.122610714990903258e-01 6.476018119924743521e-01
8.192279370228809920e-01 6.470018308508016514e-01
