[0.81255852 0.79507105] 0
[0.8082797  0.79010528] 0
[0.80488265 0.79720525] 0
[0.80756688 0.7915658 ] 0
[0.80045174 0.79814623] 0
[0.80648853 0.778822  ] 0
[0.82926456 0.77605447] 0
[0.81111163 0.7857404 ] 0
[0.80829892 0.78966627] 0
[0.82539405 0.79192942] 0
[0.81510835 0.79935951] 0
[0.80526633 0.79930588] 0
[0.818533   0.78230462] 0
[0.80629361 0.79891596] 0
[0.80484465 0.79636415] 0
[0.8114898  0.79246885] 0
[0.80298139 0.78201963] 0
[0.81267112 0.79328191] 0
[0.8269311  0.79485572] 0
[0.80277794 0.78891036] 0
[0.80362211 0.79681435] 0
[0.80959296 0.79167034] 0
[0.80333012 0.79709877] 0
[0.81643714 0.78112924] 0
[0.82136901 0.79915946] 0
[0.80361039 0.79349963] 0
[0.81823144 0.78746311] 0
[0.84542296 0.7978084 ] 0
[0.83678465 0.79924841] 0
[0.8128983  0.78943936] 0
[0.80610415 0.79944623] 0
[0.80269711 0.7925247 ] 0
[0.8099754  0.79953222] 0
[0.82148494 0.79046453] 0
[0.8095177  0.78717668] 0
[0.89369355 0.70374256] 0
[0.86490604 0.70086946] 0
[0.88922259 0.7310641 ] 0
