8.555878421612687079e-01 8.255246700893105194e-01
8.045726760630534935e-01 8.310144511295765035e-01
8.054619215187770465e-01 8.364205962527726523e-01
8.913723230289594124e-01 8.779365966820502631e-01
8.785298356703155065e-01 8.881488227038116801e-01
8.856394014541614235e-01 8.859231557011858493e-01
8.672045738630564937e-01 8.653115038929821701e-01
8.214437085209519429e-01 8.193455404018736843e-01
8.174774274780062244e-01 8.084579419632940134e-01
8.424875631711670199e-01 8.471807126194049742e-01
8.603949586059562726e-01 8.484041259300015847e-01
8.296120887759818041e-01 8.406859289238801658e-01
8.391259848336749538e-01 8.742449191904839711e-01
8.510692972741218387e-01 8.546838432539876074e-01
8.659484369761688560e-01 8.493233993351051447e-01
8.329777475664332798e-01 8.451070599673585759e-01
8.309055226417874085e-01 8.476901008663444426e-01
8.611424431198698715e-01 8.514642808911574434e-01
8.270712001637864352e-01 8.349764724013457595e-01
8.833958390086654733e-01 8.710658042896567421e-01
8.993900744300693528e-01 8.440979238401876694e-01
8.538851002616393293e-01 8.255447128914968902e-01
8.135449010132034253e-01 8.440869187629891357e-01
8.223376657384834365e-01 8.037992707350802846e-01
8.241821009324362679e-01 8.351406878547668056e-01
8.519850361517632420e-01 8.218230368786729745e-01
8.030040663902812126e-01 8.076846834016959686e-01
8.390192718503994840e-01 8.498055069789566263e-01
8.185695147342068045e-01 8.213888868683627553e-01
8.520182444830405322e-01 8.424896774325073556e-01
8.915624584530678076e-01 8.569877676900587993e-01
8.849557336094706628e-01 8.625498805052812523e-01
8.538374754503519348e-01 8.569659739493705741e-01
8.200273408350085003e-01 8.025773609830014754e-01
8.030109011787003315e-01 8.007951976426962437e-01
8.453987416034507429e-01 8.201891514568313557e-01
8.906713108787240873e-01 8.459303499655843606e-01
8.145192519924663310e-01 8.030451862299182730e-01
8.390837372087858181e-01 8.525494726687463665e-01
8.826256002051551253e-01 8.794421752602183950e-01
8.222344910118980499e-01 8.274540305283549779e-01
8.072524269667546992e-01 8.365073412198392733e-01
8.334857855317846509e-01 8.347691875998641819e-01
8.448657661997489576e-01 8.471481604825918943e-01
8.669197596305542319e-01 8.355663094214278441e-01
8.114499879230587798e-01 8.067162819924473816e-01
8.371238446143745016e-01 8.302457462299168700e-01
8.482671224373301566e-01 8.376618587763703383e-01
8.594181780580127938e-01 8.174182775877718576e-01
8.278719194310223406e-01 8.435597460987555030e-01
8.955715706284551603e-01 8.807695118581494453e-01
8.086662560543802503e-01 8.102723927269915860e-01
8.579069151513252223e-01 8.510968325309403726e-01
8.581459778716905573e-01 8.462559142851036054e-01
8.009396317241893604e-01 8.046671854072147134e-01
8.186238091311406340e-01 8.051548043631895357e-01
8.299612825163241725e-01 8.332048437878281089e-01
8.849547104292073696e-01 8.699685755724723135e-01
8.124320641089088912e-01 8.274023305623692259e-01
8.792188986827816910e-01 8.829026150049770205e-01
8.769736152273704954e-01 8.871474264732737147e-01
8.556804554958057363e-01 8.491304468553921847e-01
8.649334438069494757e-01 8.190711992944026409e-01
8.964914293651768951e-01 8.595654352723566261e-01
8.699365030697938650e-01 8.772588681284938517e-01
8.281159023366322369e-01 8.184562731341057384e-01
8.711101729649632919e-01 8.755194090388076500e-01
8.188359990781391984e-01 8.111086951188682947e-01
8.642021903949000938e-01 8.397608699757129758e-01
8.704448394158580404e-01 8.560073590726392512e-01
8.491250909136848213e-01 8.385232340187132039e-01
8.219468141675839723e-01 8.462663468767701591e-01
8.247694240255986076e-01 8.485580224574659214e-01
8.835117210952379008e-01 8.840609597578295009e-01
8.720446934354637580e-01 8.504056580061580828e-01
8.814017727158030002e-01 8.394435342070361017e-01
8.871899136830272425e-01 8.753755330079325825e-01
8.646443798349974230e-01 8.301555462841800903e-01
8.265919350497130669e-01 8.654286428056076064e-01
8.346876238954770155e-01 8.519768116587431717e-01
8.824048741812753338e-01 8.607149665666479210e-01
8.646808137805220840e-01 8.404369226411425586e-01
8.351885846473398045e-01 8.281531145220776269e-01
8.417936677290339675e-01 8.324605253915949854e-01
8.866485832318021787e-01 8.770229504022157840e-01
8.666295833816303196e-01 8.192974380266900836e-01
8.215454291838695244e-01 8.183420930020798290e-01
8.208061768328380747e-01 8.275819274320506125e-01
8.267881168365612821e-01 8.395330804997661600e-01
8.089019692631513880e-01 8.253682874228301936e-01
8.192163777663578061e-01 8.503060245959170871e-01
8.151346194383333188e-01 8.184132141867132004e-01
8.891238441088487043e-01 8.687940214424628715e-01
8.405505913210640223e-01 8.468777220748004986e-01
8.359991706665031996e-01 8.349056560336994837e-01
8.775278880009766969e-01 8.733793629972140815e-01
8.561752361112346943e-01 8.393830009100017309e-01
8.358799223374475673e-01 8.412946911618703894e-01
8.531467269391710406e-01 8.531686928944639536e-01
8.404677444323005453e-01 8.470170515219169749e-01
8.341879832395526773e-01 8.323710054782443857e-01
8.239629958424314893e-01 8.216807296904105051e-01
8.608467614937811430e-01 8.323826087757776326e-01
8.439629366501305574e-01 8.542548424166062082e-01
8.708417566184201153e-01 8.715189785055631466e-01
8.666329480924969131e-01 8.499207337324198308e-01
8.447670841399799180e-01 8.135839722513457106e-01
8.353481314161317339e-01 8.256387486947532883e-01
8.252887556313005524e-01 8.125346671911543028e-01
8.854890331233438161e-01 8.682873101373614899e-01
8.941382363299379410e-01 8.707293642040134785e-01
8.005577482840843251e-01 8.052980697578921987e-01
8.334877467913407445e-01 8.571877319347267488e-01
8.347647068559940209e-01 8.053960316985832035e-01
8.343110014559965704e-01 8.124250898532321408e-01
8.563087286103558959e-01 8.628186533559064619e-01
8.024918742030777707e-01 8.168256315377898646e-01
8.649226353695474989e-01 8.418669867674563045e-01
8.530035498827847062e-01 8.671908997658347440e-01
8.589967517550607390e-01 8.494503621911371205e-01
8.605190510582243490e-01 8.270615854636484965e-01
8.493349654817451411e-01 8.099294086190976794e-01
8.659797675400573436e-01 8.667790527762784247e-01
8.757866501603278619e-01 8.525444855063416538e-01
8.537363202959523667e-01 8.502926573126200482e-01
8.113774733419633067e-01 8.256448317301857687e-01
8.289941083644434272e-01 8.224482959747365651e-01
8.298344053387040065e-01 8.440805031185564244e-01
8.599644836316924223e-01 8.611142649097955903e-01
8.806092428281334650e-01 8.775042054253506807e-01
8.902408029112777177e-01 8.715508840050362194e-01
8.606005377098662201e-01 8.408741408111450877e-01
8.722234180461267972e-01 8.686583414619156729e-01
8.392925684264445074e-01 8.423689815130667169e-01
8.760626563825137936e-01 8.475246711626756024e-01
8.677481316560172742e-01 8.660980227308875401e-01
8.373191916161939474e-01 8.104775530700191188e-01
8.704006399300524555e-01 8.238676546881811280e-01
8.555511275558146389e-01 8.724103551631773312e-01
8.041121639730728354e-01 8.219119295803988257e-01
8.936494261838333619e-01 8.901456479964147128e-01
8.975038315910199849e-01 8.769090713764221556e-01
8.029457896564052843e-01 8.286407129585585674e-01
8.315426552590552411e-01 8.282483559737991996e-01
8.927179768881228217e-01 8.879841158665618961e-01
8.208909751643079789e-01 8.034169048329050655e-01
8.919334987954455896e-01 8.719009449397485678e-01
8.417515800553041494e-01 8.411832664254481617e-01
8.165255279162393354e-01 8.284106107939676056e-01
8.948171389769915551e-01 8.722093743859659076e-01
8.099132145623152423e-01 8.537578991408560913e-01
8.311930178623280208e-01 8.401936510653018608e-01
8.702294430672657954e-01 8.437479324878541798e-01
8.935678376295527192e-01 8.945725662101037257e-01
8.660492162394001214e-01 8.686973140354053990e-01
8.377569169748035893e-01 8.420134588972104650e-01
8.699035597953936882e-01 8.935312718515937558e-01
8.497409287224764185e-01 8.482305153481112248e-01
8.695907694512879926e-01 8.387527860181620554e-01
8.745078233318501759e-01 8.497063447812500669e-01
8.683618848247036670e-01 8.874697284325530067e-01
8.725912719622156422e-01 8.548051371814234800e-01
8.509931990276534686e-01 8.565554166923600166e-01
8.213570260506379839e-01 8.215745568514953856e-01
8.205878329164827401e-01 8.364421192301583208e-01
8.280956508215389089e-01 8.137735571140680690e-01
8.817102502915654672e-01 8.923951452720009225e-01
8.230539040520131744e-01 8.222852352978301527e-01
8.170297388548580786e-01 8.050223834246104104e-01
8.595291298271455771e-01 8.680341644791549349e-01
8.746778254030608268e-01 8.541347035063168169e-01
8.898862060772840810e-01 8.632027589341164653e-01
8.401813207109500858e-01 8.372821096937050900e-01
8.993561267019326566e-01 8.901566711653785546e-01
8.219012309095432567e-01 8.365517526313686059e-01
8.447398927703353433e-01 8.514794339358908726e-01
8.365980172610170129e-01 8.071957644134808429e-01
8.170792298384448316e-01 8.134329597608244145e-01
8.599386677539742063e-01 8.565687576644859247e-01
8.941506900105212763e-01 8.859934154239322845e-01
8.624868878093755464e-01 8.452485131363929316e-01
8.918959102291610375e-01 8.729895378292149566e-01
8.861305335099535219e-01 8.772882575718050635e-01
8.631691086253417966e-01 8.712726514124484734e-01
8.419755301673887971e-01 8.540345621033155199e-01
8.903900305184946351e-01 8.751183346915151207e-01
8.381248992224721306e-01 8.522057622317232850e-01
8.129742426049760828e-01 8.020858978858421695e-01
8.317651424898800938e-01 8.583879889253767104e-01
8.458389266519703575e-01 8.395757687219080889e-01
8.678865150299306386e-01 8.428259507635890158e-01
8.371798327222655933e-01 8.455879888799782140e-01
8.466933199879732586e-01 8.577539000333257446e-01
8.745158498930148960e-01 8.820919680463514823e-01
8.749957519718281063e-01 8.478198038290349903e-01
8.400560229092248754e-01 8.076902169102567752e-01
8.039626362713836460e-01 8.145909674712081827e-01
8.675600679286470385e-01 8.713481078953615455e-01
8.518325301059013199e-01 8.427055610793027229e-01
8.442218157605917428e-01 8.338448932810647030e-01
8.881319518054753281e-01 8.690561195096172531e-01
8.891062686070675403e-01 8.777910727421502912e-01
8.334023752700466803e-01 8.177438306901315679e-01
8.512470191309565726e-01 8.378179685827243928e-01
8.420178344881337207e-01 8.519425071036048625e-01
8.002353526151106955e-01 8.265104792112111243e-01
8.186753342530860289e-01 8.312387696893104305e-01
8.700784113467775471e-01 8.551645021607693353e-01
8.596466528791523176e-01 8.648030532996714426e-01
8.412333083493436225e-01 8.152110097724118987e-01
8.592431677007716928e-01 8.512009185869889860e-01
8.756540844080392683e-01 8.751131509492805494e-01
8.598306245282424376e-01 8.501303604555046078e-01
8.184387015002934085e-01 8.312460931524690011e-01
8.854718803534636917e-01 8.723090804513061736e-01
8.923961889708171835e-01 8.478006980531684889e-01
8.785808555732127489e-01 8.345852080646217752e-01
8.490056850062227545e-01 8.441100565752688301e-01
8.686634017158939569e-01 8.536402574475581151e-01
8.670853789550612145e-01 8.721764124924559214e-01
8.842480872720794860e-01 8.659928392239654160e-01
8.277224830272251754e-01 8.104290536493986563e-01
8.084671665976728150e-01 8.271043299812732563e-01
8.743773425989491699e-01 8.585815178264665226e-01
8.328448173081354211e-01 8.503892873673826180e-01
8.121241463900926716e-01 8.478029832735315408e-01
8.207408427133295881e-01 8.303040985030841759e-01
8.394395473880242875e-01 8.178342644193761224e-01
8.868406436105836788e-01 8.672915854458261853e-01
8.353784102357724173e-01 8.389172636977662023e-01
8.334838607766249519e-01 8.518964780993587560e-01
8.612458208586124542e-01 8.445082824115275333e-01
8.495231714460013128e-01 8.412716112633582544e-01
8.948987499341884977e-01 8.808282963511433472e-01
8.756602020926143037e-01 8.421948983762406193e-01
8.233657782053511731e-01 8.083873676694388610e-01
8.557683771387017968e-01 8.652537513658629109e-01
8.931977072309018606e-01 8.772394206123077520e-01
8.116470468462637644e-01 8.093667255681520345e-01
8.827746849790371053e-01 8.689528307383059813e-01
8.073374170449342246e-01 8.113221813645918878e-01
8.162647543371125414e-01 8.054609448126104354e-01
8.035860006040497217e-01 8.203767970427687795e-01
8.379962091653434531e-01 8.307174502022153240e-01
8.552189272412156207e-01 8.479859554888692363e-01
8.594688270504904359e-01 8.615023946640916197e-01
8.713408548274869103e-01 8.645627186394501118e-01
8.715899179568236121e-01 8.594130599470393150e-01
8.178119256794518233e-01 8.057045491782993674e-01
8.473461492409470885e-01 8.264559513264426727e-01
8.272777847837715637e-01 8.381875795914800475e-01
8.802039713760179129e-01 8.739157565661930249e-01
8.445707671189254251e-01 8.523569870876661625e-01
8.442845069521868195e-01 8.446249040177264966e-01
8.524678615314162933e-01 8.595679359255692376e-01
8.198033171559104826e-01 8.083258131363562082e-01
8.558467590424518878e-01 8.426886624602197839e-01
8.485770300727448756e-01 8.206959059141080148e-01
8.409866837575575849e-01 8.240649890200993921e-01
8.308204705554744773e-01 8.046561973070828211e-01
8.270852413352269838e-01 8.470939639189495329e-01
8.971315298919452230e-01 8.976264425992904750e-01
8.685619719590668142e-01 8.653340004056940815e-01
8.015061103316499791e-01 8.410714362415045997e-01
8.676987444530873672e-01 8.763505791211577689e-01
8.448581632406734210e-01 8.356263814333596551e-01
8.502762640151361184e-01 8.385379353395435720e-01
8.623401210973169473e-01 8.318120156282058364e-01
8.049149792974941153e-01 8.221310338487366476e-01
8.675243813383060054e-01 8.570732141354044931e-01
8.652320351701510148e-01 8.557489226574939156e-01
8.702900213592444922e-01 8.641165752274113654e-01
8.590521506513152383e-01 8.533078706726893170e-01
8.344315523845662330e-01 8.234276736484914538e-01
8.299763503254383723e-01 8.119892870072654700e-01
8.688601076875362983e-01 8.775849487108530189e-01
8.630908348964163590e-01 8.355080061132229563e-01
8.875479422421377329e-01 8.643891060165709295e-01
8.481641545014187988e-01 8.465228325599789549e-01
8.442334233530339738e-01 8.399299730879247194e-01
8.840248400225707570e-01 8.490401173313034677e-01
8.621108506750643219e-01 8.900152947457011798e-01
8.472900367881891492e-01 8.326952704556437324e-01
8.339156022511953203e-01 8.292748843457886654e-01
8.836857651024833116e-01 8.725640696845443633e-01
8.540340802401243936e-01 8.505498881977132664e-01
8.409995283759307272e-01 8.472956366355125501e-01
8.527146202814496201e-01 8.551461847140697792e-01
8.221132216198374643e-01 8.400094418446328870e-01
8.366210111088556722e-01 8.574772163665251856e-01
8.674416163432150384e-01 8.620445399952177956e-01
8.928342679593312958e-01 8.623758044730952532e-01
8.980474625188580307e-01 8.778640634112524488e-01
8.518179748774832305e-01 8.553820257231169455e-01
8.027210001302089726e-01 8.243759606473153312e-01
8.832257040048175911e-01 8.627730125325536736e-01
8.730241162758571871e-01 8.325333305066160428e-01
8.879443200099585987e-01 8.588776314904245091e-01
8.217433154948572405e-01 8.224416269865552076e-01
8.831816372685347138e-01 8.829723714418793445e-01
8.755612866469497657e-01 8.923507305427229586e-01
8.524427802678328225e-01 8.572774239844899169e-01
8.789918628563558878e-01 8.846629215393282397e-01
8.833518442231445000e-01 8.874442522366644548e-01
8.725650582082534745e-01 8.316414662632841681e-01
8.797003274672713369e-01 8.760696090044575168e-01
8.767852582744013468e-01 8.661357493428887278e-01
8.782494059383928464e-01 8.749326928842233730e-01
8.743731704974692098e-01 8.505548806547401641e-01
8.851513114446595276e-01 8.690217322987088266e-01
8.737776470107339044e-01 8.849334139035973656e-01
8.659742125955508518e-01 8.457678189067227015e-01
8.335670599755604648e-01 8.470950695193257829e-01
8.783648603119011966e-01 8.623920919388385897e-01
8.800790383129218908e-01 8.609957676529137460e-01
8.184138954878867889e-01 8.205792070032926766e-01
8.707218634487349229e-01 8.458729183401161311e-01
8.420112347535489983e-01 8.410592531599998534e-01
8.301583785303431329e-01 8.001625653719286468e-01
8.421798734187924129e-01 8.480343213680661130e-01
8.297882877267528379e-01 8.403040956940625028e-01
8.555442396024356411e-01 8.561040443933537469e-01
8.867691389099910948e-01 8.744202901693970409e-01
8.311128207734704842e-01 8.241454526242693035e-01
8.761733307552681538e-01 8.312485624512200300e-01
8.731736617368175413e-01 8.823249565089216206e-01
8.661201860628727767e-01 8.392075036229624807e-01
8.776290086254854295e-01 8.579403258310492886e-01
8.702156483649172714e-01 8.594808584255630990e-01
8.381941139286662734e-01 8.516739195856561917e-01
8.669489934632312877e-01 8.382132203859880004e-01
8.757635832164746281e-01 8.522859956615094212e-01
8.912801992586962818e-01 8.413998566192122386e-01
8.829959325533740522e-01 8.726624949284829125e-01
8.151707260155250934e-01 8.497603914928758551e-01
8.648415081929621273e-01 8.562647100595945915e-01
8.545669226800851614e-01 8.420823843086280291e-01
8.488248429026630237e-01 8.341224767774131355e-01
8.095009304252033244e-01 8.427425832832491359e-01
8.396277179875195618e-01 8.244870584977108674e-01
8.701547596257476203e-01 8.218363449408903065e-01
8.491397808165219718e-01 8.462462554457531594e-01
8.604563613872426853e-01 8.919731468059245438e-01
8.228080701674105324e-01 8.336849215559754001e-01
8.159744825663441947e-01 8.268389732416083771e-01
8.264407524823442763e-01 8.656933727064786144e-01
8.604908939847986105e-01 8.720818450857865667e-01
8.125852312590924331e-01 8.075696993063413709e-01
8.902858142782466011e-01 8.782317268802365406e-01
8.403161501241473985e-01 8.610170801035796906e-01
8.119986282959411605e-01 8.063694311122477920e-01
8.949904074968151324e-01 8.555365544378104037e-01
8.221963285514630737e-01 8.372126425190201671e-01
8.367781377026198841e-01 8.300120015343420699e-01
8.231734756410064024e-01 8.368368010365760945e-01
8.616919584672269039e-01 8.529644149184311130e-01
8.246949773514642423e-01 8.463706838737447002e-01
8.209185391279046895e-01 8.127081317040588671e-01
8.329596253177937726e-01 8.373051986482895614e-01
8.509000101498964685e-01 8.369628808061124747e-01
8.569613884441432683e-01 8.504888999633949398e-01
8.094393287055938746e-01 8.391918883105030647e-01
8.093343560464787423e-01 8.330617980574256398e-01
8.784291003955472243e-01 8.648659082712212287e-01
8.769385178913775558e-01 8.593077086838230016e-01
8.221186613769871920e-01 8.319147711972909587e-01
8.676008143110790494e-01 8.452889620693291306e-01
8.103803416300334739e-01 8.229413979431167148e-01
8.911911716997978905e-01 8.508798661424181731e-01
8.678661281822067641e-01 8.569446266585529770e-01
8.080891475160523196e-01 8.239127098420230277e-01
8.093668621299870969e-01 8.256360987300895848e-01
8.143342100980497378e-01 8.261950568323136457e-01
8.702788730601033196e-01 8.666654955387972370e-01
8.396987846012400336e-01 8.634812760207666305e-01
8.013964431843219050e-01 8.119564953012275987e-01
8.092076649089200435e-01 8.127363033200112330e-01
8.140129099198061269e-01 8.361215036779864329e-01
8.309608651028808080e-01 8.250050961491159907e-01
8.134945128900606948e-01 8.191544764267301160e-01
8.197722749894293948e-01 8.118467577993084827e-01
8.723336915629072985e-01 8.531726409481367179e-01
8.827226202755992235e-01 8.959691555402268248e-01
8.603930619190891527e-01 8.693026545473645506e-01
8.021964636304022012e-01 8.263364265913166751e-01
8.766897182865579508e-01 8.601005133451186113e-01
8.176311388294017490e-01 8.270045718958310976e-01
8.129837180582079048e-01 8.255933049669680335e-01
8.963945095160715804e-01 8.765550203403505991e-01
8.321256280703110964e-01 8.358442450266004853e-01
8.971526772756391876e-01 8.652824920184649660e-01
8.872091460063411539e-01 8.696522130314492394e-01
8.543797837919981930e-01 8.669042063355106853e-01
8.710645390454389014e-01 8.905337122126438798e-01
8.756952966975751762e-01 8.886624777044779266e-01
8.993013864941029611e-01 8.670429768264364956e-01
8.071127017865871167e-01 8.045100147134947033e-01
8.768409711909008752e-01 8.466606002824662580e-01
8.239279126093818073e-01 8.256989085600582312e-01
8.201751122085241263e-01 8.064947952959966582e-01
8.796799889695463559e-01 8.606939910133271088e-01
8.187275827374289605e-01 8.150731319017046062e-01
8.715785869540488839e-01 8.563479295885608744e-01
8.206818066509581344e-01 8.238660495041950638e-01
8.014865701239975992e-01 8.018246754378821617e-01
8.422686892325205177e-01 8.420590835756714965e-01
8.970511774031837415e-01 8.867483786441466842e-01
8.279172405506336485e-01 8.190140209837362129e-01
8.366754264606948155e-01 8.339895178752937399e-01
8.393363802626028214e-01 8.144382611818745676e-01
8.995139858817193801e-01 8.496075473776432130e-01
8.581992160286256999e-01 8.426875273255327592e-01
8.320177339938406025e-01 8.503262426438003008e-01
8.731340080382811175e-01 8.595246718735537472e-01
8.833033129613563350e-01 8.897996457231105438e-01
8.770947865387860309e-01 8.516964331744418804e-01
8.235041720800431175e-01 8.351071743108900991e-01
8.343508650517289515e-01 8.332923117230077725e-01
8.388077594283630534e-01 8.215608172009659649e-01
8.235243863195126357e-01 8.470001763119354710e-01
8.842442942068140521e-01 8.796369980184650661e-01
8.566060782632151094e-01 8.586287273683476107e-01
8.864656359917475470e-01 8.477138169068789697e-01
8.087829497893899156e-01 8.262549874147258056e-01
8.127380645781807633e-01 8.495291290122614081e-01
8.292545867752325606e-01 8.097987498605521139e-01
8.032993769234435533e-01 8.090134432239687312e-01
8.389562901239698833e-01 8.502609110011352112e-01
8.618844794004688614e-01 8.765236586691439458e-01
8.080545342036619116e-01 8.095618152613159868e-01
8.362223268079896910e-01 8.576322411736758689e-01
8.331138708478479371e-01 8.318064900810110407e-01
8.821583338954969156e-01 8.852927516000501651e-01
8.532432854156700719e-01 8.271818695320067860e-01
8.667992038149424650e-01 8.553304081214188059e-01
8.662254110681915087e-01 8.360413812416307433e-01
8.436222048141875929e-01 8.498097412531192552e-01
8.552563890128423996e-01 8.392279636193865633e-01
8.734650749350127974e-01 8.433118154636712882e-01
8.898467152068511021e-01 8.310620656640737014e-01
8.886959487813944625e-01 8.803289790140336191e-01
8.709549462576531287e-01 8.435445024508796408e-01
8.041414739028163172e-01 8.414625267010423793e-01
8.671749206948716759e-01 8.580319234649602667e-01
8.602393213627640423e-01 8.361297834906884496e-01
8.898579547218502528e-01 8.942263548481345081e-01
8.562675806937849465e-01 8.402403345621631825e-01
8.051888272177405437e-01 8.136844757589893895e-01
8.956441645228013781e-01 8.696850251697209044e-01
8.628532546859665198e-01 8.409026532204758597e-01
8.414976664374828053e-01 8.396034617452957649e-01
8.440353405944451826e-01 8.535598872144237736e-01
8.520787172123390762e-01 8.474951663065949381e-01
8.571188652242436312e-01 8.202016376104083184e-01
8.737855176637232546e-01 8.603204373215008749e-01
8.627544259934749604e-01 8.389560512830791517e-01
8.865305874433406785e-01 8.637830462561537637e-01
8.462070117278910342e-01 8.392716887787859958e-01
8.385827989460822307e-01 8.453311480810987710e-01
8.377446819351140883e-01 8.170417130896063806e-01
8.255900211935151001e-01 8.250264173350925212e-01
8.611368229142132291e-01 8.485387254138235802e-01
8.642517082271937712e-01 8.591754503196094017e-01
8.632846451361410045e-01 8.667630432798983930e-01
8.627631300090637945e-01 8.546717427356227414e-01
8.555744151526603058e-01 8.802971025815486961e-01
8.472686712053341118e-01 8.455457552892675643e-01
8.182779654030393202e-01 8.431159593605452862e-01
8.581490985713977615e-01 8.349572347980301901e-01
8.350109585171192617e-01 8.416037570556613723e-01
8.661682736676612482e-01 8.352366710678366113e-01
8.743606178351813751e-01 8.756880054418312298e-01
8.289854558372764526e-01 8.327257804501136951e-01
8.351408619583321480e-01 8.340140603453702894e-01
8.596866263588311963e-01 8.462533062184363075e-01
8.057362855170363547e-01 8.118031987739618982e-01
8.401913575827020253e-01 8.768634973993379988e-01
8.930784863817931019e-01 8.819297295980419449e-01
8.603301591412242377e-01 8.396741152349411763e-01
8.968976867640333639e-01 8.746496831203860456e-01
8.580187495752300553e-01 8.205133980098167079e-01
8.380258374128339849e-01 8.260819262534306873e-01
8.831337251470279259e-01 8.794032495203861766e-01
8.622635435169656581e-01 8.600494622134058353e-01
8.350589557989996914e-01 8.684461841501168733e-01
8.461812754516309099e-01 8.435716020723934561e-01
8.681842599996653087e-01 8.668941040166754375e-01
8.714717314016817706e-01 8.626229360088595310e-01
8.813068378779458367e-01 8.249762582211056516e-01
8.983612582529215684e-01 8.454169562731104204e-01
8.924781658186817790e-01 8.909389045715884192e-01
8.715638192089576464e-01 8.631156990104735804e-01
8.801797033153588856e-01 8.598704478177119359e-01
8.427150528347039371e-01 8.289387042944846851e-01
8.680825681844769326e-01 8.570858484421213230e-01
8.096230023935625519e-01 8.280866550997451059e-01
8.125891918504277722e-01 8.053232342046939829e-01
8.191656268446529943e-01 8.289031492201486273e-01
8.158196746378048037e-01 8.310755363076544056e-01
8.957730483020772683e-01 8.714822408291247324e-01
8.590476311428326683e-01 8.644557567909278983e-01
8.561006298203908127e-01 8.507639140172523762e-01
8.713836369237395463e-01 8.532753444257700215e-01
8.197065345205823972e-01 8.094927414345481909e-01
8.565807535418336061e-01 8.509352366096480935e-01
8.436107755237547412e-01 8.377206668990545557e-01
8.765328818563865587e-01 8.601523647221600566e-01
8.736263294175564686e-01 8.599482036862378109e-01
8.806410291707623683e-01 8.746134303279380351e-01
8.928581120226755097e-01 8.691056716519053316e-01
8.133687230474625496e-01 8.391431671334754760e-01
8.742780470165167905e-01 8.207591038496440117e-01
8.163515019999618705e-01 8.467988289917300904e-01
8.192978087181408409e-01 8.024943659664385276e-01
8.282287901148625009e-01 8.392738919442013223e-01
8.052143452803048884e-01 8.172976316564207755e-01
8.655032043904122840e-01 8.428677184845557724e-01
8.406482372244004075e-01 8.125522280539759779e-01
8.577857877423845645e-01 8.568602660021429340e-01
8.401938517411493557e-01 8.193951416900739915e-01
8.390542718210911577e-01 8.154763403840791236e-01
8.717940294519539446e-01 8.667807804105583935e-01
8.125672034937186927e-01 8.150349952719219138e-01
8.010737863074678389e-01 8.352456007843882535e-01
8.968860091859645056e-01 8.973834702928092932e-01
8.324205687892652916e-01 8.480148950240338213e-01
8.293358793937590789e-01 8.144416905311078203e-01
8.005760092368103820e-01 8.210095809863495742e-01
8.956542254858765872e-01 8.798321454082947968e-01
8.905062687684414113e-01 8.662312185354265059e-01
8.756920624836537215e-01 8.438808397779729020e-01
8.174194745869480805e-01 8.359121754521000591e-01
8.912218254497475955e-01 8.718199229713167187e-01
8.096262551996569190e-01 8.382074578155925826e-01
8.069794228744472386e-01 8.129619431123956685e-01
8.001051795653945087e-01 8.110027146205162074e-01
8.245988301901352457e-01 8.318883963072671861e-01
8.347246196352784420e-01 8.427158899298142769e-01
8.331905682419065151e-01 8.501770852790087041e-01
8.260326294279216608e-01 8.158675638613380743e-01
8.497301601520141912e-01 8.561091954756436806e-01
8.918418353586342606e-01 8.882139595036496749e-01
8.732689187095121763e-01 8.325814496121809460e-01
8.224625755586026932e-01 8.296516012522818784e-01
8.603978103528611143e-01 8.438674094199533071e-01
8.929945958390990146e-01 8.656329568113515505e-01
8.124580891491337553e-01 8.275693189942661121e-01
8.443707427620101846e-01 8.668899232376570119e-01
8.798783729104843188e-01 8.730975469154649282e-01
8.072459625911388992e-01 8.016660211341993802e-01
8.878793624260122863e-01 8.380301117822546164e-01
8.624649348822022166e-01 8.808703052493801477e-01
8.732483700456628029e-01 8.454040898208167176e-01
8.023242584817308343e-01 8.008179270798027050e-01
8.735231076881755374e-01 8.471241819861362599e-01
8.413313774532040767e-01 8.456843993779081803e-01
8.529041203240285141e-01 8.417575831778648654e-01
8.620485190678778276e-01 8.576530133848222492e-01
8.456181788614677286e-01 8.713981285041189073e-01
8.425334460578115525e-01 8.446593831703491650e-01
8.767055990192934578e-01 8.864950422836916921e-01
8.638833031703493370e-01 8.312096971551827806e-01
8.215274748206495836e-01 8.158014346890483104e-01
8.536755461595282313e-01 8.425349475633984175e-01
8.771593914819120208e-01 8.626436884217689727e-01
8.917458820885943993e-01 8.884723246171071231e-01
8.686479058490406135e-01 8.508353930977460289e-01
8.005759967022214596e-01 8.508595761152695225e-01
8.037885202530952178e-01 8.392839301067448465e-01
8.989865373833886286e-01 8.862634438668033354e-01
8.967754371223919385e-01 8.426875752881521908e-01
8.524234111474991993e-01 8.360499894521794539e-01
8.821126548151990709e-01 8.503911180176698670e-01
8.405592072709678897e-01 8.238877284006481672e-01
8.413511533464610448e-01 8.667594115776937613e-01
8.038574044571298316e-01 8.336904420125431647e-01
8.319566584986229918e-01 8.168684901111228358e-01
8.791966465876436265e-01 8.624590207672824249e-01
8.038687397445603011e-01 8.476745511627730156e-01
8.566832252155649474e-01 8.401444218220890381e-01
8.543617857683534211e-01 8.451231737889903783e-01
8.983173479783015392e-01 8.903732624173760213e-01
8.724047156547534154e-01 8.748441976101717366e-01
8.954023886738865512e-01 8.972554011789534156e-01
8.123225580538950830e-01 8.311599338507384971e-01
8.529755964398468837e-01 8.124165083669380172e-01
8.226759368921228166e-01 8.265366968066352182e-01
8.922548500282595496e-01 8.745471990596315193e-01
8.929861272288684981e-01 8.841748612863065127e-01
8.453199742892030244e-01 8.414763218387428800e-01
8.776107065282887643e-01 8.886162696821666707e-01
8.335755364949460899e-01 8.133140913479773859e-01
8.864710145164037547e-01 8.825686229595919308e-01
8.974134477023588685e-01 8.686419736002021219e-01
8.947035669495830845e-01 8.781338600132944094e-01
8.241790017278652902e-01 8.258125990347330303e-01
8.157037890634755151e-01 8.455702794722051996e-01
8.617730279114598213e-01 8.372345416175104305e-01
8.087457250680909482e-01 8.402176385145460058e-01
8.489648171773079843e-01 8.666873599260934702e-01
8.769057439495223649e-01 8.589626150741311861e-01
8.430051145659752665e-01 8.447341379795971772e-01
8.611881652989483715e-01 8.579659618590108616e-01
8.543326608481691675e-01 8.523493752302624404e-01
8.246571027470183113e-01 8.249213592162413233e-01
8.421608218080263164e-01 8.359179473312442488e-01
8.639776287629765683e-01 8.696107253645321000e-01
8.898745374349317228e-01 8.571686650861459755e-01
8.771868430411976503e-01 8.515316915606043757e-01
8.659685608773111110e-01 8.673185420389027955e-01
8.969600220097287968e-01 8.521227353363955981e-01
8.175330058646209652e-01 8.465638114989193497e-01
8.391331696934675177e-01 8.504552566506734523e-01
8.492138925818633055e-01 8.819863583587589373e-01
8.702240822512730123e-01 8.887792759510916296e-01
8.347557526917611659e-01 8.485751251029830522e-01
8.423676438099871877e-01 8.640533870597352228e-01
8.749401555731881608e-01 8.693177018082649532e-01
8.980618233101194114e-01 8.830718638937697929e-01
8.445426171807234317e-01 8.361188969126321924e-01
8.462710356714967519e-01 8.095384543596544358e-01
8.999625229529887305e-01 8.833127286164121905e-01
8.642140191388987258e-01 8.081959023140574683e-01
8.621545606675488083e-01 8.716157854355107704e-01
8.265141001380605923e-01 8.316909889812357237e-01
8.156125560931549723e-01 8.230495451809207719e-01
8.171281865969203251e-01 8.204618019047981159e-01
8.726943557159116960e-01 8.976012106435105053e-01
8.024764345403592181e-01 8.081147041155838373e-01
8.259573852597893451e-01 8.275757998613839650e-01
8.776778755235001839e-01 8.591509676411442920e-01
8.606427616746632481e-01 8.650742295399070914e-01
8.033567659807395733e-01 8.273654337553152383e-01
8.353459242133545182e-01 8.521293822753929215e-01
8.069281234557512672e-01 8.190176315160996312e-01
8.586397864843704486e-01 8.772953448857941927e-01
8.914480698618997279e-01 8.538435392587714334e-01
8.858454670456274993e-01 8.844801646262675510e-01
8.572339647681523900e-01 8.629461989682660761e-01
8.671876300815685168e-01 8.621874115762322432e-01
8.214016980684383240e-01 8.175371658768239014e-01
8.315420750464300736e-01 8.320703641141031781e-01
8.375436134186355908e-01 8.434453038765983290e-01
8.403725773278210021e-01 8.491465498385928345e-01
8.365940435528995689e-01 8.343164123889853512e-01
8.099518164128203246e-01 8.252142597617458941e-01
8.572370888589661009e-01 8.656086018952223737e-01
8.876747214576240497e-01 8.641808164552049476e-01
8.256043772692115423e-01 8.267937812181930246e-01
8.244367841021301713e-01 8.548943993605486735e-01
8.403556951716338874e-01 8.479333656771581573e-01
8.958946018217588403e-01 8.673566471080860207e-01
8.919171302036905669e-01 8.834359507071642970e-01
8.343579366905633510e-01 8.447929115723560312e-01
8.712587937299545171e-01 8.439297892392351175e-01
8.865346950314444419e-01 8.534269399146883206e-01
8.966597729017042884e-01 8.634300153256525556e-01
8.306124014866865801e-01 8.524969423507126054e-01
8.454181584805118277e-01 8.586509688490628900e-01
8.434372264220282300e-01 8.438421230517447746e-01
8.094723824746377083e-01 8.217540573039584517e-01
8.998148935724434860e-01 8.530854024754266351e-01
8.321384435648995215e-01 8.492121610381201391e-01
8.191853285085453074e-01 8.253002609446308258e-01
8.633059691712811068e-01 8.288045004585148368e-01
8.444681279582293421e-01 8.256759203190194851e-01
8.998999996147968305e-01 8.525823438584534397e-01
8.078139960355641414e-01 8.080797448343399747e-01
8.363639254907778708e-01 8.385932196909282599e-01
8.549781556624157508e-01 8.422383457732159906e-01
8.468053617856221571e-01 8.519706230998276286e-01
8.475067191310762249e-01 8.229386992540096424e-01
8.222681983366934011e-01 8.470598066965940864e-01
8.783842185652841472e-01 8.723742956395729164e-01
8.985498939563913989e-01 8.712397068033491676e-01
8.254879783383357594e-01 8.272216708801070073e-01
8.148183957640320330e-01 8.105592107641883537e-01
8.351258190324120090e-01 8.375188825163037976e-01
8.890346305748112465e-01 8.572940274734766053e-01
8.953314997168296818e-01 8.650175058581991427e-01
8.168643429365108899e-01 8.103206730608213393e-01
8.029552273476385782e-01 8.161568354219763677e-01
8.738426876986156167e-01 8.573577651744505035e-01
8.828604254549495822e-01 8.689449481603715997e-01
8.709877228624888224e-01 8.676083564494071476e-01
8.717656048833785087e-01 8.498757682038645678e-01
8.250159247915404004e-01 8.152016722003174731e-01
8.644228775732415437e-01 8.787036366928533404e-01
8.489817193417112939e-01 8.685501412234835072e-01
8.289911304532651126e-01 8.349002924735650089e-01
8.369514352296485438e-01 8.496671313184113172e-01
8.089467163946436612e-01 8.327217825673098872e-01
8.163153495804501558e-01 8.265209306102906384e-01
8.471391363279435760e-01 8.453510232399475965e-01
8.156962750689529251e-01 8.453908747513466659e-01
8.976770111865329804e-01 8.754922899509395284e-01
8.755739889682222499e-01 8.804978000406571415e-01
8.731871297953207600e-01 8.444660223530235932e-01
8.295616009314161765e-01 8.459932384809807360e-01
8.704351631000171174e-01 8.817977753708459154e-01
8.960481622822136227e-01 8.690343480974014323e-01
8.101857472567987051e-01 8.184774108905215062e-01
8.873707278267812804e-01 8.620770527631800295e-01
8.498884616075274012e-01 8.539436803596318626e-01
8.806612806016302919e-01 8.747548634328226047e-01
8.271095466016731290e-01 8.462033426090677102e-01
8.594814299845079386e-01 8.565552852503923731e-01
8.549029801294494302e-01 8.336223292783617733e-01
8.538426683029378683e-01 8.503347398034237781e-01
8.476075472063955285e-01 8.263069403770821886e-01
8.737282543473485763e-01 8.446524169714402230e-01
8.540526267893616685e-01 8.332222376304453393e-01
8.201541984257761930e-01 8.068302979894376170e-01
8.141108790717263011e-01 8.122723495767292246e-01
8.879015170960428138e-01 8.836110876907937728e-01
8.025594730931412402e-01 8.010490453517129517e-01
8.733627788487443588e-01 8.545448834548047268e-01
8.334727670748390826e-01 8.436722961399057974e-01
8.564555865331257012e-01 8.584850398964960494e-01
8.475729275546710628e-01 8.276075922873356028e-01
8.820973872816324501e-01 8.860694778425302065e-01
8.782734667954902319e-01 8.915501262504705871e-01
8.617893735752709672e-01 8.635272845104474682e-01
8.162170885556735422e-01 8.254621008052530629e-01
8.713959457439448553e-01 8.464720750388585735e-01
8.187798843908926649e-01 8.134689302483452122e-01
8.677731031451774157e-01 8.530334120437805812e-01
8.404572047885100483e-01 8.392763833708842824e-01
8.835668407703473060e-01 8.786696201664148109e-01
8.650975369295998973e-01 8.777357187723282550e-01
8.213109333455459460e-01 8.075270337418786193e-01
8.517906879326806457e-01 8.602308982675384019e-01
8.120715380471366096e-01 8.191642860989890584e-01
8.479984138588300135e-01 8.572141816103193701e-01
8.795054114838697368e-01 8.811277551773012418e-01
8.695589257508454795e-01 8.553624779059226801e-01
8.039633003352580909e-01 8.235208562360843976e-01
8.605418452364643755e-01 8.618156455652780101e-01
8.688201499320572507e-01 8.733541466478526027e-01
8.835026092143789533e-01 8.894184399010257591e-01
8.672107504207402506e-01 8.970476027082603387e-01
8.258060348146074592e-01 8.201653435508293732e-01
8.932689861531470932e-01 8.798863756542270043e-01
8.762310868983614887e-01 8.622905826488886927e-01
8.775980767183416686e-01 8.881476838145981878e-01
8.105271314407358485e-01 8.016749680575689929e-01
8.970512878969049142e-01 8.850994960399414246e-01
8.503303128486897622e-01 8.241769928135282974e-01
8.368796155579157903e-01 8.159421455867489348e-01
8.618090079789955116e-01 8.443516373859769608e-01
8.437905133932211976e-01 8.471895458182223670e-01
8.945161549681994728e-01 8.828214507001326261e-01
8.858639431909992590e-01 8.890609733694061489e-01
8.011288930055225910e-01 8.183000510587822296e-01
8.224165716668480064e-01 8.389863600729425830e-01
8.821393236531421822e-01 8.829650026396871354e-01
8.358843394881597666e-01 8.740033399663243996e-01
8.309640696661659831e-01 8.360888042147047727e-01
8.799855164592772505e-01 8.672513019434336945e-01
8.456620929680940257e-01 8.403555291768373126e-01
8.842203367910236311e-01 8.517503710489346958e-01
8.121631214049297443e-01 8.208182972039493874e-01
8.749210933904594256e-01 8.827288790420532161e-01
8.002652375623250380e-01 8.030507245316241827e-01
8.691731449657974506e-01 8.617703362707603842e-01
8.275183515973629778e-01 8.352933263142710008e-01
8.484243269929174769e-01 8.282915686469685124e-01
8.177912039339417793e-01 8.058979630130014282e-01
8.512205740443974378e-01 8.660771414015979719e-01
8.254260493894223227e-01 8.706334541258328175e-01
8.459846776379957856e-01 8.552563163490096709e-01
8.614514145315848026e-01 8.428185323504915338e-01
8.776230522026366998e-01 8.700825656430285493e-01
8.916048239126668218e-01 8.488748850253488021e-01
8.354350978291549268e-01 8.274931850872815353e-01
8.049974363482942374e-01 8.398268319541981608e-01
8.732303951420741228e-01 8.556813232172101324e-01
8.776491437768690895e-01 8.948092896648914829e-01
8.170418354990912624e-01 8.463599237278813803e-01
8.756836032840096262e-01 8.566384314889989859e-01
8.682968386735057109e-01 8.818461470325865692e-01
8.368109628909686792e-01 8.329154794623404579e-01
8.782135820625771583e-01 8.800836759570231926e-01
8.064361238121081632e-01 8.131859270695651620e-01
8.667776114185262726e-01 8.688420312694303815e-01
8.778523317685041905e-01 8.577381074291617891e-01
8.024293632498383788e-01 8.091433059846335762e-01
8.407284290511733982e-01 8.420559120516267759e-01
8.935821639452151688e-01 8.772451087344220744e-01
8.940091046498592764e-01 8.896186758982078668e-01
8.394370592261058972e-01 8.322588497236335092e-01
8.546915959144008035e-01 8.799400178956984231e-01
8.102259495349559693e-01 8.462215445486158671e-01
8.725221310547469633e-01 8.620492643377887232e-01
8.269192954920989713e-01 8.560431668250472192e-01
8.962029679208877164e-01 8.661746608558934524e-01
8.248218364731819685e-01 8.452573550474903330e-01
8.500040932846266717e-01 8.536366465316911345e-01
8.246231229443579114e-01 8.164822404043284854e-01
8.071897625975736901e-01 8.174674044313345878e-01
8.155834285429262032e-01 8.410494190655092295e-01
8.917661408972732406e-01 8.481362647351305961e-01
8.713267648338902660e-01 8.634507991093909318e-01
8.222254995315929627e-01 8.184128919850006678e-01
8.884630772147366073e-01 8.859877117758152565e-01
8.292579869623655231e-01 8.253352771576112357e-01
8.320569427091589754e-01 8.405047224154645891e-01
8.624471400816497990e-01 8.577207845879640802e-01
8.874292553353664292e-01 8.888702701023407649e-01
8.806261256839454932e-01 8.634680906445945103e-01
8.915011661946304899e-01 8.944789332387417247e-01
8.528308395132614406e-01 8.687971098455032903e-01
8.804418145985553057e-01 8.948057336705849130e-01
8.919055047795474422e-01 8.675158818809917127e-01
8.215900321202638246e-01 8.615583993982078859e-01
8.154868648796458341e-01 8.147162163394164880e-01
8.007580219244974096e-01 8.123382902381957038e-01
8.889406580551134640e-01 8.771526349059702854e-01
8.174175284902773786e-01 8.232782442521379140e-01
8.188569151852154171e-01 8.292486588978267292e-01
8.603493551227521241e-01 8.495922926860450808e-01
8.675597864913145996e-01 8.605636115705802558e-01
8.041968989699519454e-01 8.402831839025642902e-01
8.763073672565073746e-01 8.968011293887286906e-01
8.459301678075270559e-01 8.169487550722429603e-01
8.733965935721674789e-01 8.767091639370474532e-01
8.819010977107799576e-01 8.744772053857789995e-01
8.716566393432026993e-01 8.651362242041396033e-01
8.989640259887948792e-01 8.733673393988715672e-01
8.518450972387000553e-01 8.233777225646712328e-01
8.759005137232495075e-01 8.975784237206205773e-01
8.865147348301203323e-01 8.498224799637736915e-01
8.238799636399708470e-01 8.202789598245163738e-01
8.337659789045116510e-01 8.207056277541979750e-01
8.799228731781159052e-01 8.573558874236179017e-01
8.495821137747514573e-01 8.416605367643967828e-01
8.938632204788358182e-01 8.582829923632894209e-01
8.610374132202992525e-01 8.571648598511796280e-01
8.123378847276001569e-01 8.222601608214086255e-01
8.081514928617881122e-01 8.169032772137920784e-01
8.974853535482247846e-01 8.668054209200689586e-01
8.062533581058929366e-01 8.176914559550430006e-01
8.570479198499107998e-01 8.649257774631570195e-01
8.142811280479193004e-01 8.114900203514441301e-01
8.708830386157522252e-01 8.470598290776812922e-01
8.769746010190289098e-01 8.701176906943443035e-01
8.771526569668623985e-01 8.730569365436556817e-01
8.365364499641295692e-01 8.242073358027945940e-01
8.540487853440896782e-01 8.580453106035228483e-01
8.335601622855911552e-01 8.501851142267192740e-01
8.779461135069031030e-01 8.512446618310006707e-01
8.481077500876482711e-01 8.653692783580724246e-01
8.076587320849354379e-01 8.153360521107041459e-01
8.958075360487824934e-01 8.519375537234793461e-01
8.213475368926250741e-01 8.163830307591017910e-01
8.593388595473583358e-01 8.488501854052009632e-01
8.510223964452442447e-01 8.484772075368396393e-01
8.226213420912271701e-01 8.460680336018647774e-01
8.847808549534216249e-01 8.446053017641944605e-01
8.577825778309419169e-01 8.669409461568539088e-01
8.429970916129784220e-01 8.451221861450597395e-01
8.429250663086939044e-01 8.550879889332666517e-01
8.903280707759165802e-01 8.675733838528911779e-01
8.725235782431850495e-01 8.473544768339296152e-01
8.286291469838287238e-01 8.355140615835180418e-01
8.307119619755541917e-01 8.222615972328014555e-01
8.973881363880092943e-01 8.632075635037050887e-01
8.918696972086705976e-01 8.586967874945868884e-01
8.233992377044783151e-01 8.262170919414891790e-01
8.770328247559535662e-01 8.681730829946339156e-01
8.475222376583427808e-01 8.675864094893295242e-01
8.165726676354541080e-01 8.277869204095547051e-01
8.580591128152770253e-01 8.516681770894510839e-01
8.317243514353733769e-01 8.379212379843666847e-01
8.656205644441269387e-01 8.433153129748285348e-01
8.967660495860896308e-01 8.548376006736294608e-01
8.542180340498067848e-01 8.438498198413155738e-01
8.954827951872404990e-01 8.809868191128207293e-01
8.944895817363868185e-01 8.855417961433829088e-01
8.715857907862393228e-01 8.895275423768549405e-01
8.717370985258742211e-01 8.565507246033342570e-01
8.356103070722243897e-01 8.216247854646123727e-01
8.809332278666788252e-01 8.732486258780378652e-01
8.177585864066867494e-01 8.573395140317344731e-01
8.951309314020494678e-01 8.494884655814914920e-01
8.690045145403019200e-01 8.815578621680991711e-01
8.857262922183936071e-01 8.792384816615148591e-01
8.015040293433696172e-01 8.280283208592986721e-01
8.992757531826102158e-01 8.946296043781685192e-01
8.694186781074135784e-01 8.671730468497168554e-01
8.656847844095759692e-01 8.444846595943901191e-01
8.562487503686651014e-01 8.173576863370165535e-01
8.298748511333384759e-01 8.533304627679910714e-01
8.949795193848307795e-01 8.444878169198448692e-01
8.348034115200108074e-01 8.461719603706313597e-01
8.610574266439674496e-01 8.762733504903726933e-01
8.140560681984077007e-01 8.150698200085749745e-01
8.326052483237510460e-01 8.128045063694532280e-01
8.250963157660308189e-01 8.261735570133564854e-01
8.613852066799616569e-01 8.479151746687143554e-01
8.527204576454231466e-01 8.558205991401250934e-01
8.331450687226275020e-01 8.291119304081651098e-01
8.207638686616197665e-01 8.455804058154287040e-01
8.682384051194037555e-01 8.417810855620744270e-01
8.945783727051134226e-01 8.978354416263294446e-01
8.293347581505696731e-01 8.381648672225880947e-01
8.887499603472386323e-01 8.849372990744037715e-01
8.450055911433018707e-01 8.435609873870654196e-01
8.344253877431442312e-01 8.468837364447150406e-01
8.366288887777642014e-01 8.420515753665003267e-01
8.792737802910028933e-01 8.814646176256061283e-01
8.074478926414325741e-01 8.175195898721615562e-01
8.420116215875991239e-01 8.229509381842099458e-01
8.769112145925090918e-01 8.510240072260287780e-01
8.870500204031563918e-01 8.757959997939854802e-01
8.291693224619999247e-01 8.607392794421294679e-01
8.369473142853058878e-01 8.190383842973618655e-01
8.823586969509457090e-01 8.384987151271648953e-01
8.704157858934346015e-01 8.373802605971660817e-01
8.304053105120737799e-01 8.351193244977098695e-01
8.515362870565272857e-01 8.472344454453402118e-01
8.388335361452278205e-01 8.651989575498603147e-01
8.335878898261025460e-01 8.295349672994635215e-01
8.633697080517470646e-01 8.596513872959874458e-01
8.585789755054845651e-01 8.518440159996684136e-01
8.843101530679291500e-01 8.891243799002336301e-01
8.831679516221506709e-01 8.938186073595471015e-01
8.593824760981838562e-01 8.499482404425082738e-01
8.262923607241746682e-01 8.207939334418874466e-01
8.797844849966145464e-01 8.813079916812621706e-01
8.415984470732198464e-01 8.392887075846492406e-01
8.619208356417972228e-01 8.404885832360787790e-01
8.840614806930258140e-01 8.701840642217585353e-01
8.730471165633261199e-01 8.469224894098319467e-01
8.692806868488881511e-01 8.498879286789722265e-01
8.430666220289677604e-01 8.696864231674267254e-01
8.540762151041145778e-01 8.815219639615561320e-01
8.660872322884048957e-01 8.564590637249388516e-01
8.611073768205925738e-01 8.964496958977766772e-01
8.361646999341760811e-01 8.268319447488563512e-01
8.733126548411650480e-01 8.551648991826757973e-01
8.161046466721404435e-01 8.078117177548664873e-01
8.442737360947119019e-01 8.439970620361525455e-01
8.416097581959738338e-01 8.365478031987119145e-01
8.692064692367887924e-01 8.430163379509425514e-01
8.641957599512922750e-01 8.657012032350278607e-01
8.400925867952420134e-01 8.218322397487789477e-01
8.579773433594138909e-01 8.635055227853457582e-01
8.738764759316639541e-01 8.685416405632664372e-01
8.471960284319326462e-01 8.623190015322791391e-01
8.120081662662474997e-01 8.030709162454531258e-01
8.238290772252924166e-01 8.341244300608026130e-01
8.914422393600552885e-01 8.289657918163481076e-01
8.758683235503641473e-01 8.683590556003611960e-01
8.229424624203074412e-01 8.719212559886218017e-01
8.842202875622021674e-01 8.920885503723986476e-01
8.173193904554608702e-01 8.373226966552633765e-01
8.583192959523595622e-01 8.453132189423963050e-01
8.037876136156568707e-01 8.286132849776476350e-01
8.791340085234391477e-01 8.572498053996048251e-01
8.963218994468191703e-01 8.810133386160496904e-01
8.794920265025307771e-01 8.723759045980550297e-01
8.303910285929317903e-01 8.287076458892278508e-01
8.343086570549149705e-01 8.198777645949034687e-01
8.461901420962788523e-01 8.389721880305367474e-01
8.433161590622013648e-01 8.356325361604580726e-01
8.966587627265607541e-01 8.916943090531098681e-01
8.650003925411765549e-01 8.772080622604305766e-01
8.847879331594665775e-01 8.838076177617136819e-01
8.886458707179389904e-01 8.879723537002257583e-01
8.164571033288423596e-01 8.402482066599947785e-01
8.029598077780514265e-01 8.007674974507976717e-01
8.104587759700138117e-01 8.087926476389423192e-01
8.786698106815271636e-01 8.496742067959763833e-01
8.721656897049047119e-01 8.623883359834710882e-01
8.487033552978050510e-01 8.403723162042179284e-01
8.854094112948478479e-01 8.541045601798783471e-01
8.204291866342533490e-01 8.363514164352210400e-01
8.074061235057812258e-01 8.147514793173661340e-01
8.989776632842397808e-01 8.613837665271294464e-01
8.543773810291527271e-01 8.363009651324855298e-01
8.854572459500605897e-01 8.593811213561738382e-01
8.197780464506547737e-01 8.072088563724109100e-01
8.224622338031490898e-01 8.391021431049353607e-01
8.011920827526849420e-01 8.185741010668603490e-01
8.003948460968335343e-01 8.339108019415027995e-01
8.134543855998771500e-01 8.416821123681186290e-01
8.787261096461793652e-01 8.643764149818567999e-01
8.883842141554749716e-01 8.861536497527586764e-01
8.307306585963758483e-01 8.361077187485959072e-01
8.518068877164388653e-01 8.463829475066144692e-01
8.915954062930653290e-01 8.993623309442591029e-01
8.538022298539194033e-01 8.221658392197940257e-01
8.212354910930829144e-01 8.170135500839754705e-01
8.598604577512835023e-01 8.650610729282630640e-01
8.516777170029196098e-01 8.503225334542204861e-01
8.348039768581052567e-01 8.091882623261663632e-01
8.509311218361115259e-01 8.396643804500276698e-01
8.408653649601586233e-01 8.387412134789241636e-01
8.674441577399834014e-01 8.548975780301226735e-01
8.765119848675880787e-01 8.422075589325407341e-01
8.466580920437627444e-01 8.670263757604224075e-01
8.781888110078653886e-01 8.759137678907178426e-01
8.979032994343548735e-01 8.803635532636429062e-01
8.465060748296963089e-01 8.639466035463807536e-01
8.319348102908659115e-01 8.592584891867994790e-01
8.875487336824211537e-01 8.716885828398930336e-01
8.940921029856867541e-01 8.630920967733075599e-01
8.440352107495279199e-01 8.346567394361762426e-01
8.521612733015987429e-01 8.530823910338175553e-01
8.010912857918409680e-01 8.205374245894845320e-01
8.097311386608155859e-01 8.225059843948574478e-01
8.674149035299293375e-01 8.666206479762025294e-01
8.941713282351422265e-01 8.801316510725281095e-01
8.085134984961773741e-01 8.148206409959182217e-01
8.128040484648548780e-01 8.106631869132283619e-01
8.855584973796476467e-01 8.556489007111781619e-01
8.026366330207777011e-01 8.050889915596215474e-01
8.491359207019131272e-01 8.669598154491959807e-01
8.301432804736205151e-01 8.514859377316376099e-01
8.155941185126857063e-01 8.309567128387660429e-01
8.054467236724669466e-01 8.006324882219951755e-01
8.921241830703753317e-01 8.655375148342585589e-01
8.772507110237858230e-01 8.845237401811512079e-01
8.799979544308982327e-01 8.652191865116752867e-01
8.650687648833562671e-01 8.683514055513195107e-01
8.762468561554103141e-01 8.651892956281734826e-01
8.981034824728347798e-01 8.762760510592197960e-01
8.200836025899939097e-01 8.235957132663841440e-01
8.254146166007751972e-01 8.403658981450662369e-01
8.089126668966719613e-01 8.031341472600246334e-01
8.125246750904873139e-01 8.077597432214248530e-01
8.502955842507676776e-01 8.425065623739007581e-01
8.509289469125834726e-01 8.438265793961449157e-01
8.310482444792604007e-01 8.563750245724288668e-01
8.430645352136143522e-01 8.350455697638060615e-01
8.620009175431728732e-01 8.550059928186306557e-01
8.806983203218220480e-01 8.909333283570568529e-01
8.872203843930118738e-01 8.724736832870452208e-01
8.365376420658097167e-01 8.487149604070239883e-01
8.870205813783749171e-01 8.677567656211864211e-01
8.736731323324902210e-01 8.439037367280111113e-01
8.155575111828210488e-01 8.340842379312468635e-01
8.629177653259153535e-01 8.689896150881379899e-01
8.924263688017870511e-01 8.787106968215578906e-01
8.908828863234748985e-01 8.633405506427630494e-01
8.967668065617798723e-01 8.806355328193173904e-01
8.645025980271696664e-01 8.621321500994005849e-01
8.502393809967307980e-01 8.629198944014803141e-01
8.191725234572245773e-01 8.289331433353043233e-01
8.324562572498772628e-01 8.141977640075120926e-01
8.666296386372263072e-01 8.585337011110178995e-01
8.452812815921046941e-01 8.672711489994225920e-01
8.958214658533393271e-01 8.528145083385499925e-01
8.263448981827328232e-01 8.384615141275847394e-01
8.963650355458356866e-01 8.722271120857677529e-01
8.986959638827977104e-01 8.787808196412316697e-01
8.208421513789143642e-01 8.019975156728950116e-01
8.642354591618697235e-01 8.584127395434216767e-01
8.198671788156801643e-01 8.378706332200825946e-01
8.290093424074979067e-01 8.330583254138687055e-01
8.835526557590914765e-01 8.407505211739505491e-01
8.838895087239526660e-01 8.802261482678922500e-01
8.105281552858822902e-01 8.090391464999713289e-01
8.727614090966656635e-01 8.554631673725380248e-01
8.271563669610710878e-01 8.143012650825703913e-01
8.530371536517790121e-01 8.337519575503414826e-01
8.927577181784281946e-01 8.763716899419028428e-01
8.361625044613666402e-01 8.581087162303039362e-01
8.280432250694436114e-01 8.297096893490834013e-01
8.718599291305727528e-01 8.430818444363284980e-01
8.444332827342866388e-01 8.345620725598195122e-01
8.846845871933126659e-01 8.633838735277740151e-01
8.566110441367419392e-01 8.901265476321680303e-01
8.571755727569076999e-01 8.395097630415431222e-01
8.964436565531903600e-01 8.406349966852078026e-01
8.826660556664448487e-01 8.723234743452853435e-01
8.058079426141909751e-01 8.263853418125949313e-01
8.822119054445198838e-01 8.772586335593498541e-01
8.722466746783458236e-01 8.673637874944835069e-01
8.154629073293572228e-01 8.538017474802040985e-01
8.725248452604636995e-01 8.849431610765239320e-01
8.471968876147392136e-01 8.697805591059234454e-01
8.334346761880807586e-01 8.409560592682715496e-01
8.278038272352595817e-01 8.422404066191029326e-01
8.783342805063736325e-01 8.571465131886453204e-01
8.727927245156794633e-01 8.976158701587049205e-01
8.360585620003413432e-01 8.606526469976719662e-01
8.999597457627125374e-01 8.584384776771218917e-01
8.707903874061407867e-01 8.448354228844878744e-01
8.015512486380017565e-01 8.004239181296088912e-01
8.666408605943179966e-01 8.469464432665878562e-01
8.479279262037415776e-01 8.506632853696706187e-01
8.065450974206673784e-01 8.261365778023170847e-01
8.687944130473794768e-01 8.648879178172392823e-01
8.329072079533808015e-01 8.369853003221696675e-01
8.311213848582393871e-01 8.547633545424140333e-01
8.186826920296921273e-01 8.619425553057415978e-01
8.540870730422956969e-01 8.230091422727074946e-01
8.904260208243409691e-01 8.764620033395609244e-01
8.694551171738472695e-01 8.588658807969702380e-01
8.630732349876329978e-01 8.664231000260670390e-01
8.235890492007024166e-01 8.150622005222027955e-01
8.863895387660247760e-01 8.698108711524292769e-01
8.820150998591879121e-01 8.741316574936913719e-01
8.345275636517998086e-01 8.754258407161009670e-01
8.955941585656495008e-01 8.635942403188342498e-01
8.983232703409902431e-01 8.731005243628517931e-01
8.044084461311443723e-01 8.536574432255645828e-01
8.604048978202529785e-01 8.581414222328103136e-01
8.805095489103026418e-01 8.655197685682780584e-01
8.872124416415866355e-01 8.374443967812840173e-01
8.752683020883955667e-01 8.656687762969140776e-01
8.429925229860558700e-01 8.381261444810873540e-01
8.231840641405018255e-01 8.302712600206102467e-01
8.326133515064793045e-01 8.323040347184154086e-01
8.474530190926016227e-01 8.782824548178010948e-01
8.524505994027794520e-01 8.381124089461238214e-01
8.790816180232055022e-01 8.213412735303596834e-01
8.095542745673406371e-01 8.312373500685610317e-01
8.811671966581735571e-01 8.798163811267222245e-01
8.244134183055253917e-01 8.411255597118586502e-01
8.147426410479856607e-01 8.584511774340044532e-01
8.463067864494905335e-01 8.213718515831190947e-01
8.351359315382801407e-01 8.353578274818208582e-01
8.875166078747805942e-01 8.648844921907357097e-01
8.532215317481112171e-01 8.129135125321566013e-01
8.543456920937988475e-01 8.710548568447294970e-01
8.048719487377058446e-01 8.199575866686815706e-01
8.738269934748025269e-01 8.697178376891242513e-01
8.287350585434249961e-01 8.376793704461543699e-01
8.650731641793257820e-01 8.631794446668408227e-01
8.587230221449951850e-01 8.505543167773732538e-01
8.464055542350217287e-01 8.503882631726974450e-01
8.735155385476546241e-01 8.623846010154699870e-01
8.526328370846564253e-01 8.518549954351914977e-01
8.606977472344859992e-01 8.592303797256037878e-01
8.366747524277687864e-01 8.163834068115879417e-01
8.894200676294230501e-01 8.614854578896532500e-01
8.085793442387261276e-01 8.075673998993283531e-01
8.154437051720178076e-01 8.322827799768406365e-01
8.075304804787122315e-01 8.307964289940762415e-01
8.952778085482044901e-01 8.753361571420543719e-01
8.252817091523301229e-01 8.433655132376124408e-01
8.858454642812287894e-01 8.600759507220263611e-01
8.860514284832383680e-01 8.545027089749087645e-01
8.449680587959902400e-01 8.418231405223134400e-01
8.738035558556801474e-01 8.666868076829304934e-01
8.866888418906813119e-01 8.694298444581443075e-01
8.351116162042087065e-01 8.170075170970423351e-01
8.129555943402776430e-01 8.397447656154871654e-01
8.168905287693968287e-01 8.362363611846471700e-01
8.075174006641635538e-01 8.180613385825722395e-01
8.539405394452388443e-01 8.346670307291230717e-01
8.700835058186833226e-01 8.670552860106192083e-01
8.428235852465497668e-01 8.518153575560357682e-01
8.115202220175905534e-01 8.206399868873401893e-01
8.619271700403576819e-01 8.210828476087331795e-01
8.098480629229145578e-01 8.159299405205907574e-01
8.725065717542561661e-01 8.616666939517675372e-01
8.850450817313085805e-01 8.835476285563562682e-01
8.994351186813573928e-01 8.899391262803132419e-01
8.848929167889417746e-01 8.788918712595856775e-01
8.378693129086296487e-01 8.457935067690082187e-01
8.550813838080162377e-01 8.433170800728272409e-01
8.190923503607639988e-01 8.598297476296492547e-01
8.616826055413963070e-01 8.706257441684889242e-01
8.081647105094944550e-01 8.118718259163532069e-01
8.282362879231401909e-01 8.500651969389552143e-01
8.480894283121923616e-01 8.569970205597851054e-01
8.830715155098559643e-01 8.958903034450793612e-01
8.835235718457099541e-01 8.893361825702612578e-01
8.646152980345594985e-01 8.700374248081658157e-01
8.796408464868326060e-01 8.683650705761470912e-01
8.760558288847603015e-01 8.712695445907931990e-01
8.009860325826924088e-01 8.295983853325513691e-01
8.468218570512452414e-01 8.466877071197139726e-01
8.405143269497622471e-01 8.017937543377577914e-01
8.065174782779488405e-01 8.596606921570701942e-01
8.512791271730885123e-01 8.595885326568865059e-01
8.036901700514123004e-01 8.284571373211924161e-01
8.540068690218824976e-01 8.520079700723698357e-01
8.292013314842548999e-01 8.291002241155337460e-01
8.873480347266016199e-01 8.863669921408650065e-01
8.184280589588235344e-01 8.164530564626854003e-01
8.819776588223283698e-01 8.620182175194857077e-01
8.044585867726576911e-01 8.017262499301555101e-01
8.060325040617855041e-01 8.068511123919139827e-01
8.378100321873744871e-01 8.352510457897045493e-01
8.640086181679644817e-01 8.796097685536317101e-01
8.098443516471769410e-01 8.196348666818292772e-01
8.897183512365731684e-01 8.843186262219389082e-01
8.795591718066180231e-01 8.663001188887915482e-01
8.177333153439121372e-01 8.132537696974025954e-01
8.925831158096562135e-01 8.640766287281201885e-01
8.115757428193964840e-01 8.132376527832073654e-01
8.838181335071002565e-01 8.483197106344717575e-01
