8.987512451299352056e-01 9.052587799596695239e-01
8.764561934910568564e-01 9.037693552772044780e-01
8.735722906906301377e-01 9.076513844992113444e-01
8.932309617922867817e-01 9.044071009908766223e-01
8.859556843664985193e-01 9.152424713479233587e-01
8.977863995165561439e-01 9.156035506819623082e-01
8.715141197358770020e-01 9.061200382477584414e-01
8.901914693217163332e-01 9.002365557390352713e-01
8.810559741141869017e-01 9.130934871626296134e-01
8.996822886078772452e-01 9.011227337202957210e-01
8.978193459217174155e-01 9.022132914992707642e-01
8.943201305357143527e-01 9.076884029335746673e-01
8.958727722758621503e-01 9.139805796658992953e-01
8.907744667182848630e-01 9.049596759777571719e-01
8.707986902547530939e-01 9.000389293436645843e-01
8.862488517448499081e-01 9.055068086931592486e-01
8.884532878678956802e-01 9.006775553228961728e-01
8.992053596982240160e-01 9.000465073641603642e-01
8.936219640732335767e-01 9.096741203389612229e-01
8.861585240154760124e-01 9.086753780592393692e-01
8.865118174331590994e-01 9.016225417735874714e-01
8.824160015451181227e-01 9.000565285720436570e-01
8.900359993011272008e-01 9.181515963121145152e-01
