[0.89875125 0.90525878] 0
[0.87645619 0.90376936] 0
[0.87357229 0.90765138] 0
[0.89323096 0.9044071 ] 0
[0.88595568 0.91524247] 0
[0.8977864  0.91560355] 0
[0.87151412 0.90612004] 0
[0.89019147 0.90023656] 0
[0.88105597 0.91309349] 0
[0.89968229 0.90112273] 0
[0.89781935 0.90221329] 0
[0.89432013 0.9076884 ] 0
[0.89587277 0.91398058] 0
[0.89077447 0.90495968] 0
[0.87079869 0.90003893] 0
[0.88624885 0.90550681] 0
[0.88845329 0.90067756] 0
[0.89920536 0.90004651] 0
[0.89362196 0.90967412] 0
[0.88615852 0.90867538] 0
[0.88651182 0.90162254] 0
[0.882416   0.90005653] 0
[0.890036  0.9181516] 0
