9.296757854976805957e-01 3.979292876209834517e-01
9.024890482426088933e-01 3.511651579097223586e-01
9.054203832123595141e-01 3.915647975305653339e-01
9.395228979695464666e-01 3.041776152042042769e-01
9.828070799706711824e-01 3.914881477544508992e-01
9.115940926775665254e-01 3.279797169222220532e-01
9.147263638669773655e-01 3.320179983043350935e-01
9.575719268267168793e-01 3.955344353155534343e-01
9.264890809069188382e-01 3.559901516016643619e-01
9.850680531483755331e-01 3.643473453267468964e-01
9.700096140363270170e-01 3.806399088787136287e-01
9.298141862930640045e-01 3.789505237131703397e-01
9.711286853811043063e-01 3.606575902438376446e-01
9.042360748706629314e-01 3.999552870341062105e-01
9.399700675296018826e-01 3.851490653156615651e-01
9.103556850984370064e-01 3.387794175668175090e-01
9.264559485013950102e-01 3.237608076618515573e-01
9.265185069707037036e-01 3.744905097055861165e-01
9.699666550728882619e-01 3.546122524125058240e-01
9.281463360900863435e-01 3.930108878406698980e-01
9.269202524161794798e-01 3.966269727230541942e-01
9.172117961220580540e-01 3.169731077762131810e-01
9.040311926386095376e-01 3.801637654746441997e-01
9.931761414271629285e-01 3.966027168654746027e-01
9.390314278364789713e-01 3.812573567816195941e-01
9.225494248467467351e-01 3.924173696573109993e-01
9.278023750022562632e-01 3.709502431934740829e-01
9.938625628909365517e-01 3.790457187761623326e-01
9.683162382317136441e-01 3.546647548640007863e-01
