[0.92967579 0.39792929] 0
[0.90248905 0.35116516] 0
[0.90542038 0.3915648 ] 0
[0.9395229  0.30417762] 0
[0.98280708 0.39148815] 0
[0.91159409 0.32797972] 0
[0.91472636 0.332018  ] 0
[0.95757193 0.39553444] 0
[0.92648908 0.35599015] 0
[0.98506805 0.36434735] 0
[0.97000961 0.38063991] 0
[0.92981419 0.37895052] 0
[0.97112869 0.36065759] 0
[0.90423607 0.39995529] 0
[0.93997007 0.38514907] 0
[0.91035569 0.33877942] 0
[0.92645595 0.32376081] 0
[0.92651851 0.37449051] 0
[0.96996666 0.35461225] 0
[0.92814634 0.39301089] 0
[0.92692025 0.39662697] 0
[0.9172118  0.31697311] 0
[0.90403119 0.38016377] 0
[0.99317614 0.39660272] 0
[0.93903143 0.38125736] 0
[0.92254942 0.39241737] 0
[0.92780238 0.37095024] 0
[0.99386256 0.37904572] 0
[0.96831624 0.35466475] 0
