9.261187930194852980e-01 5.247222464978636980e-01
9.037647884948005750e-01 5.654868249204555442e-01
9.337875945619376061e-01 5.694123554970389467e-01
9.713734458294499552e-01 5.526588835426607949e-01
9.248732150567821053e-01 5.338210131624816501e-01
9.674536754910727510e-01 5.092566451073137213e-01
9.540916689405902762e-01 5.945283436862686122e-01
9.660140305778970315e-01 5.374353360198720342e-01
9.185051378941134770e-01 5.957153926359627372e-01
9.595238137091169905e-01 5.072025629888960996e-01
9.029352086921873521e-01 5.064862700483213631e-01
9.055372814867532760e-01 5.377661500448568388e-01
9.180070568821216970e-01 5.204140965099022242e-01
9.900963475949707826e-01 5.612200788620035352e-01
9.348812780839969028e-01 5.050277104947700213e-01
9.940952260323413503e-01 5.312131255118756057e-01
9.272216299466847778e-01 5.520829592911591366e-01
9.036866600271196148e-01 5.444327568048047405e-01
9.821213051922486059e-01 5.786437503751007405e-01
9.439052286164804073e-01 5.405210474241163299e-01
9.455622032259745069e-01 5.508678960914742406e-01
9.705035346605364044e-01 5.297771990699864375e-01
9.511563947551224807e-01 5.556555892671597441e-01
9.249267926304467480e-01 5.156330959412714909e-01
9.110753649543694710e-01 5.989624861208575624e-01
9.263630681680690149e-01 5.654145705432157554e-01
9.938407227444762126e-01 5.840152781781735580e-01
9.054188851959271700e-01 5.039110605449905744e-01
9.449846494204199310e-01 5.374612081237699623e-01
9.020975754453168793e-01 5.284185699785389767e-01
9.529899090039695153e-01 5.476432196711358280e-01
9.241925830298602929e-01 5.422475610156163306e-01
9.580324553259020881e-01 5.972373227992090472e-01
9.208314439757780967e-01 5.564514750255484810e-01
9.980443430342542666e-01 5.668085983226981428e-01
9.422926195512887348e-01 5.724141690621940004e-01
9.135144275004725145e-01 5.374561883093167403e-01
9.673743533470435807e-01 5.205887983050446755e-01
9.286447834395494816e-01 5.137534268185742770e-01
9.075543537956656248e-01 5.802411417043156217e-01
9.267490282497996557e-01 5.461804946194153132e-01
9.616689310011712344e-01 5.258398511480086857e-01
9.715674835108443208e-01 5.475219173439135334e-01
9.631147097286120173e-01 5.279678533969449639e-01
9.763194732909745710e-01 5.263524561128984924e-01
9.394739933317124425e-01 5.035004875467116170e-01
9.924925246083443620e-01 5.314315377818124020e-01
9.761320396156032420e-01 5.128150518113473444e-01
9.102640126565606504e-01 5.458225146226127755e-01
9.789052908386324248e-01 5.444461240169777838e-01
9.374779068127321313e-01 5.292386489247462578e-01
9.289333080484265537e-01 5.689127915852415507e-01
9.256518574606094063e-01 5.351773966490953605e-01
9.293622265756071865e-01 5.146691854720155668e-01
9.891104316584296008e-01 5.926158239464099919e-01
9.734999425688504182e-01 5.733986619071900215e-01
9.368603155392678516e-01 5.001410155723310380e-01
9.413431759076877903e-01 5.209051021105428614e-01
9.594435987300184987e-01 5.767391295497140691e-01
9.823269215885537253e-01 5.607435302794013809e-01
9.332365281553871572e-01 5.449336830927939967e-01
9.012141747792190571e-01 5.370305004399437143e-01
9.246137017850044604e-01 5.055460191617804355e-01
9.579419736346378444e-01 5.711028859976902128e-01
9.089171957182178296e-01 5.121136106886170491e-01
9.282970513199957363e-01 5.162484160500363517e-01
9.192081100640376867e-01 5.336756806069951065e-01
9.996395804535396223e-01 5.604932693284946366e-01
9.870174637284447883e-01 5.298776697056493123e-01
9.424408981232856863e-01 5.062163008621289872e-01
9.712505912474425074e-01 5.403132133030108530e-01
9.174066245401274466e-01 5.762558190275568482e-01
9.386303176189996211e-01 5.636830071011422749e-01
9.616566829388248916e-01 5.349162938943370360e-01
9.357939478572314673e-01 5.001512699976241594e-01
9.013959959479838080e-01 5.142702269946922700e-01
9.359411373475121643e-01 5.848998778852189107e-01
9.130036147023293802e-01 5.562221638810687097e-01
9.756383321795043528e-01 5.003359227329599035e-01
9.397725594852124331e-01 5.477275920941971910e-01
9.814471855053878979e-01 5.504720287157360836e-01
9.298589560607637416e-01 5.459887582509955761e-01
9.311019941863862837e-01 5.278069833368388419e-01
9.058773417031428243e-01 5.826174815794914474e-01
9.206814949646904278e-01 5.437257106313048149e-01
9.697686965029023165e-01 5.592513323360409627e-01
9.344044085512617226e-01 5.110865700625265573e-01
9.621526066737801086e-01 5.943956755628669875e-01
9.054564114632860372e-01 5.252046833038443996e-01
9.221755584806361483e-01 5.765186694601858175e-01
9.883113364921319866e-01 5.369877537883605001e-01
9.867601036267908965e-01 5.381664253273223952e-01
9.966194218766293300e-01 5.371477408470426429e-01
9.500815946727974026e-01 5.835501265792463199e-01
9.889505657652271076e-01 5.067356954771308208e-01
9.019469608620550583e-01 5.801996899064706392e-01
9.357088420896558789e-01 5.356898146059747567e-01
9.038603977208572449e-01 5.775426734821749175e-01
9.491374304164004183e-01 5.053556376777094128e-01
9.803853414572756275e-01 5.421516484243210643e-01
9.968611664188788968e-01 5.609939172715807665e-01
9.872612045320900975e-01 5.773776299858208727e-01
9.953189683277400279e-01 5.441883048763767050e-01
9.896046581632542694e-01 5.782233809185873818e-01
9.485409908456361450e-01 5.461492187019227895e-01
9.003540503926976690e-01 5.162139200347134471e-01
9.559114188583051064e-01 5.763378397426642819e-01
9.405643919039553547e-01 5.015568420564830987e-01
9.116446657874668347e-01 5.055737049486140888e-01
9.937215517903166262e-01 5.370268259750610174e-01
9.677097315458719207e-01 5.267270278292980334e-01
9.383765423407863793e-01 5.627236842883954759e-01
9.801227794263780435e-01 5.746869225140216475e-01
9.597264411778934079e-01 5.260029089706028671e-01
9.592016506175546908e-01 5.563728311999767140e-01
9.680058107731794870e-01 5.341805364504098597e-01
9.825165047416787312e-01 5.045903058105453143e-01
9.813081821478817357e-01 5.585892905269927988e-01
9.127492878538349119e-01 5.576814886818459716e-01
9.429635614823415057e-01 5.092334275884977668e-01
9.008361507451164707e-01 5.410426452519147000e-01
9.385983185459242373e-01 5.267836326666524016e-01
9.249499916932912846e-01 5.723703131655901721e-01
9.487818689984968135e-01 5.017607313930987356e-01
9.210431855293550463e-01 5.007047649975245873e-01
9.633638546107272660e-01 5.239479578879258082e-01
9.100165318589312768e-01 5.888432768902586156e-01
9.624550123435318127e-01 5.683959952714130459e-01
9.984293107725137340e-01 5.829006507680927207e-01
9.053311293239705293e-01 5.014693470345615856e-01
9.920023218092395290e-01 5.847863200418983443e-01
9.917776154339558170e-01 5.956867590719174821e-01
9.125140872823552796e-01 5.344504114442081288e-01
9.011272635920144491e-01 5.770937180150896850e-01
9.607938515481946329e-01 5.464157301052861015e-01
9.245224270793599430e-01 5.105012011204567157e-01
9.651481716373015995e-01 5.546124819894575619e-01
9.986844053096326501e-01 5.992536289683909612e-01
9.187029180875176948e-01 5.540008531848368278e-01
9.615630672697266235e-01 5.964283152785485598e-01
9.685783025579816075e-01 5.128435084372985342e-01
9.659038953964894647e-01 5.901216456633626706e-01
9.109965097345751328e-01 5.045606549153492937e-01
9.577535927690774553e-01 5.902810086119653077e-01
9.094418617813286865e-01 5.565885237747708603e-01
9.316697639586261070e-01 5.653545483555397766e-01
9.497720000536751250e-01 5.467488858933211571e-01
9.668667464732670913e-01 5.225774879019176034e-01
9.181706694300202365e-01 5.362641593261174844e-01
9.126251875298713179e-01 5.457638048517181595e-01
9.088189145012603998e-01 5.277688943612995898e-01
9.205428979624648012e-01 5.564108828737970303e-01
9.198219178353440606e-01 5.152519826227641708e-01
9.596573229659270954e-01 5.516504921652020110e-01
9.064642195578742623e-01 5.812755125390534072e-01
9.856690781050192474e-01 5.830483459799276069e-01
9.625917159723635930e-01 5.965708278723821367e-01
9.433148154802244445e-01 5.318332255285785903e-01
9.061757237286698352e-01 5.485047091189304558e-01
9.330583505061809113e-01 5.173397612172134785e-01
9.492610990770613544e-01 5.601542085273334415e-01
9.250732600521316407e-01 5.466824697579950598e-01
9.091309259659284825e-01 5.777932751038540315e-01
9.475465557582671838e-01 5.805993245707747885e-01
9.931434307492941205e-01 5.837374851313157365e-01
9.665027136815707021e-01 5.179714258881122912e-01
9.797567101330353356e-01 5.331833237260394931e-01
9.622687848130360155e-01 5.087626007207797230e-01
9.292744075678278648e-01 5.274757640569374129e-01
9.479299666922319512e-01 5.133793890996627418e-01
9.116510654059677421e-01 5.104681808661899467e-01
9.092338693590107379e-01 5.050284530399412608e-01
9.150870941231661337e-01 5.679620890553456203e-01
9.507374690299293940e-01 5.495405894612981346e-01
9.877160824813397966e-01 5.479884202687334005e-01
9.000872321926041142e-01 5.010032372839665626e-01
9.560448772217824409e-01 5.203771409476423138e-01
9.521944980902827815e-01 5.434732315642161193e-01
9.098475143196143033e-01 5.224457497846592968e-01
9.687005590414089484e-01 5.302242727247643561e-01
9.190504234645984205e-01 5.611324600293441378e-01
9.643459593419420051e-01 5.554231307823697117e-01
9.958124727083691452e-01 5.177976251793423579e-01
9.844849442543281981e-01 5.126732240696832976e-01
9.883036078269420432e-01 5.151164704169817199e-01
9.689120485968509833e-01 5.686425123175572471e-01
9.943686649777845332e-01 5.057153290374492016e-01
9.652075491070015723e-01 5.851761492063224379e-01
9.183123823060688196e-01 5.419460551755288513e-01
9.559668124942762857e-01 5.853926933626710793e-01
9.609497872694042764e-01 5.271276866511820369e-01
9.615070954086653021e-01 5.443719890385698701e-01
9.505564804254733602e-01 5.184231110035547596e-01
9.840400574380356868e-01 5.324759148247870666e-01
9.440535688089778388e-01 5.791222967082061412e-01
9.349804649086203012e-01 5.138462704920012669e-01
9.293596348721413491e-01 5.052144114026573263e-01
9.343544989246052035e-01 5.538443955975835831e-01
9.377629433787009194e-01 5.010620657803395162e-01
9.620425381893310535e-01 5.557762125807302889e-01
9.833962586017179763e-01 5.377841805989618251e-01
9.317015986590190257e-01 5.363105089611847065e-01
9.593899326026871233e-01 5.178721687201779389e-01
9.045779747556041972e-01 5.436054238240495273e-01
9.481959998672948586e-01 5.235328849016094299e-01
9.329076179361743826e-01 5.513834498226765080e-01
9.040991250042822447e-01 5.243338284359373436e-01
9.783940213697343014e-01 5.198159164787108377e-01
9.822547120640394702e-01 5.169211219160717574e-01
9.559313229129172695e-01 5.541779390195096244e-01
9.450074444485054848e-01 5.656377383183086582e-01
9.542911491967944748e-01 5.747354070394503633e-01
9.071663975055717088e-01 5.678460674092518090e-01
9.766468370783663033e-01 5.808663856236204737e-01
9.441463097237114965e-01 5.875784726459715168e-01
9.838869536551289041e-01 5.118883978512520638e-01
9.362641355264614829e-01 5.044652988669648952e-01
9.975961834479218915e-01 5.931538910761641192e-01
9.624893406543668650e-01 5.540537775011655786e-01
9.295048194238398898e-01 5.987078378424903757e-01
9.600555320995329822e-01 5.816531774085891282e-01
9.330421051053405801e-01 5.455168726980440530e-01
9.441058668448010227e-01 5.653158849663784125e-01
9.598261361784126144e-01 5.410495381360778122e-01
9.331945855656489375e-01 5.687003638827321517e-01
9.385657233758757378e-01 5.996142907245267661e-01
9.099494115994382071e-01 5.640216165628404443e-01
9.041128943099294712e-01 5.510924302728477109e-01
9.669193432207405792e-01 5.800581845036983930e-01
9.161484421975605308e-01 5.945258508920413520e-01
9.654071110756062835e-01 5.189269563415510600e-01
9.327711541903382919e-01 5.264111010929886092e-01
9.503437768265825536e-01 5.333292084704599478e-01
9.016875135964754762e-01 5.407170698481672533e-01
9.826849697072999046e-01 5.524558151982017495e-01
9.676272202592555161e-01 5.203597510668767079e-01
9.076891657714417638e-01 5.427512792027934241e-01
9.424944715562009190e-01 5.652101924381141007e-01
9.844117729199226563e-01 5.563112304288361232e-01
9.263697833759383382e-01 5.656708084048734930e-01
9.600887887810442001e-01 5.395665916414298380e-01
9.400062640852693274e-01 5.902881804133084387e-01
9.709656054349193877e-01 5.117006241594286298e-01
9.059714027018126448e-01 5.609144056454616889e-01
9.631731277470212405e-01 5.262933384729731046e-01
9.491749681088115231e-01 5.286813891139745536e-01
9.527164503306255749e-01 5.124224744136058884e-01
9.423708894340675490e-01 5.143048053291886523e-01
9.458316356404554703e-01 5.078136486694762031e-01
9.408000737334507591e-01 5.466294446274525543e-01
9.319353959770984019e-01 5.644536940362367972e-01
9.984066373667832561e-01 5.638117537911506716e-01
9.142103779067285441e-01 5.637205587833487019e-01
9.327614270283456355e-01 5.576490763866748246e-01
9.401146780559359595e-01 5.307746832815904980e-01
9.061138003334917590e-01 5.716620666225592506e-01
9.923824099383948827e-01 5.392700582385778763e-01
9.567581391581641004e-01 5.391743196977665242e-01
9.756327710232800543e-01 5.976821032361565589e-01
9.452447347694004076e-01 5.664575548120422965e-01
9.779752479602963344e-01 5.567758482867073422e-01
9.440774198230774683e-01 5.264447074873271903e-01
9.601803853530108679e-01 5.120747602580314473e-01
9.496273621450693758e-01 5.305966903714004479e-01
9.491143409582812884e-01 5.710845804472488574e-01
9.241623611830230844e-01 5.242046288267694365e-01
9.228714339991992421e-01 5.526244585561886913e-01
9.141643869138131873e-01 5.152254123768771343e-01
9.165941660222914900e-01 5.899964140274137625e-01
9.600856399512853745e-01 5.985552327423014907e-01
9.928071611865514345e-01 5.294589165109160334e-01
9.657003528901578759e-01 5.297554619939361942e-01
9.247402782160423218e-01 5.657342007185708344e-01
9.685533178906842178e-01 5.070265209778659354e-01
9.068476341340385716e-01 5.663173229425623179e-01
9.087174964850133208e-01 5.472857300873577024e-01
9.399410135807271249e-01 5.030555431158216795e-01
9.356922317035272219e-01 5.388027743144113701e-01
9.476020896034247354e-01 5.492528090218132819e-01
9.249390288808008176e-01 5.627753961768167112e-01
9.065286543542747655e-01 5.828294479450711885e-01
9.671672486441798000e-01 5.090778842860834708e-01
9.624696900953059187e-01 5.610699487783847861e-01
9.099051964772191248e-01 5.639555929421978808e-01
9.899615520036079142e-01 5.137380661895911693e-01
9.537776336145499245e-01 5.601322059384190588e-01
9.467091310561486228e-01 5.837539031145864143e-01
9.173909311980232850e-01 5.879051748479413586e-01
9.321186435778604507e-01 5.523145920386751673e-01
9.437070992934675218e-01 5.271832796037192459e-01
9.497424574312817169e-01 5.971495155905115482e-01
9.220537301540110420e-01 5.713059612824319400e-01
9.933705487126431866e-01 5.774621422233161550e-01
9.875984299957609736e-01 5.524885926621729837e-01
9.530304319082816278e-01 5.712786464719351587e-01
