[0.92611879 0.52472225] 0
[0.92722163 0.55208296] 0
[0.95803246 0.59723732] 0
[0.91026401 0.54582251] 0
[0.9089172  0.51211361] 0
[0.98144719 0.55047203] 0
[0.93570884 0.53568981] 0
[0.98012278 0.57468692] 0
[0.99842931 0.58290065] 0
[0.90944186 0.55658852] 0
[0.9492611  0.56015421] 0
[0.95604488 0.52037714] 0
[0.95055648 0.51842311] 0
[0.98225471 0.51692112] 0
[0.93319459 0.56870036] 0
[0.96008879 0.53956659] 0
[0.99238241 0.53927006] 0
[0.92474028 0.5657342 ] 0
[0.93211864 0.55231459] 0
[0.95952381 0.50720256] 0
[0.92636307 0.56541457] 0
[0.96166893 0.52583985] 0
[0.94134318 0.5209051 ] 0
[0.96165668 0.53491629] 0
[0.92217556 0.57651867] 0
[0.90035405 0.51621392] 0
[0.93859832 0.52678363] 0
[0.99868441 0.59925363] 0
[0.95965732 0.55165049] 0
[0.94792997 0.51337939] 0
[0.96891205 0.56864251] 0
[0.9317016  0.53631051] 0
[0.99759618 0.59315389] 0
[0.90168751 0.54071707] 0
[0.94080007 0.54662944] 0
[0.92416236 0.52420463] 0
[0.96716725 0.50907788] 0
[0.93378759 0.56941236] 0
[0.98212131 0.57864375] 0
[0.99804434 0.5668086 ] 0
[0.93747791 0.52923865] 0
[0.91920811 0.53367568] 0
[0.93110199 0.52780698] 0
[0.94913743 0.50535564] 0
[0.95920165 0.55637283] 0
[0.99200232 0.58478632] 0
[0.949772   0.54674889] 0
[0.90913093 0.57779328] 0
[0.90984751 0.52244575] 0
[0.94405357 0.5791223 ] 0
[0.94500744 0.56563774] 0
[0.90994941 0.56402162] 0
[0.97096561 0.51170062] 0
[0.97563277 0.5976821 ] 0
[0.90684763 0.56631732] 0
[0.94974246 0.59714952] 0
[0.90553728 0.53776615] 0
[0.90541889 0.50391106] 0
[0.96311471 0.52796785] 0
[0.98232692 0.56074353] 0
[0.901396   0.51427023] 0
[0.9867601  0.53816643] 0
[0.94056439 0.50155684] 0
[0.94878187 0.50176073] 0
[0.96156307 0.59642832] 0
[0.98566908 0.58304835] 0
[0.90923387 0.50502845] 0
[0.96520755 0.58517615] 0
[0.90457797 0.54360542] 0
[0.92950482 0.59870784] 0
[0.96762722 0.52035975] 0
[0.99840664 0.56381175] 0
[0.91416439 0.51522541] 0
[0.9099052  0.56395559] 0
[0.92487322 0.53382101] 0
[0.9455622 0.5508679] 0
[0.91351443 0.53745619] 0
[0.92565186 0.5351774 ] 0
[0.98701746 0.52987767] 0
[0.92068149 0.54372571] 0
[0.99686117 0.56099392] 0
[0.9825165  0.50459031] 0
[0.91251409 0.53445041] 0
[0.91817067 0.53626416] 0
[0.99314343 0.58373749] 0
[0.91905042 0.56113246] 0
[0.92935963 0.50521441] 0
[0.9071664  0.56784607] 0
[0.96691934 0.58005818] 0
[0.96317313 0.52629334] 0
[0.97797525 0.55677585] 0
[0.93994101 0.50305554] 0
[0.99337055 0.57746214] 0
[0.99009635 0.56122008] 0
[0.90209758 0.52841857] 0
[0.93947399 0.50350049] 0
[0.90121417 0.5370305 ] 0
[0.91300361 0.55622216] 0
[0.95008159 0.58355013] 0
[0.99372155 0.53702683] 0
[0.96336385 0.52394796] 0
[0.9659039  0.59012165] 0
[0.94331482 0.53183323] 0
[0.95073747 0.54954059] 0
[0.95596681 0.58539269] 0
[0.93290762 0.55138345] 0
[0.93304211 0.54551687] 0
[0.94249447 0.56521019] 0
[0.93276143 0.55764908] 0
[0.96008564 0.59855523] 0
[0.95377763 0.56013221] 0
[0.95409167 0.59452834] 0
[0.95115639 0.55565559] 0
[0.92864478 0.51375343] 0
[0.98911043 0.59261582] 0
[0.97125059 0.54031321] 0
[0.93440441 0.51108657] 0
[0.99531897 0.5441883 ] 0
[0.91274929 0.55768149] 0
[0.96079385 0.54641573] 0
[0.90881891 0.52776889] 0
[0.97975671 0.53318332] 0
[0.99581247 0.51779763] 0
[0.93776294 0.50106207] 0
[0.94414631 0.58757847] 0
[0.96540711 0.51892696] 0
[0.95271645 0.51242247] 0
[0.96018039 0.51207476] 0
[0.94760209 0.54925281] 0
[0.95303043 0.57127865] 0
[0.99409523 0.53121313] 0
[0.92419258 0.54224756] 0
[0.97613204 0.51281505] 0
[0.95794197 0.57110289] 0
[0.93977256 0.54772759] 0
[0.90194696 0.58019969] 0
[0.93837654 0.56272368] 0
[0.96245501 0.568396  ] 0
[0.95775359 0.59028101] 0
[0.93305835 0.51733976] 0
[0.90008723 0.50100324] 0
[0.9615071  0.54437199] 0
[0.97839402 0.51981592] 0
[0.95982614 0.54104954] 0
[0.92636978 0.56567081] 0
[0.9061138  0.57166207] 0
[0.96570035 0.52975546] 0
[0.91739093 0.58790517] 0
[0.91850514 0.59571539] 0
[0.91107536 0.59896249] 0
[0.92674903 0.54618049] 0
[0.93686032 0.50014102] 0
[0.93863032 0.56368301] 0
[0.90545641 0.52520468] 0
[0.94854099 0.54614922] 0
[0.90083615 0.54104265] 0
[0.96514817 0.55461248] 0
[0.91982192 0.51525198] 0
[0.92927441 0.52747576] 0
[0.98830361 0.51511647] 0
[0.98339626 0.53778418] 0
[0.93626414 0.5044653 ] 0
[0.95034378 0.53332921] 0
[0.94583164 0.50781365] 0
[0.94911434 0.57108458] 0
[0.90652865 0.58282945] 0
[0.90376479 0.56548682] 0
[0.90368666 0.54443276] 0
[0.92083144 0.55645148] 0
[0.97890529 0.54444612] 0
[0.92829705 0.51624842] 0
[0.92985896 0.54598876] 0
[0.9038604  0.57754267] 0
[0.95972644 0.52600291] 0
[0.90533113 0.50146935] 0
[0.93166976 0.56535455] 0
[0.92507326 0.54668247] 0
[0.9521945  0.54347323] 0
[0.98404006 0.53247591] 0
[0.95593132 0.55417794] 0
[0.93856572 0.59961429] 0
[0.94000626 0.59028818] 0
[0.95675814 0.53917432] 0
[0.96855332 0.50702652] 0
[0.9437071  0.52718328] 0
[0.90293521 0.50648627] 0
[0.99384072 0.58401528] 0
[0.97156748 0.54752192] 0
[0.9594436  0.57673913] 0
[0.93579395 0.50015127] 0
[0.98831134 0.53698775] 0
[0.95591142 0.57633784] 0
[0.92494999 0.57237031] 0
[0.91870292 0.55400085] 0
[0.90646422 0.58127551] 0
[0.91165107 0.51046818] 0
[0.99436866 0.50571533] 0
[0.95938993 0.51787217] 0
[0.96248934 0.55405378] 0
[0.98268497 0.55245582] 0
[0.9319354  0.56445369] 0
[0.92287143 0.55262446] 0
[0.96246969 0.56106995] 0
[0.97137345 0.55265888] 0
[0.94390523 0.54052105] 0
[0.94229262 0.57241417] 0
[0.92893331 0.56891279] 0
[0.99963958 0.56049327] 0
[0.90587734 0.58261748] 0
[0.98038534 0.54215165] 0
[0.96800581 0.53418054] 0
[0.99177762 0.59568676] 0
[0.96686675 0.52257749] 0
[0.94754656 0.58059932] 0
[0.96870056 0.53022427] 0
[0.93498046 0.51384627] 0
[0.95429115 0.57473541] 0
[0.90411289 0.55109243] 0
[0.9059714  0.56091441] 0
[0.94524473 0.56645755] 0
[0.9087175  0.54728573] 0
[0.92205373 0.57130596] 0
[0.91800706 0.5204141 ] 0
[0.94498465 0.53746121] 0
[0.97631947 0.52635246] 0
[0.93323653 0.54493368] 0
[0.93594114 0.58489988] 0
[0.99661942 0.53714774] 0
[0.91164467 0.5055737 ] 0
[0.92104319 0.50070476] 0
[0.9685783  0.51284351] 0
[0.96259172 0.59657083] 0
[0.91508709 0.56796209] 0
[0.91831238 0.54194606] 0
[0.948196   0.52353288] 0
[0.96005553 0.58165318] 0
[0.90768917 0.54275128] 0
[0.91421038 0.56372056] 0
[0.91659417 0.58999641] 0
[0.98996155 0.51373807] 0
[0.96745368 0.50925665] 0
[0.97050353 0.5297772 ] 0
[0.96737435 0.5205888 ] 0
[0.92936223 0.51466919] 0
[0.9424409 0.5062163] 0
[0.9697687  0.55925133] 0
[0.9872612  0.57737763] 0
[0.98130818 0.55858929] 0
[0.90112726 0.57709372] 0
[0.91262519 0.5457638 ] 0
[0.96650271 0.51797143] 0
[0.96434596 0.55542313] 0
[0.9343545 0.5538444] 0
[0.97664684 0.58086639] 0
[0.91614844 0.59452585] 0
[0.94917497 0.52868139] 0
[0.94407742 0.52644471] 0
[0.93569223 0.53880277] 0
[0.98759843 0.55248859] 0
[0.93488128 0.50502771] 0
[0.95298991 0.54764322] 0
[0.99249252 0.53143154] 0
[0.9246137  0.50554602] 0
[0.97563833 0.50033592] 0
[0.98895057 0.5067357 ] 0
[0.96770973 0.52672703] 0
[0.91001653 0.58884328] 0
[0.91099651 0.50456065] 0
[0.90617572 0.54850471] 0
[0.98771608 0.54798842] 0
[0.96094979 0.52712769] 0
[0.90409913 0.52433383] 0
[0.94410587 0.56531588] 0
[0.98441177 0.55631123] 0
[0.94011468 0.53077468] 0
[0.99280716 0.52945892] 0
[0.94670913 0.5837539 ] 0
[0.96601403 0.53743534] 0
[0.92492679 0.5156331 ] 0
[0.90755435 0.58024114] 0
[0.97349994 0.57339866] 0
[0.91740662 0.57625582] 0
[0.96215261 0.59439568] 0
[0.98960466 0.57822338] 0
[0.94296356 0.50923343] 0
[0.92452243 0.5105012 ] 0
[0.9205429  0.55641088] 0
[0.96226878 0.5087626 ] 0
[0.98448494 0.51267322] 0
[0.96204254 0.55577621] 0
[0.98388695 0.5118884 ] 0
[0.93277115 0.5264111 ] 0
[0.94237089 0.51430481] 0
[0.94962736 0.53059669] 0
[0.92493903 0.5627754 ] 0
