[0.97281369 0.64347806] 0
[0.98117664 0.60617448] 0
[0.96692893 0.62689192] 0
[0.99222685 0.65130974] 0
[0.99887979 0.68597263] 0
[0.97060125 0.65238804] 0
[0.93377456 0.60607986] 0
[0.94561274 0.62445355] 0
[0.92014092 0.60287812] 0
[0.93841087 0.60264482] 0
[0.91461712 0.68704565] 0
[0.92025203 0.60226634] 0
[0.99904612 0.66668559] 0
[0.93638651 0.62074849] 0
[0.9411867  0.60390594] 0
[0.94486349 0.62913027] 0
[0.94528199 0.61840168] 0
[0.90425583 0.65511425] 0
[0.9588583  0.67992973] 0
[0.93245988 0.61407698] 0
[0.99597903 0.61838726] 0
[0.94948519 0.66993401] 0
[0.9349136  0.66769665] 0
[0.98439181 0.63283184] 0
[0.93313163 0.62898139] 0
[0.9945067  0.60914465] 0
[0.98346493 0.63709267] 0
[0.9439916  0.65170287] 0
[0.99440377 0.60603217] 0
[0.99922402 0.62332768] 0
[0.98221713 0.65562267] 0
[0.98147778 0.60869732] 0
[0.99080015 0.68275691] 0
[0.97343124 0.60380782] 0
[0.91001799 0.63199357] 0
[0.98764558 0.68345051] 0
[0.98895173 0.62120284] 0
[0.91244356 0.60178861] 0
[0.9802687  0.64342603] 0
[0.91563256 0.67123026] 0
[0.95194608 0.61555485] 0
[0.94795597 0.67935531] 0
[0.94816446 0.63478292] 0
[0.96360307 0.64441119] 0
[0.97570489 0.62934547] 0
[0.96942362 0.64880042] 0
[0.90082213 0.66778506] 0
[0.96186186 0.61666956] 0
[0.97924417 0.66048594] 0
[0.93174645 0.64285997] 0
[0.92525315 0.61911741] 0
[0.95150107 0.63310034] 0
[0.90381757 0.65788824] 0
[0.92086316 0.60973638] 0
[0.95817786 0.62185859] 0
[0.98144849 0.60816014] 0
[0.91248454 0.63688064] 0
[0.92736333 0.62631921] 0
[0.99420733 0.62895998] 0
[0.97184238 0.66014318] 0
[0.99384252 0.64972113] 0
[0.92953772 0.62879467] 0
[0.90713233 0.65279147] 0
[0.95279102 0.62656913] 0
[0.95819136 0.69602323] 0
[0.91849331 0.60717745] 0
[0.90343557 0.63369888] 0
[0.99569323 0.65834445] 0
[0.99056071 0.60418204] 0
[0.94462096 0.63654677] 0
[0.985722   0.63561885] 0
[0.9677446  0.66336866] 0
[0.96300364 0.60500257] 0
[0.94972906 0.60638688] 0
[0.93882483 0.63451982] 0
[0.93049325 0.66665983] 0
[0.960891   0.64016968] 0
[0.97583381 0.60920777] 0
[0.98106617 0.66540925] 0
[0.98854987 0.60141107] 0
[0.99012074 0.64907039] 0
[0.91266622 0.63403467] 0
[0.99368858 0.62548494] 0
[0.91408133 0.6184012 ] 0
[0.97418409 0.61149569] 0
[0.92384964 0.65545464] 0
[0.99162464 0.67029444] 0
[0.98670913 0.64820862] 0
[0.9677762  0.61673446] 0
[0.98034606 0.62559552] 0
[0.91505762 0.61562247] 0
[0.96558305 0.63967641] 0
[0.9701826  0.64186082] 0
[0.9315334  0.60299477] 0
[0.98403427 0.65805176] 0
[0.99147652 0.63902406] 0
[0.99614302 0.65898943] 0
[0.92499264 0.67299023] 0
[0.99543449 0.60252636] 0
[0.93115558 0.64403723] 0
[0.97136589 0.65606469] 0
[0.91613665 0.66778611] 0
[0.95136354 0.63079452] 0
[0.92187598 0.60770205] 0
[0.92582959 0.61807726] 0
[0.98601475 0.63786764] 0
[0.9502089  0.61435729] 0
[0.97953708 0.65022034] 0
[0.93485191 0.60867083] 0
[0.96204012 0.65462423] 0
[0.99138568 0.62599472] 0
[0.9596145  0.61965665] 0
[0.97677856 0.66602917] 0
[0.93351645 0.61085277] 0
[0.99075361 0.64533211] 0
[0.98150451 0.63428772] 0
[0.98898298 0.62509996] 0
[0.90961843 0.66891193] 0
[0.97136776 0.6059485 ] 0
