9.994388528098359092e-01 7.104529954130043290e-01
9.840889063364095524e-01 7.272427392161033843e-01
9.513723658426118668e-01 7.219271651485563712e-01
9.894817595956875156e-01 7.024386799815789395e-01
9.853194057959591134e-01 7.008601392721162116e-01
9.304007833923517712e-01 7.021900565892591484e-01
9.216522950682126680e-01 7.235444580959633498e-01
9.993013060644153622e-01 7.320690605530029149e-01
9.767362054381210079e-01 7.187342025538153711e-01
9.353738900502122089e-01 7.587982165884685770e-01
9.968774785077445522e-01 7.447964150086492374e-01
9.448678269353956161e-01 7.073630523033016537e-01
9.657904470572378219e-01 7.117017644076886196e-01
