9.057186562889462111e-01 8.760726889671844875e-01
9.238975139173954965e-01 8.906037976527317879e-01
9.343797341165710479e-01 8.715483577821497851e-01
9.047849548437746359e-01 8.789478757783569796e-01
9.436098361454672290e-01 8.920167878171455511e-01
9.367469343930481251e-01 8.918890122699570933e-01
9.212058302271137755e-01 8.595377253088417602e-01
9.247932797162238261e-01 8.947912256282419818e-01
9.317702597626794647e-01 8.732347239838208486e-01
9.280920727430743700e-01 8.866161908878493758e-01
9.301572120020514811e-01 8.905297355822081595e-01
9.296316665202956075e-01 8.767716955069096985e-01
9.440089153741633154e-01 8.974298537902466455e-01
9.077960202889989727e-01 8.912475549222864668e-01
9.301507911889748126e-01 8.645921800969134097e-01
9.250671800287108004e-01 8.733426090105009809e-01
9.077829811384321435e-01 8.890659622519629934e-01
9.181371602598582538e-01 8.827118171346849396e-01
9.030900827999027713e-01 8.828912679643493577e-01
9.498347956586464802e-01 8.764718042638802720e-01
9.173883190182342551e-01 8.829377429034216407e-01
9.241342459197199322e-01 8.731110154471272145e-01
9.025043261978554776e-01 8.462203049304218849e-01
9.314000092791221430e-01 8.982048844802984489e-01
9.067042823083466541e-01 8.782625558778207608e-01
9.304946108937998117e-01 8.784890646901500899e-01
9.356389858598636033e-01 8.976756985720206750e-01
9.174481828649523329e-01 8.841233915633011087e-01
9.187353285589812124e-01 8.850923757436051087e-01
9.410954330082919039e-01 8.870549661537509012e-01
9.102205634475696305e-01 8.791745695402185534e-01
9.091642821411604070e-01 8.855432136000749299e-01
9.206548243649703700e-01 8.704779716894601727e-01
9.630521988009742573e-01 8.991539326438873214e-01
9.241914344165566009e-01 8.940593721062914945e-01
9.252170220006420420e-01 8.884277063101435612e-01
9.354312791866099541e-01 8.991199171970700732e-01
9.208222918587291028e-01 8.867073513462632173e-01
9.247629639999561668e-01 8.869891390700577194e-01
9.343533357982860554e-01 8.922047395037207007e-01
9.869212022172768606e-01 8.950798498316797636e-01
9.153915194295731972e-01 8.990961110498202347e-01
9.300488609029085030e-01 8.974837899755474524e-01
9.178137693403132236e-01 8.660855653750018091e-01
9.034767541850486916e-01 8.646957515486125567e-01
9.043053045979770888e-01 8.782423829920376068e-01
9.155058145648504730e-01 8.928720755466217351e-01
9.327852171512422963e-01 8.780479913855299134e-01
9.281886949935829190e-01 8.843686772605531266e-01
9.511865505425248779e-01 8.943007658250889946e-01
9.618465222467473819e-01 8.948228459507385768e-01
9.321974150680580884e-01 8.939954503807545638e-01
9.200065788117981480e-01 8.781374075999859308e-01
9.302026519595312237e-01 8.873514581653031419e-01
9.256918392046451505e-01 8.827769579502497965e-01
9.087387002115431267e-01 8.700077697747612415e-01
9.395629288324618411e-01 8.934410816259938937e-01
9.101267355072707455e-01 8.532209618174119159e-01
9.329865776755280615e-01 8.993487577545230538e-01
9.354387183670420658e-01 8.745579921343714647e-01
9.236684837004035531e-01 8.952782706214155173e-01
9.267966882233782400e-01 8.717493628084492796e-01
9.229076731041174764e-01 8.752965598363736666e-01
9.090662068201675883e-01 8.609473379312843067e-01
9.266921027346191053e-01 8.985909236047875392e-01
9.210262500587746981e-01 8.885117968316327275e-01
9.113402325278028293e-01 8.647426233056211275e-01
9.116418367025349578e-01 8.900609715459469884e-01
9.191532241917391710e-01 8.706495879890814305e-01
9.260245583475747999e-01 8.957975691557531484e-01
9.386080631793894957e-01 8.938529566770825330e-01
9.148947543298595608e-01 8.998956073405788292e-01
9.254833798599420014e-01 8.783700088560434383e-01
9.476316413537989591e-01 8.895050405585913644e-01
9.202684261095356311e-01 8.663385686977200795e-01
9.158503285013041006e-01 8.953879632528757293e-01
9.443340537832796144e-01 8.881345176886784598e-01
9.783085229069672373e-01 8.944254240365231423e-01
9.207352310629202119e-01 8.973103353371992830e-01
9.509848566634984124e-01 8.973255620173447022e-01
9.441505056232519788e-01 8.777397832384863374e-01
9.350125452282759264e-01 8.802292622032166225e-01
9.035437374262408339e-01 8.848044018217462447e-01
9.179644070864079186e-01 8.984035630840156994e-01
9.232909161119581265e-01 8.832158815847135358e-01
9.744694562188169762e-01 8.980589813075641192e-01
9.785788750612078868e-01 8.948531997998081522e-01
9.499367797505113842e-01 8.999317536142537044e-01
9.016484246003910741e-01 8.914060211281528145e-01
9.759762688283823984e-01 8.985112919702374912e-01
9.159656636336438451e-01 8.832135039605445437e-01
9.033600583997228872e-01 8.907031744450684130e-01
9.196465236585149583e-01 8.904101988282481228e-01
9.204355806561725917e-01 8.761534149191736454e-01
9.197504878133428985e-01 8.734213153603479496e-01
9.046114247817338416e-01 8.826627110449272173e-01
9.260681420085099536e-01 8.975390250308212803e-01
9.398150689816580083e-01 8.971426146266070489e-01
9.283875619920712863e-01 8.844894876259243865e-01
9.136053849079708300e-01 8.902360031014863173e-01
9.608354841607531505e-01 8.619598433432181794e-01
9.397532917033988298e-01 8.969603800665220117e-01
9.354702623783767157e-01 8.994327956979469851e-01
9.433829972562570720e-01 8.840057212519395469e-01
9.388991335818164252e-01 8.978138041924079715e-01
9.163632904777163635e-01 8.682892514465206935e-01
9.012272431802679229e-01 8.967845038689317150e-01
9.116545173195663709e-01 8.946148886204898787e-01
9.118244987464201312e-01 8.690913963320279212e-01
9.348861368574292730e-01 8.634300008244197855e-01
9.329540905862416800e-01 8.843688693537080647e-01
9.312732693803711381e-01 8.996055353951514233e-01
9.024524452221294180e-01 8.901340152627221780e-01
9.413095130265802801e-01 8.939262427012596435e-01
9.571710115330530622e-01 8.906597361133934410e-01
9.034814463637341753e-01 8.932939871994378667e-01
9.076939552182949900e-01 8.743179624663433014e-01
9.349655018386830996e-01 8.962202990360780275e-01
9.051599306992087479e-01 8.905272310184240148e-01
9.347972262555742651e-01 8.976905477946371947e-01
9.638485832862823122e-01 8.908260406091895733e-01
9.177784031317811619e-01 8.960412238421289199e-01
9.508995582867381113e-01 8.955494756084906305e-01
9.237549293229704306e-01 8.952580182175907675e-01
9.082159633929842713e-01 8.759540478206225833e-01
9.043123256586793612e-01 8.809602793293033196e-01
9.265342993552878603e-01 8.990872643945485576e-01
9.242679402456717153e-01 8.811655024912879997e-01
9.135572802310473195e-01 8.980646454680906166e-01
9.088697242215547645e-01 8.971358893600410722e-01
9.122176950565085152e-01 8.955409782248026085e-01
9.063943512597674168e-01 8.652173103192027925e-01
9.269098961277725257e-01 8.843269228608622301e-01
9.276859659674674408e-01 8.863597141356666098e-01
9.195738581457411076e-01 8.711147826024205898e-01
9.123479139696886175e-01 8.764159069420703885e-01
9.042059380413592917e-01 8.710250113500225266e-01
9.113169979909727658e-01 8.678645944212718399e-01
9.194261081747436837e-01 8.826303072629674284e-01
9.186990335294953347e-01 8.685485332338418463e-01
9.387692858041714050e-01 8.977748680864655606e-01
9.364174435621953618e-01 8.957208012823657528e-01
9.359524019402528650e-01 8.955561925940012102e-01
9.403680140065409088e-01 8.939332633654062388e-01
9.228713632245881815e-01 8.834808488576447738e-01
9.287779683168894129e-01 8.745487619381403510e-01
9.194784375938224175e-01 8.739866611387757667e-01
9.290972355411205585e-01 8.626733420705181565e-01
9.090245678137898189e-01 8.924910756496494679e-01
9.243081523414254930e-01 8.922767397279709467e-01
9.091999750031585226e-01 8.912414944530220318e-01
9.239486962652758706e-01 8.997437617583827763e-01
9.622849987041337538e-01 8.799058882311840968e-01
9.043188791183508490e-01 8.948029445445356833e-01
9.343456796465205993e-01 8.653272134678164917e-01
9.258684206049510035e-01 8.760312291895278047e-01
9.093515323962165775e-01 8.787548470726498362e-01
9.087098120948775559e-01 8.590726436853979298e-01
9.121403001148462586e-01 8.878457815818291410e-01
9.152824377658339561e-01 8.976508525942307193e-01
9.236790266880609002e-01 8.755785922468234395e-01
9.256575826166523191e-01 8.942414207370170676e-01
9.055277414079095921e-01 8.631120487474021052e-01
9.510856974726246138e-01 8.997379909053673241e-01
9.048727407768186737e-01 8.908905938565558902e-01
9.044076282048407744e-01 8.963662066649170646e-01
9.028724451949893259e-01 8.949389618174310446e-01
9.597391169029474423e-01 8.876937326705702791e-01
9.389221424018605600e-01 8.961051667741168902e-01
9.013420715469934175e-01 8.736688238775456306e-01
9.673644280093847136e-01 8.991284461678699103e-01
9.172735006162258120e-01 8.701220375306074617e-01
9.102965427749085681e-01 8.941664336571162330e-01
9.078288721225058477e-01 8.707176920782366825e-01
9.248223552144489990e-01 8.935765210242586631e-01
9.549134396278293746e-01 8.939042075966738832e-01
9.486384583601163989e-01 8.875640079177052888e-01
9.455794796100437383e-01 8.947040685036099505e-01
9.053893060452937736e-01 8.839987187211175712e-01
9.273179084612165335e-01 8.842633973129833125e-01
9.515932420944211989e-01 8.992134385323864443e-01
9.368947457123362188e-01 8.837453997048791976e-01
9.224899399159370850e-01 8.956874602664874896e-01
9.073217993856081964e-01 8.996122588268795628e-01
9.244360662968671427e-01 8.896138960531215778e-01
9.457748660051354950e-01 8.902348374643501705e-01
9.385371727356341953e-01 8.968249231776195263e-01
9.106729504557756760e-01 8.854022438989945787e-01
9.606560484169230918e-01 8.774214087502213433e-01
9.173872491402379481e-01 8.936252386885761290e-01
9.019407955964936496e-01 8.881444118159664836e-01
9.290191448302589361e-01 8.925418148997457113e-01
9.100990245351963104e-01 8.976058065642459338e-01
9.098895058065007424e-01 8.687739914703352939e-01
9.475571416390002888e-01 8.928520748621562309e-01
9.148382302253952325e-01 8.792296769773162435e-01
9.044404862023941449e-01 8.869271942524813435e-01
9.017932321141379770e-01 8.622561638071712942e-01
9.115965395780705194e-01 8.822492061197706459e-01
9.013041263742771481e-01 8.722431596152550037e-01
9.007958847358986665e-01 8.616585231350339935e-01
9.043940285977012383e-01 8.956668759180420603e-01
9.098581146308007961e-01 8.670041898865292751e-01
9.108826457199062920e-01 8.766990070684301806e-01
9.148518033850502329e-01 8.819446856889746611e-01
9.408432394668695409e-01 8.851571934660555918e-01
9.156466235553358812e-01 8.999849800362923480e-01
9.016257560953708783e-01 8.584754324191498087e-01
9.179764046294944801e-01 8.841910064570488448e-01
9.190106025558388847e-01 8.433579624862234114e-01
9.173033236168440796e-01 8.990788943891275808e-01
9.345101596615538186e-01 8.820269685270286653e-01
9.423681598018911476e-01 8.808631122281024295e-01
9.625364236306273025e-01 8.942780470337134968e-01
9.057594004639176744e-01 8.659054414811873102e-01
9.512680806508538867e-01 8.967242037188918324e-01
9.062591203105501148e-01 8.970370929905033819e-01
9.293578795008142768e-01 8.925430741990915129e-01
9.247859841107767265e-01 8.969447092765554519e-01
9.105137087311575561e-01 8.790813619023465364e-01
9.170490098151091729e-01 8.809435218411507673e-01
9.046623461301672720e-01 8.837213569546493730e-01
9.054746883549319447e-01 8.842962340182919379e-01
9.106436132203964418e-01 8.639594360849991439e-01
9.093420645244789657e-01 8.917276875746465992e-01
9.062951994540633383e-01 8.927069523342126001e-01
9.437403824486126913e-01 8.927079501824128904e-01
9.256282921058504032e-01 8.906455391693481882e-01
9.511526791376921919e-01 8.936091369315077859e-01
9.420254551613649330e-01 8.848157930980297126e-01
9.020196397358848373e-01 8.872644652824946965e-01
9.033932790506211674e-01 8.869201124530307068e-01
9.175430104312948254e-01 8.793651884773735494e-01
9.254535275977937570e-01 8.758202056275887770e-01
9.604566998378072373e-01 8.713729886528205348e-01
9.460330250017526810e-01 8.971934639235819020e-01
9.012085626076363765e-01 8.499789806032904682e-01
9.172608427086849092e-01 8.794687263426848034e-01
9.094562423350476266e-01 8.895409929109483471e-01
9.308516186891024891e-01 8.968149343437614718e-01
9.195541628644382515e-01 8.938979366539829829e-01
9.122890360925444142e-01 8.793691134598727865e-01
9.300012074279615515e-01 8.683332408617814302e-01
9.072177977631530332e-01 8.963874754449118187e-01
9.252199567786809631e-01 8.877580472073967055e-01
9.078314388438663007e-01 8.724174524544144882e-01
9.219253644415682514e-01 8.650442114865645182e-01
9.069587585448605216e-01 8.700260499862406682e-01
9.344649828144091508e-01 8.965508050410370133e-01
9.139276539807924538e-01 8.952736792246361874e-01
9.132604342591874591e-01 8.836201615523717745e-01
9.067882194401996054e-01 8.859705780202313807e-01
9.199755556898768782e-01 8.927792410862098738e-01
9.279592206014793954e-01 8.889060873385468131e-01
9.038793283862773809e-01 8.839564125416955465e-01
9.023525702640732282e-01 8.911937774961533609e-01
9.044979806069959327e-01 8.978066968991273988e-01
9.027074496351329413e-01 8.581786726495413964e-01
9.140482725888481319e-01 8.991740203617004656e-01
9.035198725763859962e-01 8.402319122261932005e-01
9.131561602183514426e-01 8.941012379433671553e-01
9.161508477710678111e-01 8.547925389799126972e-01
9.803966941031962978e-01 8.981130838915742931e-01
9.473765845573928202e-01 8.967709985669951589e-01
9.199899443194423654e-01 8.703634724470117323e-01
9.018773287920877069e-01 8.867211195629582932e-01
9.415248009514477490e-01 8.828710600687103005e-01
9.051610541506636132e-01 8.945128502266836978e-01
9.325611723376117101e-01 8.980859795044759952e-01
9.262585406525892795e-01 8.889452663605122984e-01
9.098283114528421534e-01 8.940495855497129218e-01
9.171316050309645806e-01 8.812000143650432493e-01
9.210012985058679824e-01 8.967971774030771837e-01
9.158946987937003348e-01 8.810837586612974004e-01
9.416522066536477942e-01 8.935054886575202193e-01
9.144544135184961009e-01 8.549400106589193360e-01
9.463027520145583793e-01 8.909882091693793749e-01
9.241079777618648183e-01 8.941231528033379838e-01
9.164461795347941253e-01 8.906331445157960047e-01
9.437259256182211065e-01 8.988836781436816414e-01
9.701276575456002638e-01 8.957830506345300092e-01
9.333388934640471923e-01 8.894327120977831846e-01
9.307292150226382788e-01 8.918576513055552768e-01
9.374927618984008060e-01 8.986251770012368967e-01
9.559521718128022316e-01 8.841443444994780965e-01
9.073071651701574147e-01 8.854496177959013670e-01
9.194403775601101003e-01 8.650870165000921208e-01
9.173561178681162165e-01 8.800556518867639344e-01
9.109471214805360262e-01 8.529624284674753865e-01
9.087057522361128292e-01 8.785522272247829889e-01
9.533716803043914556e-01 8.960224156084276581e-01
9.218747736222121514e-01 8.799376051860643422e-01
9.023566151297419680e-01 8.717208440641390776e-01
9.481005969489374463e-01 8.956472509560188255e-01
9.218949146502359859e-01 8.552383835313025484e-01
9.170398067538372278e-01 8.818686293159688772e-01
9.014723684954719651e-01 8.695651989949343408e-01
9.004389106985067892e-01 8.687763439437892199e-01
9.226465344021607118e-01 8.718557898567298459e-01
9.060632492735510857e-01 8.847112927624268819e-01
9.085414094493718951e-01 8.639222656003247014e-01
9.438231025903913718e-01 8.900454246028358662e-01
9.265400572161148762e-01 8.847728828987865279e-01
9.296877622632155891e-01 8.800339189577884857e-01
9.287364753626630165e-01 8.897207336347283668e-01
9.239263936046639980e-01 8.640047930633359963e-01
9.249202163419421030e-01 8.807165603469859771e-01
9.315293004485047934e-01 8.960587312920543779e-01
9.544776148126182802e-01 8.996327111570600055e-01
9.188547747057552728e-01 8.815128194855493815e-01
9.007080115856291869e-01 8.662176975045463578e-01
9.226826167049014815e-01 8.946333346276469367e-01
9.235181829790550800e-01 8.851454520496470080e-01
9.146655201229496601e-01 8.944242172711657224e-01
9.227228657827016844e-01 8.549707627474076865e-01
9.038117357958085352e-01 8.746582027350298105e-01
9.252249271264272323e-01 8.880209578822948480e-01
9.303984579896323881e-01 8.954353143602956644e-01
9.113058030531192566e-01 8.787373605558005396e-01
9.418412178897030973e-01 8.968894022057218862e-01
9.027855227441586861e-01 8.715881969796497319e-01
9.186348526429577444e-01 8.837483550937778043e-01
9.231292937469216531e-01 8.832545363905890401e-01
9.153618683136205414e-01 8.984578726426037942e-01
9.275673697209193547e-01 8.949697713316198122e-01
9.052638439128687375e-01 8.843938211506179314e-01
9.127118082796082943e-01 8.835044016297485259e-01
9.009277309421469537e-01 8.962836717276844167e-01
9.126888108835302660e-01 8.973008491530274355e-01
9.004486849132229409e-01 8.889559755806947239e-01
9.509980398927528888e-01 8.961725506782898254e-01
9.086174620904314825e-01 8.840454492697282785e-01
9.077227603556429214e-01 8.879340265449610081e-01
9.262051922477808619e-01 8.998839998115502059e-01
9.171439220325794395e-01 8.475895533062824949e-01
9.265539326912809459e-01 8.957323868392986776e-01
9.192411296288657274e-01 8.740841311416025494e-01
9.437698712508618692e-01 8.842785865613220775e-01
9.314511651604104880e-01 8.928874391631544949e-01
9.205016540107548995e-01 8.813508024734306723e-01
9.025391205513377813e-01 8.949081998151379169e-01
9.029210533514241410e-01 8.880406803326161835e-01
9.074144827820318504e-01 8.619755071025487769e-01
9.080505343953838571e-01 8.927060942191593629e-01
9.225325467905985954e-01 8.859397342648398510e-01
9.153019408121536582e-01 8.700087837176893046e-01
9.101219648555655128e-01 8.769241884560674549e-01
9.151365911513273943e-01 8.685684198650487353e-01
9.089038396328094072e-01 8.939536512557109127e-01
9.534034639137750622e-01 8.979594460157074298e-01
9.098818079191249852e-01 8.956812378789339446e-01
9.571199066714146664e-01 8.977916603918297822e-01
9.074816111888792669e-01 8.999452538699923565e-01
9.276954239554036086e-01 8.953047008483896452e-01
9.556847615014529840e-01 8.992737314230776491e-01
9.250318448393362036e-01 8.734588747410408915e-01
9.044708803667830255e-01 8.953247136224087299e-01
9.467947296632589493e-01 8.852424457591064888e-01
9.119324324061375275e-01 8.892074918771414316e-01
9.569655153583340734e-01 8.915140664288501160e-01
9.123198352837372793e-01 8.893290280910560730e-01
9.136030018091935156e-01 8.757276971450116410e-01
9.172918588316316679e-01 8.831712302178532648e-01
9.026327759414498608e-01 8.853613075595261339e-01
9.441733014729112305e-01 8.990889732712211702e-01
9.077651476477660575e-01 8.757035678266074097e-01
9.199477418778069238e-01 8.922574096525928145e-01
