9.551184502684254563e-01 9.327156841047300473e-01
9.305008506643571708e-01 9.044280589553187477e-01
9.022762371371013668e-01 9.005959690805541706e-01
9.595199380536897360e-01 9.486920033560443111e-01
9.848348855597497398e-01 9.302965017137202475e-01
9.700317131833465778e-01 9.354964870487847417e-01
9.509012569862328457e-01 9.033304640343304825e-01
9.857282766609904989e-01 9.328714256193737508e-01
9.662353564864285538e-01 9.141361732414684527e-01
9.694486399590205306e-01 9.272048326640675020e-01
9.442747029528257841e-01 9.072415176616881460e-01
9.950525686874855946e-01 9.206031764011907148e-01
9.916890566993521450e-01 9.189354915349481345e-01
9.931719116510602241e-01 9.647669039517996481e-01
9.655561154876862728e-01 9.678142177829116566e-01
9.629507132465825459e-01 9.168544583047657515e-01
9.385429572767991502e-01 9.498018486907522373e-01
9.877057063923631031e-01 9.358784312865275901e-01
9.847070047568202700e-01 9.649875014971157627e-01
9.223664374168316638e-01 9.198238514114407405e-01
9.490276971933900851e-01 9.211660421018342815e-01
9.647810005916309661e-01 9.504395963076124332e-01
9.889810124004817515e-01 9.372295704193042143e-01
9.080267015405327768e-01 9.299726815629659749e-01
9.562647174298021246e-01 9.042093093092049561e-01
9.555846752428067692e-01 9.155408707956145253e-01
9.194774512854446691e-01 9.307458165794726401e-01
9.339780142296664200e-01 9.241781339773373904e-01
9.803208645891623441e-01 9.660922485512354330e-01
9.540170656001509819e-01 9.123923325109151161e-01
9.519248615502434729e-01 9.226713045555081649e-01
9.981025144854367426e-01 9.203230250722291839e-01
9.737478508769714658e-01 9.365580372097228601e-01
9.737028046097279121e-01 9.364235319950859893e-01
9.326100690319549802e-01 9.132596471824944162e-01
9.249044300043830491e-01 9.061908506722085033e-01
9.906345967616777548e-01 9.282952107434786493e-01
9.763346445679984553e-01 9.307751212440725785e-01
9.241563467453126623e-01 9.079158472275639102e-01
9.770506025098287806e-01 9.194443264115389480e-01
9.427938010036921446e-01 9.021620693705219018e-01
9.935860302390907561e-01 9.426391982446580275e-01
9.610162529591286251e-01 9.333080013272589959e-01
9.338794338796341243e-01 9.141393983076955276e-01
9.879304668734298911e-01 9.508738828754761396e-01
9.515313246028800354e-01 9.243256673199958806e-01
9.809322109431763970e-01 9.433487770850554899e-01
9.661563600418752173e-01 9.299401307568895270e-01
9.736605107577175344e-01 9.330275686175871774e-01
9.226889443745510677e-01 9.133824182404333136e-01
9.962833148651659698e-01 9.441456084037366248e-01
9.523282048439859482e-01 9.377568213795198782e-01
9.603714124110105388e-01 9.262473563261628406e-01
9.946214919706017898e-01 9.442745728873899180e-01
9.755377758729485427e-01 9.386157452786371147e-01
9.623753972185512540e-01 9.280881651724118830e-01
9.513821723521521667e-01 9.162638110935014124e-01
9.758362644270816011e-01 9.236936834002019703e-01
9.953283401952238707e-01 9.521677596275082145e-01
9.555423445873483246e-01 9.136123246648846230e-01
9.818855500768779443e-01 9.306561520757994366e-01
9.478768519997822217e-01 9.120321348148462404e-01
9.528908471307467876e-01 9.299229960732257050e-01
9.580915880346221325e-01 9.031920481189974481e-01
9.435825602365416342e-01 9.253066348512601902e-01
9.052195112162769730e-01 9.123703137072878278e-01
9.731603282181358061e-01 9.365422457499735787e-01
9.450808479368361104e-01 9.156572159044182868e-01
9.999633958621577667e-01 9.562746828790600340e-01
9.624036255669018436e-01 9.273165902752641410e-01
9.408346606345774354e-01 9.098369555296300648e-01
9.445393494380609489e-01 9.163932216936647723e-01
9.391695321629510707e-01 9.169406481040160983e-01
9.575135110504284786e-01 9.012456271858538814e-01
9.285172401791906838e-01 9.021021793450625381e-01
9.892661772415320964e-01 9.312781318078032777e-01
9.501949222576543397e-01 9.691599201319904822e-01
9.878761910541435931e-01 9.493184794252698122e-01
9.311829795278687705e-01 9.107853506735484883e-01
9.880466995324876933e-01 9.332942524348788460e-01
9.340944421295349631e-01 9.231168435522649762e-01
9.718590762715983988e-01 9.416309785702533519e-01
9.908963067414289227e-01 9.452345317661866586e-01
9.304084640816547846e-01 9.067713981143846746e-01
9.787977486767388546e-01 9.490721564252156961e-01
9.529230606123771929e-01 9.244676015316617423e-01
9.321560405708899655e-01 9.174421834296457856e-01
9.878017422150506821e-01 9.257583936386776235e-01
9.982884217236809299e-01 9.271229683771465835e-01
9.613547345582792447e-01 9.216128145770849933e-01
9.886270444626139575e-01 9.430253484750634740e-01
9.834226822019546121e-01 9.136210705994415315e-01
9.691844076736402247e-01 9.411350140728562685e-01
9.745326545503155691e-01 9.169658191188810870e-01
9.356791216375071052e-01 9.214646019385348552e-01
9.579166237266272255e-01 9.266651373264510605e-01
9.767149082294784845e-01 9.456835976385744580e-01
9.320441351723288692e-01 9.179532641826897432e-01
9.582508471273466499e-01 9.324388929303346618e-01
9.446420888627324874e-01 9.106265442931607001e-01
9.330848816653176669e-01 9.000911146300477617e-01
9.620129004983415388e-01 9.256223925135831365e-01
9.637222366817408403e-01 9.175737503251083504e-01
9.899869655011483971e-01 9.538360325253825156e-01
9.835909857355070729e-01 9.529933062774710306e-01
9.839421018656113738e-01 9.671201471064228006e-01
9.720624509455055851e-01 9.465827599021759964e-01
9.546878006906054370e-01 9.175034411681399771e-01
9.547736245788319698e-01 9.094430256484706820e-01
9.427227781874580881e-01 9.318001208501354160e-01
9.371666408125578496e-01 9.072784263261552962e-01
9.900069430485325395e-01 9.507838989561520071e-01
9.397673268236830246e-01 9.070300555760806294e-01
9.814270317816506939e-01 9.292362830563714038e-01
9.172449937507691775e-01 9.055724021971972570e-01
9.712680672013371819e-01 9.138275858592258549e-01
9.153886434672428019e-01 9.039971371228947561e-01
9.284474135391057592e-01 9.182478483714067163e-01
9.795522036963855150e-01 9.362680287038150917e-01
9.886658854769000415e-01 9.566121233347416597e-01
9.761666858630122512e-01 9.302558718004458882e-01
9.169969418828809449e-01 9.043311600206175305e-01
9.571039302756909617e-01 9.304405800150636896e-01
9.988761186502167488e-01 9.335100723084766017e-01
9.747741768912240312e-01 9.202839859087666996e-01
9.804264849543380400e-01 9.192401768627617153e-01
9.195897902819440972e-01 9.102639308067501656e-01
9.483102192914256712e-01 9.100908186289043966e-01
9.945246812715929918e-01 9.560204635189007982e-01
9.790433906740561021e-01 9.405404249927638016e-01
9.512405521805962216e-01 9.178091406978053923e-01
9.896181043363606600e-01 9.395202045674817537e-01
9.755872563706815548e-01 9.357651785508255271e-01
9.500412319301515529e-01 9.022582416787724435e-01
9.416048446614565526e-01 9.197980640974705580e-01
9.958792314779291166e-01 9.468734729230553482e-01
9.416295419533248223e-01 9.086800369477415762e-01
9.328817380244068813e-01 9.167854509158660514e-01
9.935271696088725513e-01 9.241736221721216227e-01
9.853618460552360236e-01 9.341270856658845378e-01
9.618640208480921938e-01 9.248401006167611405e-01
9.605726759664640069e-01 9.154581401197091628e-01
9.131732320784833323e-01 9.217252363573056329e-01
9.869309106320276470e-01 9.224092752713191068e-01
9.897726853394284152e-01 9.239878046988282412e-01
9.434112705806291244e-01 9.226163603722906670e-01
9.767275544785947172e-01 9.285378420263625809e-01
9.751507084870602027e-01 9.389144187603750691e-01
9.629059307279272950e-01 9.167962948867847128e-01
9.613389765998258119e-01 9.396620229231654742e-01
9.843398889872065904e-01 9.334189738627967081e-01
9.861573304912345517e-01 9.383111911281450945e-01
9.895917818191869442e-01 9.229381278019064272e-01
9.569853274942810017e-01 9.109608141619545130e-01
9.610129631344928036e-01 9.200395425229642710e-01
9.224968198496189542e-01 9.016380561797195936e-01
9.791498312589772546e-01 9.363010230307364790e-01
9.728439911341127955e-01 9.073851312480230025e-01
9.993089394597038932e-01 9.335305896357182220e-01
9.611782477653922907e-01 9.336199090740477935e-01
9.193939614314867725e-01 9.101068011034423311e-01
9.675488771436009383e-01 9.444953253723640252e-01
9.710608772713407166e-01 9.444772628481137300e-01
9.720570204174471263e-01 9.225833098320515013e-01
9.790448946985776946e-01 9.251756113064008025e-01
9.439563950637135381e-01 9.080823674551233848e-01
9.416539187458536908e-01 9.113497666604236658e-01
9.778983029263126348e-01 9.319288802806083849e-01
9.936485587572015943e-01 9.423684171642061624e-01
9.587091246270388334e-01 9.081713192785948463e-01
9.334439753653607230e-01 9.193400566523151074e-01
9.700227020410137069e-01 9.471258193627567490e-01
9.465452443589008613e-01 9.447049142785339804e-01
9.592472170965429257e-01 9.175922734885209042e-01
9.535002444753312156e-01 9.201822168788681422e-01
9.431315798990000943e-01 9.214416084503668225e-01
9.273825233714536598e-01 9.074467520485205441e-01
9.711626820367301738e-01 9.412946380919712253e-01
9.400920350528565450e-01 9.130642093153079619e-01
9.320797883707719889e-01 9.080292404192659150e-01
9.682239568266233221e-01 9.521149037764934375e-01
9.591949801914708695e-01 9.241406086847132606e-01
9.048121685778074408e-01 9.180381716788883484e-01
9.615031373695370753e-01 9.012334459216191362e-01
9.523365230800761028e-01 9.317187667395852024e-01
9.583460330324949927e-01 9.290593071553781002e-01
9.818595042657701777e-01 9.304768803132607013e-01
9.729783649493340958e-01 9.391309631738715691e-01
9.801812448020477131e-01 9.513506952429204855e-01
9.952954437692191902e-01 9.581739341909709662e-01
9.806746054239177113e-01 9.475636883011492317e-01
9.660671906582971591e-01 9.497657185975960648e-01
9.780454550342366771e-01 9.479580716217901326e-01
9.947018463199746030e-01 9.542344917713516672e-01
9.587655027153021425e-01 9.335925399927353929e-01
9.653725711170012547e-01 9.297922287274552611e-01
9.348093088987325938e-01 9.069517304981267181e-01
9.236852847381795684e-01 9.134415687470496259e-01
9.360858316596396556e-01 9.103390561097765010e-01
9.758476657335054538e-01 9.241723134645327686e-01
9.690629310619139902e-01 9.307199721120986702e-01
9.641036109173307667e-01 9.064177267235038471e-01
9.756027205616739639e-01 9.228597616213194410e-01
9.486698888145077557e-01 9.297765112796267939e-01
9.421150264591894308e-01 9.078680572722651609e-01
9.716236076908755237e-01 9.210716741979794175e-01
9.306038407755228281e-01 9.127591983678419174e-01
9.817675352357903007e-01 9.293759544911311954e-01
9.917397071661659957e-01 9.322613931851537750e-01
9.588029746264059572e-01 9.052989993768623123e-01
9.894244977873043467e-01 9.122969892738754805e-01
9.679508913195763453e-01 9.313221985505799605e-01
9.856153010552387572e-01 9.213011621792667194e-01
9.850561207701817867e-01 9.141563415558248140e-01
9.199684910463469256e-01 9.211846078462696541e-01
9.663907820107905389e-01 9.265552064439701585e-01
9.926396658896358138e-01 9.026678484770349620e-01
9.876102321763624570e-01 9.392934240923006550e-01
9.723604010653718044e-01 9.227901908868963998e-01
9.634034343314126225e-01 9.029471343855388632e-01
9.858836422414535283e-01 9.262132349970098044e-01
9.337240417869704379e-01 9.050460740508015078e-01
9.344151342769858593e-01 9.047305003708160376e-01
9.226708704734742916e-01 9.048870848074626050e-01
9.451838141779087543e-01 9.261209832433781042e-01
9.731302561875704304e-01 9.223480938556897213e-01
9.963292006877970675e-01 9.279834804313150665e-01
9.915158261048139243e-01 9.006647913135931161e-01
9.530498881605173889e-01 9.139979088646694727e-01
9.394456952678079675e-01 9.108198840565250309e-01
9.439020306344956257e-01 9.259111281348154643e-01
9.487400427971057759e-01 9.076765976465829278e-01
9.851551224792788330e-01 9.214507552017060510e-01
9.629748716649593199e-01 9.140202884255885785e-01
9.891382394107377518e-01 9.497265253187879841e-01
9.513261623770661313e-01 9.044248840048694227e-01
9.235067286262409469e-01 9.042198450113527741e-01
9.208642123302142046e-01 9.009590880107122279e-01
9.744075121896912384e-01 9.415170004673717452e-01
9.817497763615399275e-01 9.399073721032362716e-01
9.313273420637443456e-01 9.146602947323930755e-01
9.768498509213976444e-01 9.597047201560167107e-01
9.910797038515231083e-01 9.484247199278188489e-01
9.402128677177394867e-01 9.152352179374986241e-01
9.840526078313797109e-01 9.273972376700013731e-01
9.244371588250204219e-01 9.217451535196643508e-01
9.311771081530345606e-01 9.347309479985638214e-01
9.432557769219025445e-01 9.160619726536023411e-01
9.938904431839864495e-01 9.530833143682995168e-01
9.863298659999405471e-01 9.115073692019111107e-01
9.221259590783116300e-01 9.228409300807706162e-01
9.578736130041218821e-01 9.202991027339858521e-01
9.538745006823146078e-01 9.418448046210543545e-01
9.673233755895150887e-01 9.456584759586449396e-01
9.609451586196141593e-01 9.142472935058510997e-01
9.852902067785780371e-01 9.738266144324568829e-01
9.849293552711008148e-01 9.066157425945394754e-01
9.679406808769044357e-01 9.040194388285966998e-01
9.527392354147393716e-01 9.033004442419214630e-01
9.606359828681331203e-01 9.158670774218239385e-01
9.180449948156088613e-01 9.230939270338806013e-01
9.456003709733818985e-01 9.140408624175750951e-01
9.189730328331575659e-01 9.003251698606756781e-01
9.849428434672722332e-01 9.401621390240783027e-01
9.589070988575774113e-01 9.311327242656365355e-01
9.646661368776934253e-01 9.294390214306000875e-01
9.831231663435253676e-01 9.558409446318145708e-01
9.655415888192564466e-01 9.219150203844628244e-01
9.905928724680250763e-01 9.259873636973828814e-01
9.822348914873095804e-01 9.335738826800531465e-01
9.555417906151371099e-01 9.227015140788279446e-01
9.824588292722188365e-01 9.351737383785654334e-01
9.934923841366388730e-01 9.519783109542527821e-01
9.558415628488119431e-01 9.320791720084163900e-01
9.369866994176468955e-01 9.032233017412980569e-01
9.529059318607939755e-01 9.101450431168007782e-01
9.998870009720628449e-01 9.442552575579183927e-01
9.137720968542500932e-01 9.178617442810440563e-01
9.447575424782764797e-01 9.569203433060027297e-01
9.721894147091725280e-01 9.556266847389102148e-01
9.937033015700252880e-01 9.510556153490302700e-01
9.932937720714600793e-01 9.415060212761509062e-01
9.706565766903828552e-01 9.747408706575413362e-01
9.505972514674674301e-01 9.156293262179454606e-01
9.928171377213782511e-01 9.355298153250898308e-01
9.439653109618852955e-01 9.219456390392547496e-01
9.802681250071040298e-01 9.228443198114754109e-01
9.435790384714060064e-01 9.228697772252022480e-01
9.840647902059969088e-01 9.440801192872486647e-01
9.879712861200159457e-01 9.278408647501077411e-01
9.397831351187374560e-01 9.134852198003063917e-01
9.689456541884673424e-01 9.339434480194642729e-01
9.756081154408157152e-01 9.438837965509461192e-01
9.818494215486490706e-01 9.286058617814654248e-01
9.946864760486380241e-01 9.576223888364754355e-01
9.555977777704165455e-01 9.183984031157769179e-01
9.854710255031094990e-01 9.360078707320698133e-01
9.526266294707838034e-01 9.284912485830384421e-01
9.274242870717736009e-01 9.106035615144110196e-01
9.962378427982103712e-01 9.393681446873208829e-01
9.636404248676073703e-01 9.033973615594431683e-01
9.219600969074112085e-01 9.132403976242715604e-01
9.646788428904025103e-01 9.297640824287609629e-01
9.674853339803082264e-01 9.183073837389303939e-01
9.361894730126212316e-01 9.122015033349439861e-01
9.410470089499562985e-01 9.359779747974309450e-01
9.921682424135868095e-01 9.583367791771991717e-01
9.428846204850381829e-01 9.030884298550200251e-01
9.782498931077661108e-01 9.589087210417959195e-01
9.311897943631890495e-01 9.079644241643831659e-01
9.767403415348104856e-01 9.470419593433534455e-01
9.320304114588184863e-01 9.269343130589873248e-01
9.603200478571017884e-01 9.256615532542729063e-01
9.981317233164357372e-01 9.375912839814142252e-01
9.064522615142611706e-01 9.152296726933035753e-01
9.818406487779487435e-01 9.264905289793972099e-01
9.088045150318863064e-01 9.003725296883060558e-01
9.700494940576840364e-01 9.400204133064601342e-01
9.261874629991811991e-01 9.131974516998419000e-01
9.142939877022207007e-01 9.080126502848780978e-01
9.827566329394885614e-01 9.348432636738036594e-01
9.516082798549660993e-01 9.145673478532536649e-01
9.429440648756509669e-01 9.283624414934731339e-01
9.137880579623824939e-01 9.195030848439486038e-01
9.806636994732969015e-01 9.588896462260969589e-01
9.588079573904589870e-01 9.003314379199885975e-01
9.820454619233424109e-01 9.500275009798959669e-01
9.882955286794486982e-01 9.534368759129602244e-01
9.504204509116114252e-01 9.266519890919433511e-01
9.168837765897607239e-01 9.140550544063718030e-01
9.846670838381550439e-01 9.105629559366793524e-01
9.582218308738751356e-01 9.092911259558471571e-01
9.673815688214756348e-01 9.071934061994907372e-01
9.946147826246855006e-01 9.765548782427145857e-01
9.655696140368078551e-01 9.342914963045948484e-01
9.617231200722299311e-01 9.268590166389418794e-01
9.844786660459884375e-01 9.573623015597816366e-01
9.963870850524025879e-01 9.321665398982235118e-01
9.943075712768665309e-01 9.311261740864036351e-01
9.902519012172237289e-01 9.402860908277681506e-01
9.713915518055395992e-01 9.311835208237042583e-01
9.772997889864197818e-01 9.184036333454761447e-01
9.433726063468315104e-01 9.312041717728902768e-01
9.675354707166379242e-01 9.371918668453024237e-01
9.539271922476094678e-01 9.487459557225582651e-01
9.625431205586557626e-01 9.148976305083283966e-01
9.586560913735757694e-01 9.008833583758116825e-01
9.902924398546313345e-01 9.228504893542504028e-01
9.315750935265085797e-01 9.137344576010943964e-01
9.785501312503569471e-01 9.550571272021728397e-01
9.921694760392626433e-01 9.266915543730204208e-01
9.458164346858536353e-01 9.151114972531095848e-01
9.738394347000939311e-01 9.353980337355636276e-01
9.919035681564030149e-01 9.425106430950463965e-01
9.766587246432452130e-01 9.194411228263491553e-01
9.973643175689792528e-01 9.271860074863268464e-01
9.520029892546728600e-01 9.323565589370631512e-01
9.029872403496858047e-01 9.075045187204519026e-01
9.127323342689677155e-01 9.085458499853175107e-01
9.441994285519788033e-01 9.198104716937592906e-01
9.181016349686254019e-01 9.024173891924838209e-01
9.119970892309815502e-01 9.076437128975410884e-01
9.764949601890612341e-01 9.258262036264559569e-01
9.843498171983917633e-01 9.658418351610077446e-01
9.803318434070859011e-01 9.322641640810875874e-01
9.848439458774246313e-01 9.633483884188834834e-01
9.664122315002964259e-01 9.048350094699086910e-01
9.148396268951778376e-01 9.147497839466642855e-01
9.919410479382791967e-01 9.419556376520268337e-01
9.927416914529954006e-01 9.425577960036445324e-01
9.478028469235310061e-01 9.446704499625840912e-01
9.225649121976182698e-01 9.115883589528370745e-01
9.632498282549550872e-01 9.329363151658557340e-01
9.815525635261488357e-01 9.630518176502214089e-01
9.435884942470962322e-01 9.092839771251856051e-01
9.268605124211838353e-01 9.137530353849646625e-01
9.614427188488625653e-01 9.542081922064887811e-01
9.630166876623370564e-01 9.398049109419460700e-01
9.143568261153036669e-01 9.224082562596747081e-01
9.782651063429820271e-01 9.798249538040951778e-01
9.895759081580524086e-01 9.162025497437603638e-01
9.945574521337484653e-01 9.506135265126258727e-01
9.409549829647555486e-01 9.565252381083160227e-01
9.207206246499790581e-01 9.026858607284179437e-01
9.329187256728694866e-01 9.008859736402206053e-01
9.723246058327964514e-01 9.171037350261709298e-01
9.270518955163745689e-01 9.441067715916197089e-01
9.511256116264444893e-01 9.211289176021106861e-01
9.204083627596170158e-01 9.181152539121527623e-01
9.898571938210100063e-01 9.398634833151316981e-01
9.623482935662258653e-01 9.390733527231682753e-01
9.604836848663538262e-01 9.190583639478367983e-01
9.968837653630153728e-01 9.488676386205613378e-01
9.136647712412047095e-01 9.339027166461563167e-01
9.464793498600391208e-01 9.121208798288359398e-01
9.836748520300305776e-01 9.181958294240012419e-01
9.280845873937629831e-01 9.206854649466700291e-01
9.466156109170934529e-01 9.144488124431201514e-01
9.810362906055749566e-01 9.354296532515370410e-01
9.484230862927190975e-01 9.608426197836206217e-01
9.827024939560349281e-01 9.352311050337878129e-01
9.228657627150845810e-01 9.204290407782600436e-01
9.771323147955357502e-01 9.458004989633717052e-01
9.436591492676269510e-01 9.202320146124867151e-01
9.568335628800926917e-01 9.090211009890969418e-01
9.326746048936334077e-01 9.426099653691624169e-01
9.985535640607097196e-01 9.519733950833467739e-01
9.706017611901741615e-01 9.163468406005254030e-01
9.665517091250360737e-01 9.039852223698636724e-01
9.641938212361490512e-01 9.222686606102366014e-01
9.404347136062556345e-01 9.186534035664690734e-01
9.195822840914646967e-01 9.004414189466143359e-01
9.647874313170357041e-01 9.350708763893140762e-01
9.703835050732866341e-01 9.468767187178852573e-01
9.303955735922416759e-01 9.027118524949832024e-01
9.429092469959923228e-01 9.160003182132103738e-01
9.727929925583029824e-01 9.101474121028796382e-01
9.237711581933547578e-01 9.110275035238225572e-01
9.768371041521434206e-01 9.389567690069323680e-01
9.570619997428486680e-01 9.179535187230294380e-01
9.477505547021416454e-01 9.211447901360924062e-01
9.068904562149275872e-01 9.037290655876659695e-01
9.788198902740772311e-01 9.361923404989812569e-01
9.858849658817377959e-01 9.636302671999683600e-01
9.968881912751470509e-01 9.255737804937217428e-01
9.925789434529572741e-01 9.668560203936458208e-01
9.589269829565427727e-01 9.235768622133280203e-01
9.955821796568612436e-01 9.498343759927603269e-01
9.699166951688686922e-01 9.175667891768071183e-01
9.618490693958821058e-01 9.182123555676819926e-01
9.523371320715549038e-01 9.236454892976837527e-01
9.443680969139874870e-01 9.125215135169676417e-01
9.983895884111461116e-01 9.322287688370037850e-01
9.782739639569432155e-01 9.427729041339321103e-01
9.958692711697328948e-01 9.369678947964263926e-01
9.803989340086489701e-01 9.409278876504731937e-01
9.607772320147237588e-01 9.290601653508914204e-01
9.371808053521899495e-01 9.124991985409747208e-01
9.463524860932152061e-01 9.100047135191958736e-01
9.967177150030882560e-01 9.612625157240427543e-01
9.922125343360115313e-01 9.750372696540604567e-01
9.269167305590007011e-01 9.033656513037346958e-01
9.322891292349477776e-01 9.197831308331909650e-01
9.860510368891355348e-01 9.414971320265510535e-01
9.533435078844695321e-01 9.177608051150213386e-01
9.873450282801545796e-01 9.322036072366188808e-01
9.080268496846212178e-01 9.096662548685967575e-01
9.523684386720192574e-01 9.091032514464515435e-01
9.655085032255590338e-01 9.504468173668193520e-01
9.380299072068152277e-01 9.062853139615845155e-01
9.759570681291959149e-01 9.409072981030548455e-01
9.691479121540133024e-01 9.460891305266727613e-01
9.839904205274978555e-01 9.079678006328695261e-01
9.663075693284156609e-01 9.532104180560233564e-01
9.258615283914785055e-01 9.077040471430565249e-01
9.582549330661017661e-01 9.182159058433628784e-01
9.952622520480667312e-01 9.624392684722286040e-01
9.961300426823850307e-01 9.094880256084116876e-01
9.723889159090123302e-01 9.468937695871109117e-01
9.695465224154217188e-01 9.180983316509940817e-01
9.887982010138323119e-01 9.631615766943083523e-01
9.890527667017410263e-01 9.293950095926870603e-01
9.515696201519168174e-01 9.146989636784069733e-01
9.695187494911919890e-01 9.493887551812150161e-01
9.765489453021953814e-01 9.176268413375653354e-01
9.172172086706342764e-01 9.300011230346229008e-01
9.567361840834680553e-01 9.101841647992578999e-01
9.869117505790643285e-01 9.613862490830488161e-01
9.753052827233871236e-01 9.392176860112048109e-01
9.248156462225719521e-01 9.254016143089833779e-01
9.993199688260112623e-01 9.321442938008563939e-01
9.941813678963079548e-01 9.877438021024361747e-01
9.748707977662881552e-01 9.307636693316257981e-01
9.500549867252215952e-01 9.312625581199545088e-01
9.793423693231811944e-01 9.368102497641002113e-01
9.888683956412389620e-01 9.347068407343506191e-01
9.633856574163570663e-01 9.187668034984877163e-01
9.521382386579078094e-01 9.426573462458066599e-01
9.227853455616162881e-01 9.043898493890052404e-01
9.900291657968197656e-01 9.067121030787642644e-01
9.203858290668311959e-01 9.121377616944057465e-01
9.551741378153414397e-01 9.167946418329517844e-01
9.924796441066371377e-01 9.606754246905764294e-01
9.848086758502510030e-01 9.564342363887653464e-01
9.590762931781455780e-01 9.160761211472334686e-01
9.548494535630807079e-01 9.044501714637964707e-01
9.218287628897980923e-01 9.021745312683105977e-01
9.121470901038942758e-01 9.052913129883397580e-01
9.715729029606549050e-01 9.265238666798236711e-01
9.719656656892448066e-01 9.458431632204701289e-01
9.952772457606688938e-01 9.648716350079389326e-01
9.825378379105050852e-01 9.088713536423277395e-01
9.204888402085631416e-01 9.215444643057285612e-01
9.585260094652032770e-01 9.178832524661995063e-01
9.210752643000121864e-01 9.104216872474287792e-01
9.734102534756901015e-01 9.223685050705875410e-01
9.725212834658012451e-01 9.267529119042874353e-01
9.583053755911973282e-01 9.347253828728838698e-01
9.409358868467282422e-01 9.061422194993092871e-01
9.611453788570760715e-01 9.283479360975712691e-01
9.718823409693739812e-01 9.443314397371047608e-01
9.461181623540171337e-01 9.247956506479191319e-01
9.611749130441643585e-01 9.103033068807546702e-01
9.303694650665632615e-01 9.027868060320589638e-01
9.043952347854462559e-01 9.153416057628451785e-01
9.220413892836036851e-01 9.075536243212507514e-01
9.419018421442985067e-01 9.324627101178136757e-01
9.638431772531297348e-01 9.262763926983850205e-01
9.559302864028248470e-01 9.344545414142653161e-01
9.492623118280593131e-01 9.020315967270258195e-01
9.899426930080391651e-01 9.717975562511277365e-01
9.910313591985887571e-01 9.419629357247960577e-01
9.243103218543308186e-01 9.149186159236998295e-01
9.348421577135512806e-01 9.124287178109491414e-01
9.623853558385152551e-01 9.301206965492736511e-01
9.193639683404146723e-01 9.338681032820621564e-01
9.522146740908767892e-01 9.243393737969537449e-01
9.637745223356909419e-01 9.144226986985792838e-01
9.579790820354208147e-01 9.202208214223785987e-01
9.549697503365983664e-01 9.290427548814519376e-01
9.794064047213524304e-01 9.211530637880763761e-01
9.602225824131744858e-01 9.325815003229008804e-01
9.870531150170387402e-01 9.612056283975833892e-01
9.961532449832871672e-01 9.358583957068447035e-01
9.911374199727953638e-01 9.047780840040713368e-01
9.742916521426019383e-01 9.069445546892143106e-01
9.667717041679484424e-01 9.115226584400218934e-01
9.603504844194787893e-01 9.303753192277237627e-01
9.880847460186535924e-01 9.263156496505113857e-01
9.907281324643292253e-01 9.340966666310831501e-01
9.642997020763601768e-01 9.085729771141031197e-01
9.592204472815999416e-01 9.310358149868620536e-01
9.926086204997066620e-01 9.286129350193087495e-01
9.247098271925677793e-01 9.330569727850013262e-01
9.460628905325018101e-01 9.242134156576128357e-01
9.822271046297648134e-01 9.501401132808435790e-01
9.853849586545206929e-01 9.740185623301831352e-01
9.704655185407758955e-01 9.471434967210072831e-01
9.797257681702580268e-01 9.427345877240901340e-01
9.725177434257278319e-01 9.294127049095568527e-01
9.508796556018199730e-01 9.047135774320067547e-01
9.513657871868006488e-01 9.411940576603661235e-01
9.829274321817025317e-01 9.433687087553509487e-01
9.768244381498656370e-01 9.278444356370889601e-01
9.310640680528324831e-01 9.273376698679672847e-01
9.704161114451766990e-01 9.489010858641142576e-01
9.599297967246249730e-01 9.318826002832090172e-01
9.523937881415588391e-01 9.331657828733528337e-01
9.600947286336556363e-01 9.376878829144134064e-01
9.471716080417316164e-01 9.216223062633684959e-01
9.698689050163533665e-01 9.448172490740790463e-01
9.581388993806613241e-01 9.115079876556009264e-01
9.231719867289890358e-01 9.096396837376887756e-01
9.395607056798680468e-01 9.371566597311494773e-01
9.317832459587274130e-01 9.045114241231814178e-01
9.676492343552786091e-01 9.534723922119368034e-01
9.357142241760507684e-01 9.188306505197026963e-01
9.713173205984122482e-01 9.493046884825570020e-01
9.601053046872629615e-01 9.035795031925032417e-01
9.970957176911752207e-01 9.412010668295704985e-01
9.535256831659142396e-01 9.074331127935182373e-01
9.445385806024825248e-01 9.106087691526323358e-01
9.894852760387805590e-01 9.509020862998068813e-01
9.821519282714070709e-01 9.309991426578287932e-01
9.766865177475266835e-01 9.109938032655400253e-01
9.383200919207929092e-01 9.116124076186535863e-01
9.957190751067244161e-01 9.786580681668253234e-01
9.672494533891986546e-01 9.352299571422746371e-01
9.927245735437636442e-01 9.497782126789132695e-01
9.459810381597605344e-01 9.323841634823548663e-01
9.151196894714572760e-01 9.193284494205967716e-01
9.828776323021070072e-01 9.326084722888678957e-01
9.853536244494978114e-01 9.138842400285338563e-01
9.219828998038079870e-01 9.141632224715318111e-01
9.885063255943196125e-01 9.230326095775892581e-01
9.610822470352142766e-01 9.121759360214197754e-01
9.851938493383917139e-01 9.325666945087457416e-01
9.605552227580592684e-01 9.529587205767882097e-01
9.447355656559172088e-01 9.078536522174568413e-01
9.916658414214568618e-01 9.204842728257113249e-01
9.690824196541871771e-01 9.307388955484539039e-01
9.841890086675609828e-01 9.366199391456673240e-01
9.995331564065242924e-01 9.624897085154295873e-01
9.568242730575033939e-01 9.248720538755249576e-01
9.853534503168568381e-01 9.397891360514352144e-01
9.559100416825258018e-01 9.309876304744489905e-01
9.500311381406003619e-01 9.115126903811361370e-01
9.252360948803615148e-01 9.250543822684985651e-01
9.167561194639840538e-01 9.033903693128899626e-01
9.385975729240831900e-01 9.072601354954508146e-01
9.772256486302691725e-01 9.589785951580819257e-01
9.287877009412142115e-01 9.042883954080555009e-01
9.959646674697681945e-01 9.391878095234699186e-01
9.910139313575296871e-01 9.301400779101259841e-01
9.087876341705684036e-01 9.041749047461625777e-01
9.820689766746862892e-01 9.315504941956141982e-01
9.453949295610923897e-01 9.146587174947895527e-01
9.485688993571330663e-01 9.377756080142360950e-01
9.492702073537283569e-01 9.119700667777239644e-01
9.965790791961195438e-01 9.317774186991903962e-01
9.671091192167354800e-01 9.181659452802388710e-01
9.727990642331496574e-01 9.164617153244229986e-01
9.749161661842641324e-01 9.387075176684609445e-01
9.217845657993920527e-01 9.284473749682896626e-01
9.636138105839281431e-01 9.430070471905744878e-01
9.491247066936611132e-01 9.136140698219155087e-01
9.469564730368907890e-01 9.179991343400817350e-01
9.507535930121105983e-01 9.180257301401514303e-01
9.786838288737347291e-01 9.319262735652515950e-01
9.810163463686399909e-01 9.159736180981009612e-01
9.168739243545107609e-01 9.045849034423384394e-01
9.530702007302868095e-01 9.274598859363726300e-01
9.605187227019092999e-01 9.249532265635211914e-01
9.570155871476730969e-01 9.229775417018999395e-01
9.675881914277488782e-01 9.131018914413089327e-01
9.425276302775353887e-01 9.185778913404701873e-01
9.929621928257906793e-01 9.648908839172829488e-01
9.442524600370686416e-01 9.005210297500808592e-01
9.943993037609820673e-01 9.305762352493591738e-01
9.437568463948172726e-01 9.305879466146718126e-01
9.998872924279209595e-01 9.812097592294730664e-01
9.683211112470904158e-01 9.322881364035409124e-01
9.376847800961154444e-01 9.072484077038489581e-01
9.180893473219348122e-01 9.085513823374021802e-01
9.699043697371745321e-01 9.457201273012981746e-01
9.336961627857875978e-01 9.151556930125235301e-01
9.411172546807007322e-01 9.213779504094109507e-01
9.878750692572815240e-01 9.131549671909635624e-01
9.648783083166723173e-01 9.101747287522145013e-01
9.475784538670938284e-01 9.059795117117613872e-01
9.840667153899054220e-01 9.136924133540892390e-01
9.727484911503245790e-01 9.194428853288549863e-01
9.884195572317825418e-01 9.588835683366128126e-01
9.423942392317056216e-01 9.044820710350284232e-01
9.483335811640905000e-01 9.302085108227204913e-01
9.640231204410558696e-01 9.355552689917576714e-01
9.930895558939766277e-01 9.158721728017525932e-01
9.692180580684452984e-01 9.207084243405830870e-01
9.300801760092343162e-01 9.002345844226142813e-01
9.154073048286036629e-01 9.140106245847092747e-01
9.516815778730803865e-01 9.704397680432728102e-01
9.525471971353361988e-01 9.169589507828139752e-01
9.254900514313482152e-01 9.230909901747995638e-01
9.150582626489173199e-01 9.023925336469216241e-01
9.916273947102888231e-01 9.499574334311104984e-01
9.698740510784442659e-01 9.460014426314367064e-01
9.708635492832806690e-01 9.593230825480556501e-01
9.774810328490315392e-01 9.292436070380912794e-01
9.656605050040234506e-01 9.087770381465886116e-01
9.879634205295318994e-01 9.699698347972385282e-01
9.456154823888934802e-01 9.286230225626568302e-01
9.897323914129764200e-01 9.275527016276762238e-01
9.830107203495986878e-01 9.195250080078279931e-01
9.939181889604127296e-01 9.665861504118435921e-01
9.826529477461883877e-01 9.342615871865078692e-01
9.275458602232973249e-01 9.269536893275085454e-01
9.685420932196172616e-01 9.068864114571341117e-01
9.474406015782101953e-01 9.288642284966771578e-01
9.494334700279983830e-01 9.344919074026954986e-01
9.906868428519535197e-01 9.394304935915211985e-01
9.614882508902811153e-01 9.207124523241271286e-01
9.074890298981802550e-01 9.194094563297756650e-01
9.655276783773856231e-01 9.253285135643377624e-01
9.594336550117461559e-01 9.121885531803386460e-01
9.726057384531460182e-01 9.311510626522725431e-01
9.660739720095343763e-01 9.270171352708730383e-01
9.679978133791580230e-01 9.306688149635325980e-01
9.723800727933384902e-01 9.382096657727158062e-01
9.285939112954990637e-01 9.160138023065864665e-01
9.501154013096279050e-01 9.100156965784189644e-01
9.645598069751896153e-01 9.410046490186991797e-01
9.129671258943501400e-01 9.033072021141754782e-01
9.886388245172331724e-01 9.724180669394422161e-01
9.769773602156500703e-01 9.345446875574711099e-01
9.083349403972491576e-01 9.155117258504491540e-01
9.479921406289759656e-01 9.171266471762995476e-01
9.401984038107051855e-01 9.052211430927624702e-01
9.564302087515205164e-01 9.510032478808593259e-01
9.851025002416241572e-01 9.265776062911362798e-01
9.611593272974064961e-01 9.321604742682516598e-01
9.778313931742518283e-01 9.341950999678677592e-01
9.354535405922757008e-01 9.043708182522244288e-01
9.673992926672321246e-01 9.261395356105449617e-01
9.128926750400908618e-01 9.196116158915638161e-01
9.879607205999144659e-01 9.672131203573378633e-01
9.831739065943075895e-01 9.511890648155552075e-01
9.968133249339943269e-01 9.376218519770884718e-01
9.745163188312213620e-01 9.420774258728026318e-01
9.205332713768654695e-01 9.093792844815518084e-01
9.130399847316101880e-01 9.018521678202636727e-01
9.966549392022920895e-01 9.475167841733919127e-01
9.356856489081483153e-01 9.353655458199459094e-01
9.280060435931429819e-01 9.178334091499413816e-01
9.656525004416876001e-01 9.094979082366114742e-01
9.800609456012880916e-01 9.498142373344791167e-01
9.711249903606067324e-01 9.118731724860260623e-01
9.946511197841281238e-01 9.512915295249263492e-01
9.717016692916259357e-01 9.195088201886254531e-01
9.927724728514761843e-01 9.392031997711959290e-01
9.700620048004572338e-01 9.000317739215745183e-01
9.246108180445593572e-01 9.120263807094606268e-01
9.485308236304791363e-01 9.041287102875616988e-01
9.436853953248436344e-01 9.397866718314121792e-01
9.896798307670015005e-01 9.579939101169092641e-01
9.558552556535582223e-01 9.523042727929948992e-01
9.672739910815257858e-01 9.115259042223124997e-01
9.286334619338076912e-01 9.091490585689896431e-01
9.788605854675878071e-01 9.213145206861291792e-01
9.437834657743667810e-01 9.121585639545009006e-01
9.326985721167511123e-01 9.087716919403242555e-01
9.951387880594272373e-01 9.401375698191871688e-01
9.981671345496022640e-01 9.467578802925394887e-01
9.728579323779034116e-01 9.086931788135295118e-01
9.977708103191563760e-01 9.219367238855831204e-01
9.845557207231445673e-01 9.702993962783501569e-01
9.953364139247000697e-01 9.357740111376853243e-01
9.855580358526105922e-01 9.574433254820486905e-01
9.469787727440673875e-01 9.042329707210136069e-01
9.413250931015302303e-01 9.201406293507170542e-01
9.946086290204547709e-01 9.580111142224456700e-01
9.953383336249208568e-01 9.614800453983580741e-01
9.829024177103145021e-01 9.232815754102990935e-01
9.721692411273670231e-01 9.593246667878866374e-01
9.442904816822995651e-01 9.079698907441950961e-01
9.549356416838259420e-01 9.343798675287346978e-01
9.699337942981225424e-01 9.240348214900198087e-01
9.901747694726839022e-01 9.602951443726930325e-01
9.221780296298434099e-01 9.164967483804664639e-01
9.735502132172118017e-01 9.150212677011189122e-01
9.801121574077452658e-01 9.254736679466362137e-01
9.581208672899991230e-01 9.130735270843730600e-01
9.030526049382389120e-01 9.092748947303839202e-01
9.546655205865151039e-01 9.045102796038454462e-01
9.916800803692399358e-01 9.638613550937707997e-01
9.982686872946602286e-01 9.214445958718060492e-01
9.880783472973445614e-01 9.412188080944237090e-01
9.553392394300181945e-01 9.039294167868047181e-01
9.211522977651867006e-01 9.175801323028962564e-01
9.385553064274039237e-01 9.274856743302993811e-01
9.461385407107301138e-01 9.070619314056876936e-01
9.738516777367203225e-01 9.256590467656808929e-01
9.264463664210450533e-01 9.238867170841190690e-01
9.972481192359967661e-01 9.475286202058867957e-01
9.543359533153140672e-01 9.292850901846676503e-01
9.846660085462451972e-01 9.121579535816405349e-01
9.812227154089077086e-01 9.084761152223715941e-01
9.497680201742838557e-01 9.226953473171357611e-01
9.845850003287072161e-01 9.509988273156292360e-01
9.514976842212210517e-01 9.166350486970709088e-01
9.707022218945063896e-01 9.093281208134414983e-01
9.408428655374286853e-01 9.124406518461537496e-01
9.346483019724192154e-01 9.048972489661407659e-01
9.585850498676162790e-01 9.039633862564625533e-01
9.525265699163788513e-01 9.230958309545500562e-01
9.515452516425241258e-01 9.135810859110835569e-01
9.268879907906617532e-01 9.232020413153123606e-01
9.872213970998870991e-01 9.533164508231598555e-01
9.545755404772376940e-01 9.294251820304424427e-01
9.799316986774306848e-01 9.396994514177406943e-01
9.430159444667741697e-01 9.068602796110354358e-01
9.576690728020026411e-01 9.073651008751821845e-01
9.262415394110566913e-01 9.028169232536373823e-01
9.482453693234462744e-01 9.355739878969034917e-01
9.976408247552686070e-01 9.045195472836913275e-01
9.516213274284013313e-01 9.222537344780376012e-01
9.908484688780221372e-01 9.372357021508392894e-01
9.539955283457992596e-01 9.220150078859333798e-01
9.846721878428659203e-01 9.310412002955552602e-01
9.500934052043024103e-01 9.033521479583229707e-01
9.722237753909825919e-01 9.695716612694067482e-01
9.436101636230385115e-01 9.113760402340460587e-01
9.301097703069732825e-01 9.123048604591683652e-01
9.611098713689301132e-01 9.085792880804113292e-01
9.508970250027594107e-01 9.157395765609487315e-01
9.734869263044289012e-01 9.244194630821027658e-01
9.998074329069198685e-01 9.526729194880046991e-01
9.477621178706734373e-01 9.065294462517831109e-01
9.255680504526743180e-01 9.069042534320740367e-01
9.368426709917934136e-01 9.182081585221233411e-01
9.437320636432984244e-01 9.404048523949519733e-01
9.442401084231919484e-01 9.417114563321032916e-01
9.639747915348456653e-01 9.416886752401436578e-01
9.743268557719508838e-01 9.332905684940190350e-01
9.220637504415363228e-01 9.318403369287671101e-01
9.265188091704082973e-01 9.047368429735257456e-01
9.168827900387285235e-01 9.132770754647906442e-01
9.764684225320249267e-01 9.293657893732639730e-01
9.869046629137973037e-01 9.445940274338173737e-01
9.521698207297935035e-01 9.302676963381881770e-01
9.604243385170585512e-01 9.118521482507424558e-01
9.449647186541046961e-01 9.071178252445896151e-01
9.543054289836044868e-01 9.251123269977704622e-01
9.578276147648945305e-01 9.450710932731662961e-01
9.727964435961419243e-01 9.210369604210301153e-01
9.759544172118927996e-01 9.515778784949353586e-01
9.899609138483584925e-01 9.413552101669276917e-01
9.536072495447686093e-01 9.225446010591197288e-01
9.418677937646559029e-01 9.138979963413197405e-01
9.416819503843042449e-01 9.320414882834437975e-01
9.969723010644937489e-01 9.193748495124447473e-01
9.706563836050633443e-01 9.252913440704535475e-01
