[0.95511845 0.93271568] 0
[0.94358256 0.92530663] 0
[0.99452468 0.95602046] 0
[0.97804546 0.94795807] 0
[0.98492936 0.90661574] 0
[0.98275663 0.93484326] 0
[0.93291873 0.90088597] 0
[0.9655085  0.95044682] 0
[0.92431032 0.91491862] 0
[0.98519385 0.93256669] 0
[0.95168158 0.97043977] 0
[0.95585526 0.95230427] 0
[0.95009341 0.90335215] 0
[0.95558468 0.91554087] 0
[0.96135473 0.92161281] 0
[0.95698533 0.91096081] 0
[0.98761023 0.93929342] 0
[0.99329377 0.94150602] 0
[0.96254312 0.91489763] 0
[0.96419382 0.92226866] 0
[0.95005499 0.93126256] 0
[0.97046552 0.9471435 ] 0
[0.97279906 0.91646172] 0
[0.96607397 0.92701714] 0
[0.98011216 0.92547367] 0
[0.97279644 0.92103696] 0
[0.99532834 0.95216776] 0
[0.95710393 0.93044058] 0
[0.9818595  0.93047688] 0
[0.92212596 0.92284093] 0
[0.90645226 0.91522967] 0
[0.91435683 0.92240826] 0
[0.93228913 0.91978313] 0
[0.94190184 0.93246271] 0
[0.91511969 0.91932845] 0
[0.94833358 0.93020851] 0
[0.99277247 0.9392032 ] 0
[0.94824537 0.93557399] 0
[0.93397801 0.92417813] 0
[0.98342268 0.91362107] 0
[0.92249682 0.90163806] 0
[0.96340343 0.90294713] 0
[0.95059725 0.91562933] 0
[0.99029244 0.92285049] 0
[0.91958228 0.90044142] 0
[0.9888684  0.93470684] 0
[0.97251774 0.9294127 ] 0
[0.92178457 0.92844737] 0
[0.97238007 0.93820967] 0
[0.9030526  0.90927489] 0
[0.98996091 0.94135521] 0
[0.98188555 0.93065615] 0
[0.97477418 0.92028399] 0
[0.98018124 0.9513507 ] 0
[0.9538745 0.9418448] 0
[0.90880452 0.90037253] 0
[0.98957591 0.91620255] 0
[0.95334351 0.91776081] 0
[0.95593029 0.93445454] 0
[0.98535362 0.91388424] 0
[0.99308956 0.91587217] 0
[0.92461082 0.91202638] 0
[0.95162133 0.92225373] 0
[0.95401707 0.91239233] 0
[0.97453265 0.91696582] 0
[0.97284399 0.90738513] 0
[0.93372404 0.90504607] 0
[0.94396531 0.92194564] 0
[0.97855013 0.95505713] 0
[0.97038351 0.94687672] 0
[0.95213824 0.94265735] 0
[0.95136579 0.94119406] 0
[0.94912471 0.91361407] 0
[0.9501154 0.9100157] 0
[0.99168008 0.96386136] 0
[0.94186779 0.913898  ] 0
[0.95289085 0.929923  ] 0
[0.91958979 0.91026393] 0
[0.98067461 0.94756369] 0
[0.96094516 0.91424729] 0
[0.92618746 0.91319745] 0
[0.94095498 0.95652524] 0
[0.90802685 0.90966625] 0
[0.98994269 0.97179756] 0
[0.98850633 0.92303261] 0
[0.93008018 0.90023458] 0
[0.9436854  0.93978667] 0
[0.95399553 0.92201501] 0
[0.99810251 0.92032303] 0
[0.95791662 0.92666514] 0
[0.96117825 0.93361991] 0
[0.92267087 0.90488708] 0
[0.94357904 0.92286978] 0
[0.94581643 0.9151115 ] 0
[0.94290925 0.91600032] 0
[0.99002917 0.9067121 ] 0
[0.97682444 0.92784444] 0
[0.95075359 0.91802573] 0
[0.91296713 0.9033072 ] 0
[0.98807835 0.94121881] 0
[0.9969723  0.91937485] 0
[0.96623536 0.91413617] 0
[0.93916953 0.91694065] 0
[0.94162954 0.90868004] 0
[0.96906293 0.93071997] 0
[0.9589071  0.93113272] 0
[0.95042045 0.92665199] 0
[0.99688377 0.94886764] 0
[0.99526225 0.96243927] 0
[0.9794064  0.92115306] 0
[0.98535345 0.93978914] 0
[0.96566051 0.90877704] 0
[0.97285793 0.90869318] 0
[0.94776212 0.90652945] 0
[0.9737028  0.93642353] 0
[0.93204414 0.91795326] 0
[0.96754888 0.94449533] 0
[0.97313026 0.92234809] 0
[0.98797129 0.92784086] 0
[0.99190357 0.94251064] 0
[0.92377116 0.9110275 ] 0
[0.95517414 0.91679464] 0
[0.97041611 0.94890109] 0
[0.98101635 0.91597362] 0
[0.97697736 0.93454469] 0
[0.9211523  0.91758013] 0
[0.90227624 0.90059597] 0
[0.97316033 0.93654225] 0
[0.95124055 0.91780914] 0
[0.9587655  0.93359254] 0
[0.95273924 0.90330044] 0
[0.94294406 0.92836244] 0
[0.9270519  0.94410677] 0
[0.97595707 0.9409073 ] 0
[0.96238536 0.9301207 ] 0
[0.94473557 0.90785365] 0
[0.92549005 0.92309099] 0
[0.92863346 0.90914906] 0
[0.94361016 0.91137604] 0
[0.92490443 0.90619085] 0
[0.94464209 0.91062654] 0
[0.97205702 0.92258331] 0
[0.99151583 0.90066479] 0
[0.96894565 0.93394345] 0
[0.99736432 0.92718601] 0
[0.957062   0.91795352] 0
[0.98480868 0.95643424] 0
[0.95239379 0.93316578] 0
[0.9530702  0.92745989] 0
[0.94799214 0.91712665] 0
[0.94613854 0.90706193] 0
[0.98483489 0.9302965 ] 0
[0.9999634  0.95627468] 0
[0.97558726 0.93576518] 0
[0.93480931 0.90695173] 0
[0.91804499 0.92309393] 0
[0.9806637  0.95888965] 0
[0.92040836 0.91811525] 0
[0.98399042 0.9079678 ] 0
[0.95221467 0.92433937] 0
[0.96908242 0.9307389 ] 0
[0.99162739 0.94995743] 0
[0.94378347 0.91215856] 0
[0.96110987 0.90857929] 0
[0.97633464 0.93077512] 0
[0.9620129  0.92562239] 0
[0.9439564  0.90808237] 0
[0.9394457  0.91081988] 0
[0.98184942 0.92860586] 0
[0.90298724 0.90750452] 0
[0.90689046 0.90372907] 0
[0.95484945 0.90445017] 0
[0.94717161 0.92162231] 0
[0.95701559 0.92297754] 0
[0.95643021 0.95100325] 0
[0.92644637 0.92388672] 0
[0.95090126 0.90333046] 0
[0.94083466 0.90983696] 0
[0.94160484 0.91979806] 0
[0.93608583 0.91033906] 0
[0.91897303 0.90032517] 0
[0.98204546 0.9500275 ] 0
[0.96234829 0.93907335] 0
[0.92586153 0.90770405] 0
[0.95797908 0.92022082] 0
[0.99953316 0.96248971] 0
[0.97086355 0.95932308] 0
[0.99513879 0.94013757] 0
[0.97348693 0.92441946] 0
[0.9770506  0.91944433] 0
[0.98998697 0.95383603] 0
[0.9778983  0.93192888] 0
[0.94874004 0.9076766 ] 0
[0.95559778 0.9183984 ] 0
[0.94419943 0.91981047] 0
[0.98588497 0.96363027] 0
[0.91214709 0.90529131] 0
[0.9581389  0.91150799] 0
[0.94252763 0.91857789] 0
[0.96115933 0.93216047] 0
[0.95433595 0.92928509] 0
[0.93854296 0.94980185] 0
[0.93409444 0.92311684] 0
[0.98977269 0.9239878 ] 0
[0.99173971 0.93226139] 0
[0.99349238 0.95197831] 0
[0.98447867 0.9573623 ] 0
[0.98270249 0.93523111] 0
[0.97654895 0.91762684] 0
[0.98808475 0.92631565] 0
[0.99596467 0.93918781] 0
[0.96854209 0.90688641] 0
[0.99533833 0.96148005] 0
[0.92651881 0.90473684] 0
[0.99358603 0.9426392 ] 0
[0.9839421  0.96712015] 0
[0.95870912 0.90817132] 0
[0.96297487 0.91402029] 0
[0.95262663 0.92849125] 0
[0.91199709 0.90764371] 0
[0.99257894 0.96685602] 0
[0.97196567 0.94584316] 0
[0.93956071 0.93715666] 0
[0.94425246 0.90052103] 0
[0.93545354 0.90437082] 0
[0.98122272 0.90847612] 0
[0.9442747  0.90724152] 0
[0.92851724 0.90210218] 0
[0.99352717 0.92417362] 0
[0.97560272 0.92285976] 0
[0.98312317 0.95584094] 0
[0.98466708 0.91056296] 0
[0.94647935 0.91212088] 0
[0.97238892 0.94689377] 0
[0.98705312 0.96120563] 0
[0.95003114 0.91151269] 0
[0.94561548 0.92862302] 0
[0.98455572 0.9702994 ] 0
[0.93684267 0.91820816] 0
[0.93387943 0.9141394 ] 0
[0.9546878  0.91750344] 0
[0.9700227  0.94712582] 0
[0.95132616 0.90442488] 0
[0.99623784 0.93936814] 0
[0.98434982 0.96584184] 0
[0.99558218 0.94983438] 0
[0.98253784 0.90887135] 0
[0.96764923 0.95347239] 0
[0.94375685 0.93058795] 0
[0.91289268 0.91961162] 0
[0.984585   0.95099883] 0
[0.99168906 0.91893549] 0
[0.95019492 0.96915992] 0
[0.96186402 0.9248401 ] 0
[0.94211503 0.90786806] 0
[0.99059287 0.92598736] 0
[0.96738157 0.90719341] 0
[0.92808459 0.92068546] 0
[0.9887982  0.96316158] 0
[0.99113742 0.90477808] 0
[0.91675612 0.90339037] 0
[0.98301072 0.91952501] 0
[0.98555804 0.95744333] 0
[0.94424011 0.94171146] 0
[0.95153132 0.92432567] 0
[0.94272278 0.93180012] 0
[0.95924722 0.91759227] 0
[0.92086421 0.90095909] 0
[0.9219601 0.9132404] 0
[0.98484395 0.96334839] 0
[0.96184907 0.91821236] 0
[0.95852601 0.91788325] 0
[0.97131732 0.94930469] 0
[0.96832111 0.93228814] 0
[0.98317391 0.95118906] 0
[0.97070222 0.90932812] 0
[0.96555612 0.96781422] 0
[0.93118298 0.91078535] 0
[0.91317323 0.92172524] 0
[0.93060384 0.9127592 ] 0
[0.95554179 0.92270151] 0
[0.96556961 0.9342915 ] 0
[0.98103629 0.93542965] 0
[0.95156962 0.91469896] 0
[0.9667717  0.91152266] 0
[0.97722565 0.9589786 ] 0
[0.98265295 0.93426159] 0
[0.94132509 0.92014063] 0
[0.97432686 0.93329057] 0
[0.96615636 0.92994013] 0
[0.99000694 0.9507839 ] 0
[0.94313158 0.92144161] 0
[0.98174978 0.93990737] 0
[0.96748533 0.91830738] 0
[0.91483963 0.91474978] 0
[0.9443681  0.91252151] 0
[0.97341025 0.92236851] 0
[0.99709572 0.94120107] 0
[0.91808935 0.90855138] 0
[0.97451632 0.94207743] 0
[0.9346483  0.90489725] 0
[0.95626472 0.90420931] 0
[0.99828842 0.92712297] 0
[0.98959178 0.92293813] 0
[0.99263967 0.90266785] 0
[0.9937033  0.95105562] 0
[0.95392719 0.94874596] 0
[0.96655171 0.90398522] 0
[0.9748708  0.93076367] 0
[0.98538496 0.97401856] 0
[0.96710912 0.91816595] 0
[0.97260574 0.93115106] 0
[0.97355021 0.91502127] 0
[0.95782761 0.94507109] 0
[0.92268894 0.91338242] 0
[0.98142703 0.92923628] 0
[0.97116268 0.94129464] 0
[0.97684985 0.95970472] 0
[0.94104701 0.93597797] 0
[0.99274169 0.9425578 ] 0
[0.97827396 0.9427729 ] 0
[0.95830538 0.93472538] 0
[0.94453858 0.91060877] 0
[0.93369616 0.91515569] 0
[0.91303998 0.90185217] 0
[0.95252657 0.92309583] 0
[0.984707  0.9649875] 0
[0.99089631 0.94523453] 0
[0.97672755 0.92853784] 0
[0.9894245  0.91229699] 0
[0.9369867 0.9032233] 0
[0.99430757 0.93112617] 0
[0.97713231 0.9458005 ] 0
[0.95673618 0.91018416] 0
[0.9642997  0.90857298] 0
[0.90878763 0.9041749 ] 0
[0.94943347 0.93449191] 0
[0.97216924 0.95932467] 0
[0.97646842 0.92936579] 0
[0.9523282  0.93775682] 0
[0.97126807 0.91382759] 0
[0.93207979 0.90802924] 0
[0.94021287 0.91523522] 0
[0.94288462 0.90308843] 0
[0.92256491 0.91158836] 0
[0.98039893 0.94092789] 0
[0.96114538 0.92834794] 0
[0.98215193 0.93099914] 0
[0.98787507 0.91315497] 0
[0.93568565 0.93536555] 0
[0.92688799 0.92320204] 0
[0.9490277  0.92116604] 0
[0.97879775 0.94907216] 0
[0.96290593 0.91679629] 0
[0.9856153  0.92130116] 0
[0.999887   0.94425526] 0
[0.97139155 0.93118352] 0
[0.95683356 0.9090211 ] 0
[0.97530528 0.93921769] 0
[0.99260862 0.92861294] 0
[0.94539493 0.91465872] 0
[0.96148825 0.92071245] 0
[0.95493564 0.93437987] 0
[0.95216982 0.9302677 ] 0
[0.99462149 0.94427457] 0
[0.92844741 0.91824785] 0
[0.95919498 0.92414061] 0
[0.92443716 0.92174515] 0
[0.93118979 0.90796442] 0
[0.98155256 0.96305182] 0
[0.93718081 0.9124992 ] 0
[0.94611816 0.92479565] 0
[0.93832009 0.91161241] 0
[0.94757845 0.90597951] 0
[0.9656525  0.90949791] 0
[0.95457554 0.92942518] 0
[0.98898101 0.93722957] 0
[0.93215604 0.91744218] 0
[0.98433989 0.93341897] 0
[0.91996849 0.92118461] 0
[0.94475754 0.95692034] 0
[0.94337261 0.93120417] 0
[0.99855356 0.9519734 ] 0
[0.99931997 0.93214429] 0
[0.94606289 0.92421342] 0
[0.94927021 0.91197007] 0
[0.96552768 0.92532851] 0
[0.99017477 0.96029514] 0
[0.94496472 0.90711783] 0
[0.9623754  0.92808817] 0
[0.98866589 0.95661212] 0
[0.96150314 0.90123345] 0
[0.94325578 0.91606197] 0
[0.93203041 0.92693431] 0
[0.92686051 0.91375304] 0
[0.99671772 0.96126252] 0
[0.93036947 0.90278681] 0
[0.96724945 0.93522996] 0
[0.97274849 0.91944289] 0
[0.97112499 0.91187317] 0
[0.94301594 0.90686028] 0
[0.97374785 0.93655804] 0
[0.97671491 0.9456836 ] 0
[0.91939396 0.9101068 ] 0
[0.94518381 0.92612098] 0
[0.98406479 0.94408012] 0
[0.97383943 0.93539803] 0
[0.97279299 0.91014741] 0
[0.92038583 0.91213776] 0
[0.93106407 0.92733767] 0
[0.97868383 0.93192627] 0
[0.98863882 0.97241807] 0
[0.95533924 0.90392942] 0
[0.97065638 0.92529134] 0
[0.97583626 0.92369368] 0
[0.91699694 0.90433116] 0
[0.95834603 0.92905931] 0
[0.98632987 0.91150737] 0
[0.99813172 0.93759128] 0
[0.96301669 0.93980491] 0
[0.92691673 0.90336565] 0
[0.92204139 0.90755362] 0
[0.94598104 0.93238416] 0
[0.94239424 0.90448207] 0
[0.97170167 0.91950882] 0
[0.92624154 0.90281692] 0
[0.91947745 0.93074582] 0
[0.98862704 0.94302535] 0
[0.96101296 0.92003954] 0
[0.9723604  0.92279019] 0
[0.97065658 0.97474087] 0
[0.95865609 0.90088336] 0
[0.94043471 0.9186534 ] 0
[0.97934237 0.93681025] 0
[0.97972577 0.94273459] 0
[0.97491617 0.93870752] 0
[0.96799781 0.93066881] 0
[0.95812087 0.91307353] 0
[0.97595442 0.95157788] 0
[0.95554234 0.91361232] 0
[0.99887612 0.93351007] 0
[0.97297836 0.93913096] 0
[0.95787361 0.9202991 ] 0
[0.98184065 0.92649053] 0
[0.97826511 0.97982495] 0
[0.98605104 0.94149713] 0
[0.96384318 0.92627639] 0
[0.98287763 0.93260847] 0
[0.96402312 0.93555527] 0
[0.970062   0.90003177] 0
[0.99764082 0.90451955] 0
[0.98032086 0.96609225] 0
[0.96918441 0.94113501] 0
[0.97914983 0.93630102] 0
[0.98588364 0.92621323] 0
[0.99281714 0.93552982] 0
[0.93157509 0.91373446] 0
[0.96478743 0.93507088] 0
[0.96338566 0.9187668 ] 0
[0.95087966 0.90471358] 0
[0.96361381 0.94300705] 0
[0.92859391 0.9160138 ] 0
[0.95466552 0.90451028] 0
[0.95360725 0.9225446 ] 0
[0.94787685 0.91203213] 0
[0.98042648 0.91924018] 0
[0.99529544 0.95817393] 0
[0.96732338 0.94565848] 0
[0.97004949 0.94002041] 0
[0.99455745 0.95061353] 0
[0.98734503 0.93220361] 0
[0.94926231 0.9020316 ] 0
[0.9219829  0.91416322] 0
[0.96921806 0.92070842] 0
[0.94853082 0.90412871] 0
[0.99084847 0.9372357 ] 0
[0.95192486 0.9226713 ] 0
[0.93567912 0.9214646 ] 0
[0.99930894 0.93353059] 0
[0.93441513 0.9047305 ] 0
[0.98026813 0.92284432] 0
[0.99216948 0.92669155] 0
[0.93039557 0.90271185] 0
[0.92278535 0.90438985] 0
[0.98292743 0.94336871] 0
[0.94695647 0.91799913] 0
[0.96455981 0.94100465] 0
[0.99826869 0.9214446 ] 0
[0.94168195 0.93204149] 0
[0.95809159 0.90319205] 0
[0.94831022 0.91009082] 0
[0.96606719 0.94976572] 0
[0.98529021 0.97382661] 0
[0.91429399 0.90801265] 0
[0.92072062 0.90268586] 0
[0.95236844 0.90910325] 0
[0.99103136 0.94196294] 0
[0.96108225 0.91217594] 0
[0.9154073  0.91401062] 0
[0.98967983 0.95799391] 0
[0.98467219 0.9310412 ] 0
[0.9427938  0.90216207] 0
[0.98359099 0.95299331] 0
[0.99364856 0.94236842] 0
[0.98515512 0.92145076] 0
[0.98547103 0.93600787] 0
[0.91810163 0.90241739] 0
[0.99688819 0.92557378] 0
[0.9715729  0.92652387] 0
[0.92317199 0.90963968] 0
[0.99296219 0.96489088] 0
[0.97783139 0.9341951 ] 0
[0.98466601 0.91215795] 0
[0.93050085 0.90442806] 0
[0.90521951 0.91237031] 0
[0.97904339 0.94054042] 0
[0.99470185 0.95423449] 0
[0.96794068 0.90401944] 0
[0.95160828 0.91456735] 0
[0.97232461 0.91710374] 0
[0.93802991 0.90628531] 0
[0.93484216 0.91242872] 0
[0.96055522 0.95295872] 0
[0.9525472  0.91695895] 0
[0.96727399 0.9115259 ] 0
[0.97222378 0.96957166] 0
[0.93261007 0.91325965] 0
[0.95825085 0.93243889] 0
[0.97106088 0.94447726] 0
[0.9963292  0.92798348] 0
[0.93978314 0.91348522] 0
[0.97665872 0.91944112] 0
[0.9768371  0.93895677] 0
[0.99247964 0.96067542] 0
[0.9599298 0.9318826] 0
[0.91687392 0.9045849 ] 0
[0.90833494 0.91551173] 0
[0.93855531 0.92748567] 0
[0.95951994 0.948692  ] 0
[0.94508085 0.91565722] 0
[0.9896181 0.9395202] 0
[0.96537257 0.92979223] 0
[0.96063598 0.91586708] 0
[0.91378806 0.91950308] 0
[0.95112561 0.92112892] 0
[0.96914791 0.94608913] 0
[0.91936397 0.9338681 ] 0
[0.99166584 0.92048427] 0
[0.91505826 0.90239253] 0
[0.97886059 0.92131452] 0
[0.93010977 0.91230486] 0
[0.9906346  0.92829521] 0
[0.93308488 0.90009111] 0
[0.97904489 0.92517561] 0
[0.95304989 0.91399791] 0
[0.97560812 0.9438838 ] 0
[0.95200299 0.93235656] 0
[0.94775055 0.92114479] 0
[0.95907629 0.91607612] 0
[0.96009473 0.93768788] 0
[0.96051872 0.92495323] 0
[0.9401984  0.90522114] 0
[0.97385168 0.92565905] 0
[0.97003171 0.93549649] 0
[0.96240363 0.92731659] 0
[0.95004123 0.90225824] 0
[0.92368528 0.91344157] 0
[0.94560037 0.91404086] 0
[0.95880796 0.90033144] 0
[0.98985719 0.93986348] 0
[0.96630757 0.95321042] 0
[0.96377452 0.9144227 ] 0
[0.98418901 0.93661994] 0
[0.96987405 0.94600144] 0
[0.93269857 0.90877169] 0
[0.95089703 0.91573958] 0
[0.92415635 0.90791585] 0
[0.96372224 0.91757375] 0
[0.94165392 0.91134977] 0
[0.94390203 0.92591113] 0
[0.99468648 0.95762239] 0
[0.91273233 0.90854585] 0
[0.97881989 0.93619234] 0
[0.92182876 0.90217453] 0
[0.96986891 0.94481725] 0
[0.96758819 0.91310189] 0
[0.9851025  0.92657761] 0
[0.99724812 0.94752862] 0
[0.98572828 0.93287143] 0
[0.94453935 0.91639322] 0
[0.99587923 0.94687347] 0
[0.97584767 0.92417231] 0
[0.98494284 0.94016214] 0
[0.98829553 0.95343688] 0
[0.96048368 0.91905836] 0
[0.95825493 0.91821591] 0
[0.95496975 0.92904275] 0
[0.95682427 0.92487205] 0
[0.97748103 0.92924361] 0
[0.99816713 0.94675788] 0
[0.99980743 0.95267292] 0
[0.97366051 0.93302757] 0
[0.93976733 0.90703006] 0
[0.92738252 0.90744675] 0
[0.93132734 0.91466029] 0
[0.93618947 0.9122015 ] 0
[0.99194105 0.94195564] 0
[0.99838959 0.93222877] 0
[0.97252128 0.92675291] 0
[0.95352568 0.90743311] 0
[0.96990437 0.94572013] 0
[0.92053327 0.90937928] 0
[0.95858505 0.90396339] 0
[0.96944864 0.92720483] 0
[0.95751351 0.90124563] 0
[0.93288174 0.91678545] 0
[0.96410361 0.90641773] 0
[0.96466614 0.92943902] 0
[0.91688378 0.91405505] 0
[0.91366477 0.93390272] 0
[0.99613004 0.90948803] 0
[0.96022258 0.9325815 ] 0
[0.95591004 0.93098763] 0
[0.98796342 0.96996983] 0
[0.99777081 0.92193672] 0
[0.92556805 0.90690425] 0
[0.96101625 0.933308  ] 0
[0.97206245 0.94658276] 0
[0.93344398 0.91934006] 0
[0.98913824 0.94972653] 0
[0.92742429 0.91060356] 0
[0.97649496 0.9258262 ] 0
[0.95892698 0.92357686] 0
[0.99527725 0.96487164] 0
[0.93178325 0.90451142] 0
[0.9943993  0.93057624] 0
[0.96739929 0.92613954] 0
[0.94976802 0.92269535] 0
[0.99505257 0.92060318] 0
[0.98926618 0.93127813] 0
[0.98536185 0.93412709] 0
[0.94866989 0.92977651] 0
[0.96554159 0.92191502] 0
[0.95822183 0.90929113] 0
[0.98367485 0.91819583] 0
[0.96954652 0.91809833] 0
[0.99615324 0.9358584 ] 0
[0.92523609 0.92505438] 0
[0.98973239 0.9275527 ] 0
[0.99533641 0.93577401] 0
[0.94373206 0.94040485] 0
[0.98793047 0.95087388] 0
[0.95477362 0.90944303] 0
[0.94654524 0.94470491] 0
[0.92350673 0.90421985] 0
[0.96364042 0.90339736] 0
[0.98033184 0.93226416] 0
[0.9699167  0.91756679] 0
[0.92048884 0.92154446] 0
[0.93571422 0.91883065] 0
[0.99988729 0.98120976] 0
[0.98796072 0.96721312] 0
[0.95149768 0.91663505] 0
[0.99317191 0.9647669 ] 0
[0.98787619 0.94931848] 0
[0.96057268 0.91545814] 0
[0.97162361 0.92107167] 0
[0.98223489 0.93357388] 0
[0.99461478 0.97655488] 0
[0.94661561 0.91444881] 0
[0.98905277 0.92939501] 0
[0.97429165 0.90694455] 0
[0.93859757 0.90726014] 0
[0.99391819 0.96658615] 0
[0.94697877 0.90423297] 0
[0.96397479 0.94168868] 0
[0.98093221 0.94334878] 0
[0.93716664 0.90727843] 0
[0.95350024 0.92018222] 0
[0.97440751 0.941517  ] 0
[0.96467884 0.92976408] 0
[0.96641223 0.90483501] 0
[0.95233713 0.92364549] 0
[0.92107526 0.91042169] 0
[0.9601053 0.9035795] 0
[0.93768478 0.90724841] 0
[0.99681332 0.93762185] 0
[0.94084287 0.91244065] 0
[0.96295071 0.91685446] 0
[0.9880467  0.93329425] 0
[0.98693091 0.92240928] 0
[0.98176754 0.92937595] 0
[0.98245883 0.93517374] 0
[0.96172312 0.92685902] 0
[0.94842309 0.96084262] 0
[0.96951875 0.94938876] 0
[0.96035048 0.93037532] 0
[0.9287877 0.9042884] 0
[0.92754586 0.92695369] 0
[0.99460863 0.95801111] 0
[0.92206375 0.93184034] 0
[0.95138217 0.91626381] 0
[0.97616669 0.93025587] 0
[0.95233652 0.93171877] 0
[0.99389044 0.95308331] 0
[0.96032005 0.92566155] 0
[0.96144272 0.95420819] 0
[0.99221253 0.97503727] 0
[0.90439523 0.91534161] 0
[0.99272457 0.94977821] 0
[0.98841956 0.95888357] 0
[0.99465112 0.95129153] 0
[0.95766907 0.9073651 ] 0
[0.98770571 0.93587843] 0
[0.97185908 0.94163098] 0
[0.94341127 0.92261636] 0
[0.95880297 0.905299  ] 0
[0.95584156 0.93207917] 0
[0.99638709 0.93216654] 0
[0.92286576 0.92042904] 0
[0.91721721 0.93000112] 0
[0.99072813 0.93409667] 0
[0.99101393 0.93014008] 0
[0.9474406  0.92886423] 0
[0.98290242 0.92328158] 0
[0.91688279 0.91327708] 0
[0.99628331 0.94414561] 0
[0.91724499 0.9055724 ] 0
[0.94009204 0.91306421] 0
[0.9910797  0.94842472] 0
[0.99216824 0.95833678] 0
[0.94780285 0.94467045] 0
[0.99586927 0.93696789] 0
[0.94093589 0.90614222] 0
[0.98948528 0.95090209] 0
[0.94111725 0.92137795] 0
[0.99665494 0.94751678] 0
[0.95154525 0.91358109] 0
[0.92236644 0.91982385] 0
[0.93040846 0.9067714 ] 0
[0.97515071 0.93891442] 0
[0.96795089 0.9313222 ] 0
[0.95290593 0.91014504] 0
[0.9902519  0.94028609] 0
[0.94365915 0.92023201] 0
[0.98691175 0.96138625] 0
[0.95922045 0.93103581] 0
[0.98206898 0.93155049] 0
[0.99068684 0.93943049] 0
[0.94429048 0.90796989] 0
[0.98690466 0.94459403] 0
[0.96037141 0.92624736] 0
[0.91538864 0.90399714] 0
[0.96822396 0.9521149 ] 0
[0.98405261 0.92739724] 0
[0.97824989 0.95890872] 0
[0.96324983 0.93293632] 0
[0.96077723 0.92906017] 0
[0.97188234 0.94433144] 0
[0.97668652 0.9109938 ] 0
[0.96487831 0.91017473] 0
[0.92800604 0.91783341] 0
[0.9872214  0.95331645] 0
[0.964781  0.9504396] 0
[0.95292306 0.9244676 ] 0
[0.96133898 0.93966202] 0
[0.98505612 0.91415634] 0
[0.9137721  0.91786174] 0
[0.97729979 0.91840363] 0
[0.9326746  0.94260997] 0
[0.92481565 0.92540161] 0
[0.92470983 0.93305697] 0
[0.9485689  0.93777561] 0
[0.90748903 0.91940946] 0
[0.96993379 0.92403482] 0
[0.96042434 0.91185215] 0
[0.97553778 0.93861575] 0
[0.9795522  0.93626803] 0
[0.90481217 0.91803817] 0
[0.93117711 0.93473095] 0
[0.97674034 0.94704196] 0
[0.94358849 0.90928398] 0
[0.94635249 0.91000471] 0
[0.96117491 0.91030331] 0
[0.99571908 0.97865807] 0
[0.98406672 0.91369241] 0
[0.98006095 0.94981424] 0
[0.9799317  0.93969945] 0
[0.9080267  0.92997268] 0
[0.98780174 0.92575839] 0
[0.98615733 0.93831119] 0
[0.96639078 0.92655521] 0
[0.97218941 0.95562668] 0
[0.96753547 0.93719187] 0
[0.97060176 0.91634684] 0
[0.99418137 0.9877438 ] 0
[0.9822271  0.95014011] 0
[0.99657908 0.93177742] 0
[0.95943366 0.91218855] 0
[0.92217803 0.91649675] 0
[0.95430543 0.92511233] 0
