53920   42968
   52019   42206
   52570   42476
   54220   42081
   54268   43420
   52288   42408
   54436   39727
   52391   44323
   54995   43655
   53761   43403
   53769   43786
   52883   41365
   54448   42846
   53358   40498
   54626   43461
   53751   42326
   52714   41735
   53545   43025
   55281   41180
   52522   42088
   53825   42358
   54951   43538
   55113   40262
   53366   41560
   52425   42226
   53729   43219
   54658   41295
   53236   44502
   54569   43519
   55192   40969
   52661   42382
   54389   41903
   54931   42810
   55003   43219
   56382   43858
   54258   44302
   53785   43039
   53844   44271
   53568   38856
   53300   41958
   54027   39799
   54307   44020
   52648   43224
   51953   41115
   56370   40191
   53655   41979
   49832   41548
   54146   41202
   52375   41772
   54484   41591
   51271   41252
   53894   43780
   51496   42107
   55580   41750
   52235   43593
   53009   45720
   52895   40396
   52314   40370
   53527   43264
   51552   42936
   54356   43953
   51788   41827
   53644   44911
   51526   41555
   52460   41243
   52790   40829
   53560   43487
   55317   41567
   54211   42145
   52736   43734
   54220   41543
   55487   40680
   53164   42365
   54372   42125
   52296   42854
   51853   42724
   55470   42381
   55843   43461
   53041   41762
   56020   44948
   54572   42044
   55615   39213
   51784   42659
   54678   42358
   55264   42101
   53628   45140
   51676   41313
   52069   42197
   53695   41876
   52425   41797
   55562   40697
   53371   40882
   53015   43465
   53484   45006
   54684   41479
   52344   45540
   56100   40476
   57237   41749
   52220   40576
   53611   42444
   54594   43850
   51844   42736
   53038   41204
   54636   40466
   52845   43435
   53530   39504
   53417   43154
   55258   43614
   54519   43642
   51681   45290
   49313   41972
   55194   44097
   55109   41603
   53142   43422
   53656   41913
   49901   43636
   53632   43440
   53989   42372
   53334   41711
   53446   41789
   53340   41575
   53856   41857
   54385   42851
   53719   41851
   56661   40693
   54461   41699
   53281   43550
   53105   43114
   51737   40814
   50511   45158
   56075   43071
   55576   41873
   54356   42479
   54014   43208
   54239   41432
   56462   42733
   53340   39854
   55692   42420
   55367   43043
   53716   44044
   51634   41676
   56679   42675
   54172   41958
   51823   40542
   53576   42596
   55265   39986
   52639   41267
   54347   42795
   53612   42060
   53398   43770
   49899   48712
   50062   49584
   49344   47683
   50670   46231
   53288   48577
   52169   49412
   51152   46601
   50763   49169
   49126   46607
   50904   49470
   50881   47814
   53902   49665
   50462   47490
   52624   50362
   51021   48653
   50826   48127
   51805   49498
   52195   49730
   53579   47959
   50801   48595
   51406   49935
   50128   50181
   52315   49319
   51436   48575
   50422   49794
   49230   49949
   50468   48101
   52922   47579
   50211   47660
   50048   46949
   51858   49406
   51096   48445
   49520   49471
   50393   50758
   51586   46956
   54046   46829
   50415   50077
   52875   46329
   50095   50565
   50470   51527
   48995   47894
   53082   48779
   49852   50340
   52092   49784
   50817   50224
   49486   49476
   49049   47984
   48535   46223
   51012   48233
   49587   48428
   52464   47550
   49969   48068
   52681   47241
   52638   48501
   52221   48520
   52812   47526
   49778   47221
   50719   47508
   50193   49198
   50687   48010
   51946   46605
   52617   49342
   52617   49460
   50676   47882
   51860   47899
   48536   49021
   51504   49603
   51653   48685
   48525   47944
   50002   49200
   50184   49458
   53053   49269
   50042   49853
   50696   46255
   50300   48715
   51437   48623
   51379   48160
   51144   47263
   50876   49734
   51413   46135
   50533   49789
   51135   47611
   51320   49118
   52559   52735
   52221   48011
   53397   48783
   51245   50137
   50507   50951
   51487   49624
   48837   48575
   50652   48996
   49663   50428
   49419   45147
   49601   47857
   48350   47100
   48039   50185
   50893   51127
   50739   49679
   52081   49489
   51496   46588
   50435   48231
   51497   47766
   51939   49800
   50580   48511
   49809   50064
   51722   48853
   50358   47959
   50638   48026
   51885   49564
   52500   51313
   53006   51319
   50172   47860
   50014   49077
   48904   50964
   52581   48207
   50885   47744
   51145   51511
   52560   50814
   48720   48943
   50949   48339
   47763   47492
   48093   48847
   50277   49607
   49807   48319
   52226   49015
   52224   49464
   49725   48980
   50350   48070
   50925   48541
   51546   49680
   51152   48744
   49375   48754
   49329   44378
   50618   50504
   49498   47624
   50908   47596
   51427   48795
   53081   49230
   52021   50652
   50696   49628
   51443   48057
   52385   48925
   50587   48838
   48529   46961
   50929   52530
   50067   49584
   52239   50403
   51380   46816
   49541   47532
   49049   50053
   58870   45226
   59374   44507
   59253   49893
   61300   45277
   61653   43778
   59953   45389
   60861   44796
   61930   46257
   58671   45183
   60593   45861
   58420   44781
   61855   46137
   61133   44700
   61112   45484
   63134   47142
   61235   45053
   57496   45405
   60372   44439
   60705   46366
   61213   48245
   58256   46216
   59183   46253
   60289   45788
   59207   45335
   62701   44788
   59882   44607
   61121   48956
   57415   44881
   57903   47229
   59331   42999
   60571   46112
   60784   47752
   58268   45701
   60763   45925
   62447   45235
   60465   48014
   59590   45610
   59217   47651
   62097   44621
   58634   43703
   61102   46312
   61878   47010
   61314   45663
   60249   47899
   59325   48978
   59029   43137
   60709   43461
   57817   45498
   61299   47746
   59362   45997
   62307   45105
   60231   47183
   59998   46912
   60739   45570
   61708   45883
   59066   46619
   58730   46803
   57717   48281
   57203   47382
   58348   48287
   60470   45476
   58924   46965
   58862   46266
   59400   47672
   60414   45052
   61598   45003
   58813   47990
   60992   44265
   59974   44364
   61145   45932
   60710   45087
   58694   46824
   59850   46681
   58608   47945
   58911   46230
   61417   43176
   59191   45551
   58485   43415
   62141   43026
   63370   45884
   58197   44714
   61331   43082
   60972   44250
   60424   43917
   62171   44736
   59684   46141
   60644   45680
   59411   48115
   59823   44185
   62181   49244
   60035   45759
   58759   46105
   60797   47826
   62939   44089
   61491   48260
   62262   46903
   59795   44489
   61395   46119
   58232   46796
   57976   45578
   61077   45880
   61777   47582
   62496   43916
   60479   45423
   58601   47656
   61032   44031
   58181   46222
   59356   45572
   55896   47225
   59692   44645
   60897   44915
   59337   42941
   57962   46260
   57813   45740
   59822   47324
   61761   48521
   61106   45858
   60987   46482
   61157   45321
   61543   46490
   57516   45058
   60514   47708
   58018   42944
   62275   46474
   62269   47075
   59431   46355
   59818   45806
   58318   47500
   60973   43825
   58218   44486
   60205   46653
   60403   46465
   60188   45957
   59305   44215
   60642   46219
   61794   45089
   60606   47553
   61284   45441
   61676   45255
   59277   44809
   59148   47748
   61285   44544
   59927   45471
   59855   45241
   62672   43501
   61648   47644
   61623   44381
   60987   48401
   60802   47068
   61971   46440
   59182   50285
   59748   52499
   58046   53129
   61496   51630
   57852   53639
   59985   54614
   57490   50448
   59352   48444
   58417   52216
   60418   51972
   58854   52919
   60774   53105
   61213   49916
   55095   52085
   57194   52148
   61975   52117
   58438   51888
   59017   51283
   60119   54375
   59899   50243
   62409   53289
   59807   48360
   60373   53833
   60248   51796
   60684   53227
   61369   51251
   58147   53037
   59753   52591
   60652   51129
   59461   51341
   58158   49589
   61310   49722
   59200   52802
   59593   51890
   56593   51088
   59163   55436
   60981   52675
   60806   52983
   59334   48886
   57234   52296
   62246   51019
   60982   50994
   61562   49999
   59552   50865
   59088   53114
   59087   49401
   57564   52301
   61744   53939
   58386   54126
   60678   50751
   57622   49400
   60525   50455
   59770   52990
   59152   52109
   58007   51251
   60072   51501
   61512   52776
   60005   50898
   60165   49050
   59865   51003
   58335   50170
   58052   52197
   62430   53034
   60343   52190
   59949   51416
   60403   53557
   57196   52798
   60011   49886
   57242   49888
   56580   50897
   56608   53024
   58583   52766
   58547   53001
   62336   54289
   64691   50948
   57681   51657
   60945   52204
   58014   53809
   61347   49963
   60564   52271
   59474   51569
   59922   51370
   60617   52220
   58855   51176
   57548   53060
   57486   51799
   62641   51926
   59666   52447
   61682   51161
   58859   51826
   59471   50576
   59316   50743
   58702   51112
   58906   50218
   58633   54156
   59252   49744
   62330   52499
   60574   51754
   60484   51739
   60563   49392
   60013   52410
   57890   53523
   59797   51090
   58670   51762
   60313   49557
   56378   51069
   58622   50401
   58860   51752
   61255   52264
   58647   53533
   62442   52636
   61004   52248
   56054   52169
   60445   52542
   59447   51355
   58059   53563
   57587   52335
   60038   53227
   59047   53225
   60163   52927
   57061   49822
   58286   52031
   59838   50740
   60235   50875
   59972   50086
   61787   53406
   60086   50479
   59818   50359
   59427   51337
   59379   48500
   58801   52767
   58936   51829
   58176   53199
   59128   50589
   59307   52419
   61265   51193
   59533   51023
   60657   50999
   57791   52937
   60801   50837
   60502   53335
   60320   49012
   59457   52582
   58792   52100
   57652   51718
   57388   51212
   58281   54245
   62349   52922
   57964   48880
   59620   52129
   43478   45608
   45419   45927
   46656   46590
   45018   45803
   43759   44307
   42188   44864
   43054   45478
   45434   43766
   44946   42258
   43835   45332
   43462   45636
   44202   45854
   45537   45294
   44871   46713
   43519   46607
   45255   49117
   45792   44032
   43714   42881
   44310   46642
   45233   43756
   44444   44968
   43338   46099
   42970   46238
   41967   46740
   44441   45522
   44777   44263
   44436   47374
   43155   45637
   45590   45829
   44781   45786
   43601   46919
   46305   45959
   41869   44010
   43346   44722
   42205   44895
   44128   43566
   42729   46022
   44993   47285
   43292   46926
   43911   45724
   43953   45891
   45779   47297
   42357   44214
   44328   43843
   42809   47544
   43157   42754
   43925   45390
   43115   47237
   43073   45662
   45030   47358
   44305   47441
   44191   46111
   45748   45373
   41650   44288
   42350   45677
   44121   45686
   42073   47804
   43537   44164
   45307   46959
   44906   44367
   45483   49576
   46259   47739
   45462   46015
   44314   46552
   44773   44472
   44108   47308
   44630   45910
   44403   45462
   45455   47051
   44222   47283
   44720   46277
   41762   45856
   44441   44084
   46080   45581
   44860   45401
   45467   46484
   43637   47501
   44730   44597
   45639   46267
   45155   46300
   42885   43424
   41809   46177
   44570   47080
   45621   43643
   43997   43614
   45602   47699
   45323   45375
   44009   45753
   45568   45030
   41393   47923
   44731   45782
   45463   44569
   40980   46486
   43674   44582
   45222   46187
   44653   46583
   41685   46400
   43546   46236
   46164   46580
   45144   44224
   44657   45522
   45636   44805
   43893   45804
   46325   46465
   43637   46126
   44980   46433
   43154   46704
   46369   46355
   45492   45184
   43310   47950
   45171   45436
   44134   45523
   45170   46219
   44343   46331
   44628   44128
   45053   41413
   43236   42815
   42442   46509
   43759   47038
   45990   47668
   42589   46455
   43547   46694
   41543   44527
   44149   46507
   43133   44100
   43126   46942
   45410   45844
   45070   46149
   45122   46441
   44795   45763
   44955   44084
   45013   46448
   43759   46136
   45917   46768
   44147   47245
   45202   45985
   40567   45043
   41319   43486
   46559   46467
   46176   44368
   45222   44704
   42722   46767
   41645   44900
   43028   46704
   43797   45072
   43056   45372
   41745   43699
   47649   44608
   45236   46488
   46727   44810
   37419   43143
   37688   42247
   38376   43893
   36237   45217
   38722   44656
   38742   45054
   38421   45050
   37021   45533
   37149   42966
   36392   42287
   36035   44994
   37456   43316
   36940   44599
   38839   45059
   38276   44131
   40551   43121
   35426   43662
   37080   44440
   38532   46215
   38633   44936
   38642   43168
   39339   43794
   38452   41706
   37408   42437
   36730   42052
   39154   45425
   39714   43112
   39198   44876
   35566   43812
   38652   43589
   38257   43698
   36061   44909
   39127   44669
   38187   42502
   38313   42918
   36147   45864
   39845   43456
   41604   45123
   36236   42655
   36689   41595
   38541   45422
   38141   42987
   39051   42209
   37956   45047
   35422   43143
   36552   42273
   41287   43899
   39519   44357
   36873   44927
   38370   43590
   38020   42414
   36792   46817
   38472   44317
   36964   44248
   36798   43188
   37909   44007
   37898   42264
   37621   44330
   35834   41572
   35738   47404
   37356   43223
   37533   46903
   36513   41768
   34472   44986
   35499   44956
   36848   44872
   38384   44349
   36227   42607
   39468   45148
   36477   43178
   38840   47026
   37168   42902
   39130   44427
   36148   42756
   34465   45660
   38121   42817
   41173   45297
   39118   43300
   37594   43236
   39978   47150
   34263   44388
   37344   45244
   35668   45488
   38895   46953
   36736   41209
   37139   46473
   39769   44240
   37555   48222
   38628   42083
   36138   45361
   37989   44472
   36908   44224
   33901   42137
   36302   41425
   37457   45359
   35407   45071
   37611   43696
   37488   43554
   36494   44775
   36028   44106
   37862   44856
   40421   43286
   36328   41576
   37066   46005
   37452   45645
   40608   42385
   37533   45788
   36006   44533
   34763   47185
   37961   43017
   38628   42425
   35529   42411
   39743   44229
   36956   41087
   35990   44312
   37781   43675
   38162   42849
   38631   42382
   39806   44052
   38792   42731
   36207   44053
   36670   43457
   35812   44237
   37933   44275
   36655   43690
   41421   45183
   36624   43557
   37216   42103
   38471   45196
   37423   43821
   38879   43601
   36314   42899
   38046   43222
   38334   44983
   37281   43566
   36633   45907
   36104   44858
   38928   44200
   37878   44712
   36730   46380
   37712   41709
   38167   44955
   37277   43318
   37223   44069
   39717   45768
   35514   43719
   36436   42042
   38171   43484
   38156   42125
   36941   45215
   35579   48814
   37634   49608
   36225   48957
   34355   49584
   36650   49853
   35241   51921
   33990   50289
   35412   50437
   37225   51572
   34150   49267
   33253   51495
   36105   51866
   34822   51148
   38237   48625
   36039   48341
   34297   47566
   32678   49616
   37350   50837
   35002   47288
   35272   50981
   35964   51413
   35483   51071
   37530   50158
   33031   49839
   36249   48621
   37262   48931
   36821   50119
   37033   49325
   34168   50938
   34843   49771
   37561   49995
   36796   52430
   36192   49919
   35770   52042
   34686   49648
   36048   49597
   35565   48339
   35546   49505
   38017   49279
   37639   51837
   35339   47420
   38382   50918
   35671   48294
   33398   51137
   37861   51564
   32927   49254
   35706   52352
   37843   47251
   36509   47537
   36854   51151
   35189   50295
   38406   50159
   34709   49183
   37294   50423
   35400   49266
   36094   47907
   38961   50227
   35159   50779
   35939   49289
   38855   49311
   35227   48318
   35781   49561
   37371   50259
   35080   47863
   34416   49861
   34118   47242
   37140   50855
   34842   51826
   36632   50048
   35660   50287
   35736   50946
   36861   48856
   36427   47279
   36048   49799
   35227   50595
   33610   47960
   34968   49788
   34845   46900
   35024   48489
   36339   51173
   34466   48775
   38087   50225
   36443   51660
   33720   49736
   35539   50166
   35419   49363
   35945   49817
   36246   51152
   36307   50278
   36381   52770
   36988   51376
   36844   49197
   35763   53479
   34452   49372
   36683   51494
   34557   49672
   37730   52956
   36351   49891
   33688   51396
   35642   50452
   33588   49671
   34530   49906
   33187   50018
   32941   47506
   37958   47446
   34185   51296
   31544   51040
   34534   50571
   33711   49295
   35069   49627
   36077   51330
   34309   50421
   34612   50949
   37262   49369
   37673   49210
   37296   49056
   35860   51362
   36089   50994
   32563   49750
   34552   51425
   36578   48187
   36380   52882
   34179   51422
   37032   49709
   32539   50210
   35552   48305
   37884   50585
   34466   50054
   36875   49080
   34891   51236
   36511   50864
   34829   50197
   36892   52297
   35829   51420
   34882   52761
   34294   51247
   35103   50857
   37587   52358
   34707   50043
   36536   50600
   36059   49522
   37330   47493
   36155   46086
   35458   49189
   38302   47823
   34539   48042
   35942   48277
   34071   46853
   37009   50665
   38026   49433
   30675   45875
   30226   45636
   28960   43900
   29217   46188
   30475   46664
   31713   42464
   33218   47967
   29143   44064
   28126   45449
   30038   41895
   30739   46310
   29558   46597
   31896   46740
   30517   46707
   29210   43704
   28471   44259
   29530   46416
   30682   45890
   29819   47338
   30642   44576
   31737   43229
   27470   46279
   29989   43024
   30491   41203
   31052   44147
   32661   43644
   30196   46361
   31796   47101
   31503   46222
   35614   43967
   28084   44238
   30778   45509
   31788   45290
   33695   46149
   30676   44504
   30775   47047
   33363   45845
   30177   45673
   30718   44320
   32597   45301
   32054   44723
   30608   45304
   30150   45514
   29362   47441
   28155   45255
   32486   45285
   31524   44845
   32405   46570
   31145   45032
   30406   42221
   30378   43157
   31392   45745
   31258   45528
   30153   43073
   31803   46564
   32331   43438
   28880   45886
   29106   43182
   30371   41309
   30169   46439
   31402   46870
   29600   45499
   30568   47317
   31713   45798
   30308   43899
   30056   46474
   31518   45790
   31378   46911
   28892   44763
   30089   44084
   31846   45640
   31451   44728
   31792   46103
   30975   44646
   31857   46295
   31927   45410
   30762   45322
   28376   40273
   29306   45710
   31804   46189
   30821   42973
   30897   43545
   30736   46717
   27766   44204
   30728   45467
   29332   46456
   31226   44887
   30403   46958
   31207   45861
   29722   45294
   29544   45272
   30413   43945
   32592   43841
   31658   45403
   28687   45223
   30273   44274
   29649   45100
   30242   43888
   30001   43057
   31469   44399
   31734   46293
   30194   43974
   28679   44857
   31805   47786
   29639   43920
   30786   43828
   30138   45972
   31645   47208
   29481   45044
   30664   43973
   29237   44457
   29241   45255
   30956   44177
   30418   44657
   33186   43524
   32604   42927
   30760   45924
   29000   46113
   30500   45100
   32691   45377
   33747   47399
   29227   43639
   28256   46556
   31224   44430
   29669   44764
   31589   43691
   30752   42842
   29480   44494
   29536   45838
   29841   45013
   29438   45456
   29523   45164
   34312   48755
   29750   44627
   30250   43330
   29914   44719
   31364   46251
   34201   45579
   29922   47165
   29989   44983
   31509   44947
   29334   44178
   31176   45220
   29877   45141
   31080   43735
   28598   42577
   30250   44975
   30980   45062
   31263   44804
   30558   42982
   23546   44360
   25573   44780
   21532   47321
   24237   44158
   23150   45300
   24230   43575
   24182   42995
   25497   44630
   24340   44827
   24089   45670
   24853   44478
   21937   44614
   20206   44751
   24014   44873
   21687   44979
   21910   43685
   22857   44913
   23965   43943
   25894   44842
   22628   46075
   25419   43906
   23581   45323
   23317   46060
   23142   45358
   22111   46728
   21778   45368
   21180   46364
   21778   43648
   23262   45277
   24619   43309
   21823   46630
   23171   43916
   24986   45528
   21894   45553
   23642   45424
   24368   44559
   22821   45763
   20705   45156
   22593   45289
   23196   42015
   21889   45210
   23114   43770
   20960   43907
   22358   44973
   21348   47547
   20459   45221
   23395   45244
   23223   45774
   23398   43760
   24262   42826
   24041   46280
   22984   45050
   20993   44150
   22116   47089
   22296   44995
   23089   45196
   20887   43671
   22731   44689
   20848   44658
   22850   45783
   23292   44226
   24581   42479
   24009   40481
   24431   44071
   25890   42857
   23364   44594
   23560   45345
   22335   44581
   23525   44402
   23472   42592
   21585   44932
   20582   45959
   25500   47603
   20910   46307
   23086   44507
   24480   44200
   24217   45276
   25177   42247
   23661   43901
   23530   46214
   24222   46031
   23540   46249
   22653   42993
   21390   45195
   23972   42333
   25901   45959
   23049   46303
   24173   42512
   24429   44491
   22692   46645
   22943   46047
   23296   41980
   22009   45047
   26138   44924
   21295   43673
   21975   45075
   23609   44895
   23460   47149
   23302   45363
   24028   45179
   24885   46243
   24134   44700
   22102   42383
   24732   44326
   22650   44599
   23958   43121
   24637   44635
   23443   44200
   24538   43590
   22753   44896
   22988   44118
   20058   45994
   20242   44737
   25485   47105
   21892   44677
   25214   45978
   27034   45408
   22228   43134
   24676   43516
   22714   45420
   21762   43634
   20656   43529
   25217   45683
   23000   44680
   22065   46398
   23656   46993
   21105   45331
   23451   44560
   25001   45627
   22208   47545
   24559   45955
   23380   43227
   22711   44137
   27120   46386
   25359   46497
   21313   45338
   20796   45252
   26277   46870
   24322   44460
   24053   47675
   24655   43256
   23468   44180
   20234   45802
   23232   45993
   23335   44159
   25373   45642
   25030   44573
   22267   42799
   24209   47858
   21951   43577
   56176   36609
   59462   34644
   57364   38191
   58261   39244
   55214   34719
   56892   36749
   55705   35150
   59028   34433
   51119   34201
   54092   34141
   54902   35784
   56619   39634
   57706   36957
   58015   33030
   58207   32668
   54759   34673
   56262   31753
   57302   35955
   53683   36353
   56654   34800
   56001   35127
   51819   34952
   53589   34387
   55126   35679
   55951   35172
   55962   36357
   57090   35856
   55961   36119
   57952   35957
   54804   34530
   56079   35838
   55264   37963
   56912   35113
   55952   34236
   54560   35032
   56076   35702
   56576   35512
   54915   34318
   57466   37210
   56290   36371
   55884   33627
   54867   34149
   57676   32271
   54736   36726
   55909   35079
   52540   35742
   55673   36783
   56571   36615
   56853   36827
   56634   36092
   54797   34991
   56083   34642
   57324   34734
   56644   33949
   56599   31660
   56909   34845
   55175   36385
   55355   35132
   57163   32632
   54656   35199
   55689   35957
   56210   37841
   56420   33286
   57009   36334
   57114   36454
   55423   35207
   54628   35291
   55716   34829
   55690   36922
   58721   31746
   57952   36070
   51985   34337
   58641   32430
   56192   35316
   56985   35542
   56465   36117
   57200   35693
   55891   34988
   58275   34756
   56789   33822
   55176   34355
   58714   33665
   55969   36361
   57499   36311
   56688   33167
   54920   35189
   58069   35003
   55914   37384
   55815   35267
   57936   38129
   56861   35184
   56861   38405
   54781   34591
   55682   34915
   54042   36812
   56237   35712
   55828   33876
   56932   34467
   55823   36440
   54195   36520
   57430   34173
   52061   36486
   56465   35823
   55387   34283
   56115   34542
   58287   35455
   58122   34536
   54879   35558
   56704   37607
   54624   33896
   55040   35677
   56966   36054
   55765   34591
   54698   36576
   54640   37322
   56910   36503
   56505   34457
   55554   34429
   55308   34833
   54795   38573
   58551   34542
   58552   34610
   54441   36098
   55130   32613
   57531   34633
   57117   35949
   53109   36784
   55451   34185
   55902   34462
   56280   36718
   60540   34103
   57818   36474
   55106   35479
   57263   34076
   56080   35833
   56863   33600
   58485   35736
   52366   33053
   57484   33755
   52702   37078
   54155   33837
   54147   34725
   55576   35700
   55113   34231
   56397   33198
   56312   34576
   55244   36679
   57107   35175
   56661   33449
