1 -0.270533695695 0.378711945937 0.770109125452 0.742475280889 -0.166056486001 
2 -0.0609200218326 0.0440733533164 0.318141279477 1.68105254682 1.10471690831 
3 0.0631511357269 0.275365924006 0.664055599694 1.05005121166 0.869190705771 
4 0.477346986511 0.189858504818 0.954292935164 0.720938831359 0.660495265214 
5 0.75163168446 1.05830352623 -0.0277342378131 0.879047819928 0.799406049639 
6 -0.303739751175 0.294133168757 -0.135746804501 2.22942396255 0.182586198734 
7 -0.224881621411 0.901249798725 0.388051102034 1.25144938326 0.219318943756 
8 0.188901726835 0.602409563988 0.747470023032 0.69818802017 0.582939634079 
9 -0.0688436368929 1.026478639 0.938185268574 1.03419795566 0.307143315006 
10 -0.513621419813 0.0052488602295 0.420849328105 1.32481576188 0.204379748584 
11 -0.21874305444 0.797476279253 0.695627044015 1.51912680844 0.890136604758 
12 0.348468391967 -0.252768889611 0.0741706621295 0.765840754338 0.0575259016743 
13 -0.334806786099 0.823400990674 -0.0305508624918 0.700577392446 -0.0876176447019 
14 0.671104600813 0.855955452647 1.38873930077 1.38977577119 0.449942339561 
15 0.887222549595 0.245165120179 0.909109549069 0.780022238525 0.61533274194 
16 0.231161517778 1.12267284228 0.66071713945 0.847993645459 0.019148918689 
17 0.166247344815 0.122439595601 1.31728275212 0.83493341467 0.170632217761 
18 0.395809862761 0.126900807973 0.467870179844 0.375609034564 1.05843260979 
19 -0.0139135052088 0.602655095219 0.0991566719923 1.09911745292 0.295064120435 
20 -0.203544777119 0.493890091651 -0.321414590387 1.55318991377 1.47250927358 
21 0.241782665201 1.27702435543 0.171025841303 1.06669562231 0.899941344882 
22 0.199824673793 0.510760501566 0.568521360217 0.148841852234 0.243651450266 
23 0.405665242812 -0.00431464038495 0.699471867929 1.36854055104 0.837145355563 
24 -0.666587009045 0.873027867677 0.435034177129 0.950577652318 0.453032298166 
25 -0.443669269616 0.951970450522 0.357764394729 0.63799949056 0.463726848604 
26 -0.569154109706 0.566071917131 0.584462236448 0.0741015679834 -0.592896835149 
27 -0.493515883187 0.312114277435 -0.343239010575 1.15596395127 0.171831743518 
28 0.767760366123 0.558190274549 0.874541040386 0.492435024966 1.50830199472 
29 -0.688365039473 0.0773683668988 1.3873546022 1.28730515922 0.105133214955 
30 0.0155206830108 -0.0195668805645 1.27061435535 0.95527242729 0.415539529888 
31 -0.141082862162 0.476295277444 1.37605098059 0.498663909374 0.511564297943 
32 -0.174282340898 0.0348672629365 1.21948310975 0.864455487139 -0.136797678074 
33 -0.95629944609 -0.0258596913799 0.831246716402 0.343099343292 0.858747631941 
34 -0.878986655885 0.0370302774608 0.83482355324 0.220398998312 0.750358124826 
35 -0.928395435599 -0.0895036949222 0.901093964603 0.299014081213 0.72318058584 
36 -0.955880645721 -0.10016539271 0.895842419707 0.197331510543 0.672228993206 
37 -0.843181854773 -0.0495458282327 0.928424535266 0.418492348299 0.918914332574 
38 -0.882151255729 0.0848301103048 0.727967939807 0.319161873693 0.944186607525 
39 -0.851892037529 -0.00905344387977 0.943231394346 0.422227374575 0.892873934615 
40 -0.766653448254 -0.0305082713161 0.719508284711 0.245022831289 0.782565427119 
41 -0.840555013126 -0.188455953428 0.799840144004 0.33347530255 0.787310105117 
42 -0.901090320241 -0.027786671926 0.798282459997 0.219843509924 0.978250687899 
43 -0.799023521554 -0.0340850112023 0.928726099209 0.319399135632 0.835133946516 
44 -0.825326519948 -0.127572120623 0.896838758164 0.403325930438 0.752431916306 
45 -0.938073573373 -0.215556887075 1.01127377542 0.319924816785 0.792081639019 
46 -1.03937247879 -0.184623920268 0.892328391005 0.247239057053 0.887046895949 
47 -0.911768869917 0.216230200824 0.739517914048 0.366600316647 0.88405060777 
48 -0.975322367158 0.0290419929382 0.945264341233 0.167031487727 0.668020339252 
49 -1.09337539846 -0.0529957453501 0.847890222083 0.356833656708 0.860690788743 
50 -0.827135158646 -0.0121694482815 0.873075545663 0.384426374185 0.692095810345 
51 -0.923789694569 0.0680413658615 0.782697301742 0.262396000039 0.893523853951 
52 -0.647608848443 -0.0897544877172 0.832267443292 0.192734547261 0.737441190619 
53 -1.05456368099 0.0603457559737 0.795470061721 0.291545587401 0.811544465449 
54 -0.816560985411 -0.00797525398595 0.951764971191 0.309315112759 0.891181200445 
55 -0.983971704621 -0.121335154011 0.920977780008 0.090874268701 0.811282426653 
56 -1.06072621861 0.0185178298111 0.907089949553 0.435330620905 0.746940230109 
57 -1.15903671027 -0.0516304778743 0.694802305752 0.179203962046 0.775836052224 
58 -0.969886979544 0.0821241453601 0.955925619094 0.209657099837 0.945392830643 
59 -0.991330744822 -0.325910929748 0.950369737866 0.383689268287 0.827697824411 
60 -1.09431205999 -0.0417726902968 0.927400309811 0.320905741499 0.901395317424 
61 -0.859417016906 -0.167570566008 0.760805095895 0.24347559387 0.717353540359 
62 -1.13504741413 -0.136114285436 0.944319862438 0.215858523158 0.881069645686 
63 -0.842173812081 -0.084196122871 0.844469264759 0.377229722436 0.744556492433 
64 -0.987689856408 -0.33665520632 0.864984094707 0.41911117084 0.647010891883 
65 -0.020816725243 -0.592787951529 0.0882918607184 0.127493759557 -0.829168129933 
66 -0.343316753818 -0.455162737498 0.0411617686917 0.0860672775856 -0.926451240024 
67 -0.0930650333611 -0.36840468721 0.155027602935 0.310916909848 -0.935196638576 
68 -0.206879712396 -0.313741867598 0.145598972726 0.0585783184621 -0.934674120524 
69 -0.0800960240328 -0.510804056092 0.202301108066 0.158911864238 -0.979662998404 
70 0.30349050271 -0.336639389489 0.108676784026 0.230918521825 -0.963979095981 
71 -0.150026455119 -0.303069590904 -0.146132172116 0.116298901082 -1.06095664109 
72 0.110754131646 -0.537804042703 -0.180488658556 0.0954229445824 -1.06335533583 
73 0.104729803549 -0.507286675615 0.309875490626 0.0741857203332 -0.958996817903 
74 -0.383234953686 -0.455783406761 0.092948864604 0.261954915605 -0.898774196003 
75 -0.00110084078086 -0.460494435676 0.111618670302 0.0165075999787 -0.987556137446 
76 -0.164450512915 -0.570993774432 0.283353448399 0.0706815505348 -0.665441715733 
77 0.262974574951 -0.743872938393 0.268554211586 0.107005062774 -0.848717774765 
78 -0.0113688664043 -0.364346702818 0.0167660773063 0.207874237755 -0.971185799122 
79 -0.171759107694 -0.63765245663 0.0982105905968 0.447198373457 -1.02227385316 
80 -0.0856167484286 -0.549822993657 0.0631486043328 0.142795303024 -1.03016335608 
81 -0.170594913942 -0.53371391229 0.129985062734 0.38744072572 -1.0388231713 
82 -0.0171570957041 -0.538534430748 -0.0150181501985 0.160049124141 -1.06687769377 
83 -0.0337333028079 -0.547470978945 -0.137270471937 0.24587281719 -0.943695088907 
84 -0.178213031193 -0.568174666186 -0.183696367025 0.0199357536738 -1.1323516487 
85 0.152541835112 -0.464002520641 0.171220104332 0.0860648405608 -1.12176114254 
86 -0.0348339747134 -0.583257505763 0.119545429738 0.0680908659862 -0.75228942333 
87 -0.354842390452 -0.608308042749 0.290822161031 0.288105475356 -0.939776310783 
88 -0.0158862603012 -0.262364505631 -0.139382130775 0.160821310938 -0.819494928191 
89 0.0323269878534 -0.662975435502 0.130782404688 0.0993622749324 -1.13132149425 
90 -0.0838887351577 -0.423865221239 -0.225363919502 0.196406135741 -1.16453543705 
91 -0.234619412238 -0.529711542585 0.00985516151101 0.127958224173 -0.994167982445 
92 -0.161170997326 -0.501057845171 0.0413862850906 0.0443817992835 -0.780814737676 
93 -0.366626917226 -0.419702891106 0.207240940336 0.153928681648 -1.04943519737 
94 0.162728678913 -0.283619112301 0.330078682118 0.161717331361 -1.15241426704 
95 0.00915493385294 -0.466012304135 -0.00792880493046 0.23485071292 -0.973068684021 
96 -0.0818850845996 -0.417934795001 0.297384244677 0.0144991818271 -1.01974560731 
97 -0.546623595608 0.982163278594 0.700712262081 -0.588247353006 0.508940780218 
98 -0.637101672771 0.613370256968 0.737765694005 -0.778693079043 0.592810557991 
99 -0.621711721721 0.974166961202 0.643851550322 -0.654146050055 0.538766639627 
100 -0.353577412734 0.848063454559 0.669874221585 -0.784954852542 0.65180020298 
101 -0.366373489923 0.811978075072 0.548921753459 -0.682872577838 0.546860975389 
102 -0.454782867361 0.83641567725 0.748690212103 -0.720048103758 0.553503327468 
103 -0.439616543548 0.817519811381 0.517877667404 -0.414625296528 0.378633073664 
104 -0.494689088703 0.86474297836 0.547846152626 -0.689152751244 0.31191904134 
105 -0.36212781411 0.71344695795 0.341738440677 -0.848771488215 0.570966747605 
106 -0.673693654459 0.963134566899 0.416463510135 -0.673629115027 0.510255382732 
107 -0.446613166839 0.738124804284 0.442138304475 -0.683305199973 0.477465568366 
108 -0.442144261227 0.838552280925 0.427774210995 -0.507869433404 0.628640701483 
109 -0.428500522077 0.679127366076 0.706505924708 -0.686117975945 0.576426048078 
110 -0.288663874075 0.93600005227 0.452696747348 -0.728572178465 0.647410247026 
111 -0.48430063803 0.748614128831 0.530240277181 -0.772817950083 0.710572380407 
112 -0.49225375727 0.91551573905 0.6742577141 -0.672081908468 0.509369208554 
113 -0.515486261752 0.778892059752 0.436240251543 -0.564296551028 0.576820339307 
114 -0.58419327954 0.894050422846 0.632358398626 -0.679996361834 0.482360018354 
115 -0.488445636791 0.687636125388 0.505072754475 -0.831221724472 0.638723715407 
116 -0.611698303605 0.794104534133 0.642283944407 -0.587442069273 0.483509614604 
117 -0.412471821458 0.626050342823 0.51886198493 -0.634155035819 0.691308273723 
118 -0.491027850624 0.89224834006 0.485333702983 -0.580417894778 0.685714762946 
119 -0.235603125683 0.646428288387 0.498570128408 -0.696179186164 0.621220810725 
120 -0.442311516907 0.880632907635 0.485484397918 -0.838699499622 0.334349643126 
121 -0.446736124598 0.802505003085 0.561560161688 -0.737219320024 0.653153382121 
122 -0.426145804011 0.81934403701 0.653180823611 -0.599694473975 0.658105850645 
123 -0.523248381799 0.784573371845 0.566437155055 -0.623696346137 0.507406051311 
124 -0.457089090835 0.824145638572 0.540843050929 -0.701125238955 0.548766092666 
125 -0.511396882732 0.882380394554 0.582585505151 -0.752718107986 0.614023331507 
126 -0.552667508737 0.850723279925 0.414979918749 -0.878181375149 0.607051778182 
127 -0.596168254117 0.813463686458 0.523700647562 -0.909192867552 0.794900406606 
128 -0.552347430176 0.885840496195 0.661514679894 -0.640696725432 0.572458982652 
